-1.362490752612577793e+01
-2.126927020700738780e+01
-8.955318883275909059e+01
-1.160464227413653582e+01
-1.057895315588933016e+01
-1.947556323317571270e+01
-2.850466612319069881e+01
-5.015906155624193730e+01
-3.162307108049865434e+01
-2.586798784149653585e+01
-4.239975512359801257e+01
-4.167464511566127783e+01
-2.733062701075133205e+01
-9.945492252976448455e+00
-2.435552335544537428e+01
-2.079623871827410397e+01
-2.620073202008605406e+01
-2.802636874228777586e+01
-1.164417757140823717e+01
-1.968108563800577926e+01
-1.572398561508979675e+01
-6.787744727219164531e+01
-3.919272097111717557e+01
-3.970375888549343557e+01
-4.727724709648619950e+01
-8.862180326308193301e+00
-1.718975158485502419e+01
-2.067654872803216648e+01
-3.748037214579514398e+01
-2.259763978711114518e+01
-4.347178549934996283e+01
-3.499905836026852768e+01
-2.095350431008010261e+01
-1.248832413208318748e+01
-5.400762070942089110e+01
-3.373864348080073938e+01
-8.064302066183918427e+00
-4.738614998707611647e+01
-3.033433654494502463e+01
-2.918721878162701344e+01
-3.623469276653304405e+01
-1.856902628940212452e+01
-2.086674507338468132e+01
-4.353799768055301911e+01
-1.309014953819356819e+01
-6.970026157198964256e+01
-3.460910736587398162e+01
-2.525981247401727359e+01
-4.744983135384304518e+01
-4.013660332017027343e+01
-5.516705500738897427e+00
-6.320725989242003351e+01
-4.609400087881274999e+01
-3.257172076459933407e+01
-1.388527726864760403e+01
-5.077976623796342182e+01
-4.411428859782131440e+01
-2.687390612286580804e+01
-1.742304450453698905e+01
-1.675829547096608962e+01
-2.384226620588093581e+01
-5.527025342518150808e+01
-2.272433245305568406e+01
-1.174496348722453298e+01
-1.074487630859370135e+01
-1.206698190894071487e+01
-7.994951424459358691e+00
-1.103780736787839523e+01
-7.912229656970868064e+01
-1.491130105031138164e+01
-8.006638683561387637e+00
-7.589831148138981121e+01
-9.096446866157357647e+00
-3.966310346429592926e+01
-8.259655672530872295e+00
-3.412840625629259961e+01
-2.937017210372874487e+01
-1.037953726168445634e+01
-1.282069578213024741e+01
-2.525205244371169400e+01
-2.349719863916871532e+01
-2.830971397925758382e+01
-3.558751975480608820e+01
-5.126324578077850447e+01
-7.377796115619728923e+00
-1.820992892645261918e+01
-3.919586679935062534e+01
-6.505243944458379701e+01
-1.396780583137813281e+01
-1.149218622248103827e+01
-6.305638058821848801e+00
-2.462306020321431177e+01
-1.173170937311708428e+01
-2.585124984905419154e+01
-1.025837697212307553e+01
-8.406977613933475979e+00
-3.090401515614582806e+01
-1.047903094263151331e+02
-9.963187125042775705e+00
-2.914258986593543455e+01
-4.779231910222443247e+01
-6.760130997827819499e+01
-4.024954743064703422e+01
-2.294366587788733369e+01
-2.452205671945987930e+01
-1.185171996080570089e+01
-4.559769454981240422e+00
-4.300000000000000711e+00
-3.069409956510407511e+01
-2.085439456048259999e+01
-8.224884009237964477e+00
-1.312075710941086015e+01
-7.648208401303588033e+00
-1.072350095611066401e+01
-9.679198161057174232e+00
-6.871704293107079309e+01
-2.124138702225629771e+01
-7.743711739372345804e+00
-1.743881571064721214e+01
-3.098692935585374286e+01
-3.780590317386747046e+01
-2.870807678499146931e+01
-1.655207009388867334e+01
-5.406082471710695891e+00
-7.241774474350883395e+01
-1.418513426019051238e+01
-1.299024699728705556e+01
-3.617706596911939698e+01
-5.006133100562622218e+01
-3.029974584911711943e+01
-1.360853576184493718e+01
-1.577442346300934162e+01
-6.707327937312510358e+01
-1.434188670077771732e+01
-6.740550360781450934e+01
-1.545749585354338862e+01
-4.679754551138288576e+01
-2.796848868210576811e+01
-3.992811764323955970e+01
-5.109057987084796792e+01
-2.133542450969140347e+01
-1.545914746797912542e+01
-3.752436366649918398e+01
-1.165295893278962147e+01
-4.094961310313631486e+01
-1.683229846130030083e+01
-6.135005362616841040e+00
-1.997130257112468854e+01
-4.137752092036019747e+01
-3.225305455528072685e+01
-3.236105369907136975e+01
-4.653591386292426080e+01
-5.467618527427138986e+01
-1.744821931938238535e+01
-9.554805391198762266e+00
-5.049596565699752126e+00
-2.241212030234740737e+01
-4.141976085094237447e+01
-2.098307652371967080e+01
-2.802852701534473923e+01
-3.826717764176046899e+01
-2.803278235340386715e+01
-4.961391419821518411e+01
-4.803125013949161826e+01
-1.992350951911149792e+01
-1.941953471685037158e+01
-2.409546375801853912e+01
-5.687287025160878251e+00
-1.397836229564049937e+01
-4.263870954826172976e+01
-2.477247609361613812e+01
-5.978104541127356342e+00
-2.388996465275689118e+01
-1.998170875009730452e+01
-3.848043241250455537e+01
-6.597106479059552164e+00
-1.755179099383726893e+01
-4.524808092190904318e+01
-1.699574027282497823e+01
-2.336497908889600694e+01
-3.151167518837103287e+01
-2.160921521892580444e+01
-1.025897475693916761e+01
-3.339937369757359420e+01
-6.280218848717217384e+01
-3.154286849424790162e+01
-4.006603850084834306e+01
-8.365945569086797207e+00
-3.278663538864571336e+01
-5.068685024268749117e+00
-3.164920352135656145e+01
-1.452425760228557827e+01
-1.407159602723406167e+01
-5.493750847362632861e+00
-5.213790801597742330e+00
-6.521751867282378434e+00
-2.056800590275121365e+01
-4.168098922702309039e+01
-9.841607824681105399e+01
-2.557767049545484284e+01
-1.365612865315756963e+01
-3.169133465104955505e+01
-1.827892100937868491e+01
-3.083017513806403542e+01
-4.315977073700521061e+01
-1.700532237994043427e+01
-1.135577245146188297e+01
-1.700905567379102479e+01
-2.469469089137504980e+01
-6.406877599900352038e+01
-1.734980869923751357e+01
-3.124409145422284340e+01
-2.828996972778356778e+01
-1.427557552414920394e+01
-1.405696230992627882e+01
-4.950762294030431221e+00
-2.520304110707834866e+01
-1.524953546843902252e+01
-1.404555120320918249e+01
-5.355939615533308995e+00
-2.005714402018542941e+01
-1.341714898659568789e+01
-3.086063307360436880e+01
-9.111747554128482918e+00
-2.294878247961542783e+01
-5.372907140838916007e+01
-2.491599715282362482e+01
-1.644388734980739386e+01
-1.685159370787421196e+01
-1.591144535534192350e+01
-4.920310664871699657e+01
-2.284502672313668725e+01
-1.141998749113009204e+01
-6.248683419641994163e+01
-1.189296170809517861e+01
-1.555581153026367858e+01
-2.286074864924619376e+01
-6.774491164905154506e+01
-2.754416038924727772e+01
-2.438633339791376997e+01
-7.914330699936278357e+00
-6.305608585179100345e+01
-4.203103710045805741e+01
-6.653075058954017962e+00
-2.564773224974506149e+01
-3.374403124738257276e+01
-2.398750858421795940e+01
-6.297167932960690884e+00
-1.920441439011067786e+01
-2.892252639299906036e+01
-1.086755373959105064e+01
-6.504551280039446226e+01
-7.421686879438626150e+00
-3.717993064741855846e+01
-4.490409691072899534e+01
-4.779229227241302169e+00
-1.039412750938573815e+01
-1.363489001212438190e+01
-1.417550819419269814e+01
-9.273645292199745427e+00
-2.539145789824956267e+01
-1.523475927178819056e+01
-4.547543851225171352e+01
-1.360484838513699479e+01
-2.188530435146462594e+01
-2.078596985854289514e+01
-5.615105401846451016e+00
-1.930348587028290552e+01
-7.287396661379789364e+00
-1.507206770725219158e+01
-2.520442876514960773e+01
-3.973274234533297999e+01
-1.632650635995507926e+01
-2.006867947641210037e+01
-1.002509575841298783e+01
-2.312073608317816209e+01
-7.096420649435473571e+00
-1.069645172973245195e+01
-3.411670682456160364e+01
-1.763949748221206804e+01
-4.468186888120394684e+01
-2.210241064944991507e+01
-5.759429050463486277e+01
-8.369904050121970585e+00
-3.605919567411415017e+01
-2.571583174273190053e+01
-6.956711698325700688e+00
-9.752989993690578174e+00
-1.095570268531078106e+01
-1.674056763653827673e+01
-3.456757708503585746e+01
-1.397450926117877756e+01
-1.030481366500781881e+01
-1.321310271726969354e+01
-1.902860583382360815e+01
-3.815426056093636475e+01
-9.888014150224176291e+00
-9.173931452561237876e+00
-6.091411274487652072e+00
-9.900513444863292989e+00
-1.512557801240895117e+01
-6.840365463861792783e+00
-5.055078249133094204e+01
-1.211325043081095210e+01
-1.220667340789281141e+01
-5.539113792821584070e+01
-6.384404962359110591e+00
-8.567935455241602938e+00
-3.425965312624527748e+00
-2.056649634334221233e+01
-2.443627191179879432e+01
-1.994637736893550795e+01
-9.743443223737376258e+00
-2.204729319131936194e+01
-1.185547760772010939e+01
-1.806909585043564448e+01
-2.101704687546699546e+01
-6.143483719132828647e+00
-2.403098841725575952e+01
-5.068663854247209777e+00
-3.510933223599306530e+01
-6.177528840169667745e+00
-4.756007949026638038e+00
-8.821589053542535197e+00
-9.350715290186268902e+00
-1.631158684328485720e+01
-1.019985112494285673e+01
-8.112498337190826803e+00
-7.021415759452257710e+00
-2.555294916581520681e+01
-1.966497976489308286e+01
-1.033092518695434237e+01
-9.826079234683911423e+00
-1.363365197673310192e+01
-5.038271720261101905e+01
-1.524539231405369932e+01
-1.876352688672116287e+01
-9.354133661219147911e+00
-3.476217181614805440e+01
-8.474870224800206131e+00
-5.413683012401293126e+00
-4.073144920499098021e+01
-1.536404008257350995e+01
-1.837298672467802874e+01
-2.022227212629978865e+01
-1.910553110859518711e+01
-1.168472628752459919e+01
-2.557320298128646030e+01
-2.336224958714643307e+01
-5.179790840872708202e+01
-1.615965359895985998e+01
-1.313430758063416803e+01
-5.272891766133223967e+00
-1.722216698045431826e+01
-6.506787540690625704e+00
-1.107549701719704061e+01
-1.443688784497863153e+01
-2.324085411321669525e+01
-5.085005738745334725e+01
-1.813175988108235259e+01
-2.045628023592364997e+01
-1.890701649687778740e+01
-5.037358019430218548e+00
-4.157824512944474193e+00
-1.198948904448099917e+01
-6.379233702592122768e+01
-3.998353068870203231e+01
-3.089423839901348501e+01
-7.125800689878570893e+01
-1.825803570045910362e+01
-5.633068937874876170e+00
-2.651147292127197730e+01
-1.535507818751875320e+01
-3.178054057764689411e+00
-1.748910137965801681e+01
-2.912283840704459692e+01
-2.120198408920267497e+01
-1.168275142327341243e+01
-9.100826798842106768e+00
-1.079528397909253101e+01
-4.739710334838787453e+00
-3.220836960365733148e+01
-2.638004701752047154e+01
-2.357832108477066413e+01
-1.678920995795700932e+01
-1.055630202650917759e+01
-1.024186644425233084e+01
-2.834268029964471225e+01
-8.595923046178077342e+00
-3.803264491193471741e+01
-1.153659838048141850e+01
-1.065224083252458875e+01
-1.296276247143567595e+01
-2.147931799122198271e+01
-4.585178114486514467e+00
-7.416938601101050210e+01
-1.944795174320433873e+01
-3.654661291979314797e+01
-1.016518244118822523e+01
-1.002012039324286263e+01
-7.733467473182846774e+00
-1.187476398182387349e+01
-1.961424831977310745e+01
-2.158433385157618289e+01
-1.737155184350043768e+01
-1.767166571734964720e+01
-6.393095787184781109e+00
-4.044999608395688284e+01
-6.823490124243536847e+00
-1.738792419118240318e+01
-2.676809419529216783e+01
-7.243588476573566304e+00
-1.469566380739538758e+01
-1.236567213608836369e+01
-4.178213201820764766e+01
-8.162268249739433656e+00
-2.088597326852715597e+01
-3.407788907891094254e+01
-1.186236469544047623e+01
-2.041506276116291474e+01
-2.308301033153914972e+01
-2.529414960903356757e+01
-2.991320085856799871e+00
-1.875023816837061474e+01
-2.867715317588293011e+00
-9.508536231333733824e+00
-1.087189503647399569e+01
-1.274900272257286282e+01
-1.227763435854771146e+01
-3.312384490839398676e+00
-8.330795823080178408e+00
-3.076136976034404213e+01
-6.982634601215721659e+00
-1.660220816717474079e+01
-1.953277762654881045e+01
-1.992589302623449754e+01
-9.215589028624381740e+01
-2.429399696530192543e+01
-2.596194041835951438e+01
-4.444895242403823943e+01
-3.461738803789172891e+01
-4.752253379104680597e+00
-1.558374381081278770e+01
-7.403226861261428482e+00
-1.253936302084037280e+01
-8.112714248988199373e+00
-2.290538784336386158e+01
-2.348685369517577826e+01
-2.404274944552764381e+01
-1.534598890806890559e+01
-6.273903350730594042e+01
-1.532828935168269346e+01
-2.063067492543953918e+01
-1.324079538753769469e+01
-4.499315632701144096e+01
-9.791917967438562798e+00
-1.157711028175156365e+01
-1.842599020568944823e+01
-7.024151809276542480e+00
-2.513751748493429972e+01
-1.208201576543659783e+01
-2.416773775987109474e+01
-9.221257203087651533e+01
-2.550885287703898641e+01
-2.870884934910279895e+01
-1.341836258040010676e+01
-1.752354560357444768e+01
-5.538426924075992019e+00
-1.655509060329932325e+01
-1.582302268848778404e+01
-3.980278346262834166e+00
-2.362661301677654890e+01
-4.090692217722607893e+01
-1.307762510120763366e+01
-2.120574732724315936e+01
-1.160252970265509909e+01
-8.049451706708662613e+00
-2.976332883304469590e+01
-8.591737847917707782e+00
-3.370035632852801655e+01
-2.418186663970605821e+01
-1.131775137264978781e+01
-2.474557269774753721e+01
-2.119263431394925945e+01
-6.576012072633741212e+00
-1.380837518485791016e+01
-8.499805986219429954e+00
-6.042220292682680238e+00
-2.097272858975203391e+01
-1.138273168371446609e+01
-1.819438287603913196e+01
-8.425386363676555135e+00
-4.915900442935441106e+01
-2.061300602809957638e+01
-1.517552640527130769e+01
-7.788459172474141212e+00
-1.482079959158571114e+01
-1.100354709148115262e+01
-8.646628484969268058e+00
-5.599371518968301586e+01
-1.760233211487223670e+01
-3.646063945661108363e+01
-2.161838111332100354e+01
-1.493615896182008740e+01
-1.278585675950532696e+01
-1.122075000685602575e+01
-1.482370219094321051e+01
-3.810639978589510690e+01
-1.664570281321984169e+01
-9.878587197553367005e+00
-4.475660312813784003e+01
-9.072122179755389482e+00
-3.751240048423449736e+01
-3.822973785472143504e+01
-1.928028498075214259e+01
-1.306025537357304778e+01
-1.588003408665039018e+01
-1.279177707571412093e+01
-1.421458211187482945e+01
-2.098055817721866489e+01
-1.569988366436866833e+01
-3.054891931614880107e+01
-6.152840275856286567e+00
-1.026497176464835448e+01
-4.071416382292386338e+00
-7.349481419455320186e+00
-1.804894208299403147e+01
-1.620854856989176795e+01
-5.568987734831551961e+01
-5.304627534692290425e+00
-7.975586357019767547e+01
-2.396847013708069341e+01
-7.289838256364143732e+00
-2.254057520693033112e+01
-9.760090565882798330e+00
-3.832666550295952135e+01
-2.504445049493337905e+01
-2.312632349452251646e+01
-1.304856450717669603e+01
-9.700483873664582646e+00
-2.005245721093800171e+01
-1.286323788137010027e+01
-1.912362785324627623e+01
-1.572269787230586324e+01
-2.611222959474669736e+01
-3.919476806266973057e+01
-9.681732023129626441e+00
-8.399894542255381680e+00
-1.215639058404113548e+01
-1.399857509717872794e+01
-1.604889868405540554e+01
-9.288970590900275326e+00
-2.889885617757109060e+01
-2.190817755905113273e+01
-4.414947509006283610e+01
-1.471865321955041139e+01
-3.654305986337512024e+01
-1.071414127681727635e+01
-1.961369231609625174e+01
-2.522436592330153005e+01
-3.442659498312880828e+01
-3.682567460787353752e+01
-1.633844370280500158e+01
-1.623632811434655920e+01
-2.785897738702060167e+01
-6.944982501992393864e+00
-1.137630723037853642e+01
-1.347544336322849468e+01
-4.564750941826149955e+01
-1.122349061511218338e+01
-6.880830772807574824e+00
-3.252846134170018644e+01
-5.640860658168367792e+00
-1.992423404711053792e+01
-4.825435318524950645e+01
-7.077680330699076983e+00
-2.764961597849217512e+01
-6.986238258015332825e+00
-2.689473667181783512e+01
-1.939811616737625855e+01
-1.845442878252272223e+01
-6.315329987573456982e+00
-2.291874789352268849e+01
-5.325383872026411503e+00
-2.119419527216834709e+01
-1.696330595724047541e+01
-3.369393067651517271e+01
-1.404716974926613382e+01
-7.445641606852225536e+00
-2.212173336575805394e+01
-5.474888881708100286e+00
-1.063030480596407301e+01
-6.721698520279003830e+00
-1.437970962049924672e+01
-2.564617530585372052e+01
-4.595531474593345322e+00
-7.737341906401368874e+00
-5.367146165321692308e+00
-1.177783850715997538e+01
-1.129120109365442737e+01
-8.472258149917184511e+00
-2.622117945088941582e+01
-6.270234113072471693e+00
-1.777527510723503212e+01
-2.786886777563418249e+01
-3.915537102391594004e+01
-1.278878604112752271e+01
-1.701244491523446101e+01
-1.075516842729089007e+01
-1.691063454893702556e+01
-1.561889994749502364e+01
-3.391942180220411984e+01
-1.429251033713953589e+01
-1.053377785268810918e+01
-2.015590040747365919e+01
-4.422673359525252579e+01
-2.485279956043908811e+01
-2.205857089724747411e+01
-5.658960811884925590e+01
-6.928127279064169386e+01
-1.207686511238605931e+01
-2.462516152901764954e+01
-1.241390447578289624e+01
-6.241516938641058054e+00
-7.280390132515702994e+00
-1.740771796875892363e+01
-2.112679563159689167e+01
-1.342348362567289222e+01
-8.791560847718537630e+00
-3.111184769527832827e+01
-7.861691633716037408e+00
-1.007618897818888115e+01
-1.755052002632109875e+01
-2.397444558872151177e+01
-2.274516164325035916e+01
-2.894159795376356925e+01
-1.998369102750937998e+01
-1.462153435929703882e+01
-3.482151032690005366e+01
-2.363034651607536318e+01
-1.320216396358980049e+01
-3.086194425781286910e+01
-1.067531035719681043e+01
-1.851787111613754533e+01
-2.533411660066747473e+01
-2.204772195982949512e+01
-7.793857696836614224e+00
-4.595072677616046875e+00
-7.161381122306272218e+00
-3.012559693314066323e+01
-1.024027958910473757e+01
-2.042080773306010144e+01
-1.266088836195808653e+01
-2.755673520101015583e+01
-5.636861934908175442e+01
-3.259776840627322514e+01
-2.473539923029471055e+01
-2.093479847846261421e+01
-1.743101848979120660e+01
-2.663122184620285182e+01
-3.337213209508409761e+01
-1.281537550144053839e+01
-2.112683258864844404e+01
-7.436680244018887720e+00
-7.953404028358748157e+00
-6.445201836606069890e+01
-1.018404815238486272e+01
-5.694908518285971155e+01
-9.449686821567755857e+00
-5.402955960542646352e+01
-2.107725772281600030e+01
-5.607381037566242732e+00
-9.754558988576244261e+00
-6.239001944205690364e+01
-1.382768242448889318e+01
-1.733482923242931761e+01
-2.634801569066587490e+01
-1.452284632134013087e+01
-1.993607559263243445e+01
-3.295549840998668145e+01
-2.468699381364962520e+01
-2.189743090410345161e+01
-6.177577661968866352e+01
-1.052842308175977237e+01
-1.283788129977237169e+01
-3.660954345324170589e+01
-1.154001493007006296e+01
-1.004530158094126335e+01
-1.361218940891165552e+01
-2.676293564843432193e+01
-3.044176997371875970e+01
-1.760373078773380584e+01
-8.729700284452643899e+00
-9.783419795296383725e+00
-4.899240527515416943e+01
-1.735802490487600380e+01
-1.169973853921228546e+01
-3.675574161127893369e+00
-2.832061473203544111e+01
-4.386684057795558545e+01
-2.799323436567958723e+01
-2.234458211181340914e+01
-4.605381522310454301e+01
-4.064146567599351556e+01
-1.806950268668377291e+01
-4.792424376874598124e+01
-5.505877814780417268e+00
-1.342505487554745969e+01
-2.635400484749899519e+01
-5.068109910701466880e+00
-7.005033180735075860e+00
-1.459359752389108600e+01
-1.964294451314431100e+01
-2.401343824068283794e+01
-1.326590829937104665e+01
-1.921791811980287790e+01
-1.677345044290052911e+01
-1.384095556853553433e+01
-1.673034893759652064e+01
-3.793477464429873436e+01
-3.669846630522449971e+01
-9.307263424062092838e+00
-2.802521759957804548e+01
-2.652467865894487176e+01
-1.770830417494610742e+01
-6.234817068825810793e+01
-8.735352409911850913e+00
-2.247317248497443742e+01
-5.851324738640350631e+00
-2.209729130966253763e+01
-1.408217957345238069e+01
-2.085167604669552688e+01
-1.082557056514913363e+01
-9.190802445718743385e+00
-1.337480101664155541e+01
-1.580153423908033439e+01
-1.770703915887418134e+01
-3.570200101402350157e+01
-3.129491919915664511e+01
-3.820858021978909846e+01
-1.488596126154076416e+01
-1.765729235450206147e+01
-7.656052150107417908e+00
-3.327112525602507986e+01
-3.018195451548002595e+01
-6.676359248214819075e+00
-6.747419068115776497e+01
-3.170785978671483818e+01
-2.331215547675300925e+01
-1.244330180774614902e+01
-1.685882861117752540e+01
-9.483693035808933303e+01
-3.823204260996904225e+01
-1.253969685113639976e+01
-4.196600325490529571e+01
-7.199379909353270435e+00
-3.709833123520095199e+00
-6.482960236419308409e+00
-1.651466532138374177e+01
-2.920333392205303724e+01
-5.767430776683254656e+00
-1.476052144045153014e+01
-1.254018184498425370e+01
-1.155636884940823350e+01
-1.420556957743809789e+01
-3.061725617998333870e+00
-9.556579396027409246e+00
-1.455319911477186068e+01
-1.403952547354862368e+01
-2.502517680012113033e+01
-1.785410620243544955e+01
-8.617715723090476843e+00
-7.378918749570368973e+00
-6.250236137212760923e+01
-9.390306044156931264e+00
-1.552163064435299589e+01
-1.729797194471441912e+01
-1.825634511306003205e+01
-1.707809002911599805e+01
-1.735450140831517629e+01
-1.420818429832418417e+01
-3.938083836985337882e+01
-3.495657125432386181e+01
-5.234189592429069648e+01
-9.724167274045144893e+01
-8.636325675836717508e+00
-2.906014093890126304e+01
-9.871613926421201057e+00
-3.398689022439097585e+01
-9.695665662780383798e+01
-4.659008400961399587e+01
-4.253418638485643299e+01
-2.551604896523495469e+01
-3.377564589667412065e+01
-8.763319266166343269e+00
-1.175634676593317707e+01
-7.226777799054239892e+00
-1.000416809505255777e+01
-3.166249722238255870e+01
-3.201099804257404458e+01
-2.218496900450671916e+01
-1.417276174244149090e+01
-5.933665053265066547e+00
-2.866022549887969362e+01
-3.905777337255882031e+01
-3.895024236199686385e+01
-2.074509517555918947e+01
-1.252493426762163864e+01
-5.064565514091741605e+00
-3.555707460861736990e+01
-1.805636187387891667e+01
-1.872092570856139204e+01
-3.286657071019482856e+01
-1.136867460424355691e+01
-2.044188055088897471e+01
-2.356293035758345411e+01
-7.179734284749866191e+00
-1.382681319578758306e+01
-1.509656636021142084e+01
-1.317951641399302609e+01
-2.929647667930209920e+01
-3.995612522432471536e+01
-4.190160343103244145e+01
-2.262949817174214218e+01
-5.092868048789075175e+00
-2.510092402231812869e+01
-1.912828362690463635e+01
-6.393294699158931671e+00
-5.929737728253412499e+00
-1.551562710906541120e+01
-3.386802699117840376e+01
-3.854388470591830185e+01
-1.881171795723615148e+01
-3.701661428061559178e+01
-1.928222447358574598e+01
-2.570959923275034953e+01
-2.014204794619983829e+01
-1.320632579320663602e+01
-8.804218483260131123e+00
-5.886954573894537468e+00
-7.401975521674564185e+00
-8.798752511061975312e+00
-2.004389114614752287e+01
-4.071440666685319343e+01
-2.814996665099587858e+01
-1.025472349075162626e+01
-5.266065758487505910e+00
-7.449440200064796791e+00
-3.290176785974922780e+01
-1.709118455404981063e+01
-1.568954284815890787e+01
-1.801517937877976294e+01
-1.111823123289880755e+01
-2.184465113657117996e+01
-3.501621852575112825e+01
-1.904298277117138483e+01
-1.298080213810859895e+01
-1.010863910757024264e+01
-2.371882897916132293e+01
-2.647353973841191177e+01
-3.076596177856855618e+01
-4.767225838660247739e+00
-7.934967952053129991e+00
-1.413338483965006986e+01
-1.469443726471865475e+01
-2.745261373174515285e+01
-1.517830482673260839e+01
-2.726554312472899255e+01
-8.483551172532492046e+01
-1.533249861334398645e+01
-2.374395518991944698e+01
-5.340541915516240579e+01
-8.771479801021595080e+00
-1.769478579727279310e+01
-3.148334517546222600e+01
-6.339569630355128993e+00
-1.530669409041095719e+01
-1.209169561496518952e+01
-2.854041206764773619e+01
-2.223644354336015283e+01
-2.045123189685143927e+01
-2.554820550180624750e+01
-9.720658212523513697e+00
-3.273171786811444406e+01
-2.189647129221441446e+01
-2.026964249165562393e+01
-2.358974833519919301e+01
-3.307113070797633725e+01
-2.270358301155672720e+01
-3.299146148595046668e+01
-1.247957705388084193e+01
-3.754568442580992382e+01
-2.725223279593625136e+01
-1.107834622685031967e+01
-1.756234161176049824e+01
-5.178995401435468438e+00
-3.843722758639611925e+01
-2.733681930751452427e+01
-3.600313792889948417e+01
-2.480339572612196619e+01
-8.007423776654755798e+00
-9.713303464459404069e+00
-3.819569147726213032e+00
-1.313319596377510479e+01
-1.726324506279524940e+01
-1.508399578437068733e+01
-3.835359841335254316e+01
-3.404149162894820790e+01
-3.244694406175379697e+01
-8.232253188495736396e+00
-1.298820078485834628e+01
-2.191956012955237298e+01
-2.027633013433024445e+01
-2.025743077974423301e+01
-7.207221233631582180e+00
-8.446905681460957993e+00
-1.038690074024719756e+01
-1.000314870126520894e+01
-1.393872096370497005e+01
-3.002375409108384829e+01
-1.333627610650290940e+01
-3.958540846190207407e+00
-1.577953510213639987e+01
-5.428075882250041673e+01
-6.074667187068485852e+00
-4.058188987158004579e+00
-2.539984561615006697e+01
-2.425379736071713310e+01
-1.417092206354472772e+01
-1.511436782706418569e+01
-2.636175362765001751e+01
-2.295747536283147738e+01
-1.681274342526936394e+01
-2.137447446870688594e+01
-2.747723740719890273e+01
-2.511344686088757427e+01
-3.657434277906057218e+01
-2.383190058335144101e+01
-1.657387598768309189e+01
-4.103491592247811681e+00
-8.546770065402863992e+00
-9.993908587083984330e+00
-2.078122012958231224e+01
-1.042681646492308367e+01
-4.593114139681995667e+00
-1.684350938519512653e+01
-1.112778440513550748e+01
-1.054475376435812350e+01
-8.658287140912088731e+00
-1.984306364329018280e+01
-1.833486691748541730e+01
-1.010677448096380715e+01
-1.700519038155264795e+01
-1.491153882025479938e+01
-2.640247316001968514e+01
-3.812615113850232262e+01
-1.257218022127497470e+01
-1.007135053581408890e+01
-3.955916301580658967e+01
-1.155676905010938960e+01
-2.009410078775210451e+01
-3.936168784804736731e+01
-2.961132634176276568e+01
-4.333050049355553313e+01
-3.209772911062128031e+01
-1.052216657188082038e+01
-2.302023416690076374e+01
-3.949943586357701975e+01
-9.055688447385993101e+00
-2.464510953877886479e+01
-1.671269623713151731e+01
-1.289445864646820716e+01
-1.445555882094560474e+01
-1.401342133237385212e+01
-2.444161722185839736e+01
-9.100663180520204065e+00
-2.427291406228409443e+01
-1.357263368421274130e+01
-3.077544866157169778e+01
-3.744648258626808968e+01
-3.035784919622419764e+01
-1.723602427063140397e+01
-2.519456659932338738e+01
-4.063101460161595924e+01
-4.779583715112140752e+00
-6.012863489299454045e+01
-4.000000000000000000e+00
-2.148966646216539544e+01
-5.791292545491314314e+01
-1.657957078592237821e+01
-3.307190036132077182e+01
-3.224614585437088721e+01
-9.939915654932518052e+00
-2.946875780625391172e+01
-2.458913957016946128e+01
-3.044960119588593273e+01
-1.574238619401549677e+01
-1.778211481975558783e+01
-1.268807106758048242e+01
-3.690603731521194675e+01
-2.113654418375522326e+01
-1.353649883415167210e+01
-1.179171115538314396e+01
-1.316254625348771867e+01
-1.076629949691709243e+01
-2.170487459889942272e+01
-6.306691295081046533e+00
-1.525652779284153304e+01
-1.324766036390185420e+01
-2.821165349918707221e+01
-2.724013229224421551e+01
-1.932141572127112994e+01
-2.998846995429907381e+01
-2.229975347717765288e+01
-8.897418272572243936e+00
-3.523408056394624310e+01
-6.531424628142835864e+00
-3.812989265527373561e+01
-7.445159796098557159e+00
-2.945766805609499173e+01
-3.878493426849853165e+01
-1.128070990526570228e+01
-5.575984106801874063e+00
-2.160145736195052635e+01
-2.506776102009924401e+01
-1.553297051952974250e+01
-7.637951385441229313e+00
-6.085026149428227171e+00
-1.220439862698247069e+01
-2.302129284341969750e+01
-1.982370565860993494e+01
-1.528820390492491654e+01
-1.349267269215758702e+01
-2.362443901610186003e+01
-2.297080407079537068e+01
-1.430437829542974804e+01
-9.867211278714341560e+00
-2.107018074124584217e+01
-9.585389228497653846e+00
-2.214734260894221052e+01
-2.772037896224868092e+01
-1.729899584153390180e+01
-5.794183485522772514e+00
-1.585291925464339968e+01
-1.932827386184975893e+01
-1.423104123815645750e+01
-4.753060703581965640e+01
-1.406409843961148987e+01
-3.329325646467596300e+01
-5.279420344771303064e+01
-1.102075450249101074e+01
-7.107083200167051196e+00
-2.156708987745586725e+01
-1.254729602100902497e+01
-7.775175844603569253e+00
-9.234905509161777104e+01
-2.252058642460678328e+01
-1.558248540288457740e+01
-2.198804824600136953e+01
-2.262566438620533660e+01
-4.912473939756441865e+01
-1.790576620940650088e+01
-1.003543156654023782e+01
-1.952625044435031398e+01
-1.588478268838211171e+01
-1.295334458843978354e+01
-1.944425090100762077e+01
-5.228165008768775657e+00
-3.075056413069965444e+01
-2.115076158250509408e+01
-1.754696891423400018e+01
-1.735808261448632450e+01
-3.184173700520373274e+01
-3.473196725768026027e+01
-1.103708814681371386e+01
-1.800302987225312634e+01
-1.518401122729042818e+01
-3.818590731683062955e+00
-5.387580617159823504e+01
-3.847764165344631504e+00
-5.750299866623228695e+01
-9.417784095413027856e+00
-2.475885468729618921e+01
-1.989258360689141014e+01
-5.442539339259943887e+01
-2.843344992585311459e+01
-5.811094643271417226e+00
-7.956060420048347126e+00
-2.331219049395070542e+01
-3.358486268729984658e+01
-3.032262193200413591e+01
-1.411905689401686992e+01
-2.508461732804847344e+01
-2.409377318530297529e+01
-7.646196688904854710e+00
-9.118835563368291375e+00
-6.013555095232687719e+00
-5.199990063152007735e+01
-1.487644066779142804e+01
-1.440691654732277804e+01
-2.387138806992430062e+01
-2.112603789455156900e+01
-1.366223700380297146e+01
-1.519332812427491497e+01
-1.159452377314357108e+01
-1.258293563466587806e+01
-2.633340999312199671e+01
-1.004423122638577226e+01
-2.263065766023856895e+01
-4.708484914786239983e+00
-1.173667105884269546e+01
-1.751468012099215343e+01
-2.093441887962673320e+01
-1.347958838435909001e+01
-1.282826997134107927e+01
-8.192921090226498393e+00
-1.129249252212446741e+01
-5.889555619409832410e+00
-6.698307431478758289e+00
-1.005136817509265512e+01
-1.461222660085198477e+01
-8.490591335187396282e+00
-1.276944922471884247e+01
-1.045996442479232869e+01
-1.699981803105012901e+01
-1.077853879419168770e+01
-1.164028969266924740e+01
-1.057479160214548131e+01
-4.247497817147399246e+01
-2.219859611134203803e+01
-1.073170155780178447e+01
-1.329626215236659981e+01
-7.150314465312757051e+00
-8.706107891054061909e+00
-4.288122507100018765e+01
-3.893726138890122002e+01
-7.110423686607463267e+00
-1.330381637473658607e+01
-1.330744002269307735e+01
-3.289027692757844790e+01
-1.205674051055237328e+01
-3.907423780493844312e+00
-1.379661075983189100e+01
-3.040405590264132485e+01
-1.065988406583342396e+01
-1.457463874203082632e+01
-1.751325354394962730e+01
-1.430691086708228354e+01
-4.111030862063641678e+01
-1.781679247577057268e+01
-2.410630016623222716e+01
-6.471745001349663795e+00
-3.265661693156006606e+01
-3.176358531232107651e+01
-3.199757824564403208e+01
-2.640840705463069327e+01
-1.342995914205818586e+01
-2.821868207339700874e+01
-1.262713492742350319e+01
-8.433441073287852419e+01
-2.970720733377348921e+01
-9.799310865849173879e+00
-1.359004285552831348e+01
-4.231714823413106075e+01
-6.635691450831040505e+00
-1.427289212213790037e+01
-2.769093403243961049e+01
-1.045275267032214295e+01
-6.461378228567598470e+00
-1.550057154650605007e+01
-1.270229338052140333e+00
-3.624352019210036246e+01
-1.809379408432123171e+01
-2.698993099451609368e+01
-2.821186627449525730e+01
-6.618363974196120658e+00
-1.425813321786998245e+01
-2.098378589025099927e+01
-7.676647695776326330e+00
-1.585926957672642779e+01
-4.434978639973077463e+01
-8.013075465554839738e+00
-7.110600550401913722e+01
-1.677335495890499928e+01
-5.328138411812861186e+00
-7.223366493762523710e+00
-2.450736751148125947e+01
-2.761446821299946208e+01
-2.083929862701909386e+01
-9.141522955617924495e+00
-4.721440171680391984e+01
-6.066580081952015924e+00
-1.976684524669912690e+01
-8.559407755950450891e+00
-1.004683796869271362e+01
-2.605205354764273196e+01
-2.703574390993048482e+01
-1.555474481204117687e+01
-4.260566171032513694e+01
-2.210045905339467609e+01
-1.530349373529040946e+01
-1.604514974733222132e+01
-2.371344958166397987e+01
-2.024329433225682351e+01
-2.934510151302096403e+01
-7.082126100283745451e+00
-2.039045402108367355e+01
-6.449185747556447801e+00
-8.616663895194621503e+00
-2.127095775493921082e+01
-3.483616514496150529e+01
-8.758500680816219131e+00
-2.067681930230222065e+01
-7.686968621489726594e+00
-1.959869306964780833e+01
-2.015998656604746486e+01
-1.797535316048221432e+01
-7.209417147778536261e+00
-3.326997171557753319e+01
-2.345146834227682575e+01
-3.427937021895653746e+00
-5.345294466354191698e+00
-1.174226746473861738e+01
-1.669897776520387112e+01
-3.941376193313820409e+01
-8.736114563874458838e+00
-1.627489378347749849e+01
-5.988350146252961537e+01
-1.035794591052573033e+01
-1.015917495278228273e+02
-1.582377344371163552e+01
-2.744734799056627139e+01
-1.110765950181805461e+00
-1.490500714635640556e+01
-9.100351768590424939e+00
-1.525041660644728303e+01
-1.116288224904011628e+01
-7.737626478900364368e+00
-3.839595660195506799e+00
-6.138647331361240411e+00
-1.121770975987024954e+01
-1.147962860337433177e+01
-1.511518306183315730e+01
-2.432700355023851202e+01
-8.600674072307599616e+00
-3.917580302226991051e+01
-9.540112284153643429e+00
-1.236303859073148814e+01
-2.894838092519955097e+01
-2.188128816895650175e+01
-7.975797046387931744e+00
-9.705085114495291876e+00
-2.349227507363585232e+01
-3.439719623413441241e+01
-9.695072437148247957e+00
-2.858298050775755428e+01
-3.687091240424466321e+01
-2.665469830597112733e+01
-1.875898678667208586e+01
-1.567067918161304974e+01
-1.470633176915829488e+01
-9.563765724291402037e+00
-1.979853072360494082e+01
-1.890989265073714165e+01
-3.175837229828835007e+01
-1.244110645445431018e+01
-5.341402150647599711e+00
-1.436036850908518048e+01
-9.271517334026835755e+00
-1.077157719445474271e+01
-3.506576216497418130e+01
-6.414905662004005471e+00
-4.704964603784226540e+01
-1.127756106624133103e+01
-1.126430398546706080e+01
-1.663594343509554818e+01
-1.785681544375542984e+01
-1.942698064450505768e+01
-2.898830826058612331e+01
-1.039722318755569574e+01
-1.283917769484363092e+01
-1.813158398203666266e+01
-5.761990972393608246e+00
-3.825250333150481907e+01
-1.549489519208927568e+01
-1.317255499738133118e+01
-6.264518982998291108e+01
-1.223995637049222118e+01
-1.446244150819458341e+01
-1.737340678325097443e+01
-1.356531361979169148e+01
-2.518858749396368069e+01
-2.162731854301401668e+01
-2.447766648924361377e+01
-1.730891716900179489e+01
-1.214692610694924468e+01
-3.482695002761148828e+01
-3.286194480773647797e+01
-1.061256076741673660e+01
-1.467719918872039742e+01
-4.162527618682712216e+01
-5.738898799155614405e+00
-1.551970364433355343e+01
-1.545725504247727145e+01
-1.750941189891076988e+01
-5.322557286134219190e+00
-1.585924855210510742e+01
-1.905658038738569715e+01
-1.478009952957667039e+01
-5.963362784521961224e+00
-1.579146320006950255e+01
-4.020925845859572689e+01
-2.508410046101309732e+01
-2.759707782253940778e+01
-2.577969929204246569e+01
-1.174232778538432420e+01
-1.695574859593050121e+01
-6.188512930415267732e+01
-7.595261705150059051e+00
-4.106224329205109491e+00
-5.605357923427471967e+00
-1.065515668635132762e+01
-1.952379315570852469e+01
-1.388111084531214345e+01
-1.855377610141917799e+01
-7.170031874003905514e+00
-5.707561450211234622e+00
-2.672702381566551111e+01
-4.516643978080942645e+01
-2.043509838702625103e+01
-1.399201820394173268e+01
-3.391156645293317951e+00
-1.354295090555984871e+01
-1.042059055143209179e+01
-2.536403792100992050e+01
-1.254073164904598592e+01
-2.548641060516184709e+01
-3.085876314005425058e+01
-1.272296534998841189e+01
-8.490294952333035994e+00
-1.695753858001585002e+01
-1.147660262465603509e+01
-3.156299302704833210e+01
-1.537625531987589333e+01
-6.192618486335128125e+01
-2.696671260630242095e+00
-3.449408931846389414e+00
-1.811232003946418700e+01
-1.632702097573458744e+01
-1.099817189842896248e+01
-2.967760386029836539e+01
-4.317849343213550739e+00
-2.373792469049080722e+01
-7.478392985177292474e+01
-1.507688168698159359e+01
-2.095116470064040115e+01
-1.755924386535461679e+01
-2.235920143344984723e+01
-2.145588610646705519e+01
-3.833046896920089353e+01
-8.083186852878656126e+00
-2.101138908121409798e+01
-1.495548621125831446e+01
-1.133328609091022088e+01
-1.490639248621753588e+01
-1.869422364126728908e+01
-1.846809155907461175e+01
-1.622987711373845698e+01
-7.921816566619337863e+00
-3.085933056778176109e+01
-9.813238306709637371e+00
-4.586428001871644788e+00
-2.030716107681496396e+01
-5.130743723869408690e+00
-3.156871679590839719e+01
-2.472468372172792073e+01
-1.460729483493262393e+01
-1.156170687879528813e+01
-1.696573499817321107e+01
-5.090039654948340875e+00
-1.826106135005804276e+01
-1.210749030738672438e+01
-1.255827583202507292e+01
-1.358002252246187425e+01
-7.908657757794977705e+00
-2.435550887388113850e+01
-1.191061178711788315e+01
-8.881808516609895676e+00
-1.492142512230321394e+01
-1.592938523407048557e+01
-2.297122453570091594e+01
-2.273700387265988354e+01
-2.601708623600573844e+01
-2.306486928768262246e+01
-8.465083116781205064e+00
-1.408728646458223821e+01
-1.248188521867826850e+01
-2.341834257792493190e+01
-1.173155153971723941e+01
-1.076994011525704131e+01
-1.883895454468353492e+01
-1.099546744178121571e+01
-3.638647178396993809e+01
-4.173897334832738615e+00
-8.306758349155273891e+00
-2.427625063213967493e+01
-8.048963417296871370e+00
-1.299232981832852651e+01
-2.386518063541631562e+01
-1.774678150041636826e+01
-6.044732265438676144e+00
-8.848450190540473770e+00
-2.946013545430605873e+01
-7.282900363779519992e+00
-6.140102063027430113e+00
-1.324615652408295396e+01
-1.899444488877054482e+01
-1.264389088178557863e+01
-5.255447374738565713e+00
-8.106415483685841750e+00
-9.592403392446181343e+00
-9.984017281505336072e+00
-1.107127989880423158e+01
-1.692320533934906379e+01
-1.160138773923357114e+01
-9.478415536741172431e+00
-6.487936299845219246e+00
-1.278330091416147241e+01
-2.477518248158695258e+01
-1.837392373545729640e+01
-9.997536438849120799e+00
-9.025112014337882016e+00
-6.793499032636360013e+00
-4.052075331862354091e+01
-9.242618508164708757e+00
-1.335388481789160053e+01
-1.226171260162125698e+01
-7.118493991481127381e+00
-1.647336453338720830e+01
-4.819512178353967613e+00
-3.932241114449360708e+01
-1.019360756701413884e+01
-1.692115810056344216e+01
-1.342559419495120565e+01
-6.876911125839085592e+00
-2.725400864082691399e+01
-9.245618385367388115e+00
-5.050930281887954898e+00
-2.439333680853872011e+01
-8.850584306740296725e+00
-1.431286719945250674e+01
-8.974050286719492675e+00
-2.835649688409834468e+01
-1.717068319673679255e+01
-5.132261075422023033e+00
-7.984801371812165982e+00
-2.424582616506120658e+01
-2.864062806568769304e+01
-1.081754008626180763e+01
-2.666136053391730343e+01
-1.321508357130813671e+01
-3.097615519630014802e+01
-9.255385940528487509e+00
-1.764157137101183892e+01
-1.545724115371291774e+01
-6.914072245459987442e+00
-2.040358203694859096e+00
-8.977426112209986542e+00
-9.783222638342659039e+00
-2.925164320130265949e+01
-8.045920376606543911e+00
-1.515865661342687787e+01
-4.926902886615978083e+00
-2.407702277471452135e+01
-3.197982624113135230e+01
-1.848119975470149612e+01
-1.525314836833270249e+01
-1.093220385848372977e+01
-4.114724783709304390e+00
-6.256446286693970293e+00
-1.072082874905545324e+01
-1.979818674952529989e+01
-1.675454160510346568e+01
-6.011931322001405675e+00
-4.939967871723574433e+00
-5.765475324653365874e+00
-1.181671217364315218e+01
-2.772544065961383097e+01
-1.179755331449170797e+01
-1.690653386371944933e+01
-1.388319795837709769e+01
-1.607538998518244355e+01
-3.156308149696941001e+01
-6.730535543387580333e+01
-2.270868083119658465e+01
-2.040496395878651725e+01
-3.816417685781914315e+01
-1.371390722895006675e+01
-9.283364103635069142e+00
-2.434220408096780375e+01
-1.414238817138220661e+01
-2.149026288524398964e+01
-2.109417121798730577e+01
-5.072214569528941119e+00
-2.221377936215511539e+01
-1.554600590041214403e+01
-7.596788187666125403e+00
-1.038416322561829830e+01
-4.254884457128306430e+00
-1.564653492964633408e+01
-1.239943260202208108e+01
-5.308169866843996942e+00
-5.134027572703624287e+01
-6.227023886531618757e+00
-1.658309079271806752e+01
-1.325139522506282574e+01
-4.093790788209206255e+01
-8.353920869328081977e+00
-2.186949005276846236e+01
-4.741067703478767825e+00
-1.142839203642117596e+01
-3.258166862816905507e+01
-7.067270985447484222e+00
-2.119670647120531015e+01
-8.560896428773720146e+00
-1.455794517496765117e+01
-1.108232564247849616e+01
-5.969811595907624557e+00
-3.600361901488613459e+00
-1.713921866193701504e+01
-6.450995989630649241e+00
-2.172166959347720550e+01
-3.375449847994954666e+01
-3.285193575274313105e+01
-1.850821496192267190e+01
-1.687800444114603593e+01
-1.590319353762525623e+01
-2.023474317431320202e+01
-1.714173672302848317e+01
-2.592765434576600470e+01
-1.110921429737513577e+01
-4.435951617676129644e+01
-1.417976874812645249e+01
-7.243226662304800278e+00
-7.748912451470071794e+00
-7.368877008730134293e+00
-3.828766000814394488e+01
-1.039620544841394612e+01
-3.240327689383215670e+01
-9.103107299481143500e+00
-9.362098568513186336e+00
-2.426044720739593075e+01
-1.206358746387635605e+01
-2.043938363435617589e+01
-3.216335354779911171e+01
-2.854917752989012314e+01
-1.962293136095178170e+01
-5.894513207419278089e+00
-1.217112293070352536e+01
-4.379426155650181585e+01
-7.788996159058575230e+00
-2.082642216301450588e+01
-1.287332647666806729e+01
-1.947187572618777196e+01
-3.673757167398397527e+00
-1.444550950016670043e+01
-6.107610623407955686e+00
-2.235195115172852809e+01
-2.169294194656716357e+01
-1.486595189012516371e+01
-2.287436685827623961e+01
-4.720514643814526679e+00
-6.130601344952297360e+00
-1.271513807467356472e+01
-2.515110091022373595e+01
-1.903710550382862010e+01
-5.239804167382810185e+00
-2.788328755379423818e+00
-1.204354583081742014e+01
-1.058027983537503403e+01
-2.808250674728072482e+01
-5.692295565248245204e+00
-2.288404151922669172e+01
-1.400977821913858890e+01
-1.896535635558003818e+01
-4.258949255383500443e+00
-1.456536228558178436e+01
-1.763513226204445061e+01
-3.175599067875772619e+01
-5.497539841443742858e+01
-1.122372885540547216e+01
-7.857657679170146459e+00
-3.257292546979924452e+01
-3.051575278886870990e+01
-1.738567669614929656e+01
-2.191456014143166797e+01
-1.764515987047159129e+01
-1.772715201843338306e+01
-1.076337030852964816e+01
-7.088783692668449099e+00
-3.045135920892545300e+01
-5.187139107971093210e+01
-1.641165832718741768e+01
-4.820820543914608791e+00
-4.541467882813243762e+00
-5.336546085626144631e+00
-2.053907151272299103e+01
-3.448504105436871470e+01
-6.187730372714912441e+00
-2.608456517041343758e+01
-1.166279055361899886e+01
-5.540378707574923567e+00
-2.552384149365376231e+01
-8.885539249670994622e+00
-2.181365922638251931e+01
-1.333819806696125632e+01
-7.056251517504000148e+00
-3.267571684383392494e+01
-1.351019226598609002e+01
-3.085449335350430289e+01
-5.929005955940184869e+00
-7.245657788045597236e+00
-2.385085628379471245e+01
-2.275065871937163564e+01
-2.234434214820137399e+01
-1.858764625718982444e+01
-9.717449942427618836e+00
-4.288033187578284888e+00
-2.286655867538675935e+01
-3.387911788120320722e+01
-1.627050413555860686e+01
-1.057244352085566774e+01
-4.388252007406018507e+00
-1.231963071702641166e+01
-1.449175417964736212e+01
-2.274165228451592924e+01
-2.860502737549009566e+01
-1.276554730613947974e+01
-6.809019967809822660e+00
-7.170328453101117816e+01
-7.219457470188418213e+00
-2.095009479408737008e+01
-4.613993924615787279e+00
-1.252864324318634281e+01
-1.147660262465603509e+01
-9.278202944771219762e+00
-1.155038831933530297e+01
-1.033555783351950730e+01
-2.026475649806329926e+01
-4.589737261733385054e+01
-1.634851929154818606e+01
-2.591504309490375846e+01
-3.323235748525718236e+01
-7.074909795188415451e+00
-1.280880634588617717e+01
-2.973219977490206034e+01
-7.383895882617936479e+01
-3.159375070488716464e+00
-1.882708369663157910e+01
-3.768091047874286659e+01
-9.340859307170010339e+00
-1.215109041026507519e+01
-2.176321955207548697e+01
-1.054209703154097433e+01
-6.762557951404276402e+00
-4.057576502584431211e+01
-3.138417469793411030e+01
-6.184110800565878918e+00
-4.116205676667092916e+01
-1.700027872358682046e+01
-2.413510404237843332e+01
-3.613571034631823053e+00
-7.786428001871647631e+00
-3.614169271952655293e+01
-2.648690513256269696e+01
-1.219107300582484399e+01
-9.142849278367226162e+00
-1.228602376432236731e+01
-2.550474529719652139e+01
-3.006011342431201783e+01
-1.481105424021954065e+01
-8.929415477966127668e+00
-7.706147521523611488e+00
-1.366239465334502157e+01
-1.223003480656516295e+01
-9.453916201982117684e+00
-3.620050245996670135e+00
-1.382929118489700748e+01
-3.094597512255679472e+00
-3.505379897550594137e+01
-1.327844663617712584e+01
-3.937858417496339580e+00
-1.047555713850705850e+01
-1.706256201437811981e+01
-8.778123846695640609e+00
-1.112189731122479230e+01
-5.266028754978844262e+00
-3.511803353240538428e+01
-5.689591858832808491e+00
-4.153445998810158812e+01
-1.158969950644877045e+01
-8.390200440491756950e+00
-1.671927831102500761e+01
-2.082492533838347981e+01
-1.060383000933536124e+01
-1.006956304541461122e+01
-6.775021020392566484e+00
-1.893735937899417365e+01
-6.303165444238223003e+00
-1.581420985336929519e+01
-3.330131089677800560e+01
-3.212982500254195628e+01
-2.548394074768047801e+01
-1.391026951012221957e+01
-1.438842598345881285e+01
-1.075284549714343640e+01
-2.608432745384492080e+01
-2.237644543258449659e+01
-1.054464243268986934e+01
-3.131916064719292692e+01
-1.210235824673981853e+01
-4.753152397760313619e+01
-1.903574005393338098e+01
-1.117361442361139012e+01
-1.914537359281188245e+01
-4.276175642004456101e+00
-2.445453937641525144e+01
-2.354759353783873266e+01
-1.725031028264007560e+01
-2.508349297262346767e+01
-4.780522275606142557e+01
-9.004381093175492623e+00
-1.409577820043877772e+01
-2.564377305045487887e+01
-1.202182056211549011e+01
-1.150186312832165747e+01
-8.900012576448103729e+00
-1.678784433103589180e+01
-2.314527613382448479e+01
-1.968697069838497171e+01
-1.669856384366135416e+01
-2.877172891373256292e+01
-9.009259957902999716e+00
-2.208605751476639867e+01
-2.565425891643130640e+01
-2.268943661251464761e+01
-4.190654487815592688e+00
-1.415002188442159792e+01
-2.332450951368539549e+01
-2.301161076138235373e+01
-6.594805243803591566e+00
-1.750529863221816385e+01
-3.403187365491141492e+01
-1.725526083747875816e+01
-1.937969749019247701e+01
-7.360890985522015484e+00
-6.387206968256400330e+00
-2.377028858888899876e+01
-8.385139544441042148e+00
-2.381303873304017671e+01
-1.523654819408278982e+01
-2.004105764658742572e+01
-1.144571876198677174e+01
-1.836877419401903921e+01
-7.293069351743511675e+00
-1.489708968433615688e+01
-1.147065213383806181e+01
-2.839508323253398192e+00
-1.351948671915383393e+01
-2.006445511158187855e+01
-2.954220985471949490e+01
-2.386166271434007058e+01
-1.390517152725872663e+01
-2.181780933993964666e+01
-2.012386689008026508e+01
-4.141560051819335619e+00
-5.776801800926222086e+00
-1.382700784984645992e+01
-3.187731564182436195e+00
-6.996314441597172085e+00
-1.657945435306540105e+01
-1.214054201361513918e+01
-2.401099009952394425e+01
-1.185752256546004091e+01
-9.378793781245979844e+00
-3.170875727935644406e+01
-2.481254226220040238e+01
-8.603324647342558862e+00
-3.672998502059341774e+01
-9.725419043269683428e+00
-1.138779711485744528e+01
-4.367725253018425846e+00
-1.256273815210987976e+01
-2.631713932681706680e+01
-2.691354730418476748e+01
-2.643719410975119999e+01
-1.904793149710830136e+01
-1.029114433117140415e+01
-1.207346318596376200e+01
-1.682549137742777390e+01
-1.956967626107078218e+01
-1.568366862434622178e+01
-1.907096415141838719e+01
-1.049177530079126797e+01
-8.741349872376019903e+00
-1.698101308026165412e+01
-9.182529553103893960e+00
-1.162883425855904207e+01
-1.558104931337003229e+01
-3.229019100047405288e+01
-1.168290516367889431e+01
-8.708532849390859809e+00
-2.722564092034933481e+01
-2.008975135123065670e+01
-7.485542955001589860e+01
-1.530174166221659604e+01
-1.429129327956247231e+01
-5.732957859714048254e+00
-2.327726455374055980e+00
-1.080062401833304619e+01
-1.113073096418066754e+01
-1.216330940159770790e+01
-1.713540921027169972e+01
-3.550860712719159551e+01
-1.049887970742027221e+01
-4.632998384345939513e+01
-1.519376748005570654e+01
-2.454320998668093878e+01
-2.057338405565930728e+01
-6.457254757470013828e+01
-1.495855986841947249e+01
-9.249466853557979817e+00
-1.051706354468333160e+01
-5.512935003461169003e+01
-1.810821496192267688e+01
-2.060489845459187919e+01
-2.574821779064416116e+00
-1.925644069172204809e+01
-5.152468762081146991e+01
-2.232045947123279461e+01
-1.180242975301645991e+01
-4.651598253137939842e+00
-5.762012666553383511e+00
-5.222226554269909116e+01
-9.131738174255414009e+00
-1.376947083065140731e+01
-1.853318686353685862e+01
-3.189484868662546546e+01
-1.081176352591837109e+01
-4.095680676988936675e+00
-9.565271113925620128e+00
-2.085062441589915139e+01
-1.007812230380742058e+01
-2.560633815320572282e+01
-1.426589983495404645e+01
-1.934013795644304068e+01
-2.228757956385218364e+01
-2.903156368611057303e+00
-2.968765369445782198e+01
-3.367641880025898615e+01
-1.667734444348930367e+01
-1.661711976583193362e+01
-3.391949675697514976e+01
-2.695700695019887050e+01
-8.019022929274644440e+00
-5.192576748284072607e+01
-1.308741017157649367e+01
-6.219951245967846098e+00
-3.624942387779353226e+01
-1.985715643718554801e+01
-2.161466881704922116e+01
-1.864957651472019862e+01
-1.455335865312666677e+01
-1.112784186656422314e+01
-6.512725005538380074e+00
-2.627460811338143998e+01
-1.272112863037450303e+01
-3.187271687391686115e+01
-1.628402728944934807e+01
-1.735361497082079651e+01
-2.049130092799468272e+01
-3.197970838758295287e+01
-2.011926517892213084e+01
-1.580840798176884832e+01
-1.463641743112783011e+01
-1.339137672943389035e+01
-1.012598851967055680e+01
-2.069575849501047315e+01
-8.472384716722347164e+00
-1.016210257524476646e+01
-8.398510362607755297e+00
-1.026712115964381233e+01
-3.369296172592248695e+01
-1.674896533814029098e+01
-7.943045258601221015e+00
-3.811388928353281358e+00
-7.973647704238551626e+00
-1.310905785073894592e+01
-5.708780283559049096e+00
-2.324953328841627354e+01
-1.582723112706378110e+01
-1.486123269577540462e+01
-1.362488870154968623e+01
-1.402473461166631807e+01
-2.000734632955601455e+01
-1.162997925968770474e+01
-1.114188676692589119e+01
-3.257810995209989358e+01
-2.573340467363241046e+01
-1.121648581183800708e+01
-2.395724770220191147e+01
-1.017916927588379927e+01
-1.017055095520506391e+01
-3.816775864752394387e+00
-4.461376865549154047e+01
-2.699411489083455962e+01
-1.580958846673064500e+01
-2.598332111549929735e+01
-4.705600125585606719e+01
-2.063217311588098113e+01
-2.109457108052038876e+01
-2.598110182212993635e+01
-3.666493426143070167e+00
-3.307477587155980814e+01
-2.264421547381704514e+01
-1.797785250289870973e+01
-3.919026029768926378e+01
-1.034143547050895151e+01
-4.825481021600349862e+01
-1.533557837574095650e+01
-6.124166607421504871e+00
-3.164222886642262367e+01
-5.453206342290966901e+00
-2.706717591298654213e+01
-1.100123228120678398e+01
-2.566621732278675694e+01
-1.887090591880573953e+01
-1.761166593275771675e+01
-8.960477514383475395e+00
-7.448145469198930613e+00
-3.171371563363139412e+00
-1.479190926262812944e+01
-1.363566396776219669e+01
-2.131319574132909267e+01
-3.839136920407273124e+01
-3.573889486492562106e+00
-1.158919423794471371e+01
-3.437157251375558076e+01
-1.239062485609341024e+01
-1.244190930415703811e+01
-2.371214503219794878e+01
-1.992377565600048683e+01
-1.101849871827270633e+01
-4.048679763781682084e+01
-4.168584234382758780e+01
-1.515827800285119231e+01
-2.108488398866063918e+01
-1.438507293569053225e+01
-4.259266488324440303e+01
-1.336353498821955554e+01
-2.244941781563021621e+01
-1.771349971469858176e+01
-2.515472844248121120e+01
-5.661775954042058245e+00
-2.812498421868005138e+01
-2.066965309880701085e+01
-6.024598755164918629e+01
-1.392672915527973920e+01
-1.399282693536553879e+01
-2.006478758479955005e+01
-3.506187663683529365e+01
-1.404495904720146271e+01
-2.560745739967549284e+01
-2.490404682054234797e+01
-3.335013275686245038e+01
-1.048947416968496604e+01
-5.347623772535813913e+01
-8.505393321739644463e+00
-4.355333143868626422e+01
-7.244291834679627229e+00
-3.026995302718014358e+01
-6.096787413150295265e+00
-1.139803308956896366e+01
-1.945592500797581081e+01
-1.048407596438415723e+01
-4.717928860028894889e+01
-2.269571184356185611e+01
-1.627373175301225672e+01
-1.005978759566759706e+01
-2.379387892018277029e+01
-1.724831996524188682e+01
-3.121282850923975261e+01
-6.969873090134781179e+00
-3.409172581975985139e+01
-9.997590455294144363e+00
-6.827800062042728158e+00
-3.222240237585486256e+01
-2.143401430597601021e+01
-7.686628289216798748e+00
-1.380336300399446259e+01
-4.490051954266647982e+01
-8.297045490384558519e+00
-1.975006168110595794e+01
-1.572423267739594266e+01
-1.851159058254877721e+01
-1.286499438144981333e+01
-7.811669455484276270e+00
-9.054866018239776437e+00
-1.457537977532501472e+01
-2.270737170196454713e+01
-2.930923786942347320e+01
-1.676698985685044363e+01
-1.332356963531634086e+01
-2.623900443699633911e+01
-7.985217282965832553e+00
-6.571363917627099482e+00
-9.450100833405773670e+00
-2.839670657175051005e+01
-2.535230731351243705e+01
-3.941562020456630933e+01
-1.948225936292092086e+01
-1.724344890893432236e+01
-2.774631532948066237e+01
-9.002587815882483468e+00
-3.899999999999999467e+00
-1.120636013154151733e+01
-1.051399202765641050e+01
-3.190968901198458241e+01
-8.242656168310025677e+00
-3.076544877192142735e+01
-2.009044360774085547e+01
-1.267244990880566213e+01
-5.011533693021194580e+01
-2.830680983095428971e+01
-3.300120754753025665e+01
-2.505990672951860532e+01
-2.376830490408922358e+01
-7.419521522303219285e+01
-9.720852592324648711e+00
-1.737277175505314020e+01
-1.607604623308553471e+01
-4.763292304942423527e+01
-6.314368723722645349e+00
-1.987862647900113444e+01
-2.402091357662162707e+01
-9.658076431346550805e+00
-5.513603828325354073e+01
-2.971211411855250617e+01
-1.287489983678021055e+01
-8.417350888853519564e+00
-3.492024563480213573e+01
-1.076491818681051704e+01
-7.186122733520698525e+00
-1.504611636470224667e+01
-5.577225055453319591e+00
-1.163787653184021131e+01
-1.720146437112268956e+01
-1.215052164659211087e+01
-2.862530278835383868e+01
-9.813134834479182445e+00
-1.489413455232928918e+01
-3.482083464183395449e+01
-3.012754919432998335e+01
-1.433544127372373289e+01
-1.154215800419751581e+01
-1.853438667529500350e+01
-2.272188179234469629e+01
-1.118256028567219040e+01
-4.607874654610832010e+00
-7.418944663089978242e+00
-7.821306387318814224e+00
-2.178199992125685824e+01
-5.133478320304151410e+00
-2.488892416682952557e+01
-8.286592562484459634e+00
-4.255386549211739577e+01
-1.398345638177980099e+01
-8.972393496965040072e+01
-1.481203201921099932e+01
-1.031624618684005945e+01
-2.449925676983771083e+01
-1.651029310947472695e+01
-3.795819051905009900e+01
-4.773745023834928247e+01
-6.738641756163192831e+00
-9.797887035713367609e+00
-7.597031072474418778e+00
-1.535720901716236320e+01
-1.057457930979005312e+01
-7.011519815976684278e+00
-1.787252799129360881e+01
-1.626893763120961012e+01
-1.282499961460917071e+01
-1.197351278214105186e+01
-1.889763634612762644e+01
-1.813527621915816823e+01
-2.707364485454034053e+01
-9.851024137846746243e+00
-2.102160777423693006e+01
-9.428040574437444477e+00
-2.139426136942920920e+01
-2.764510775298292344e+01
-1.717553825268424816e+01
-5.167771946872886879e+00
-9.411615151423619707e+00
-1.930918719474322032e+01
-4.423607736803766066e+00
-1.206757189071684877e+01
-7.472886785465659543e+00
-3.928885797208905739e+00
-7.079862976839280009e+00
-4.998150631162417312e+00
-1.245842405141271136e+01
-2.021905739831773374e+01
-1.796105394548209944e+00
-3.849889897576450437e+01
-1.695321147363343073e+01
-2.534965847737112909e+01
-1.138206494923383261e+01
-3.409744132484487711e+00
-8.839660858832526458e+01
-1.883372610071902642e+01
-1.149235682363341127e+01
-1.201320638434946098e+01
-1.755124469352420036e+01
-1.813772283795690399e+01
-2.160982175808815597e+01
-1.700881497142680487e+01
-2.969470489882547071e+01
-2.278256128154010796e+01
-7.527761227170767455e+00
-1.321796461488221297e+01
-1.388264360269519315e+01
-1.866553213743646822e+01
-1.982108144222736712e+01
-2.128933749638839501e+01
-8.604767934471063029e+00
-6.352062150264872642e+00
-2.494977080355838339e+01
-1.304534566452541533e+01
-7.475655158063836403e+00
-3.966683307901812583e+01
-1.003916651714877517e+01
-1.085653789338069686e+01
-1.212906165096594613e+01
-2.886882884148149486e+01
-3.071619618288147890e+00
-8.404851259461056046e+00
-1.361672492741296203e+01
-8.378447310562842532e+00
-3.532585383732391904e+01
-1.599999999999999867e+00
-4.795645797808303712e+01
-1.769494066480180550e+01
-1.688435370446203976e+01
-2.065983179169982975e+01
-4.721334525486504674e+01
-1.016593528434913907e+01
-2.703777287480038183e+01
-1.029807498908448693e+01
-9.716309538560848225e+00
-2.455537034335340962e+01
-1.383201903885451323e+01
-1.940487735353085341e+01
-1.012177578625954766e+01
-2.609174761701847700e+01
-1.696561617170712211e+01
-1.483199203264835653e+01
-2.471352673658634913e+01
-3.049939237470300668e+01
-3.201099592363691926e+01
-7.271394926395935876e+00
-1.898363645205443007e+01
-2.101819677837859501e+01
-2.124300994940517828e+00
-9.660648174543958078e+00
-2.422659094815456626e+01
-2.733982182664574978e+01
-1.475032087440797746e+01
-7.250760568408773921e+00
-2.231943420129407585e+01
-1.911787197055124565e+01
-1.408004388437246313e+01
-3.143619618286817463e+00
-3.848517884607154116e+01
-6.800983589833275111e+00
-1.088044269462807989e+01
-1.442773281419244036e+01
-1.137816782844068619e+01
-2.604772245929159524e+01
-8.943175861748910549e+00
-5.792090571092963991e+00
-1.230014620307633599e+01
-2.144601678502232378e+00
-6.402172683180550550e+00
-3.240384834311173989e+01
-3.242474534311841694e+01
-1.248529024962335043e+01
-3.307429463470165842e+01
-1.895677985187857573e+01
-1.716130690860182284e+01
-5.793104718567822609e+00
-1.597076571390883259e+01
-2.793054061540012256e+01
-3.870390986945403711e+01
-6.159271093589612889e+00
-2.644279601276157976e+01
-8.210930080707322887e+00
-3.936393064924915564e+01
-9.862320320209610358e+00
-2.015683588852050434e+01
-1.134174394635850192e+01
-2.198504243749147591e+01
-3.286716052060997129e+01
-2.797258087922600822e+01
-3.123094506421365679e+01
-1.973951223182012527e+01
-1.018348014335703766e+01
-2.173781547597713271e+01
-4.595839732893277585e+01
-3.050438298814565385e+01
-1.250356904670186431e+01
-1.698631883625967731e+01
-1.158444654907339988e+01
-1.532612782294329179e+01
-1.978704230254152918e+01
-1.007156881883642541e+01
-3.468784376292614269e+01
-1.467013091256772661e+01
-3.590708236814302978e+01
-1.851281135416999390e+01
-1.413406799706641337e+01
-6.041115673336802772e+00
-1.478019006881622133e+01
-2.335085166690601355e+01
-1.188466867926395842e+01
-1.485004584778839565e+01
-8.357234565523533831e+00
-3.256251705170572563e+01
-1.431825576933260358e+01
-3.496664815007064675e+01
-3.308062780073078812e+01
-1.174524927119110096e+01
-1.333521600087958170e+01
-2.105932212293655681e+01
-9.031992386443860710e+00
-2.327251310588859212e+01
-2.310721798643729485e+01
-7.368004843200101561e+01
-2.559041343574355309e+01
-1.820556405560569857e+01
-3.298385175914985723e+01
-3.488688763843589413e+01
-1.437421445586285174e+01
-6.627811587645927816e+00
-1.051399202765641050e+01
-1.728618138371454904e+01
-2.848822086247164265e+01
-1.806013314978055462e+01
-1.214006593497080289e+01
-1.396521544189110209e+01
-1.156994587885423442e+01
-2.834800786437219955e+01
-4.220432158513850851e+01
-3.399560824331248909e+01
-1.036885648222281375e+01
-1.672290153445384675e+01
-9.695762768382021335e+00
-3.036429991583718646e+01
-9.550371144386373246e+00
-3.523916851412371098e+00
-5.689255266977466974e+00
-4.006897971328603703e+00
-4.021096430941118172e+01
-4.862606024296388796e+01
-1.573592909331611622e+01
-5.412921461771045273e+01
-2.304715569403457209e+01
-1.774720862361701279e+01
-1.544070159227578287e+01
-2.160444042105522300e+01
-3.150000666655332537e+01
-7.144076285993662623e+00
-1.997955145756657558e+01
-1.996105394548209899e+00
-1.594135055558979985e+01
-2.513968758333830156e+00
-3.121692242144378682e+00
-1.851281135416999390e+01
-1.296451090922874272e+01
-1.175124280687491485e+01
-1.491701812154922990e+01
-2.491758674029122744e+01
-1.252310253464069767e+01
-5.407215694970764375e+00
-9.336351863988376465e+00
-1.500114483507492658e+01
-2.371055616303222990e+01
-1.673313453628074399e+01
-5.233910945373575707e+00
-1.339889900380120125e+01
-2.071863003452078189e+01
-1.413053344299196823e+01
-2.552657201046213231e+01
-1.362804838612501790e+01
-1.321598997864382596e+01
-1.596146266133159841e+01
-3.067343144012308187e+01
-1.051399202765641050e+01
-9.548454854073406750e+01
-2.576543009607359025e+01
-3.176709200452103943e+01
-4.203064030577352383e+01
-6.628623954985385147e+00
-6.184135742144480474e+00
-1.779096233426378504e+01
-2.262484628052782654e+01
-2.162489956173306282e+01
-9.189512336684835248e+00
-1.686771734827032176e+01
-7.795235244374475236e+00
-8.121376341570970325e+00
-3.507399409233314458e+01
-1.884630145585428096e+01
-5.832755484445772076e+00
-3.700000000000001954e+00
-2.748010173390317057e+00
-1.203744161040666327e+01
-1.844651150877388091e+01
-1.119613864221394905e+01
-5.296005020529806373e+00
-1.134970780018806202e+01
-4.374182371921629198e+01
-9.145935054717355683e+00
-1.240557216533437312e+01
-1.297656926758918239e+01
-3.008898552753070987e+01
-1.716433190128847741e+01
-1.923066705939212895e+01
-1.166519240585604678e+01
-2.510819158277627139e+01
-1.337899910207144494e+01
-2.372081754643126672e+01
-2.218691227214337047e+01
-1.318488255416535182e+01
-1.891751008032052184e+01
-2.392733159943217203e+01
-1.444301994134084310e+01
-6.381945139450001747e+00
-9.009056815681717012e+00
-1.028156885131846110e+01
-5.524281171441232630e+01
-8.786066356661784482e+00
-4.905639675010478840e+01
-5.727766673477933779e+00
-1.829759131581028342e+01
-1.075882746628248654e+01
-5.790175750655281917e+01
-1.162771227398653018e+01
-1.442814662394587621e+01
-2.977601914235731329e+01
-2.536465487800396801e+01
-3.690390182229609906e+01
-1.884630345555484610e+01
-2.556701754911447111e+01
-2.688664764720682498e+01
-2.400424178128226416e+01
-2.730329844601734735e+01
-3.054744724131339950e+01
-8.395821972587533821e+00
-1.498196593315404002e+01
-2.117742259070376676e+01
-4.911067656084103561e+01
-1.656532685560128826e+01
-6.265294814440203197e+01
-1.497606562738822156e+01
-1.437100717918180415e+01
-1.222306312445076948e+01
-3.206537846014924753e+00
-7.300053894345031935e+00
-9.653367972806719877e+00
-3.588309774469948366e+01
-6.564205343753489075e+00
-2.406685644130522661e+01
-1.628981917941654700e+01
-1.040837527963978104e+01
-2.877601953076040786e+01
-3.033024855855119384e+01
-1.935024734201553898e+01
-2.497392929564507469e+01
-1.978938976456045040e+01
-2.075534015371152563e+01
-1.577937775109541363e+01
-3.124947640214752909e+00
-2.096677726087022364e+01
-5.594088862551407004e+01
-3.973447336473751079e+01
-4.042578658520492141e+00
-6.538910514972225307e+00
-2.358348443201998279e+01
-2.347917578710384134e+01
-2.429179477113254038e+01
-1.591414386734624564e+01
-2.498678537071259242e+01
-7.445760874301960541e+00
-2.681869281393885629e+01
-1.284181335990188444e+01
-1.693175373699713049e+01
-1.444450033100393682e+01
-2.546805795345678902e+01
-8.019008244585933198e+00
-2.249401065469806937e+01
-1.631036589061820408e+01
-1.658083952327371691e+01
-1.761343205896469044e+01
-4.995959385760443894e+01
-5.931362076420122698e+00
-2.603032180979981902e+01
-1.315373102818572804e+01
-1.981058758681809806e+01
-8.590494440770344298e+00
-3.620267212698319526e+01
-1.437421445586285174e+01
-2.178842847346503930e+01
-1.010255026056745109e+01
-2.642013633857567712e+01
-1.113416667473338428e+01
-1.938637038753568831e+01
-2.372429971904773538e+01
-9.486677632544074257e+00
-4.778565538987717964e+00
-1.349461864507171960e+01
-2.238350459502405343e+01
-4.201263563685196800e+01
-2.922791776921914675e+01
-1.594623091661908099e+01
-3.124739859357974581e+01
-2.900466219073535257e+01
-2.143963976488305789e+01
-1.979339491832729081e+01
-1.364785764451668015e+01
-1.867444367639797065e+01
-4.272812770707272279e+01
-1.886146913755062826e+01
-3.311821961218777588e+00
-5.285815251916210400e+01
-4.160616037874779494e+01
-4.819942852410267875e+01
-2.908943905217975967e+01
-1.210845782895945888e+01
-1.311953864850970497e+01
-4.811776749300612721e+01
-7.695732453317513766e+00
-1.280300391221027745e+01
-3.177823414875252084e+01
-3.636683723029975113e+01
-2.523275118970753539e+01
-1.076424817035685244e+01
-1.767766309443067385e+01
-9.806844879319339015e+00
-2.646656519802671692e+00
-9.815193466783828313e+00
-1.222853145107883321e+01
-7.242290839301865013e+00
-2.602698946610529163e+01
-1.515166674388327195e+01
-1.608995035520766947e+01
-5.462414009029068040e+00
-1.645943896494779324e+01
-2.807906309660726407e+01
-1.847026229767951122e+01
-6.323628718858357445e+01
-6.367597053357918924e+00
-2.565290390117122854e+01
-6.240830689920383811e+00
-3.728833728405078762e+00
-3.856202906106299011e+00
-2.751910743996585751e+01
-8.513990999558799899e+00
-2.473821867353989035e+01
-1.408262401793517427e+01
-1.590441086530350034e+01
-1.833157177148056860e+01
-3.062650144226405402e+01
-2.524679654803765061e+01
-1.232229254508082761e+01
-3.206294043246153080e+01
-9.681365951783417856e+00
-7.121942713974978290e+01
-1.544189027449428586e+01
-1.157120046585991702e+01
-1.299952624719676386e+01
-4.826286560014437299e+01
-2.074070345909619562e+01
-1.795067450439619705e+01
-1.194816227942508036e+01
-1.230032467177131750e+01
-2.360780449233579503e+01
-3.251092401262975784e+01
-2.960187970750199327e+01
-1.241596126740835615e+01
-2.120211196937037812e+01
-2.842872250077658425e+00
-2.017301452221608216e+01
-1.031805959467365064e+01
-1.814089898168850823e+01
-4.701839403640915904e+00
-2.422328481073239814e+01
-9.198722375835716392e+00
-7.546139105619245058e+00
-1.755412368329105988e+01
-4.302661650515486969e+01
-1.099386753153263285e+01
-1.843302544414511601e+01
-4.668448430197963184e+00
-3.884238364379478980e+01
-1.058628201790190282e+01
-6.312179976984793939e+00
-1.312802611374280559e+01
-2.558399609229370952e+01
-1.342939678382019331e+01
-9.698673651005000451e+00
-1.509731077063213434e+01
-3.614949710364356150e+01
-2.856521726481275536e+01
-2.378908584059823283e+01
-3.068855720436284074e+01
-3.006243676530333087e+00
-1.260779076375657937e+01
-3.130850970720376125e+01
-3.171809853648057498e+01
-1.584643464964631221e+01
-2.950594220111628729e+01
-3.053811786729013544e+00
-1.811943289789803302e+01
-2.395972249799916298e+01
-9.182235278428933611e+00
-5.321582013057174265e+01
-3.406363360708358101e+01
-3.386623390209255291e+01
-2.240648566264524177e+01
-1.581508396872986566e+01
-4.371459982095228902e+00
-4.463840739136063718e+01
-1.361158337282902941e+01
-2.737814246077802238e+01
-1.952608706432264185e+01
-1.925727837874319803e+01
-1.244443234249123265e+01
-2.677080624015801646e+01
-9.576891089445430438e+00
-1.254034689536075042e+01
-6.009466666607819718e+01
-5.641408653086791958e+01
-9.296088125208436637e+00
-2.224199922411719754e+01
-1.558943981383564648e+01
-1.171740860389573058e+01
-8.343436808023243501e+00
-2.531451967112664292e+01
-1.544908407629632663e+01
-1.141849304489583439e+01
-1.912501532192255738e+01
-6.313034428580487400e+01
-1.324698832694312856e+01
-1.862109908783353163e+01
-1.159329794069056163e+01
-3.934929941000061149e+01
-3.856286616914692900e+01
-2.369482691057249113e+01
-1.654728070444652133e+01
-1.282938080671459602e+01
-1.552710070530143582e+01
-1.150393781376661195e+01
-1.206903800039002661e+01
-2.223308552908664026e+01
-1.881984758439739380e+01
-3.390567925845410890e+00
-3.557649399606163598e+01
-1.035805900515894074e+01
-1.823518636227132461e+01
-1.745885639169824444e+01
-9.010035824822816508e+00
-1.483961065811367774e+01
-1.619110136757315033e+01
-1.000628578399904001e+01
-2.209520679800730747e+00
-8.261443033221834042e+00
-9.346525326921465648e+00
-1.900131685655863123e+01
-1.801793288928079662e+01
-3.232065763104658629e+01
-1.332284263544184455e+01
-1.254564645800408051e+01
-3.110025261558000054e+01
-1.375836401740619053e+01
-5.566631650427915901e+01
-1.453712108203588826e+01
-2.762598761649847745e+00
-4.280785511187336745e+00
-9.176500780483941355e+00
-1.555895302661380697e+01
-1.563054766546977525e+01
-1.993201980571152632e+01
-5.088981072925103888e+01
-2.192170015144176975e+00
-1.314389285308547706e+01
-2.210254985076257483e+01
-3.490907217565744070e+00
-1.301736495183223141e+01
-1.377774551571666883e+01
-1.380791021049326517e+01
-1.252571213249282778e+01
-1.692886778645640788e+01
-2.069686949597318559e+01
-1.233693134037475758e+01
-2.474095777009922337e+00
-1.558305947111545819e+01
-7.588248131082947268e+00
-4.109638615178885068e+00
-3.469713170501244548e+01
-2.131547157212727939e+01
-1.202509141378894952e+01
-1.767052572496245944e+01
-1.439999600180147077e+01
-2.711881686445024897e+01
-1.176212416741834588e+01
-2.175302368494012129e+01
-1.602151409072005706e+01
-6.036560328672395315e+01
-1.009872493171447516e+01
-8.239110349481963524e+00
-9.246014441756642555e+00
-1.581246202670894974e+01
-1.378826149886213948e+01
-1.269529734857908387e+01
-1.734524228122216272e+01
-9.997069341376841223e+00
-1.757578374407168909e+01
-7.072965755604355920e+00
-1.345510901590961517e+01
-7.817856281262554496e+00
-4.053471071113897040e+00
-9.006876227116521250e+00
-1.056790046318848830e+01
-3.119177590705815462e+01
-1.204287078860575200e+01
-1.070417297327864503e+01
-1.310384395372480348e+01
-2.098314876787811301e+01
-8.559975527119934924e+00
-1.410551738831519231e+01
-9.316036632480448887e+00
-2.035498364244043046e+01
-4.029461875864723375e+00
-1.491506221019355927e+01
-1.489488193736842492e+00
-3.412013669489783041e+01
-3.083073165537702831e+00
-1.021876201806477802e+01
-1.687989240722258089e+01
-2.282251821867861707e+01
-1.636405662614657786e+01
-2.406747708934121022e+01
-1.245746971030093775e+01
-1.169502959582033874e+01
-4.340047203515873520e+01
-1.601422081166414557e+01
-1.864059778834903724e+01
-1.853454081068148440e+01
-6.559191065180994151e+00
-1.938098755926046834e+01
-1.046343292462889529e+01
-9.728440663137329025e+00
-3.726901266738848761e+01
-3.213154750935490078e+00
-1.608706514902054963e+01
-2.494627350995818560e+01
-1.739695508471667651e+01
-2.422998881286828521e+01
-2.617476085011146480e+01
-3.201436994513251477e+00
-2.412541590925600588e+01
-7.175922457140041288e+00
-3.243785087842731674e+00
-3.718884441258035078e+00
-2.136722848261989771e+00
-1.019237812573909707e+01
-1.039636804712640838e+01
-1.432780630778659692e+01
-1.917634099105316992e+01
-7.251071238084068682e+01
-2.298809630831831541e+01
-2.034005397185611841e+01
-8.946735415890470833e+00
-1.058643957718101269e+01
-3.558884337168395717e+01
-2.635464200785398603e+01
-1.699343049279581663e+01
-2.771966048433885277e+00
-1.499816641636968839e+01
-1.575856048590865477e+01
-2.326492093589467558e+01
-1.427487769508296189e+01
-8.803895693663264410e+00
-1.543922357847276139e+01
-6.582370580516550440e+00
-1.164782239815007259e+01
-1.037566643548462508e+01
-2.064344938593480094e+01
-6.016367408549893270e+00
-1.919374547813396603e+01
-1.178166682654984854e+01
-1.780691396739433685e+01
-2.021762525693933910e+01
-2.185111868617414999e+01
-2.039395733927855048e+01
-8.343478632447158816e+00
-5.260496389375029835e+00
-2.159532719559662084e+01
-1.597260380803187552e+01
-3.147059585239213320e+01
-2.229837914560751599e+01
-1.619943884073357765e+01
-2.591095808573318138e+01
-8.689549975039895457e+00
-1.961188657320193940e+01
-4.359558196918767337e+00
-5.641331321356867434e+00
-1.237544356433663495e+01
-2.641372958184520314e+01
-3.396349000671718699e+01
-5.049592835199356955e+01
-8.138278616728301884e+00
-1.185420629956339234e+01
-8.246584356848366326e+00
-4.940272630080871252e+00
-1.992609928470180947e+01
-1.261297826206027572e+01
-1.036610403984570539e+01
-4.829453393433118080e+00
-2.111930423519809707e+01
-1.463279960296585891e+01
-7.281094557632229680e+00
-9.832773967660489944e+00
-1.109258331390507024e+01
-1.307829600276686755e+01
-2.192252207434508193e+01
-4.715205603349239993e+01
-5.009756313822253837e+00
-6.352197388040226045e+00
-2.227089369759886495e+01
-1.828549973115161009e+01
-4.382335918388099216e+00
-2.350299698256579362e+01
-8.172544844728729174e+01
-1.218019751002697504e+01
-2.143024473484888048e+01
-2.102337035111779073e+01
-2.246072601897226573e+00
-1.251490007630305712e+01
-4.040989745379382470e+01
-1.823891299279991784e+01
-9.101822522567234230e+00
-1.410834096301229756e+01
-5.404945746125252981e+01
-1.669188259110015693e+01
-5.544179826291845359e+00
-1.244149318036397212e+01
-3.849577620772056452e+00
-1.758591363078625491e+01
-6.384288574209254108e+00
-1.885505319478368591e+01
-2.362639320516778341e+01
-1.847928861660158262e+01
-6.740247299568724593e+00
-2.448565281261915416e+01
-1.717224195737300718e+01
-3.012894851971185162e+01
-3.000275016621514013e+01
-2.506200992467744726e+01
-1.397490539662728004e+01
-2.661930208184540092e+01
-2.157622152384256964e+01
-3.684922920120033041e+01
-3.109921097186815331e+01
-6.573432476225624654e+00
-2.402094878797873534e+01
-2.500312546754064513e+01
-4.350806474900604570e+00
-2.416599438739780226e+01
-2.039395733927855048e+01
-8.388740049464750825e+00
-1.459946610946494516e+01
-1.447249572517237404e+01
-3.744983871185816326e+00
-1.020062993133988627e+01
-8.333929861731853350e+00
-1.844248009535976252e+01
-3.063643781449905745e+01
-3.527543259304785295e+01
-9.963120082024348179e+00
-1.541722244260261299e+01
-1.998550424884480492e+01
-3.675226729240277024e+01
-4.793792709820577258e+00
-1.542631697688566561e+01
-1.267951322033085049e+01
-6.003544490789196608e+00
-2.020780135303426661e+01
-2.443179835344995965e+01
-2.139696104782072439e+01
-1.179573520862956926e+01
-2.032307270702929358e+01
-8.155935175574512641e+00
-8.314050983012041485e+00
-2.091098523620284411e+01
-1.448583286376329937e+01
-1.340105266920874882e+01
-3.817942797876784766e+01
-9.264186881238000382e+00
-3.177240597179179460e+01
-2.213680874337213922e+01
-1.309356515456409298e+01
-3.653343745233900819e+01
-2.202340060815406275e+01
-2.168068896459577743e+01
-9.178499911196270844e+00
-8.409495260733820032e+00
-7.207328849133235238e+00
-2.733606909263934526e+01
-1.847279355042474691e+01
-2.840833026358401625e+01
-3.085033650772243785e+00
-1.382917909275991519e+01
-1.174199567441778669e+00
-1.493081849704373809e+01
-9.820669536562492752e+00
-2.091214537729393541e+01
-3.365966984355800662e+01
-2.750644658296541323e+01
-8.261443033221834042e+00
-3.099296262138303248e+01
-1.876520834962860107e+01
-7.107913164152206420e+00
-3.118573585579786567e+01
-1.847518685130141236e+01
-1.950759238572517873e+01
-1.453856211090704953e+01
-2.075017005014939286e+01
-3.873859684182955565e+00
-1.047251645175800938e+01
-2.378063143288173720e+01
-9.322420637895517004e+00
-3.114308580975189145e+01
-3.150251792351664548e+01
-1.955100927191050530e+01
-2.798809323907219948e+01
-6.105436976763399137e+00
-7.634793597281688449e+01
-4.582840700321465732e+01
-2.056232159224634870e+01
-1.031763935577465574e+01
-1.810273954534268270e+01
-1.129584992460623738e+01
-8.328948576318799368e+00
-9.427111007650340824e+00
-2.748677068557869418e+00
-1.711994586540774677e+01
-2.396985759535937532e+01
-5.753354528475973240e+01
-1.285063348998462729e+01
-2.077261664841448052e+01
-1.566699114813062188e+01
-3.992254165383734676e+00
-1.352079555716352921e+01
-1.593400906484989932e+01
-6.853056410469200443e+00
-1.082322143717484231e+01
-1.733585841798729987e+01
-2.064063888978603956e+01
-4.029538008461299725e+00
-3.328874380262853805e+01
-2.181018548777771926e+01
-1.302967920189486861e+01
-6.472933630391470672e+01
-9.983448044523051124e+00
-8.004832002738687891e+00
-4.301155609002283597e+01
-9.469579455503506438e+00
-5.353336826881929689e+00
-2.528385846141329107e+00
-3.851289439383878488e+01
-2.686903258912797199e+01
-1.765888180707317190e+01
-3.189927004045238323e+00
-1.742543498231032828e+01
-1.516784604837785544e+01
-3.891489061973723906e+00
-1.823888547306450292e+01
-2.247959339639993814e+01
-2.174838378247454074e+01
-6.688418746982311092e+00
-1.250316100751533455e+01
-1.280114184743324302e+01
-2.447605539539054575e+01
-8.664953076813965538e+00
-1.232798883248343103e+01
-1.969793378832353881e+01
-2.628532865278734221e+01
-6.175958840485800572e+00
-2.323753357947306242e+01
-1.070434200614420739e+01
-3.064245727834299871e+01
-1.866046305011304085e+01
-2.833837825109633357e+01
-1.461682918700606670e+01
-9.639156533213441236e+00
-6.300917636720537729e+00
-6.302883715656347974e+00
-2.022377286501147609e+01
-2.573311090595061756e+01
-2.358767348134342612e+01
-1.369186705226185019e+01
-9.669843680027158328e+00
-9.943110492418227864e+00
-3.981412248823101407e+01
-2.141522481373391074e+01
-1.581046401842080229e+01
-2.401998521105159057e+01
-9.996812648212310748e+00
-2.431973768033756755e+00
-3.014198872104188709e+01
-3.145456041807633696e+01
-2.374267865628565133e+01
-2.723408802899614756e+01
-2.744595790994321050e+01
-4.901504210290287489e+01
-1.589097724544991586e+01
-1.835734797071248892e+01
-3.388945852382506985e+01
-5.448957111944607590e+01
-1.289777317251577315e+01
-1.155147376316294228e+01
-2.485882276405554947e+01
-2.469737482191658628e+01
-3.481104109739543429e+00
-6.500932519728278791e+00
-1.899275061622815031e+01
-5.018791075159706239e+00
-1.591083647886381591e+01
-9.800293130132990527e+00
-1.276875786973683979e+01
-2.995797335407932849e+01
-6.872940813050130160e+00
-2.266907396611744119e+01
-2.004647921997040072e+01
-6.024715780774819507e+00
-6.419492704896035740e+00
-1.509141381727568287e+01
-9.749646625234747788e+00
-1.881866531556931577e+01
-2.044356332810882293e+01
-9.922773323005010582e+00
-1.071753689785108321e+01
-1.071346810479892753e+01
-2.037274333911453894e+01
-3.152769825823936944e+00
-6.767443301961722391e+00
-1.089360715188600004e+01
-2.712924963716453419e+01
-3.308856687585037548e+01
-3.687900424378061359e+01
-5.537053183753585017e+00
-8.854850568296141589e+00
-2.335541202456301946e+01
-2.266203927090644754e+01
-6.833837093886931946e+00
-1.883817152291489094e+01
-1.478144516259281183e+01
-1.141830205553808675e+01
-2.039883573508790349e+01
-7.287563656553399660e+00
-1.880221968456622861e+01
-1.807312618732131781e+01
-1.181758464065028491e+01
-1.339714030065253958e+01
-1.203475888248220294e+01
-5.786859198218389011e+00
-1.797326202585425392e+01
-2.165177229330316777e+01
-1.255260040842916069e+01
-2.976262848441240561e+00
-1.609442389337681689e+01
-1.246705592756590875e+01
-1.560891668522131148e+01
-1.480764361459673317e+01
-5.627235931945423886e+01
-6.517515770854230084e+01
-1.356723065535468820e+01
