-5.959779810563154001e+01
-4.357477055409927402e+01
-4.242546012443980175e+01
-4.158218502653583926e+01
-3.819595406950420369e+01
-4.770391016655046457e+01
-7.090569889189265496e+01
-4.182914582092563194e+01
-3.773276343319155757e+01
-5.744726290074559216e+01
-6.233779239250601734e+01
-3.458562875173185347e+01
-5.904482644395491775e+01
-5.062352835208780988e+01
-3.424949187614130608e+01
-5.118026879050569278e+01
-2.109744973311225280e+01
-3.939896186267785083e+01
-6.831678973747025907e+01
-4.888876698855255398e+01
-4.730493259721001209e+01
-4.971282753507779972e+01
-4.341622447444015620e+01
-4.433609164228828803e+01
-3.068766820723241651e+01
-1.364672945719202062e+02
-5.192840416464071041e+01
-5.295051125881717269e+01
-5.535494995843173172e+01
-2.787734912695543699e+01
-4.440353873283810771e+01
-8.677177273983859607e+01
-4.005592719196947371e+01
-3.735991378951965203e+01
-3.590694542350949092e+01
-2.817258836197428806e+01
-8.493222472568722026e+01
-6.852034420384893565e+01
-6.702412342675098955e+01
-2.219441897166818833e+01
-3.436508877281411145e+01
-2.382774592094439825e+01
-5.238648919722734121e+01
-2.467019903071770770e+01
-2.088036768317754621e+01
-6.215743258818298500e+01
-2.735532635840569426e+01
-5.958856944686900192e+01
-3.886563489170091401e+01
-3.297404675601475788e+01
-8.568799870730013879e+01
-4.400592322998950578e+01
-3.548004578236619011e+01
-4.050839560618426560e+01
-3.961693250239316910e+01
-8.580293566286988494e+01
-4.066630857130500942e+01
-2.015941785138909026e+01
-2.521524910125947372e+01
-7.433228647797891142e+01
-3.726074154812256722e+01
-1.259999999999999787e+01
-2.524545165360812149e+01
-8.746198935404362373e+01
-9.606107556837486072e+01
-6.255975581438227806e+01
-5.090573688731163315e+01
-2.957931305367542052e+01
-1.377024170028730943e+01
-2.255924875475101388e+01
-2.938397224354932646e+01
-2.604666147718884517e+01
-1.205631072172871967e+02
-2.492932503822235546e+01
-3.600764907201421750e+01
-5.192476172676437329e+01
-2.494664965666320811e+01
-6.324046645197978478e+01
-2.637489836903017704e+01
-2.104564740816659096e+01
-3.365250461555280737e+01
-5.983568039668711691e+01
-2.672311106395704172e+01
-1.353176897340077822e+01
-3.964826742083779010e+01
-4.959431505617234137e+01
-1.862182466353618437e+01
-3.105419942445910664e+01
-5.209087446606123706e+01
-1.038356904565977423e+01
-1.170946484184668321e+02
-2.199677953652814821e+01
-1.168926228489322199e+02
-5.799042271443801866e+01
-1.612095490626742489e+01
-7.569895041332066477e+00
-2.311288485152473982e+01
-7.943830555355683387e+00
-4.899917576904984173e+01
-3.561421903758741792e+01
-2.902074076141011005e+01
-1.125481227629731862e+01
-5.194737360541738269e+01
-2.119897859830144071e+01
-1.918007099601510390e+01
-5.349734226697300699e+01
-1.172282621321950558e+01
-6.303944173346749125e+01
-3.277463046625161525e+01
-2.154217436133602348e+01
-1.101058666981229663e+02
-1.960318734622000392e+01
-1.164760001453643667e+02
-1.329196168060784622e+01
-1.125871786677423358e+01
-2.951049628292403071e+01
-1.974587821216412920e+01
-2.341186063918479476e+01
-2.140230329450633562e+01
-5.508671774999786663e+01
-1.724798278285867426e+01
-6.540297089165208888e+01
-7.980665163153656039e+00
-8.731885102985118863e+01
-1.515741283319231592e+01
-2.508802458327686580e+01
-6.045849939276006779e+01
-3.597891266367211927e+01
-3.440952830002029117e+01
-4.014718243041804158e+01
-1.954250184454435413e+01
-5.820875058110417655e+01
-4.959709453045638838e+01
-1.742869004942975764e+01
-5.718586146999270170e+01
-4.726700665934171752e+01
-4.635806323385898509e+01
-1.572407474927884508e+01
-2.435602222770711833e+01
-1.468468758933404850e+01
-1.543812818501455908e+01
-5.020509944979458794e+01
-2.362659411661604381e+01
-5.026304062904712566e+01
-1.864423387290525014e+01
-3.863543148692848916e+01
-4.154704756974987845e+01
-5.160109190472346086e+01
-9.790570752694915058e+00
-1.169629715976949598e+02
-5.326010114798698680e+01
-3.554165472019097649e+01
-1.564028167194787677e+01
-1.419646532087822521e+01
-4.826248596055648932e+01
-3.539164769491562623e+01
-3.874043824598830810e+01
-2.014744356746700404e+01
-1.753150606633332842e+01
-9.900000000000002132e+00
-6.130059351299381376e+01
-3.809123465184867996e+01
-1.198359950880214910e+02
-6.461933964224061810e+01
-1.483994625909615550e+01
-2.697066061634156142e+01
-5.618104163619087643e+01
-4.009140286179498247e+01
-4.861108340926830351e+01
-2.720534558044461804e+01
-1.576744054042440979e+01
-2.669281589582480052e+01
-8.937623830833649663e+01
-7.951842488990914504e+00
-2.851655255491034779e+01
-5.514728901809122874e+01
-2.523770997466333199e+01
-4.938738812607643069e+01
-8.798285485399865991e+00
-2.009711232468150044e+01
-1.310152311221808397e+01
-6.230078241966890573e+01
-1.203159225843059943e+01
-6.413513056628521269e+01
-1.369160186445258631e+01
-1.097441049252155665e+01
-4.673644715780211456e+00
-6.079158963092776702e+01
-2.058792025098922451e+01
-5.714362044935577956e+01
-1.175338632993383072e+02
-6.193118155065553765e+01
-5.923200688452006091e+00
-2.047020578203633789e+01
-2.689633130447505138e+01
-2.354519351061610521e+01
-5.791107933211922187e+01
-3.608544258795259907e+01
-5.618527087268685705e+01
-5.013321910916680224e+01
-7.893209865537959047e+01
-4.131869094281130117e+01
-4.846800458976262860e+01
-1.192682541345551606e+01
-8.569972457559838830e+00
-5.122909008556315769e+01
-2.573924046288531287e+01
-1.020698737971622272e+01
-3.000000000000000000e+00
-3.383710909918720233e+01
-9.998164558743096109e+01
-1.215293650146990103e+02
-4.666840458041753692e+01
-3.670792562767259426e+01
-6.056418113751328747e+01
-3.150983090626089123e+01
-2.513151557976472716e+01
-2.072820958950449821e+01
-7.659384835412545556e+00
-2.563769189087276956e+01
-2.109308979180460497e+01
-2.987259356809295596e+01
-4.349022802878675975e+01
-3.753878485631875606e+01
-1.018419251371205903e+01
-1.433087187069011570e+01
-3.301144346078410763e+01
-1.833537809255803808e+01
-2.671603038893525195e+01
-2.258589206867886290e+01
-6.408059056241768303e+00
-2.216762521228621097e+01
-4.602335645198975556e+01
-2.295479567814156141e+01
-1.811533311268922120e+01
-3.844888904108833572e+01
-2.590520437593425029e+01
-1.046104983143703926e+01
-2.344824994426054232e+01
-2.256943803935973136e+01
-1.045170232654460918e+01
-4.300421864243866565e+01
-6.094369009095373713e+01
-6.041918356452333327e+00
-1.296732039536805026e+01
-6.006669285472455044e+00
-2.420178583308924658e+01
-1.278980402867389898e+01
-5.897430683535993268e+01
-4.320460358002249279e+01
-2.836684442403495865e+01
-5.146447213197906478e+01
-5.880973274998216027e+01
-1.315923754549302416e+01
-1.339051170570870752e+01
-1.523464131458136173e+01
-4.198167152142728753e+01
-6.461625785127960597e+00
-1.506077144300470927e+01
-3.060621582948670394e+01
-1.101658102357662550e+01
-7.273925221353887416e+00
-8.706987379716217390e+00
-8.940193738891277775e+00
-1.415428520553909308e+01
-1.713873908600927010e+01
-2.433390829370533126e+01
-4.342996864514647370e+01
-4.961286914586875696e+01
-1.050698737971621810e+01
-2.916347590766540776e+01
-5.470613845685344501e+01
-2.332759747753094004e+01
-6.007733912662505560e+01
-6.248943593010221953e+00
-3.211123708330529780e+01
-1.958058503086514079e+01
-6.056418113751328747e+01
-2.706669285472454778e+00
-2.257016163060665193e+01
-2.013481035536183228e+01
-6.125240997620630878e+01
-5.933642713386967671e+01
-1.744605407391044238e+01
-1.367177815304063770e+01
-3.683587592630431828e+01
-4.549985172317477122e+01
-6.418620763298441112e+00
-4.511666544984949212e+01
-7.614321939715480880e+00
-2.256388137568822927e+01
-1.283690264200552456e+01
-2.239724497671774017e+01
-6.184184167703030965e+01
-2.303796707251001408e+01
-1.406159039181467030e+01
-8.622131620466053192e+00
-5.242983716767827040e+00
-1.023381219600968706e+01
-1.483155712669795889e+01
-2.038080724562384916e+01
-7.159305708690034464e+00
-1.045782745881516540e+01
-1.522105925346802735e+01
-3.808330512860219130e+01
-6.347644136757419453e+00
-2.256093208117084359e+01
-7.354510313727823245e+01
-1.339051170570870752e+01
-5.287429236341669991e+01
-1.139212241601591380e+01
-6.392187043205468200e+01
-2.448091231689729597e+01
-1.543170892023073293e+01
-7.193833801359514268e+01
-1.748160615088232106e+01
-2.296777437199752825e+01
-1.516109766418284721e+01
-9.951680961816409265e+00
-1.191168849392375328e+01
-1.125082284229850060e+01
-5.511306482905705018e+00
-4.123993426117290539e+01
-1.309585861833131659e+01
-2.110286868308449115e+01
-6.871848716070709884e+01
-4.452905958084901528e+00
-4.173057526773746417e+01
-2.788925176908847092e+01
-2.249221803410090814e+01
-2.256388137568822927e+01
-2.046915847297318081e+01
-8.940193738891277775e+00
-6.413752559047321000e+00
-8.854922003366817762e+01
-1.509629486177324154e+01
-4.995334691875731892e+01
-1.514639337367550098e+01
-6.041918356452333327e+00
-2.122424306682779616e+01
-1.007290554194854693e+01
-6.080486264764647331e+01
-8.937119896629367588e+01
-3.684964275846386528e+01
-5.919975692532194955e+01
-2.061707613598867184e+01
-4.849072242669674893e+01
-1.856588662083245467e+01
-2.649331766211284744e+01
-8.912138176291726666e+00
-9.419913920644209071e+00
-5.788833810242131506e+01
-5.262418279424677792e+01
-1.313236071914289127e+01
-1.144059501822841156e+02
-2.749511421209213680e+01
-8.350217823855942356e+00
-1.954730360248409582e+01
-1.745233766953429111e+01
-2.006152396121325765e+01
-6.012018621222855330e+01
-2.302113568048027759e+01
-1.856588662083245467e+01
-2.570855436849803510e+01
-1.624186937724016744e+01
-1.725535116030023985e+01
-5.018286247658513588e+01
-4.899450722119054547e+01
-2.689854990787217659e+01
-2.063874060274038769e+01
-7.445474214548507774e+00
-8.788173324992058610e+00
-3.640495443698650035e+01
-4.163272058878141024e+01
-5.314759770059852428e+01
-7.712415769647066099e+00
-1.219894869415210970e+01
-2.874058996447874748e+01
-1.140209002993483089e+01
-1.624186937724016744e+01
-5.645474214548508840e+00
-4.851458260772140818e+01
-7.188473161008218426e+00
-1.219894869415210970e+01
-2.874058996447874748e+01
-2.032772320223676843e+01
-5.579856268489533733e+01
-2.874058996447874748e+01
-1.250216327755407519e+02
-4.147013587067041840e+01
-1.098951633906460756e+01
-4.256423812317702016e+01
-2.209373293031045904e+01
-2.115504546503566274e+01
-5.419847138955049104e+01
-2.334210527283533310e+01
-5.788833810242131506e+01
-3.296697452954073526e+01
-4.524754588137435007e+01
-1.313236071914289127e+01
-1.957103590238518720e+01
-2.249022384213827763e+01
-1.166990143021203892e+02
-1.646667210296442008e+01
-3.740760475848347255e+01
-2.624959750417190563e+01
-2.809079970503212920e+01
-1.974396799395928426e+01
-1.611271183743001956e+01
-4.549985172317477122e+01
-5.917479226511004242e+01
-2.980732790217442840e+01
-2.289466291595415015e+01
-1.650094473858324307e+01
-5.622162099864563167e+00
-2.258343608451028928e+01
-5.611261499008080023e+01
-7.155671720297138449e+01
-4.549985172317477122e+01
-1.033837890755732403e+01
-1.206669285472455000e+00
-4.123993426117290539e+01
-1.534008260893107689e+01
-1.845113809600687205e+01
-1.501950213084571750e+01
-1.339585861833131730e+01
-3.733762204353604730e+00
-4.891249851814507110e+01
-5.814075301853745437e+00
-2.855082895397166709e+01
-5.393637707705524065e+01
-4.714977709028699593e+01
-2.723237632129822217e+01
-3.356230722294888125e+01
-2.624959750417190563e+01
-2.859752547086529972e+01
-1.856588662083245467e+01
-3.153456498696231236e+01
-4.201209152938477587e+01
-1.000265922220120807e+01
-6.553057737507255354e+01
-5.579856268489533733e+01
-1.600547227885275703e+01
-4.170724602283786453e+01
-7.367956702880641728e+01
-1.876815509969699036e+01
-3.873626959981041296e+01
-2.067663735019819882e+01
-5.927710520943866612e+01
-3.937853025020702091e+01
-3.987144703977320148e+01
-2.063874060274038769e+01
-3.958500740347304259e+01
-6.969895041332067720e+00
-1.727472547690159033e+01
-1.249894869415210863e+01
-6.209769598532597712e+01
-2.938484740615401236e+01
-1.436430293834406946e+01
-8.940193738891277775e+00
-2.205820037866741146e+01
-2.907535774560359698e+01
-2.873886307957840813e+01
-1.549006610524171812e+01
-2.351189914868584552e+01
-8.406987379716216680e+00
-6.213879302426885687e+01
-2.194079338189688855e+01
-1.609037134779799771e+01
-8.426622141807040833e+00
-1.911353312919650493e+00
-2.840738366298253581e+01
-1.898827996644058658e+01
-1.302835314330304861e+01
-2.255305356612347722e+01
-3.930021902048356708e+01
-1.429585861833131943e+01
-2.503764664077171798e+00
-4.202650624711897365e+01
-3.801646665152335913e+01
-3.716432955195307386e+01
-2.327182043408156886e+01
-5.579856268489533733e+01
-2.027647960110542869e+01
-1.613178775443454782e+01
-5.579856268489533733e+01
-3.361516427694966325e+01
-1.420788208758752624e+01
-2.514645403421260994e+01
-3.488243329252974689e+01
-1.530375673015973348e+01
-9.736701700886644772e+00
-1.471061644178021233e+01
-1.691533311268921835e+01
-5.543425740991661854e+01
-9.506985556955676486e+00
-1.753685889374795792e+01
-6.540454679085249268e+01
-2.768472569626207402e+01
-3.054014729106058468e+01
-1.395111290753401079e+01
-2.133117136663170044e+01
-3.817164705308356076e+01
-9.869351199993609214e+00
-2.007406739179604571e+01
-2.004989272599972949e+01
-2.744928368836477972e+01
-1.739349168478283048e+01
-2.039104093391904726e+01
-4.456250419689649789e+01
-5.606205226978788403e+01
-5.843287164746070061e+01
-3.413900257769941504e+01
-2.079835188864054984e+01
-4.646905541367992498e+01
-9.797783197801502197e+00
-5.931874096909152172e+01
-4.060586842323964163e+01
-6.621419855844339963e+01
-1.907950698093558728e+01
-5.095979807921891336e+01
-3.150876464228501206e+01
-3.815386488708958268e+01
-3.543656688022774404e+01
-1.787344482250557576e+01
-5.499665808954831192e+01
-2.834928101802800882e+01
-1.582541372468026175e+01
-1.643757352118273474e+01
-3.760803260813501936e+01
-6.202370692985510914e+01
-2.586887955021506258e+01
-3.519965615685728721e+01
-2.722450215352978731e+01
-4.652278080879098354e+01
-2.665556976128378253e+01
-1.665694328753131970e+01
-2.537948702887008068e+01
-1.635720544068332671e+01
-1.144287674887158488e+02
-5.769895041332068431e+00
-4.295651623080318871e+01
-1.968080972357275371e+01
-3.119509256645093842e+01
-1.721944065221756759e+01
-3.733123828185131288e+01
-2.653893902400671223e+01
-1.900715294060433536e+01
-5.747297849010693405e+00
-1.341468139280843097e+01
-2.543103936806732968e+00
-4.205135025047646025e+01
-2.049611379938400191e+01
-4.980981642836312062e+01
-1.685195051851434300e+01
-5.960565085797055929e+01
-5.537170310167844178e+01
-6.654025000657196642e+01
-2.764532844508810427e+01
-2.449863676861846074e+01
-9.539154794041527907e+01
-1.622768890248702434e+01
-7.418541125122373181e+00
-1.754837956469423688e+01
-1.783685889374795863e+01
-5.565329328206383508e+01
-7.999841116539204044e+00
-1.936604691577671744e+01
-2.063829981553870496e+01
-4.216475822473056212e+01
-1.838225490775587190e+01
-1.399684603472458377e+01
-7.042168180381501941e+00
-4.338947103136695205e+01
-6.053370085521599009e+01
-5.031000904868638202e+01
-7.017496168113445343e+00
-5.788815423007292793e+00
-8.983399277297017704e+01
-5.544903529283480026e+01
-1.009259345651181761e+01
-3.617125401913299498e+01
-2.284622149847680106e+01
-6.245474214548508485e+00
-1.503512612904228440e+01
-2.755332721110886496e+01
-5.989652195368282150e+01
-2.360086509039079061e+01
-5.069790817777294478e+01
-5.730397697197409101e+00
-1.836298186750258310e+01
-1.768470213063339358e+01
-1.041687419071472220e+01
-6.359267566224573898e+00
-2.249530785457271165e+01
-1.968080972357275371e+01
-2.353372742953733976e+01
-2.739725592147280508e+01
-2.511554174888970792e+01
-6.813534802736534779e+00
-1.529841762981472009e+01
-2.329162559562044876e+01
-1.924754215467940810e+01
-6.229186186757704746e+01
-7.106691125483897586e+00
-1.184641970487538032e+02
-1.216455635650312672e+01
-6.299681467847284111e+00
-8.415605778072122689e+01
-3.926368489560261565e+01
-3.257247643140526350e+01
-2.116029386494999542e+01
-2.911283219904546726e+01
-1.164656572581328930e+02
-2.124313232899173798e+01
-2.620589509218743629e+01
-7.133568834903671885e+00
-4.988475868214397480e+01
-9.707590568911216522e+00
-4.150374344377152624e+01
-5.220808685499123669e+01
-5.608085488564947951e+01
-1.957311386877973547e+01
-2.226274881525525551e+00
-2.249365079600531203e+01
-2.115191393610078663e+01
-6.569756122680699661e+01
-4.733519452417253603e+01
-1.968080972357275371e+01
-1.163349104597897643e+01
-1.375108375761656276e+01
-3.612223975161677458e+01
-5.159195534698724828e+01
-5.942820222969442234e+00
-4.388133938526951994e+01
-3.589448115460328381e+01
-1.538674028006539984e+01
-5.851757272653399866e+01
-4.720249617314262736e+01
-4.184707079275928976e+01
-5.452268236343355312e+01
-2.670835957155219731e+01
-1.638877916001366941e+01
-1.975450609398185620e+01
-9.303802964056337998e+00
-1.308065726532748485e+01
-1.188548815257440907e+02
-5.879527970430697081e+00
-1.682427523806737923e+01
-2.189964246159541972e+01
-4.910933128172821682e+01
-1.996656727625041938e+01
-2.678201103550246742e+01
-1.361700571447433816e+01
-1.538674028006539984e+01
-2.678201103550246742e+01
-1.045888671234591882e+01
-2.530573004529016856e+01
-1.484956475030697298e+01
-2.492995678318468578e+01
-9.142541928640143922e+00
-1.613178775443454782e+01
-4.256767149765580882e+01
-2.442200665844040230e+01
-5.803933368480602439e+01
-2.249530785457271165e+01
-5.846339118101559151e+00
-6.201250016774818619e+01
-2.671119459166337862e+00
-9.865093354020658012e+00
-6.162638937621724011e+01
-2.285015649001693561e+01
-2.164911203691690744e+01
-9.622637051982593448e+00
-6.024323357425515013e+01
-1.730071853574057172e+01
-9.874490685986019756e+00
-2.041341543756247034e+01
-4.357943324582724642e+01
-1.071759261408639752e+01
-2.302598089237608647e+01
-1.402944545389250131e+01
-2.798470431039845607e+01
-1.615338510618554935e+01
-3.444638010103604842e+01
-1.232704926733861939e+01
-1.860730804514814807e+01
-2.156897596838447129e+01
-6.053370085521599009e+01
-2.771211056604796141e+01
-2.386507908662506239e+01
-2.061568009713217364e+01
-4.775293050481842272e+00
-1.737505755571412180e+01
-7.095350147926642137e+01
-6.611926545744309180e+01
-4.347609595946291705e+01
-5.839239689359256857e+00
-4.655624081251150415e+01
-2.212874786763379120e+01
-3.043056092634868293e+01
-3.533635015278733249e+01
-3.840461531729377498e+01
-5.251159587758435521e+01
-5.611155541874502006e+01
-2.678201103550246742e+01
-1.202582998367307567e+02
-2.537214152042632875e+01
-1.545851193592585027e+01
-6.028878839106143772e+01
-1.482278761019527913e+01
-1.270059385247891193e+01
-4.268553197978144453e+01
-5.863911701627313455e+00
-2.939920787069108954e+01
-1.377265806941822213e+01
-2.861684371694400042e+01
-4.326870918584806702e+01
-3.249207067737614807e+01
-1.172914383921400372e+01
-2.136034076926461367e+01
-2.258343608451028928e+01
-1.284103511823517252e+01
-5.611155541874502006e+01
-5.110413104197759537e+01
-5.834022112603782517e+01
-5.941083329719589301e+01
-1.459462804075312370e+01
-6.110257077392988379e+01
-1.561259015402864314e+01
-5.611155541874502006e+01
-5.510663275840036235e+00
-1.968080972357275371e+01
-9.885212514850962862e+00
-5.952390737419450062e+01
-4.316723931462696129e+01
-1.016156346184721926e+01
-9.885212514850962862e+00
-5.908366339554233093e+01
-5.275438079255471990e+01
-1.292914383921400301e+01
-6.104767339335035103e+01
-4.621624537856476422e+01
-3.304060706223056343e+01
-1.727124938369258800e+01
-5.891717824403670534e+00
-1.266693923918053954e+01
-7.458553101814620945e+00
-3.893530379529899221e+01
-1.166747534527657990e+02
-2.727680803994841696e+01
-6.342563102922932927e+01
-4.713101953364532193e+00
-4.025729328136959140e+01
-6.525258033208764630e+01
-5.708612909685525949e+01
-2.089892257377859153e+01
-9.927941507934978205e+00
-3.039679825339613117e+01
-2.316380875940799910e+01
-2.735583361236763267e+01
-2.678201103550246742e+01
-1.981706486786509558e+01
-3.097328185611833007e+01
-1.803568334041204935e+01
-5.997076464046568134e+00
-5.331947552913432276e+01
-5.037959006337438694e+01
-6.416621691554614415e+01
-7.317753145763546740e+00
-5.974721269185192796e+01
-2.484444239271277866e+01
-6.890083533260028759e+00
-1.374825248776461528e+01
-5.355072739901294199e+01
-2.872206100440545384e+01
-3.202829866197753717e+01
-3.072948316364338694e+01
-4.985853895526864221e+01
-2.015397404451047692e+01
-1.613178775443454782e+01
-6.237478391664285482e+01
-1.145219628280473358e+02
-9.303802964056337998e+00
-3.233301013184800610e+01
-4.179507494133934387e+01
-4.365285111352213221e+01
-2.071799354711530938e+01
-2.044820548303015073e+01
-4.330697320429923991e+01
-4.216633101704040598e+01
-5.554537495501706701e+01
-2.009779251237270969e+01
-1.723527718965157618e+01
-6.633102377998658206e+00
-1.372485156576484044e+01
-5.883333664507441796e+01
-6.635630784779500857e+00
-5.253086417147742537e+01
-5.240643674201168523e+01
-6.115700834732222546e+01
-2.091091457930579978e+01
-2.089892257377859153e+01
-9.865093354020658012e+00
-2.044820548303015073e+01
-1.043704483393323379e+01
-7.040539075781087064e+00
-1.019857280083208906e+01
-8.403672062530150200e+00
-2.236480520464775879e+01
-1.360648931855091170e+01
-1.563211668806085441e+01
-5.272667420897105472e+01
-1.045567041427974431e+01
-1.760705283458038650e+01
-1.947441785567744432e+01
-1.373345702317272377e+01
-1.937821524320413147e+01
-2.006621760499541907e+01
-1.186690506337178519e+01
-2.284544442645599105e+01
-4.985853895526864221e+01
-2.607284551520474380e+01
-5.037959006337438694e+01
-5.840288805167441666e+01
-6.343031102593624126e+01
-4.136863046610317340e+00
-2.103425330803899840e+01
-1.968080972357275371e+01
-6.603118860589208339e+01
-1.613178775443454782e+01
-6.784096562208625336e+00
-1.268039404241820201e+01
-5.031000904868638202e+01
-3.816182667957991015e+01
-1.968080972357275371e+01
-5.044562121331229321e+01
-8.907910848984441188e+00
-1.284520730125063359e+01
-1.699782673858170412e+01
-6.341430659182358198e+01
-5.321437451805272900e+01
-7.759208820856296818e+00
-1.977770095128835237e+01
-3.063390126311368888e+01
-1.635694328753131899e+01
-4.556604009879973205e+01
-2.163119052469056314e+01
-2.123525207415299931e+01
-5.803933368480602439e+01
-2.452851267925285583e+01
-5.908366339554233093e+01
-4.985853895526864221e+01
-2.512262788151105752e+01
-1.684175120035220985e+01
-3.017736088917713033e+01
-2.771211056604796141e+01
-1.045888671234591882e+01
-2.670835957155219731e+01
-6.933102377998658028e+00
-1.539013176634620095e+01
-4.388133938526951994e+01
-5.034946569470613298e+01
-3.942292935783191865e+01
-2.243408071298351203e+01
-6.178133600340860454e+01
-1.533184353290930879e+01
-3.905118713340275605e+01
-4.558576549153752921e+01
-1.506338691039474398e+01
-4.216633101704040598e+01
-4.772841942133315030e+00
-2.512262788151105752e+01
-5.031000904868638202e+01
-5.019059220725911530e+01
-2.808835258558358916e+01
-7.503672062530149844e+00
-7.082612473994530866e+00
-1.032724095494902450e+01
-9.906987379716220232e+00
-1.228087564567467993e+01
-1.172907234087007922e+01
-3.124182415758101428e+01
-3.818639880241705953e+01
-5.843929373473584832e+01
-2.629921382496578630e+01
-3.253434938553667166e+01
-5.940554141103420704e+01
-2.095785743539562773e+01
-2.176971094056175815e+01
-3.846685037403164387e+01
-4.956281977292849916e+01
-1.601273117849582306e+01
-7.503672062530149844e+00
-8.217753145763547096e+00
-7.292051253487533025e+00
-6.543475671902386992e+00
-3.016470201299305387e+01
-1.314402281407997108e+01
-1.678779330118317858e+01
-1.054798194924445909e+01
-1.638120979839036195e+01
-4.268553197978144453e+01
-1.476051144949903104e+01
-7.590394472493532163e+00
-7.358743509690935269e+00
-6.429017989183495985e+00
-1.563211668806085441e+01
-3.027649102309148788e+01
-5.885206738434840901e+01
-1.164267178653459567e+01
-2.166034076926461438e+01
-3.012074252075692371e+01
-2.953583427332165812e+01
-2.974284343045965784e+01
-2.086001811900914760e+01
-4.556604009879973205e+01
-8.403672062530150200e+00
-1.157377156601236550e+02
-5.279267318033758727e+01
-6.028878839106143772e+01
-3.909018077391515078e+01
-8.053619780531999339e+00
-2.315000107525074924e+01
-1.152060355415019473e+02
-3.120721172145714206e+01
-6.062109756274788985e+00
-2.044820548303015073e+01
-5.557916856373027770e+01
-3.207711419295277722e+01
-6.028878839106143772e+01
-6.691356090310173421e+00
-2.069044571943293676e+01
-4.179507494133934387e+01
-5.589251954659779642e+01
-3.026686075022652744e+01
-2.136034076926461367e+01
-8.733640716197379916e+00
-2.867214107606973883e+01
-5.291717824403670889e+00
-3.253434938553667166e+01
-1.180059385247890980e+01
-2.512262788151105752e+01
-6.161523478800255305e+01
-6.028878839106143772e+01
-1.054798194924445909e+01
-5.019059220725911530e+01
-8.211142246400751077e+00
-1.132032211073974537e+01
-1.158547867562876554e+01
-7.998944386339668533e+00
-2.681402990740569336e+01
-5.231550849401259740e+01
-5.228264867971258667e+01
-6.787155414783185847e+01
-2.832792344740911972e+01
-2.986328620113311416e+01
-6.612276556679550765e+01
-1.230321902923390454e+01
-1.384944873728774972e+01
-1.045888671234591882e+01
-1.301702224617450021e+01
-1.192434956932912193e+01
-5.290734179701653517e+01
-5.997801418631251380e+01
-5.198753563805333044e+01
-1.054798194924445909e+01
-5.919213890600072858e+01
-1.449690163552637578e+01
-6.651198746631531833e+01
-8.513310827299640948e+00
-6.161523478800255305e+01
-1.171490718670674269e+01
-6.064581915398562728e+01
-5.639005427388116232e+01
-5.589251954659779642e+01
-7.071845680183987071e+00
-1.470741438628776798e+01
-1.177298677912073401e+02
-1.172055491882153611e+01
-2.289186932618926917e+01
-1.730071853574057883e+01
-6.395406406666150190e+01
-8.106987379716215969e+00
-6.854185360935204585e+00
-6.026881385400248092e+01
-1.076580417233967069e+01
-1.067350360678770649e+01
-2.832792344740911972e+01
-9.949538497584036634e+00
-2.080459723898167113e+01
-2.287023558617301333e+01
-6.538476496652195635e+01
-5.364692595600872238e+01
-1.729450446534218955e+01
-2.160448237483089073e+01
-2.337970196356216590e+01
-1.526726467903414530e+01
-3.033007939219270455e+01
-1.145538016807116399e+01
-1.054798194924445909e+01
-1.131674119573319182e+01
-1.173652759745494834e+01
-2.115246732373712746e+01
-2.052099024992951115e+01
-4.663272506563836117e+01
-2.990906071672896616e+01
-3.156130398447498209e+01
-3.967145564679059078e+01
-2.226252411481452143e+01
-5.584096562208626047e+00
-2.287023558617301333e+01
-4.144872314215040632e+01
-2.852226236036383611e+01
-1.968080972357275371e+01
-2.233840707940893822e+01
-3.321828660801098465e+01
-1.913568535900974510e+01
-1.056823573532086691e+01
-4.388133938526951994e+01
-5.019059220725911530e+01
-3.963528846303862707e+01
-6.970148900300642048e+00
-7.841461756736829436e+00
-1.222776841362712119e+01
-9.949538497584036634e+00
-5.841004160652624400e+00
-6.552249900157569584e+01
-4.261512435131309928e+01
-1.892958254944601038e+01
-5.621809237651462610e+01
-1.011241712405930215e+01
-6.883894381324514811e+00
-6.033267541197957939e+01
-1.202914383921400265e+01
-3.119866354065928249e+01
-5.279267318033758727e+01
-2.359629394387835788e+01
-9.391030193758744815e+00
-1.703497284003599788e+01
-8.538652775929016059e+00
-4.216633101704040598e+01
-1.989860760799100703e+01
-6.303672062530150555e+00
-1.808124687590183655e+01
-1.638120979839036195e+01
-1.563211668806085441e+01
-2.278401937245677544e+01
-2.856592779490967260e+01
-8.706987379716217390e+00
-1.655333580351327072e+01
-1.613178775443454782e+01
-6.903672062530150200e+00
-1.053224260282034308e+01
-1.852444738405630531e+01
-9.778908604147291683e+00
-1.003069411681834566e+01
-1.265138858762959373e+01
-1.003069411681834566e+01
-1.683909804884174832e+01
-9.387967029177929135e+00
-1.635694328753131899e+01
-1.460681122130356258e+01
-1.075888671234591953e+01
-1.415848219852128764e+01
-2.682765989809477958e+01
-2.326286243448359059e+01
-5.700288532590394652e+01
-8.706987379716217390e+00
-1.109415038586538671e+01
-3.945201850605308636e+01
-5.863911701627313455e+00
-1.859921949813662323e+01
-3.876202062492254186e+01
-1.164334339924514516e+01
-7.107455066404894772e+00
-4.975968386045477132e+01
-3.939503602533022075e+01
-2.915050371261865436e+01
-4.754847238573276513e+01
-5.037959006337438694e+01
-1.968080972357275371e+01
-1.563211668806085441e+01
-1.106510959147843032e+01
-1.724796398553998245e+01
-5.462109756274789341e+00
-2.452851267925285583e+01
-5.681543843168139318e+01
-4.895520084602531341e+01
-1.016156346184721926e+01
-4.270758341169408112e+01
-1.622286941944317817e+01
-1.981367110207927595e+01
-7.229672203685533205e+00
-5.755692951232749266e+01
-2.180280273731562346e+01
-2.332619288108447364e+01
-1.071168849392374867e+01
-6.549175331944326217e+01
-2.581045669383778574e+01
-2.692831747323549862e+01
-9.949538497584036634e+00
-2.095785743539562773e+01
-3.126815622921014182e+01
-2.838939364125034359e+01
-3.876202062492254186e+01
-1.083224260282034379e+01
-1.563211668806085441e+01
-2.013283920495288370e+01
-1.054798194924445909e+01
-2.792605829241052362e+01
-4.155097451297778122e+01
-1.281168849392375542e+01
-3.896014559270910382e+01
-3.876202062492254186e+01
-2.839958019114080301e+01
-5.034946569470613298e+01
-3.031612780007350239e+01
-2.512262788151105752e+01
-2.514716700603739596e+01
-5.151150891999541415e+01
-1.045888671234591882e+01
-4.971318588363423885e+01
-6.667013750572306208e+01
-4.301034916447820677e+01
-5.003785490766540534e+01
-2.371942018885772896e+01
-3.891390058038734168e+01
-1.045888671234591882e+01
-1.699782673858170412e+01
-5.671249503176185414e+01
-1.997393583885315138e+01
-2.457127553638911266e+01
-5.749027393377658512e+01
-4.138231346780290920e+01
-2.015395711609486185e+01
-2.379900065870677395e+01
-1.504391242667475481e+01
-7.773276353848421749e+00
-2.159483929636694199e+01
-1.216358659597150904e+01
-2.191975325905122318e+01
-1.802500309837499870e+01
-4.303687360550303964e+01
-5.795419884352090634e+01
-5.943170920827250114e+01
-2.045936084344680239e+01
-1.943568535900974226e+01
-2.299891285924574547e+01
-1.968080972357275371e+01
-3.255543906557248590e+01
-3.056027254513535496e+01
-1.309051170570870681e+01
-5.551466712410802273e+01
-5.362798479611443270e+01
-8.148668616399746156e+00
-6.189808189500777047e+00
-1.138230788146496408e+01
-2.943981882734610878e+01
-5.241004160652623867e+00
-2.540450758742793269e+01
-1.839642925858035838e+01
-1.853839782476360298e+01
-6.603153351238026403e+01
-4.862109756274789696e+00
-2.051154117564063739e+01
-1.016156346184721926e+01
-6.372701907668478327e+01
-1.812441071903588607e+01
-7.663358592471954722e+00
-2.608054436632664164e+01
-4.388133938526951994e+01
-2.392432322348898666e+01
-1.699782673858170412e+01
-1.033069411681834637e+01
-3.876202062492254186e+01
-3.042463201276937212e+01
-2.982030165745009853e+01
-1.351281917838764812e+01
-2.960567177033365382e+01
-5.734548305856350225e+01
-4.136765984075166358e+01
-1.100506708085634777e+01
-1.071937471658687357e+01
-3.309742309880757460e+01
-2.258343608451028928e+01
-1.734564646234521845e+01
-1.363565428404401558e+01
-5.253086417147742537e+01
-5.176760227103120116e+01
-6.564824277925737306e+01
-5.982168785348795126e+01
-4.587762621872808211e+01
-1.919903162891067083e+01
-1.130006094069818445e+01
-2.183478194620952095e+01
-4.388133938526951994e+01
-3.961498140064279738e+01
-3.049999908659007275e+01
-2.738162861148618177e+01
-1.030994010228423363e+01
-6.085692877909596454e+00
-1.098951633906460756e+01
-2.965856641531057036e+01
-8.359281672354551063e+01
-1.772598852220986387e+01
-1.008702467392839353e+01
-1.023224260282034237e+01
-3.449083048466954438e+01
-3.821233740689968528e+01
-5.137492149593668245e+01
-3.043419379448331696e+01
-6.891030879373484019e+00
-4.647671454450460260e+01
-1.054798194924445909e+01
-7.133568834903671885e+00
-1.054798194924445909e+01
-1.322914383921400372e+01
-5.214244714564905081e+01
-4.954139974840050797e+01
-4.925325569389095648e+01
-6.300186985576094578e+00
-7.789986484526106203e+00
-5.073723558154070190e+01
-1.300772820013345488e+01
-5.694660168657773625e+01
-1.930554308422959409e+01
-1.017314623111450089e+01
-6.586267579041553688e+01
-7.216806814126136338e+00
-5.462109756274789341e+00
-1.847756921424640808e+01
-2.243408071298351203e+01
-1.327417663424653149e+01
-5.754072101910821857e+01
-2.376867134160029948e+01
-1.016156346184721926e+01
-2.771211056604796141e+01
-1.431571892679430391e+01
-2.017080867043070924e+01
-5.276834277594220879e+01
-4.904276815402175771e+01
-1.120994010228423576e+01
-7.691280472456289985e+00
-2.008117099031120389e+01
-6.833755820479768595e+00
-5.825155765051159307e+01
-4.875141815532568046e+01
-2.847856237101761323e+01
-2.821575338830535173e+01
-5.539181493515229704e+00
-2.158188411267671114e+01
-2.790931293730431761e+01
-2.930329441357418574e+01
-4.862109756274789696e+00
-9.978464601201739725e+00
-2.052099024992951115e+01
-1.086823573532086584e+01
-1.732852909734154423e+01
-1.262121703836813857e+01
-1.054798194924445909e+01
-2.402335285279251664e+01
-6.015050924695879075e+01
-2.102610758923590950e+01
-1.613178775443454782e+01
-4.130299289476116797e+01
-3.805089257067375996e+01
-1.186902940234037551e+01
-1.418078366433260307e+01
-5.882221806134779740e+00
-4.228031208668985386e+01
-1.812441071903588607e+01
-6.242533742989189172e+00
-1.133952306504971119e+01
-7.148638586626446134e+00
-2.223223356880277279e+01
-4.305761978611896978e+01
-1.098951633906460756e+01
-1.328069827015367110e+01
-1.433350082371402046e+01
-1.335045348468727013e+02
-5.115793860163405782e+01
-6.753733953408692514e+01
-1.622286941944317817e+01
-5.998721691083192198e+00
-2.803443308742649620e+01
-4.205835288347427792e+01
-1.613178775443454782e+01
-1.476051144949903104e+01
-1.553633365918534892e+01
-5.866605051108010827e+01
-2.947401875364432655e+01
-6.391356090310173599e+00
-6.596316495120481704e+01
-3.025930484001900567e+01
-7.196015648233172968e+00
-2.869904855915873654e+01
-5.009271085721140082e+01
-9.282564880263782570e+00
-6.685174050875696139e+01
-1.414835678992461254e+01
-5.942375289204798605e+01
-5.162109756274789518e+00
-4.182498878854597990e+01
-4.340109238177587514e+01
-1.307537771805603199e+01
-1.201290635863799139e+01
-2.068604796320586559e+01
-8.940193738891277775e+00
-6.043717240135823232e+01
-2.324117122324216567e+01
-5.468955759832512697e+00
-2.384281466769897051e+01
-1.795752256420032111e+01
-1.578639158550899424e+01
-5.960634752474411613e+01
-1.594403672995212062e+01
-1.751533311268921622e+01
-6.260242163809258642e+01
-2.204924163201799203e+01
-6.994151441239372602e+00
-2.314126488404608040e+01
-2.765548536492766374e+01
-1.423920013569495957e+01
-1.744872947352459036e+01
-1.613178775443454782e+01
-5.819292959386731923e+01
-7.622256435037717104e+00
-8.940193738891277775e+00
-5.266939047263655027e+01
-1.360563363521542968e+01
-1.699450105713594894e+01
-5.056952443607535486e+01
-1.506669285472455044e+00
-4.630147997016301531e+01
-2.890808399285173280e+01
-2.982030165745009853e+01
-2.008117099031120389e+01
-3.886866624040147400e+01
-6.731731599782995090e+01
-1.494569496426866806e+01
-2.962698368552024064e+01
-2.138298703118984889e+01
-8.506023530571106051e+00
-5.659841007868711138e+00
-5.948571683752738437e+01
-3.875337620583891862e+01
-1.105671141887481035e+01
-4.863007325194114827e+01
-2.467099708036217010e+01
-3.063719867953819076e+01
-1.277673972850228878e+01
-2.011341543756246963e+01
-2.774560998329939210e+01
-2.840212287235695854e+01
-3.097762196638356968e+01
-4.857817634984141364e+01
-6.336369989384115797e+01
-4.309526032311865862e+01
-5.163966400762380715e+01
-6.100629092853542801e+01
-9.401444091025931371e+00
-8.089950885788429247e+00
-6.854185360935204585e+00
-1.070084239053987218e+01
-3.126649806612568128e+01
-4.848171901685045526e+01
-6.854185360935204585e+00
-1.987458109411076990e+01
-1.559642637364822093e+01
-5.788129591739150470e+01
-6.141615869032052188e+01
-5.208443506589149763e+01
-6.012788275946651595e+01
-1.987317119628978546e+01
-2.452851267925285583e+01
-5.714095379650272477e+00
-3.764185870459485272e+01
-2.746582672977709549e+01
-6.562569094265013803e+01
-1.546088416527469889e+01
-1.508097431874701755e+01
-1.803791495516812660e+01
-1.341324815285012662e+01
-1.500066558032476571e+01
-1.496212496100271139e+01
-1.364629286654445472e+01
-5.744864982879642312e+00
-1.831220203203314512e+01
-2.879485690671787168e+01
-1.045888671234591882e+01
-9.131936553719544492e+00
-3.836863046610317074e+00
-6.012788275946651595e+01
-5.834030729033500506e+01
-4.989891529692990702e+01
-5.137492149593668245e+01
-2.301447008258429605e+01
-2.258343608451028928e+01
-1.769485690250153809e+01
-4.254688567599259130e+01
-1.213360939097290370e+01
-2.068604796320586559e+01
-6.021415247128307158e+01
-2.484971389651743223e+01
-5.108972334804382598e+01
-3.702086758055956039e+01
-1.748575377324677049e+01
-4.424983044400040200e+01
-8.706987379716217390e+00
-1.144817413410553186e+01
-1.270325249478050011e+01
-5.670796285578117768e+00
-6.557163491851065373e+01
-1.270325249478050011e+01
-2.015395711609486185e+01
-1.485506510987413975e+01
-2.136034076926461367e+01
-1.051189528336772305e+01
-1.924014904811037496e+01
-1.550846068181451365e+01
-6.760164034630895102e+00
-1.399684603472458377e+01
-4.307001972838235559e+01
-2.607110830116081956e+01
-6.545745564074903200e+01
-2.483527465668973733e+01
-2.200243513150654096e+01
-1.339361201786652877e+01
-4.956764380757483224e+01
-1.356194970566370728e+01
-2.596289881141141720e+01
-1.216690506337178412e+01
-5.076823293909983903e+01
-3.881444966843582733e+01
-1.149197390872291180e+01
-2.551577295112533506e+01
-2.452851267925285583e+01
-1.500066558032476571e+01
-1.549153887505619487e+01
-6.676466366369841410e+01
-6.853995022091912404e+01
-4.181227538870244587e+01
-2.482360217926987289e+01
-3.162802361598974343e+01
-3.000124728401426211e+01
-5.190189855098800820e+01
-4.846748809898519283e+01
-4.462779367300052513e+01
-2.927907714488675950e+01
-8.706987379716217390e+00
-2.950523442441253152e+01
-2.283234278741289813e+01
-9.006987379716218101e+00
-2.542161878477292802e+01
-5.469013088235467990e+01
-5.202490942108861560e+01
-9.907701903561465073e+00
-2.870506117876282204e+01
-4.928152342964451549e+01
-8.706987379716217390e+00
-2.473845680336282271e+01
-1.146607661191822913e+01
-2.889672893561678535e+01
-1.360325249478050225e+01
-1.006373651069593222e+01
-1.811078017229124271e+01
-2.544491941431341431e+01
-2.104369222444458032e+01
-1.332462033906245225e+01
-5.744864982879642312e+00
-1.419931025160082640e+02
-6.318030816454849941e+01
-5.217944872705749049e+01
-2.860345049430065245e+01
-1.270632923383733548e+01
-2.165115363267311821e+01
-8.706987379716217390e+00
-9.649538497584035923e+00
-1.172914383921400372e+01
-1.237044822552078216e+01
-2.582919597643708798e+01
-1.563211668806085441e+01
-9.332242602820342015e+00
-5.037959006337438694e+01
-1.409630855013293171e+01
-6.117736199167997313e+01
-4.934617530512767303e+01
-5.578888808663218413e+01
-1.862193669456917533e+01
-1.722990176988885125e+01
-4.986887985191408035e+01
-5.651837689241011375e+00
-1.186729558153703223e+01
-6.957314333579328824e+00
-1.202597754794580567e+02
-1.239596126645704999e+01
-2.738843447117810115e+01
-2.426316149426851254e+01
-6.427046358818389038e+00
-4.642933270760931208e+01
-2.452851267925285583e+01
-1.613178775443454782e+01
-2.452851267925285583e+01
-2.129285039145053915e+01
-5.176760227103120116e+01
-2.541296544745854291e+01
-2.883569597112897398e+01
-5.611155541874502006e+01
-6.040504370793075140e+01
-1.449391532997875132e+01
-6.163200645965718039e+00
-1.356837850138800405e+01
-2.974284343045965784e+01
-1.399665972258767255e+01
-4.494256935068017711e+00
-1.246065752269647575e+01
-1.493218636074206884e+01
-2.044030394692981289e+01
-2.249920143872499168e+01
-5.253086417147742537e+01
-3.847529359141763194e+01
-6.071789561760782306e+01
-6.342563102922932927e+01
-6.427046358818389038e+00
-6.185940896919473175e+01
-6.234755134792784759e+01
-6.066692854724550221e-01
-1.328069827015367110e+01
-1.209641062163233904e+01
-6.054509434559923875e+01
-1.569893950897374246e+01
-1.596311044062147033e+01
-3.066762768204449685e+01
-3.106224655319331873e+01
-6.138613253944006232e+01
-2.201325995759878396e+01
-5.425127542286947602e+01
-2.095927734806316423e+01
-1.251573350980700461e+01
-5.476756125823131072e+01
-2.377559420699832060e+01
-1.674435081195476371e+01
-1.753277497964700871e+01
-6.854185360935204585e+00
-1.482741853294734469e+01
-2.189964246159541972e+01
-5.167533544803326606e+01
-2.632161878477293016e+01
-6.302369161204885017e+01
-4.982843205148586918e+01
-4.316625409485769893e+01
-4.268236940775691934e+00
-5.388611293911846900e+00
-3.103572959979466006e+01
-1.360365527305357425e+01
-2.203449972366233922e+01
-5.967001608933162338e+00
-7.152528579941203724e+00
-6.753653627946360416e+01
-3.809807311691451304e+01
-8.940193738891277775e+00
-2.243408071298351203e+01
-1.550144078984743778e+01
-5.596689490638201647e+01
-1.958058503086514079e+01
-6.657981856907902340e+00
-4.216633101704040598e+01
-1.563211668806085441e+01
-3.248776676414699693e+01
-2.258343608451028928e+01
-6.286721019415196565e+01
-4.260221768282701049e+00
-1.918934819028911676e+01
-5.020338371757397766e+01
-2.855058354558023126e+01
-9.066692854724549555e-01
-6.515891862784366140e+01
-5.898113505748800378e+01
-3.082233759692857689e+01
-8.438827010724992306e+00
-5.169895041332068786e+00
-5.240285141534364044e+01
-5.143221937087808726e+01
-1.873946068066436155e+01
-1.212363642987778007e+02
-8.210983807422250536e+00
-6.631557984211691625e+00
-1.046991771664079351e+01
-1.033987338766002040e+01
-2.830345049430065174e+01
-3.400255343964896326e+01
-4.647671454450460260e+01
-4.904175044367755021e+01
-2.624959750417190563e+01
-8.940193738891277775e+00
-1.601672832104253530e+01
-2.000351644072001278e+01
-1.977799652633840566e+01
-6.342563102922932927e+01
-7.152528579941203724e+00
-1.262914383921400230e+01
-1.992766870962087822e+01
-2.001781116902665403e+01
-1.232914383921400336e+01
-1.226945289803294870e+01
-9.425632887854440867e+00
-5.236475763268290962e+01
-5.717507286368586072e+00
-1.170142456986174295e+02
-1.500066558032476571e+01
-4.398392914711753576e+01
-1.025033430613243368e+01
-3.056697823340358156e+01
-6.116999993477188369e+00
-1.054798194924445909e+01
-1.254520730125063288e+01
-1.671615033487876545e+01
-6.037752166954958000e+01
-3.059076563990686282e+01
-1.386659354212519268e+01
-5.607922037498404677e+01
-5.823968093823264525e+00
-4.978626602667038981e+01
-1.563211668806085441e+01
-4.867675398804376385e+01
-4.973279452226756803e+01
-2.483551396076927276e+01
-2.403834330322843726e+01
-5.161479057582343444e+01
-2.944703693248264287e+01
-1.528214431534103035e+01
-2.380478900697453071e+01
-1.404348575963868129e+01
-1.969358912239770021e+01
-5.865942255913364534e+01
-1.559585545775444260e+01
-2.252717082198296339e+01
-6.309567415097683352e+01
-5.894574217475689437e+01
-6.164553663626412572e+01
-5.714679652327990134e+00
-2.132829824520775119e+01
-1.500066558032476571e+01
-5.865942255913364534e+01
-2.136034076926461367e+01
-1.094952743672134510e+01
-6.609181326414183388e+01
-4.182028878420628359e+01
-6.144088246562240130e+01
-6.006843523367492566e+01
-2.567043390905679345e+01
-1.270325249478050011e+01
-9.579156434926556329e+00
-6.037752166954958000e+01
-1.454509741053241534e+01
-1.525679425484749530e+01
-5.169895041332068786e+00
-6.585572842956872819e+01
-4.985853895526864221e+01
-9.742159490663391708e+00
-1.394910291716950113e+01
-6.657981856907902340e+00
-2.006213828360677098e+01
-6.810738606734098255e+00
-2.971450565608242300e+01
-4.647671454450460260e+01
-7.152528579941203724e+00
-6.121062271237296670e+01
-2.083071770593913641e+01
-3.834175653066986911e+01
-2.098069155855159806e+01
-2.258343608451028928e+01
-1.433373931494385900e+01
-1.459330271718816796e+01
-5.141373367608919409e+01
-5.537224793479363427e+01
-5.736699371988481744e+01
-5.308360975174817042e+01
-4.953609055898787972e+01
-3.909159033377176229e+01
-3.135412711084289938e+01
-2.729772445529966873e+01
-1.109626156997148705e+01
-5.110464724021454685e+01
-3.048145441414457579e+01
-1.299903321738309536e+01
-1.111322706974585017e+01
-3.087452681120988629e+01
-2.059174786024289361e+01
-1.669809184485334796e+01
-5.822339245977399003e+01
-2.258343608451028928e+01
-2.817498269567906277e+01
-2.093831089102587484e+01
-6.390545263223891936e+01
-5.018286247658513588e+01
-1.556098152503438214e+01
-6.427046358818389038e+00
-2.737101349947970164e+01
-2.729772445529966873e+01
-1.863165303579541643e+01
-6.173121475397427105e+01
-3.756505762830795447e+01
-2.488742582452844943e+01
-2.020458539587750479e+01
-2.285580464064859640e+01
-6.083863716327201843e+01
-4.179507494133934387e+01
-2.098069155855159806e+01
-1.267705289091854226e+01
-5.604403670149058314e+01
-1.315836952961437767e+01
-1.898679979032262466e+01
-1.408919555186479755e+01
-9.809972512736077732e+00
-1.488956265953400937e+01
-1.286400563492910365e+01
-1.134904485888811188e+01
-1.030495179355587076e+01
-1.736613910601027655e+01
-4.855469056853642940e+01
-1.946267602689204423e+01
-5.928118605256920404e+01
-5.750522357613434110e+01
-5.939526359509230247e+01
-1.563211668806085441e+01
-2.286215431687644184e+01
-4.202650624711897365e+01
-2.735350539613992993e+01
-1.878321577771492557e+01
-4.604523217006834201e+00
-5.500929046811092960e+00
-2.083757178332878723e+01
-2.259816861540478783e+01
-1.526604706089714192e+01
-6.068243735466047895e+01
-2.869453371672678088e+01
-5.160782964210905277e+01
-1.782571714554275744e+01
-6.106652395083229834e+01
-4.209507494133934102e+01
-1.291462368181556464e+01
-1.506334353620787425e+01
-1.500066558032476571e+01
-6.312153434840259791e+01
-1.936468497617223505e+01
-1.632762377306253399e+01
-2.278986673289492337e+00
-1.070184264750805880e+01
-3.151985390327174130e+01
-1.675728357344048547e+01
-4.134599445418763253e+01
-1.833183661432162381e+01
-1.613694690971648882e+01
-4.216179889011107207e+01
-2.364052502288477342e+01
-2.405745955491499188e+01
-2.397491103630195752e+01
-1.345018421887301940e+01
-2.204895257348747606e+01
-1.478471488761577568e+01
-4.125122715548461372e+01
-1.615926754100308926e+01
-4.866490890958069571e+01
-5.184244403141866542e+01
-4.470778832447216189e+01
-4.117109893624756012e+01
-1.404571475444307538e+01
-6.584958777177482148e+01
-2.017615224828385578e+01
-1.202914383921400265e+01
-8.940193738891277775e+00
-5.253086417147742537e+01
-2.830345049430065174e+01
-4.933216628915284474e+01
-4.975611265340246803e+01
-1.959941829297633475e+01
-2.587033020815007234e+01
-2.299284143302481809e+01
-5.084197869036705697e+01
-1.098951633906460756e+01
-4.502170178984621884e+01
-6.427046358818389038e+00
-7.531774917463104124e+00
-2.002981969591922606e+01
-2.089564464586203840e+01
-5.194573158750125685e+01
-4.858708008273675460e+01
-1.543904730672083758e+01
-1.427961942576515320e+01
-6.044893788723096861e+01
-6.462306100208111559e+01
-1.394560546585712402e+01
-2.952720377194791013e+01
-1.482948119245004293e+01
-2.834928101802800882e+01
-2.061707613598867184e+01
-1.567481738008889280e+01
-6.389759856175204078e+01
-6.854185360935204585e+00
-1.229758382017438478e+01
-1.599715793553752263e+01
-2.101983393077801310e+01
-2.596579338296291084e+01
-1.759091691573347660e+01
-2.689621169668512479e+01
-3.792534402327116538e+01
-1.959941829297633475e+01
-2.287023558617301333e+01
-2.094504385063975249e+01
-6.707839429355145100e+00
-6.161523478800255305e+01
-8.570611431749625808e+00
-6.657981856907902340e+00
-2.440822178585007407e+01
-2.016119364037576034e+01
-2.981379712496553225e+01
-2.184290849068812079e+01
-2.881909848322928980e+01
-2.020408811232540813e+01
-4.157557739020501231e+01
-4.248133764691671388e+01
-5.469895041332068608e+00
-6.012018621222855330e+01
-1.300310978093883563e+01
-2.002856700363389564e+01
-4.968485777311774854e+01
-3.836044277918907852e+01
-1.363976460435089422e+01
-1.510555391682349224e+01
-5.714679652327990134e+00
-1.596589881678273493e+01
-4.879336765517595609e+01
-2.792647645672347068e+01
-1.206286046220105561e+02
-5.899787619551510431e+01
-2.430814266207328345e+01
-1.275231703004835992e+01
-6.700954140740473797e+00
-1.958058503086514079e+01
-1.137678652287799608e+01
-5.533795912346740664e+01
-1.727526269187046637e+01
-5.424136943965503832e+01
-1.765104634579326159e+01
-1.163899897532265548e+01
-1.849474770801837664e+01
-1.033987338766002040e+01
-1.640608508973101820e+01
-1.619132018815888330e+01
-1.551912554356359486e+01
-1.168141701351323718e+02
-2.057590707540507680e+01
-4.617825438304831920e+01
-2.364799492573941464e+01
-2.212973214017178236e+01
-3.962109756274789785e+00
-5.287997854262735586e+01
-1.318355659587337492e+01
-3.802916137610759506e+01
-7.414440447158236580e+00
-6.601719706392887588e+01
-1.178726164120308262e+01
-3.138189286574278825e+01
-1.110020517084602965e+01
-5.957663223570831690e+01
-2.957931077695527833e+01
-6.225497625308968708e+01
-2.438494947738526619e+01
-2.089517180992122647e+01
-5.045510543330885156e+01
-2.147172881556292623e+01
-1.972670673879641612e+01
-1.574101380150380258e+01
-2.340508618552465592e+01
-5.714679652327990134e+00
-2.722648781271366758e+01
-6.028878839106143772e+01
-5.550842957714450243e+00
-2.304705825934109242e+01
-1.593211668806085513e+01
-4.554492389811787234e+01
-3.803843547458038898e+01
-1.532469204596559642e+01
-2.890115834999504330e+01
-2.402055289750642331e+01
-2.619701702530390364e+01
-2.039954556604161695e+01
-1.177218147251242328e+02
-5.097335978826160385e+01
-8.041374281823255643e+00
-1.453400383925277950e+01
-6.737243654045414587e+01
-2.585061618330433930e+01
-1.341607682891733511e+01
-6.657981856907902340e+00
-4.973684335166433357e+01
-8.940193738891277775e+00
-2.509409980812250041e+01
-4.468394095126046750e+01
-5.635945887769828744e+01
-4.248133764691671388e+01
-1.709902857417424116e+01
-4.572969127438869918e+01
-2.596423713515347842e+01
-1.540370527534998679e+01
-1.268946314082656990e+01
-2.828372646224774911e+01
-5.475752612560431487e+01
-6.854185360935204585e+00
-1.823102607320959478e+01
-6.379339363205393454e+01
-3.458318290196214662e+01
-4.157557739020501231e+01
-4.910633059703961578e+01
-1.359926945517433339e+01
-2.821280406621167458e+01
-1.160230279390054875e+01
-4.279206170689589328e+01
-9.415418640454380039e+00
-1.934893064806955465e+01
-1.983971464556191222e+01
-1.616272908027403332e+01
-5.137492149593668245e+01
-3.626020600139038663e+01
-1.156610474757502516e+02
-1.373811691987569006e+01
-1.132740319263772122e+01
-1.356837850138800405e+01
-1.023338827088024239e+01
-4.242866447464875179e+00
-8.940193738891277775e+00
-1.166626729212312519e+01
-2.228412649564400638e+01
-9.728720514112808360e+00
-7.557450253641368576e+00
-3.878685177529916928e+01
-7.548767330958982669e+00
-1.120498724268366075e+01
-2.370129949795857272e+01
-7.569895041332067365e+00
-5.511108591868543627e+00
-5.786689970647290515e+00
-1.159170179462942407e+01
-6.992978120289857991e+00
-1.742603472829580014e+01
-1.420010220251483091e+01
-2.127969305362922370e+01
-1.154601854252483122e+02
-2.569409980812250183e+01
-1.169415708440450885e+01
-1.120895139379544325e+01
-7.152528579941203724e+00
-8.429353159729359390e+00
-1.176112592405481294e+01
-1.858291211115796671e+01
-8.739643911679177535e+00
-2.160897795159901591e+01
-1.911649811756464601e+01
-4.855469056853642940e+01
-1.765104634579326159e+01
-4.153126575874071591e+01
-2.503536176318424822e+01
-9.715418640454380750e+00
-6.855636974749471335e+01
-2.063521489049728785e+01
-4.981417296294679886e+01
-2.129038274481617421e+01
-5.586102488900662877e+01
-2.086111281231228887e+01
-5.113242345641566544e+01
-2.312504696408637628e+01
-2.440333209596990116e+01
-1.254346563224890510e+01
-2.271227892360523981e+01
-1.652113092179070364e+01
-2.419322963838757090e+01
-2.270214327103296625e+01
-6.424088946125587540e+01
-2.258343608451028928e+01
-1.031541864045438217e+01
-1.506208339843644417e+01
-4.086782060426963881e+01
-4.225781157843728408e+01
-3.764206062891756943e+01
-4.879958410746857567e+01
-4.902548976085897436e+01
-6.918163084769203941e+00
-9.411068058813183868e+00
-1.098951633906460756e+01
-1.159635788015024183e+01
-7.506987379716215436e+00
-4.016018584130510760e+01
-3.814530591938891035e+01
-5.969478614905141001e+01
-2.452965240262046009e+01
-2.608264155957485286e+01
-1.488895259458135456e+01
-1.472071469987970005e+01
-1.304115798389125658e+01
-1.962972580549129731e+01
-1.822175807628483213e+01
-4.105434791101806269e+01
-4.989462768014932692e+01
-2.167725923714922587e+01
-5.648894315972983549e+01
-7.704624726790606282e+00
-7.807654920510544549e+00
-5.168361358533918803e+01
-1.380715333392430288e+01
-1.202914383921400265e+01
-4.647671454450460260e+01
-1.174550370647290798e+01
-8.725079728242780774e+00
-6.709770362003839139e+00
-4.743191091604106902e+00
-1.619114972691511767e+01
-6.261973528183921189e+01
-1.085790120215916943e+01
-8.940193738891277775e+00
-1.014019373889127706e+01
-2.073428305649614245e+01
-1.643086202188698408e+01
-3.138559506550410205e+01
-1.500066558032476571e+01
-1.613178775443454782e+01
-1.500066558032476571e+01
-5.457052111124143678e+00
-5.736178950916229979e+01
-1.900826842840044151e+01
-1.156505436108986089e+02
-4.989462768014932692e+01
-1.156505436108986089e+02
-1.563211668806085441e+01
-2.755631430108820012e+01
-5.037959006337438694e+01
-1.202914383921400265e+01
-2.580247803039003074e+01
-2.063347595271104495e+01
-1.063509378684946682e+01
-4.179507494133934387e+01
-9.840470394737986126e+00
-6.322732776115604736e+01
-1.586220529444780780e+01
-2.689640028477446876e+01
-1.506208339843644417e+01
-6.657981856907902340e+00
-2.207546138978926820e+01
-2.258343608451028928e+01
-2.023592819414377075e+01
-2.325271258527082807e+01
-2.249989977521326878e+01
-1.464136107342781123e+01
-1.329615244693040488e+01
-2.871543833560934900e+01
-5.998721691083192198e+00
-5.265510522994442510e+01
-7.152528579941203724e+00
-1.581174176554327637e+01
-2.317128666443938911e+01
-1.172914383921400372e+01
-2.920917078848475867e+01
-3.864957697064482289e+01
-4.948813018632849747e+01
-1.282226666855375719e+01
-1.561580824823844793e+01
-5.181701712382146496e+01
-4.388133938526951994e+01
-1.128322029982046359e+01
-1.793099608439457526e+01
-2.575023270021058153e+01
-2.441471153125854698e+01
-1.698386662208766751e+01
-4.032200317730440275e+01
-1.220578316260972684e+01
-1.211539828640374772e+01
-9.886655480661950435e+00
-5.069308690626718317e+01
-1.381848288036232475e+01
-2.940845034048471618e+01
-6.829520886099041377e+01
-1.964240143398101068e+01
-1.567799900344908259e+01
-2.095538897558790836e+01
-1.214394733893136902e+01
-6.293495935242517270e+00
-1.563211668806085441e+01
-6.346082612931668621e+01
-8.729340301618858433e+00
-5.024602024834874925e+01
-2.176387482398991580e+01
-1.364422468933262778e+01
-1.249181088737616818e+01
-1.800397005005378048e+01
-1.744060452659020655e+01
-6.612995932266346699e+01
-1.900826842840044151e+01
-5.176760227103120116e+01
-2.629726665560224674e+01
-1.360167635545545828e+01
-1.216706625120143670e+01
-2.228763627580011075e+01
-2.158966495312907341e+01
-3.045760586341609155e+01
-2.099947651957687000e+01
-1.406761129065435156e+01
-2.225079976776980573e+01
-6.064844289393599297e+01
-2.271616994292889657e+01
-5.214804778377302341e+01
-1.479417410191258497e+01
-2.653893902400671223e+01
-1.256489668892995759e+01
-6.039762558525298886e+01
-2.653893902400671223e+01
-4.887255465600968307e+01
-8.995653795301723932e+00
-2.130318536736297119e+01
-5.018286247658513588e+01
-2.260675443077639812e+01
-6.134917160012547299e+01
-2.196873046855376543e+01
-2.831382165220761138e+01
-1.736613910601027655e+01
-2.999652465845405658e+01
-9.121962927561037660e+00
-2.123355687491429578e+01
-1.815676385932006198e+01
-3.985992599477337706e+01
-1.793589599778675847e+01
-8.940193738891277775e+00
-5.736699371988481744e+01
-1.172914383921400372e+01
-2.011515896396740999e+01
-2.006266936552897917e+01
-1.721969854125953603e+01
-6.769003895821380468e+01
-2.008615297629875229e+01
-3.712131701290641672e+01
-3.259321081543833998e+01
-7.131568367905325445e+00
-4.701453808805968748e+01
-6.046182062318281680e+01
-2.244671225759134003e+01
-2.155067750571744867e+01
-1.984286295494292673e+01
-2.415019623988231601e+01
-2.529459734982706109e+01
-1.040344026387040799e+01
-4.227497901553257975e+01
-3.712131701290641672e+01
-6.568236387681062638e+01
-6.028755130041988508e+01
-5.437408346003513770e+01
-5.115745296720653812e+01
-2.653893902400671223e+01
-6.526481992282437261e+01
-1.057726810900826919e+01
-9.944267718113513510e+00
-4.647671454450460260e+01
-4.797252362331765596e+01
-4.179507494133934387e+01
-3.696230616378624045e+00
-5.018286247658513588e+01
-1.296239810655758617e+01
-5.018286247658513588e+01
-1.048648146415048643e+01
-7.152528579941203724e+00
-7.152528579941203724e+00
-1.904418838247237034e+01
-7.934814741135443938e+00
-4.388133938526951994e+01
-3.877058212154716443e+01
-3.045077470283921528e+01
-4.953609055898787972e+01
-3.001713465194298891e+01
-2.545061114571602090e+01
-1.731695747700273103e+01
-2.399892944224872693e+01
-1.613178775443454782e+01
-1.144413747883323751e+01
-3.907058212154716870e+01
-2.821091733738075291e+01
-1.613178775443454782e+01
-3.012991847790862820e+01
-2.959314587017104969e+01
-1.315540128409628551e+01
-8.041374281823255643e+00
-2.361630171816763735e+01
-4.857952238414200963e+01
-2.689621169668512479e+01
-1.299295359629691404e+01
-1.151545955012462485e+02
-2.429709247022673324e+01
-1.464571684045042232e+01
-1.640103562123327308e+01
-1.563211668806085441e+01
-9.914282307617813927e+00
-2.624959750417190563e+01
-2.718006758394347244e+01
-2.684100240260880810e+01
-2.557513037912697129e+01
-2.082401799322829561e+01
-1.386585206968456774e+01
-3.067598152709008374e+01
-4.299950963037866103e+01
-4.173827918372621681e+00
-1.648595915029628500e+01
-1.908813903868207618e+01
-7.540608129717392139e+00
-8.821044709602418266e+00
-1.312506288910897823e+01
-5.005521929385422908e+01
-1.129803214007799816e+01
-2.003188137246678480e+01
-7.921185096627219480e+00
-6.075859763377074074e+01
-6.028878839106143772e+01
-2.721246984402250035e+01
-6.086217965197576518e+01
-9.278557587677159546e+00
-2.730307460375582096e+01
-5.484764129312954140e+01
-1.276517198809391473e+01
-5.932863055385399598e+00
-2.696336778200259232e+01
-1.084953849758404054e+01
-9.281253657445397209e+00
-3.778965309049920052e+01
-4.919779789797663483e+01
-6.506136480051321769e+01
-1.548074368482243557e+01
-1.808596098536863650e+01
-2.293399376668755707e+01
-2.534165952330069871e+01
-1.812721804882908572e+01
-1.865415326886033398e+01
-6.228111988652619857e+01
-2.258343608451028928e+01
-9.978464601201739725e+00
-4.314233067850071279e+01
-9.886655480661950435e+00
-6.347947866988143772e+01
-9.589269746579509146e+00
-7.731359348886935656e+00
-5.724082175850634258e+01
-4.055016881786215777e+01
-2.452851267925285583e+01
-1.489163115897443390e+01
-9.491495259042425303e+00
-1.613178775443454782e+01
-1.327333630109284002e+01
-5.974930827877617645e+01
-6.592863948479663350e+01
-1.038979657555240621e+01
-6.051788548658697309e+00
-4.179507494133934387e+01
-6.304212962799399911e+00
-3.781055056194529840e+01
-5.994696489016241969e+01
-5.766497340488665913e+01
-7.132863055385398887e+00
-1.563211668806085441e+01
-2.831240551786355297e+01
-1.154117814306088263e+02
-1.050968294189391372e+01
-1.304122643256161496e+01
-8.411526955028067576e+00
-1.057963784769777860e+01
-1.718981974246505473e+01
-2.291596146678985235e+01
-5.736699371988481744e+01
-1.870394805036485764e+01
-2.653893902400671223e+01
-4.388133938526951994e+01
-2.737092909878033353e+01
-5.736699371988481744e+01
-4.484935778105854354e+01
-5.168679718503430998e+00
-8.940193738891277775e+00
-5.604984874288196295e+01
-4.896017572117347072e+01
-5.050680157228377709e+01
-4.977248663285720909e+01
-3.877058212154716443e+01
-2.653893902400671223e+01
-3.074648203521278944e+01
-3.908652256057845875e+01
-4.018466797977759342e+01
-3.025546678897099184e+01
-2.064706505672666026e+01
-2.829518347376244947e+01
-1.736613910601027655e+01
-1.432405881392277536e+01
-3.544845628831060935e+01
-1.491157625723418434e+01
-5.908366339554233093e+01
-1.360173521561311816e+01
-5.908807638398742057e+01
-1.050968294189391372e+01
-2.796589061196111103e+01
-5.005521929385422908e+01
-1.563211668806085441e+01
-1.781077402274621591e+01
-6.351788548658697131e+00
-1.949325085955788595e+01
-2.653893902400671223e+01
-1.573516696191837205e+01
-1.202786415429816635e+01
-5.137492149593668245e+01
-1.669310837378624512e+01
-1.428218909153473959e+01
-7.193495935242516737e+00
-2.306128494109357874e+01
-8.989269746579509501e+00
-1.144558645955236642e+01
-1.904418838247237034e+01
-2.307587542663737779e+01
-4.503255852936512760e+00
-1.818411198299703457e+01
-1.847503578758293585e+01
-1.360173521561311816e+01
-1.518430590110765266e+01
-2.901485063896794969e+01
-4.105304930431805133e+01
-5.610080900959023609e+01
-1.078501183526973684e+01
-6.028049049123207226e+01
-9.715757804700926314e+00
-1.381039753120696290e+01
-8.910894727297767659e+00
-6.047677612010949844e+01
-2.486534239399202306e+01
-2.653893902400671223e+01
-6.306801845663925654e+00
-2.188069155855160020e+01
-1.431523898029404762e+01
-6.486074123621581577e+01
-2.640835957155219660e+01
-2.601223252629400662e+01
-3.160773622996111953e+01
-6.346082612931668621e+01
-6.304776617528721516e+01
-1.997217182952613967e+01
-1.027846460120174044e+01
-4.349148800805781434e+01
-3.131701137928041589e+01
-1.737746254421035275e+01
-8.124015059271064843e+01
-1.501300846945163947e+01
-7.084573142329023199e+01
-1.050968294189391372e+01
-1.384162916636147500e+01
-4.948813018632849747e+01
-3.877529359141762910e+01
-6.331251159153757158e+01
-1.348776296154476206e+01
-3.907058212154716870e+01
-6.599729661827953286e+00
-6.390287194237282087e+00
-4.948813018632849747e+01
-4.388133938526951994e+01
-1.048044883898721125e+01
-1.734698926413209108e+01
-6.495052561988943296e+01
-1.245004445376891411e+01
-4.618638225615273285e+01
-1.562589899180150788e+01
-6.532863055385399242e+00
-1.735526652027410321e+01
-1.813130575130821853e+01
-6.046182062318281680e+01
-2.012790111259445069e+01
-4.086132712708383963e+01
-5.766497340488665913e+01
-5.396600435691492237e+01
-5.663174971625122822e+01
-2.185067750571744583e+01
-8.712936800779477409e+00
-1.378776296154476277e+01
-5.971417398780264563e+00
-6.811641604978038167e+00
-7.851774583399823371e+00
-1.982124811195371095e+01
-1.786633215796117824e+01
-1.555781951454541812e+01
-1.020968294189391301e+01
-1.110968294189391692e+01
-1.562589899180150788e+01
-8.772102675388909532e+00
-6.599629527745361202e+01
-1.650174940533231904e+01
-4.241479552988987223e+01
-1.202914383921400265e+01
-2.185067750571744583e+01
-2.477164767269601597e+01
-1.274022274492402573e+01
-5.479935943327088665e+01
-4.932069810222330375e+01
-6.264756327071577147e+01
-1.255187586443318892e+01
-3.877058212154716443e+01
-1.648595915029628500e+01
-5.699999999999998401e+00
-2.095140484350567789e+01
-2.778590436410339848e+01
-1.357584162871589228e+01
-5.248848267964811498e+01
-6.051788548658697309e+00
-5.816343172998207223e+01
-7.104045172764609006e+00
-6.235566740942514485e+01
-1.398979657555241474e+01
-3.811994478285967602e+01
-3.072010605514065773e+01
-2.629378200278282307e+01
-7.934814741135443938e+00
-2.902180211519559094e+01
-3.062830604849493810e+01
-1.858513801840819113e+01
-2.902180211519559094e+01
-6.554766913912693838e+01
-5.974864528869655800e+01
-6.028049049123207226e+01
-3.792530723741907650e+01
-3.815819735183955430e+01
-2.167133306999653186e+01
-1.317554449314111054e+01
-2.182182453862127147e+01
-3.021590617059737127e+01
-7.847903963701536867e+00
-1.020968294189391301e+01
-9.856876980072826200e+00
-6.588551399249041651e+01
-3.906587065167670403e+01
-2.774164735437440754e+01
-6.730348554993733501e+01
-9.978464601201739725e+00
-4.179507494133934387e+01
-2.012516623801202442e+01
-4.281119706875372799e+01
-9.965066849631375234e+00
-1.902914001067303928e+01
-8.720487401121703286e+00
-6.602040262256626590e+01
-2.082473162793266042e+01
-6.643463814578859683e+01
-1.038979657555240621e+01
-1.426434739861515055e+01
-2.095594734876388898e+01
-9.944268586625076622e+00
-5.535429410985672760e+00
-3.026874442258352715e+01
-8.119967614897040775e+00
-1.614778455496298193e+01
-3.130187026420114549e+01
-1.761184763452664015e+01
-2.935110199547312604e+01
-2.400001623184682131e+01
-9.978464601201739725e+00
-6.963582086588798958e+00
-6.391147761092342705e+01
-1.156859241290665778e+02
-3.549498615608700192e+01
-7.080593649685147817e+00
-2.816682738521284435e+01
-4.918935159930748924e+00
-4.820459735361573905e+01
-2.334813838673897735e+01
-5.363705710938641147e+01
-9.978464601201739725e+00
-1.655976786052093885e+01
-6.271907121760573034e+01
-1.312918622176211869e+01
-2.613490970699458060e+01
-3.978378801975266299e+01
-1.222030449032193289e+01
-2.022812580530206361e+01
-8.041374281823255643e+00
-4.863584697975316118e+00
-2.273408071298351274e+01
-3.796049395765969336e+01
-1.289344883900511540e+01
-1.274846853569795613e+01
-6.657981856907902340e+00
-7.794128418664802105e+00
-2.057590707540507680e+01
-2.080853084120615293e+01
-1.563211668806085441e+01
-2.580247803039003074e+01
-6.234650428076530204e+01
-2.452851267925285583e+01
-6.580564728288462106e+01
-7.800971329715610025e+00
-1.253899356728309478e+01
-1.078665548066195434e+01
-1.563211668806085441e+01
-4.209036347146887636e+01
-2.057590707540507680e+01
-5.362547221922978480e+01
-3.801510486776987818e+01
-1.018044883898721054e+01
-1.065574730262564884e+01
-3.100773622996111811e+01
-1.347973085891164757e+01
-1.038979657555240621e+01
-6.596596417108155208e+01
-2.080616044191243930e+01
-8.940193738891277775e+00
-1.613178775443454782e+01
-4.708137904730734391e+01
-9.768101093642426846e+00
-2.452851267925285583e+01
-2.248893758607645310e+01
-1.172914383921400372e+01
-5.042790696130062145e+01
-6.304776617528721516e+01
-8.088473161008217005e+00
-1.835977630527103699e+01
-7.964407241317681851e+00
-5.706156580574111103e+01
-2.005433586735729534e+01
-5.049643270886038238e+01
-1.633698409556467368e+01
-6.309065118553116491e+01
-1.272332567017887470e+02
-2.245699014790936587e+01
-1.419037335209242379e+01
-1.057106146733352858e+01
-8.029702567892934795e+00
-2.921898325692106368e+01
-6.037328045787387509e+01
-1.952224348538942067e+01
-1.686475242139140462e+01
-2.008405373024871921e+01
-3.151005467708449359e+01
-4.884502285688829915e+01
-2.293399376668755707e+01
-1.065626747089168802e+01
-5.993495935242517447e+00
-1.557739736959019083e+01
-8.940193738891277775e+00
-2.258343608451028928e+01
-3.972781650443268120e+01
-1.219704699341877152e+01
-2.297294556188861137e+01
-8.848692533579050945e+00
-8.041374281823255643e+00
-1.775728182082236017e+01
-2.747392081610434289e+01
-9.289269746579510212e+00
-7.934814741135443938e+00
-1.038979657555240621e+01
-8.213310827299640238e+00
-2.653893902400671223e+01
-2.449267003111921426e+01
-1.051958174365134724e+01
-4.948813018632849747e+01
-5.702817806184580895e+00
-8.213310827299640238e+00
-6.709713899649287328e+01
-8.870292475883207572e+00
-2.057590707540507680e+01
-1.641787766941615700e+01
-3.100773622996111811e+01
-6.625204093401834804e+00
-2.731864242799717246e+01
-1.135213831544716712e+01
-8.778822323989576404e+00
-5.767621082410602895e+01
-1.329615244693040488e+01
-1.791329627518114975e+01
-4.369802471304340941e+01
-9.978464601201739725e+00
-4.136863046610317340e+00
-1.172914383921400372e+01
-1.563765018311999100e+01
-8.041374281823255643e+00
-1.172914383921400372e+01
-9.818337875797928049e+00
-5.137492149593668245e+01
-1.612370520103905847e+01
-2.709497822695598757e+01
-4.994063578986157381e+01
-9.678464601201739015e+00
-3.906408339155031229e+01
-4.884502285688829915e+01
-4.153764176737922753e+01
-4.614989097494405890e+00
-8.989269746579509501e+00
-4.179507494133934387e+01
-2.258343608451028928e+01
-1.038979657555240621e+01
-1.419037335209242379e+01
-1.160193378814717704e+02
-1.211346829831835237e+01
-2.557893767904573679e+01
-5.790287194237282442e+00
-1.157257930766650311e+01
-8.158159522237216521e+00
-6.055551751757486301e+01
-9.393432658356376308e+00
-5.974864528869655800e+01
-2.807182173648000756e+01
-1.750152927944924031e+01
-9.616358095991351718e+00
-3.843216629368581039e+01
-6.147961446666672103e+00
-2.588395772868376454e+01
-4.232650624711898502e+01
-9.289269746579510212e+00
-2.006320901164758652e+01
-1.745133579634343590e+01
-9.773754296545089204e+00
-2.446548205678465493e+01
-2.693033637374068689e+01
-2.748590436410339777e+01
-3.877058212154716443e+01
-8.393869548522705060e+00
-2.498464103649536483e+01
-6.064658706498436658e+01
-8.213310827299640238e+00
-2.398893758607645665e+01
-9.886655480661950435e+00
-2.515890457648552925e+01
-1.736613910601027655e+01
-2.901752543650833260e+01
-1.613178775443454782e+01
-5.114796404650979866e+01
-3.660172408456706705e+01
-3.505359168496153899e+01
-5.983820246251254815e+01
-4.964461311295457335e+01
-9.733480952007464992e+00
-2.293399376668755707e+01
-8.989269746579509501e+00
-3.751407608728253962e+01
-2.035088183379068738e+01
-9.688257689889157476e+00
-1.359615244693040559e+01
-6.536374522261056974e+00
-2.811639190697610147e+01
-1.217810753377208677e+01
-2.557893767904573679e+01
-1.021980288863454689e+01
-5.663174971625122822e+01
-1.149407227183931610e+02
-6.052154075016029822e+01
-1.563211668806085441e+01
-2.029391985321522185e+01
-2.653893902400671223e+01
-5.020628147608772451e+01
-5.673440660940175739e+00
-4.989462768014932692e+01
-4.071487945088300364e+01
-2.448038666942575858e+01
-2.640835957155219660e+01
-4.441641284291779357e+01
-1.932644074803784662e+01
-4.728097013318829767e+01
-1.607578263807166152e+01
-9.556876980072825489e+00
-2.396030841400740030e+01
-6.589418323636775199e+01
-6.655774703304416562e+00
-9.378464601201738304e+00
-4.088652960088323596e+01
-1.050968294189391372e+01
-8.041374281823255643e+00
-2.478307260527067157e+01
-5.336863046610316630e+00
-9.944267718113513510e+00
-1.624179527428563929e+01
-1.531240319106917802e+01
-1.048648146415048643e+01
-7.226736568150519346e+00
-5.714679652327990134e+00
-6.155174341289919226e+01
-4.323769223604828937e+01
-5.681543843168139318e+01
-1.542916314234643949e+01
-1.931036362668049122e+01
-2.139118669953665020e+01
-1.048648146415048643e+01
-5.057801120501943615e+01
-4.855469056853642940e+01
-4.349148800805781434e+01
-1.999054725817783407e+01
-2.258343608451028928e+01
-1.589502311583175143e+01
-6.249645556702625271e+01
-2.351260733384944857e+01
-5.018932552266352332e+01
-8.312415769647067521e+00
-9.886655480661950435e+00
-5.002431603617743150e+01
-4.022038588950688620e+01
-1.106419991144385762e+01
-4.934759110874641408e+01
-6.599729661827953286e+00
-5.375455065283891543e+01
-2.519488443327925964e+01
-3.972445547445752112e+01
-1.446608893128905748e+01
-5.005521929385422908e+01
-2.537936273100154239e+01
-1.932564623951730454e+01
-1.703633198837444596e+01
-2.126507929137552111e+01
-6.854185360935204585e+00
-1.149407227183931610e+02
-1.674698926413209321e+01
-1.999054725817783407e+01
-1.025219504126783576e+01
-6.037752166954958000e+01
-2.437051190017992752e+01
-1.429258878293303425e+01
-3.054386317296680176e+01
-4.969668217269278898e+01
-3.875654140368176570e+01
-1.152063870323033257e+02
-8.525058817865019734e+00
-1.242239518024063827e+01
-1.613178775443454782e+01
-3.875654140368176570e+01
-5.664715448942902754e+01
-1.303297122133584196e+01
-2.249708825227020270e+01
-9.215472507600255270e+00
-2.044464864489241052e+01
-9.345125830634756880e+00
-4.179507494133934387e+01
-1.966946442089017921e+01
-6.787768396337562571e+00
-1.005791082205157139e+01
-3.836863046610317074e+00
-2.256695146981458322e+01
-1.500066558032476571e+01
-1.057106146733352858e+01
-2.125538897558790907e+01
-1.725406261685708031e+01
-1.064145681303549296e+01
-2.104659307655894906e+01
-1.613178775443454782e+01
-2.653893902400671223e+01
-2.649041137217339070e+01
-6.176494510833781426e+00
-8.213310827299640238e+00
-1.630358096088229658e+01
-5.673440660940175739e+00
-2.653893902400671223e+01
-4.953609055898787972e+01
-2.045730891372212312e+01
-6.905957920102629544e+01
-4.039616249688758209e+00
-1.603766857830935422e+01
-1.612370520103905847e+01
-6.657981856907902340e+00
-1.742148607568533336e+01
-3.974609675349485371e+01
-3.800121196253176237e+01
-3.929369536155253684e+01
-1.137173672744492592e+01
-3.969754982880498062e+01
-4.369802471304340941e+01
-6.854185360935204585e+00
-5.766497340488665913e+01
-1.316801289086227911e+01
-1.613178775443454782e+01
-2.148068289517345875e+01
-6.369287163080667113e+00
-2.653893902400671223e+01
-6.046182062318281680e+01
-6.182910712093315198e+01
-2.102519665268386362e+01
-3.762440460439934498e+01
-9.973982823803861919e+00
-1.065626747089168802e+01
-2.273408071298351274e+01
-3.836863046610317074e+00
-3.836863046610317074e+00
-3.000365827078094938e+01
-2.523036933006550520e+00
-3.206029312841611301e+01
-1.426160555200811331e+01
-1.736613910601027655e+01
-3.134592831745068509e+01
-4.238582202306979241e+01
-1.431083660675378511e+01
-2.874000005611994624e+01
-1.532110573465373093e+01
-6.657981856907902340e+00
-2.104659307655894906e+01
-2.829972884030021163e+01
-2.681078138593810678e+01
-1.111906211261512034e+01
-9.721932479992492659e+00
-1.532110573465373093e+01
-2.772081685829482112e+01
-9.799035860413217947e+00
-1.903786440017132264e+01
-2.070871458731945935e+01
-1.010414045266762351e+01
-1.965172256303798903e+01
-2.122795892551499719e+01
-8.041374281823255643e+00
-1.855104634579326017e+01
-8.685121932034547854e+00
-8.431818612143125335e+00
-7.379185369741142608e+01
-4.866006411102250695e+01
-6.155540051614167396e+01
-1.389158084623877443e+01
-4.239507494133934529e+01
-2.498464103649536483e+01
-1.316801289086227911e+01
-4.767298483404049847e+01
-1.262628020316642541e+01
-1.653222384918805687e+01
-2.704887119084127889e+01
-1.563211668806085441e+01
-7.092281082259988878e+00
-1.329615244693040488e+01
-6.693632297588541746e+01
-4.126884459366212354e+01
-1.213458392615565451e+01
-4.776540376733566973e+01
-1.105116315332768195e+01
-9.944267718113513510e+00
-1.024189701403564179e+01
-9.345125830634756880e+00
-1.432747207388195676e+01
-2.900306169492390751e+01
-1.334048967466774727e+01
-1.647783784813404395e+01
-7.418822992900297564e+00
-1.490116429582964308e+01
-2.258343608451028928e+01
-2.171378343804949296e+01
-7.146880325740381679e+00
-2.025503176012983175e+01
-2.182795892551499861e+01
-5.840758425786637531e+01
-6.033706711209381979e+01
-6.780001433311650771e+01
-1.372545388384288856e+01
-1.732342682984376481e+01
-1.144082954823873877e+01
-1.663766857830935564e+01
-2.676686819636351089e+01
-1.563211668806085441e+01
-1.067257930766649920e+01
-6.550683296860381688e+01
-1.329615244693040488e+01
-6.992795014498848438e+00
-5.520044563233927448e+01
-2.290696391308919644e+01
-6.319092638083617430e+01
-1.609574592619329181e+01
-1.330498724268366573e+01
-1.296247946640642112e+01
-2.881815823493202444e+01
-1.563211668806085441e+01
-2.869215951972254075e+01
-3.836863046610317074e+00
-8.940193738891277775e+00
-8.708078184599060023e+00
-7.030649455133699632e+01
-5.104639568512033065e+01
-1.399684603472458377e+01
-1.211187208191340403e+01
-2.933893645124780747e+01
-2.576816005270065801e+01
-2.512466680688904219e+01
-2.147172881556292623e+01
-5.093010395170070126e+01
-3.863220612187929248e+01
-1.613178775443454782e+01
-1.463762850560766182e+01
-2.188639116780619531e+01
-2.867865295878011267e+01
-6.657981856907902340e+00
-6.397824532960796518e+01
-7.426278642292874110e+01
-2.391739756931377414e+01
-2.112096368837108784e+01
-6.509950069231764758e+01
-8.932636708120099911e+00
-5.673440660940175739e+00
-6.309002173729555629e+00
-8.043635534301856183e+00
-1.068947677370875837e+01
-2.109600023515348255e+01
-4.884502285688829915e+01
-2.498464103649536483e+01
-1.006963275573616556e+01
-2.023424750466420008e+01
-1.223030424242256231e+01
-5.137910914664963968e+01
-5.205162066886558137e+01
-6.176494510833781426e+00
-1.287283559442119518e+01
-2.277599537451054701e+01
-5.002431603617743150e+01
-4.974571567512213477e+01
-7.353341191876219263e+00
-1.911277223224129784e+01
-1.262914383921400230e+01
-6.576037419728984901e+01
-6.381321375401276974e+00
-2.122182453862127005e+01
-1.022158940661696214e+01
-6.113152940194897411e+01
-2.336377869415985131e+01
-5.027806162683995694e+01
-1.900826842840044151e+01
-2.121174035859201723e+01
-6.969287163080666758e+00
-4.369802471304340941e+01
-9.978464601201739725e+00
-6.044615155573027465e+01
-5.469895041332068608e+00
-9.939349756691463256e+00
-2.258343608451028928e+01
-3.970463017951590246e+01
-8.322131620466052482e+00
-1.232573800074317738e+01
-2.971380620165732367e+01
-3.128844700334426676e+01
-1.672419509907089008e+01
-6.133478312891232065e+01
-9.944267718113513510e+00
-6.593239002688932260e+01
-1.784854752194290128e+01
-5.046125811081370927e+00
-9.066363353621401444e+00
-4.094942694917904191e+01
-1.769763239895435802e+01
-2.452851267925285583e+01
-1.563211668806085441e+01
-6.942407998814748282e+01
-8.041374281823255643e+00
-2.452851267925285583e+01
-1.765104634579326159e+01
-1.500066558032476571e+01
-2.333504170719956505e+01
-3.633584998282544376e+01
-2.882582527171009446e+01
-1.475355493836427279e+01
-6.657096364985267201e+01
-2.066990109260787278e+01
-2.452851267925285583e+01
-2.013668317949420583e+01
-1.418383317067012861e+01
-4.706666595584113111e+01
-1.995379817794864863e+01
-4.994244326191138583e+01
-5.962606735444079220e+01
-2.136479526717313959e+01
-1.230039618922018718e+02
-1.190205159234945427e+02
-4.892744071051967580e+01
-4.232650624711898502e+01
-1.166724283946477847e+01
-9.419829514375582136e+00
-1.965882369522415729e+01
-1.834773313877914802e+01
-2.023424750466420008e+01
-1.612370520103905847e+01
-1.020968294189391301e+01
-4.829580575691968392e+01
-2.296256464614270598e+01
-1.195582798200795622e+02
-1.441781455301877557e+01
-1.670533966438559759e+01
-4.342222556716921389e+01
-1.329339963110689915e+01
-1.298947363395470234e+01
-1.623222384918805616e+01
-1.415085873212598599e+01
-2.152158664020387846e+01
-1.985593734962723644e+01
-2.557893767904573679e+01
-1.240325249478049940e+01
-8.041374281823255643e+00
-1.661391494694179372e+01
-1.650622490202993475e+01
-2.653893902400671223e+01
-1.073952306504970977e+01
-7.661388570771974216e+00
-2.237374904510014773e+01
-1.903786440017132264e+01
-4.256040009083565678e+01
-1.225447779986937924e+01
-1.167678652287799679e+01
-1.005104235025506121e+01
-2.616104144222704875e+01
-7.080593649685147817e+00
-2.968144305140805628e+01
