-4.092435502640424261e+01
-9.170238722032128464e+01
-3.835229967426300135e+01
-3.728042325367678700e+01
-3.398097090060153391e+01
-3.663491724692145368e+01
-3.354452360517220200e+01
-7.257175465224759137e+01
-3.936265709986232508e+01
-9.382390126847130318e+01
-9.431638358136441980e+01
-8.671868128725030545e+01
-3.668375439939702432e+01
-3.699115675481115773e+01
-9.075175749345680742e+01
-3.774800558122133509e+01
-6.041073567891125151e+01
-3.739671523257233332e+01
-3.665897234573762375e+01
-2.814286318464219150e+01
-3.976818515056906733e+01
-9.420350353274281474e+01
-3.923194934028826708e+01
-3.007920647891948107e+01
-3.461420369957651388e+01
-6.842932658311511318e+01
-6.165513591851311759e+01
-3.930779405174006058e+01
-3.502034826429630954e+01
-1.000645720837742658e+02
-6.386191567759451715e+01
-9.336793820164153601e+01
-3.901886959810595812e+01
-7.877190161124133283e+01
-4.023291462260112894e+01
-3.961065485254272289e+01
-6.528320113271445280e+01
-2.422737991621464815e+01
-1.705312764642122758e+01
-3.781999022573276648e+01
-4.489763182932365027e+01
-1.819031599874926997e+01
-4.953549333260321674e+01
-8.682587602545639527e+01
-2.821245796443324139e+01
-1.861719855596167505e+01
-2.309616883344957117e+01
-1.353773005517126293e+01
-6.453094080402641453e+01
-2.298863046549366373e+01
-7.174632698511634032e+01
-8.324041327692378900e+01
-4.309201931464184554e+01
-2.446843025330259991e+01
-2.055720607762941299e+01
-6.742229055283479511e+01
-5.574392162481140112e+00
-1.452563090040109017e+01
-3.755987456314261408e+01
-4.978563792964684431e+00
-1.986910110980045019e+01
-3.514081344948719021e+01
-1.803898460403075177e+01
-8.735925917743706748e+01
-1.957239641956845588e+01
-2.869206629428602895e+01
-2.065542726790173944e+01
-5.086388510824944120e+01
-6.034943923981513336e+01
-2.394554583557326666e+01
-1.780234634281902117e+01
-3.125750318671462225e+01
-2.288892737419172718e+01
-1.057043099349159831e+01
-3.390110429193520503e+01
-2.107266296780800019e+01
-1.186405935188589922e+01
-7.368101458237524071e+01
-1.552860955734156434e+01
-1.128981520908198277e+01
-9.987455642435895342e+00
-2.844852438799029315e+01
-1.841307036082138637e+01
-3.452440318653678020e+01
-3.079571520654798888e+01
-9.343352280374348950e+00
-1.364442086492992523e+01
-3.274614841986633706e+01
-2.938673438880046618e+01
-2.371939508223892545e+01
-5.168580805750297458e+01
-1.669557004186517091e+01
-1.101051732490178559e+01
-3.428631708823342450e+01
-1.434603449748060378e+01
-6.353563108446824259e+01
-1.120093918586047899e+01
-4.331092527927856395e+01
-1.721311376798202275e+01
-2.159289443751797677e+01
-2.830886366577976787e+01
-1.023710586090056474e+01
-2.787489350858236037e+01
-2.968797678265733353e+01
-1.344597563986202227e+00
-2.456328041386786865e+01
-1.211984455866783073e+01
-4.343507898660000421e+01
-4.249455370187524750e+01
-1.631866018339815128e+01
-1.165070745238944916e+01
-5.436526688663261808e+01
-1.852244438318185615e+01
-2.424030726093278432e+01
-2.712693775321367085e+01
-3.536004582402743779e+01
-1.360558909009321127e+01
-9.893611741071564936e+00
-6.108715590692592201e+01
-1.584443487165587783e+01
-5.005217237350679937e+01
-5.657656438804704635e+01
-6.175698126965167489e+01
-3.824410830579612508e+01
-8.575747592432315969e+01
-3.156647584296334585e+01
-3.988340067017515622e+01
-5.828640949309733088e+01
-1.316907888926999526e+01
-2.508587869835169926e+01
-2.910228386516639176e+01
-4.230602368132723967e+01
-5.778049213997616818e+01
-4.297951685052455417e+01
-2.019601767675428405e+01
-8.203015613653843729e+01
-3.905915248005732110e+01
-5.523975029254739155e+01
-1.279739327430916873e+01
-3.367388661646064918e+01
-7.421216481900246720e+01
-2.095068587202962007e+01
-8.341807974516488855e+01
-1.219502744828239749e+01
-2.793445818497391997e+01
-8.128979988925816258e+01
-1.682124702069090461e+01
-2.137456878090215895e+01
-8.455215413001938884e+01
-3.925803080946749901e+01
-3.531546984088797103e+01
-2.702386177474627260e+01
-2.497403781343902551e+01
-1.589214494636030395e+01
-1.836307071606025332e+01
-1.214219343119314409e+01
-3.286372957710540987e+01
-2.598382378770307355e+01
-2.472143231071302338e+01
-2.413886907662369907e+01
-5.328991943491232952e+00
-1.482386504389301862e+01
-3.280579722932125009e+01
-1.925749009784375332e+01
-5.175968161553563363e+01
-3.488037958483720047e+01
-2.289927688759996016e+01
-1.895128523189292125e+01
-5.719086093359267764e+00
-7.826474609714203723e+01
-1.503195973918161776e+01
-2.091447907383747307e+00
-1.551786013926864882e+01
-1.455542221278181714e+01
-4.915103755945438735e+01
-7.960665388742957305e+01
-2.648496282426330595e+01
-7.196405429399455045e+01
-2.095994930771736620e+01
-1.002153888345490529e+01
-8.802544861037487678e+00
-3.405105846348924103e+01
-1.859511913965022956e+01
-1.986457308134216859e+01
-4.658417394961394109e+01
-2.528101295400780302e+01
-3.476048472850320081e+01
-7.235270001569217513e+00
-1.393161889895509020e+01
-6.764454395996241942e+01
-3.786756321007345161e+00
-6.955167578627697367e+01
-1.211148415073305173e+01
-3.365948914855579233e+01
-1.369240795756996931e+01
-7.401458360394750002e+01
-6.776452608549781154e+00
-1.100365384964910120e+01
-2.871118203812864067e+01
-3.503252838892932886e+01
-6.067409227651747727e+00
-2.350744996284049293e+01
-2.707475182030277594e+01
-3.686042227843927321e+00
-1.056506668474430555e+01
-3.764077684925821643e+01
-1.811515464916372764e+01
-6.522606303394566396e+01
-3.729934204296082356e+01
-9.349194383318561563e+00
-7.668075509029272041e+01
-2.228309685356281022e+01
-2.184206349048490381e+01
-7.515467929386484514e+01
-3.954422287973968508e+01
-2.464593114790573480e+01
-8.126029356546627014e+01
-2.019731747790998355e+01
-3.402249103016496434e+01
-3.999576202395108027e+01
-4.454018639991036110e+01
-6.699769462256206509e+00
-4.923601143546622261e+00
-1.351053743249321748e+01
-3.213140958084474619e+01
-3.706782700791617913e+01
-4.056430683493532996e+01
-5.205395016728719071e+01
-2.515721242331282070e+01
-7.485578118330641928e+01
-4.786106816877787651e+01
-2.662451045052711862e+01
-2.694271346460804040e+01
-5.660812533814044656e+01
-1.628687959973066413e+01
-1.609103753435292816e+01
-2.598195288910214629e+01
-2.812290074401226292e+01
-5.229765215049420846e+01
-1.039800878838638454e+01
-3.803568448866731444e+01
-5.402498694085566910e+01
-9.055503946858074471e+00
-2.760979971914947129e+01
-7.926237081109456994e+01
-2.141373874280323619e+01
-2.460771462613082861e+01
-9.201337476611909594e+00
-1.003439358112512636e+01
-7.355912287151048190e+01
-1.808137511083150173e+01
-7.587393086269797138e+00
-2.393436787862996340e+01
-6.114470052337996009e+00
-5.415070704539376223e+00
-1.598996719979914616e+01
-9.371777675861052259e+00
-3.884806049721228760e+01
-4.162296328152604019e+01
-2.741691404782943309e+01
-2.266167568487686523e+01
-2.283237364740840292e+01
-4.845815538084055163e+01
-1.089020307831919965e+01
-1.747548056332614408e+01
-1.144051079443712915e+01
-6.365417070430114954e+00
-2.988131505769546337e+01
-7.754415576707965663e+00
-2.199348736568403595e+01
-3.152428937359005090e+00
-4.040661670038824127e+01
-2.546809843500638948e+01
-5.080916964152793014e+01
-1.384844131245828613e+01
-1.219502744828239749e+01
-9.507995113863037417e+00
-9.500695664864556633e+00
-2.251797597873827073e+01
-2.249659471336069316e+01
-4.163092285662821013e+01
-3.012326999436031727e+01
-3.871194492890128913e+01
-7.759262824603951003e+01
-3.258683948800043595e+01
-4.963720355387599170e+01
-1.038400643273512003e+01
-4.898026879185285054e+01
-3.730760415547398878e+01
-3.610972483200706762e+01
-6.562342595424202329e+01
-9.870473361337623430e+00
-1.353561760206929065e+01
-1.916922120480591829e+01
-1.989756412472848623e+01
-1.247993085120325585e+00
-7.137078025876597565e+01
-2.878119426018511895e+00
-2.050862404082344881e+01
-3.716156561864566754e+01
-2.155354279726179101e+01
-6.154007408332749662e+01
-3.019814804624497739e+01
-3.972144772525630430e+01
-2.183719386338970736e+01
-3.082812150287397301e+01
-7.671419803742807630e+01
-2.037053560958991127e+01
-1.786479249411772230e+01
-1.190149570603209916e+01
-4.183239916844148354e+01
-1.403751856483649441e+01
-1.849204375004135059e+01
-2.986194020456902631e+00
-2.821353146801043010e+01
-7.043270731423087128e+00
-4.335821774059385092e+01
-1.962521869284745435e+01
-2.861833241546114071e+00
-3.973566428940501538e+01
-9.143468232947039809e+00
-1.198199575847791465e+01
-5.066735542622662081e+01
-1.320806662806952403e+01
-1.082320240371645603e+01
-4.502380050994415939e+01
-2.214269408233916892e+01
-9.774634391948065826e+00
-7.651529264437813538e+01
-1.847993085120325674e+00
-1.028563362784308666e+01
-5.505355791020713596e+00
-4.426957004641634796e+01
-1.532909284192110988e+01
-4.421005326065197494e+01
-7.700437699250917944e+01
-2.069003672345166223e+01
-7.771274261402734851e+01
-3.577035108506079641e+00
-1.610590511066520847e+01
-1.163454681684014780e+01
-6.672387972623266705e+01
-3.137868062036266537e+01
-3.739944654157955028e+01
-1.473372921690813975e+01
-4.681020335320683401e+00
-1.847993085120325674e+00
-1.847993085120325674e+00
-2.662674360550043318e+01
-3.254250210423921175e+01
-1.951337422585217851e+01
-1.847993085120325674e+00
-1.388105930372757335e+01
-4.343292690477440487e+00
-1.167110674823156380e+01
-2.857121562269227155e+01
-8.367838296716241686e+00
-1.017724430174881078e+01
-5.316930092574639843e+01
-6.536316859094634424e+01
-3.953410235111307713e+01
-1.557268065238738330e+01
-1.444726201638099106e+01
-2.363647587610880407e+01
-3.016116091246312791e+01
-1.365336118501964258e+01
-3.936109001950482167e+01
-4.104634810836677872e+01
-1.315126090605552989e+01
-4.495203748749838191e+00
-3.887179396219516292e+01
-2.749056025478194698e+01
-6.436992539462798391e+01
-3.525867743047521685e+01
-6.207311837532715515e+01
-3.953486907644879977e+01
-3.247600919575620537e+01
-3.300358949651101170e+01
-1.294327358444405895e+01
-4.363063874241927920e+01
-6.886129224878317245e+01
-3.981733208824971371e+01
-3.494625256520019718e+01
-6.268796084218170961e+01
-2.891636902295849509e+01
-5.656709720302470323e+00
-1.953006662571343099e+01
-1.673251768308356446e+01
-9.260742327480214442e+01
-3.101641175482306778e+01
-8.054306905748537915e+00
-1.675223572844112141e+01
-1.810928051853650800e+01
-2.435942742054956511e+01
-1.283798841550465220e+01
-3.301292924518509153e+01
-1.384234521034687404e+01
-2.771628299430466669e+01
-2.164274054231301747e+01
-2.732122374384368158e+01
-1.393778543726805808e+01
-1.365336118501964258e+01
-4.346695782474789382e+01
-3.659837896040870220e+01
-3.059079081476714279e+01
-3.374819311322268334e+01
-5.472457102251771488e+01
-1.724509950424168636e+01
-3.109725380920696125e+01
-6.830331911238852172e+01
-5.053118586918171218e+01
-1.853862924465924777e+01
-7.451174709742174684e+01
-4.950189298014064043e+00
-4.056016502654735234e+00
-1.131157382195392103e+01
-3.064206807708698221e+01
-1.681002047079400086e+01
-3.046045052838349321e+01
-2.602522023227900405e+01
-7.552118680205406065e+01
-2.363647587610880407e+01
-2.517185050033855021e+01
-1.070698116552601853e+01
-8.011321653486244543e+01
-1.858776381568585734e+01
-1.910284479635875243e+01
-2.363647587610880407e+01
-2.048587435015161873e+01
-4.229650602096576506e+01
-5.531735783490994152e+00
-6.139860967331819097e+01
-7.333074010039824486e+01
-2.356986387823974738e+01
-1.211663452941465913e+01
-1.971399016151080374e+01
-9.371777675861052259e+00
-2.612483207492797987e+01
-1.166185397888810726e+01
-1.081438316952299949e+01
-9.371777675861052259e+00
-6.448566788818351370e+01
-4.242904494069466637e+01
-7.090203162847525498e+00
-5.249874358021412490e+01
-8.749126631122328135e+00
-6.415487636844545705e+01
-6.443270731423087483e+00
-1.172472708544568931e+01
-8.551578167997324442e+01
-4.485829427383293222e+01
-9.303318246708704109e+00
-1.732443314504479659e+01
-1.406355920839076390e+01
-1.233080266766702771e+01
-2.148374380110397297e+01
-3.388480816896469605e+01
-3.145259727431163910e+01
-9.195892614455372538e+00
-1.081438316952299949e+01
-3.089721302232516109e+01
-8.586466632105691588e+01
-5.760571550602292490e+01
-3.053583067552625963e+01
-8.505924511092149487e+01
-6.296313075312154695e+01
-3.370296975499411474e+01
-3.021298344196898711e+01
-1.839220694738947515e+01
-1.735794315043045088e+01
-4.965560805506666497e+01
-4.564525487536106851e+01
-8.497070904410094272e+01
-5.434606857501828614e+01
-9.968533465532377846e+00
-3.815225941009796884e+01
-6.082902059949596207e+00
-2.309301419329802130e+01
-2.480188417204882256e+01
-3.579804418510244091e+01
-4.523344422631558359e+01
-7.893113232075531016e+01
-2.230237485453352519e+01
-7.489024607422167890e+01
-3.504837206512070225e+01
-2.833525208198339129e+01
-1.213046367864703079e+01
-1.901924537299547779e+01
-7.403028793242476979e+01
-1.328439149293614818e+01
-3.736481199833377786e+01
-8.415839237430658315e+00
-1.166329457145095283e+01
-4.610767053700455875e+01
-3.943269198396467345e+01
-3.375331001416938648e+01
-3.577652201025070156e+01
-1.036154334348671391e+01
-1.084628944410953899e+01
-2.315834146230575641e+01
-2.372476737993722651e+01
-3.960676069839886626e+00
-1.937061136338782319e+01
-1.388855583247365821e+01
-3.781878346455707174e+01
-9.371777675861052259e+00
-2.512735841737885778e+01
-2.396864891359331562e+00
-5.653877762363587856e+00
-3.488355044590905152e+01
-1.613286709777246841e+01
-3.346780190549278888e+00
-2.255880254276422292e+01
-3.736481199833377786e+01
-4.109905311095432978e+01
-1.744196234589792027e+01
-1.876444087350510870e+01
-1.864855764351887046e+01
-1.426820715367439263e+01
-6.521943360053303707e+01
-6.475761023599332589e+01
-6.213014472167496649e+01
-1.872849498120043066e+01
-2.271057316890379241e+01
-4.411372536732932303e+01
-2.777024930514881618e+01
-3.653323606900480058e+01
-1.449898317720273511e+01
-1.211663452941465913e+01
-3.461834874377307614e+01
-6.027304859665783887e+00
-2.981171783144860754e+01
-3.469273807178613112e+01
-1.080266550695692729e+01
-1.780664031360380051e+01
-1.494906231509501815e+01
-1.883143599387308953e+01
-5.592352097154324753e+01
-1.103398975551602668e+01
-1.399177078203891966e+01
-2.307616681279602489e+01
-3.163253517884129806e+01
-5.172588321496738217e+01
-1.333466069913423446e+01
-9.371777675861052259e+00
-7.640901820985064319e+01
-2.021344420648157225e+01
-1.163974785931372224e+01
-1.143162682738612723e+01
-2.151473753042942150e+01
-2.730907651402647929e+01
-1.133594977576565022e+01
-2.728829946030943177e+01
-2.338195195418623129e+01
-2.809389570442799311e+01
-1.802915896977098242e+01
-4.072749002984616595e+01
-8.156041483717929452e+01
-8.001125957353885099e+01
-1.962601512714132213e+01
-9.800626012908388418e+00
-1.018411861960196774e+01
-7.674829764096306128e+00
-8.724914916448479119e+01
-7.654345817502975535e+01
-2.528729910660066338e+01
-4.431057830280015253e+01
-1.548716258573213445e+01
-1.975191526700608335e+01
-2.129073025063204838e+01
-2.293561355601708129e+01
-1.754422935129386119e+01
-1.992285076924774856e+01
-1.955107998830827043e+01
-7.319620245190876062e+01
-4.930848605626613868e+00
-2.284712645622787974e+01
-1.219502744828239749e+01
-1.200339642403939422e+01
-3.851536997757333580e+01
-3.348802634412165702e+01
-6.497106243417528049e+01
-1.667652538605856805e+01
-1.792880016219738692e+01
-2.702179894677095007e+01
-2.790937847232968494e+01
-1.191271330090701497e+01
-2.069949747170475973e+01
-2.327462208275339961e+01
-3.199077487274729137e+01
-2.327428562305619764e+01
-5.284569925487274844e+01
-1.192860402096949812e+01
-8.122491318996779341e+00
-3.906760597725888573e+01
-3.114114032582915925e+01
-1.485505447086991815e+01
-3.667449520082477221e+01
-1.056805036216828597e+01
-3.813587087642218876e+01
-1.980102850937991477e+01
-2.439668775939727396e+01
-1.338424756075560751e+01
-2.251536440781014292e+01
-2.849876765878709506e+01
-2.561833241546114248e+00
-3.427497535152492247e+01
-2.992235769757450470e+01
-1.406355920839076390e+01
-2.639353950289039119e+01
-9.976396326521729918e+00
-4.852985938606501293e+01
-2.659799211711352029e+01
-2.686169175123612263e+01
-3.704694960225443623e+01
-4.825112578767584637e+01
-3.853388495001387781e+01
-4.636141466973738545e+01
-1.288387911847870271e+01
-2.313766184485067612e+01
-1.002819641330124689e+01
-3.896300613028618187e+01
-3.479549058764573743e+01
-4.166220360460817318e+01
-4.504335106827336688e+01
-1.406389097810095734e+01
-1.785092162420084705e+01
-3.230519867083084051e+01
-1.651915956378361372e+01
-2.801413119183385447e+01
-4.842022845006302134e+01
-1.930142244194667356e+01
-5.201466620686228737e+01
-2.561833241546114248e+00
-1.890671357258372964e+01
-3.432928736746055876e+01
-2.511466354766081110e+01
-4.209264162050899216e+01
-5.850189298014063510e+00
-2.292589239098833076e+01
-2.822421781314787026e+01
-1.050339642403939422e+01
-1.814104325143825847e+01
-2.617548933451903537e+01
-2.724487288369664029e+01
-1.251808212274722720e+01
-6.758237424129958981e+00
-7.162839797161215216e+00
-6.459129096054675756e+01
-9.487901478339951566e+00
-3.561556700547639309e+01
-3.724185063133683116e+01
-2.824194735469710338e+01
-2.687731892750798224e+01
-9.225806658032507102e+00
-2.793648781082052324e+01
-8.906435247801780974e+00
-1.676838462634383475e+01
-2.760139718817647392e+01
-2.572935089061220282e+01
-2.529740630073540331e+01
-9.211902401031213117e+01
-2.503135099948939413e+01
-2.515023007611884509e+01
-5.988720437758185078e+00
-1.065966334594338605e+01
-8.645052231581724200e+00
-2.706847536297284407e+01
-8.662978122420339488e+00
-9.741683939107495860e+00
-2.990123106746033699e+01
-3.609771259914570862e+01
-2.183648575456069452e+01
-2.155409649100220904e+01
-1.545596452641670027e+01
-3.554997346104296696e+01
-7.568995930118869353e+01
-2.163599811877743662e+01
-2.327352594712247935e+01
-7.712924259133480120e+00
-2.620739419503889778e+01
-1.725174838661936505e+01
-2.853039069057306421e+01
-6.288720437758184900e+00
-3.013190420178170115e+01
-3.588742212658709718e+01
-3.324669148875495495e+01
-1.703443071909743978e+01
-2.562454756694983971e+01
-3.155564410886820781e+01
-1.050339642403939422e+01
-1.083083848929862292e+01
-1.420314250744497997e+01
-8.518506050371154714e+00
-1.539487518856352288e+01
-5.313300704771685901e+01
-1.422095309201812263e+01
-3.801877186250698060e+01
-1.075324658647147835e+01
-2.746375497989162895e+01
-3.052829514049416559e+01
-1.394461299514454033e+01
-3.770714412637398993e+01
-2.282446943325001243e+01
-2.890523135514087727e+01
-1.167970782758972170e+01
-7.684328539361081312e+01
-1.303847119687243605e+01
-7.682944350595325034e+01
-3.131379569086973902e+01
-2.182879334038462105e+01
-9.026263568092847578e+00
-2.411165565737312022e+01
-1.104923037680631026e+01
-7.378473090071564400e+01
-1.146549686317982797e+01
-3.982187914818209151e+01
-1.155165209638038171e+01
-2.967124209567660387e+01
-4.198443233059474977e+01
-8.524696866234170045e+01
-3.101904944828685373e+01
-3.058102056791808465e+01
-1.329716371042996492e+01
-2.985850823016167865e+01
-2.569613789742915699e+01
-2.602508491231905197e+01
-7.495959243259342486e+01
-9.245284607665109178e+00
-2.531146214397150374e+01
-2.898996259366168360e+01
-1.134274040115030679e+01
-3.142113876329427669e+01
-1.106911881871599235e+01
-2.718524159817035724e+01
-9.588825986391686484e+00
-2.759367918359246996e+00
-9.310934327476040551e+00
-2.554913502048772855e+01
-3.061165892391280607e+01
-4.517722724583065030e+01
-3.370702436836012339e+01
-4.559669978045202043e+01
-2.311749768377496039e+01
-1.984520402234559810e+01
-1.531370820748304240e+01
-3.588742212658709718e+01
-1.161237683198667625e+01
-6.327971980191571255e+00
-4.958237424129960047e+00
-3.986188167033378704e+01
-9.251489730066614570e+00
-1.385597962270146510e+01
-2.226399973411650279e+01
-6.186539745095931409e+01
-1.482443972755404182e+01
-2.077827156331771619e+00
-3.670889179823941362e+00
-3.119425990929136105e+01
-1.225542408915875470e+01
-2.327462208594273463e+01
-3.388758732186241218e+01
-9.792330770308456778e+00
-2.139818014435639171e+01
-1.506220866299193872e+01
-1.179354066081991270e+01
-1.382308306732703151e+01
-2.096178450485679789e+01
-1.616250491437014958e+01
-3.516661159355840027e+01
-2.300301655526024547e+01
-3.754282522488254870e+01
-2.727584084784966478e+01
-3.042130102507323386e+01
-3.808203819775864218e+01
-1.033715200767095510e+01
-5.506457436460615895e+01
-7.486622017025689502e+01
-4.536566081187083910e+01
-4.093006644273234684e+01
-2.748569385945769028e+01
-1.201542941450051316e+01
-2.033074529242903239e+01
-5.187421970548614780e+01
-1.729245520087737020e+01
-4.946682227039479329e+01
-1.635315934850492425e+01
-2.325160165177848270e+01
-2.245550809902183431e+01
-2.583744065322520811e+01
-3.916089217463022010e+01
-2.203394281117592968e+01
-8.021872178927736741e+00
-9.647412242231279578e+00
-1.653982165312714514e+01
-3.983914991993607657e+01
-3.824819509799884543e+01
-5.757202053943073849e+01
-1.530642865484775506e+01
-4.553939987951900292e+01
-3.811153104730001218e+01
-1.116004222021411962e+01
-2.575641717614494297e+01
-2.830987720618611547e+01
-7.496033018696154215e+01
-1.422095309201812263e+01
-3.559180978826255171e+01
-8.885124013403261856e+00
-1.847993085120325452e+00
-5.362463866156873848e+01
-8.579014203931752292e+00
-3.353942580737821544e+01
-3.379509438383469444e+01
-3.041645941309363721e+01
-9.956513308631683046e+00
-1.959470639758737320e+01
-2.762052621192520263e+01
-1.422095309201812263e+01
-3.232118002114306421e+01
-3.560156701468477536e+01
-1.433844343222066975e+01
-7.152884715770035484e+01
-2.246692619611469155e+01
-2.297414600442591137e+01
-1.909198157814313035e+01
-1.041245503349613344e+01
-1.114095981625387566e+01
-1.165542408915875505e+01
-8.502749521809695565e+00
-1.759686217476795989e+01
-5.920979031234308465e+00
-2.417596935116792523e+01
-3.490656538651222718e+01
-1.945073158519649681e+01
-7.839813424400398389e+01
-7.483153031238231279e+01
-2.986748087541194252e+01
-5.198112832180367349e+01
-7.777904003329483373e+01
-1.520594913839943274e+01
-2.071714864429381464e+01
-2.191020030488847681e+01
-1.958612429589022952e+01
-7.795075481157098807e+00
-3.190008339176295848e+01
-3.577226452011696267e+01
-8.698851926581843585e+00
-1.613226311423594339e+01
-3.092237554201364702e+01
-2.090543254563812781e+01
-2.707806824789458133e+01
-3.441855127543743720e+01
-5.716265552047175902e+00
-6.921075449720535566e+00
-2.794152271454794345e+01
-3.472276758225730120e+00
-1.390067271689791362e+01
-3.465141471405057416e+01
-2.302777787434272128e+01
-1.011245503349613273e+01
-1.181972149054191057e+01
-7.310940218902669763e+00
-2.145045194383590115e+01
-2.041885160323935722e+01
-9.157396585830227309e+00
-1.403645488602375124e+01
-1.102193738259715161e+01
-4.626925824458719205e+01
-6.419069339454147816e+00
-1.436355920839076106e+01
-3.418459868870310459e+01
-3.720683299952290213e+01
-1.293744268856266544e+01
-2.512952461089165013e+01
-1.028748106991094424e+01
-5.216061439776656528e+01
-3.394563591995250107e+01
-8.148114292533987779e+00
-4.544226692263841727e+01
-9.437849798225045106e+00
-2.651079794746055640e+01
-1.492468610195322753e+01
-6.519868727470988290e+01
-1.170379063997096836e+01
-2.198943389293401651e+01
-1.087672516036775860e+01
-7.205391543640587315e+01
-9.172037265391663752e+00
-2.163540011850434297e+01
-3.711072226745042713e+01
-1.655838236317181611e+01
-2.830287049206141958e+01
-3.989549497783133347e+01
-3.408342961015821970e+01
-2.730888026006314462e+01
-9.360304673008609910e+00
-1.387995550649522869e+01
-7.953608035662783493e+01
-5.715047194774566464e+01
-1.692186362319056059e+01
-1.345540581658093693e+01
-1.960945274699559704e+01
-1.405382418171040548e+01
-8.069969690763552705e+01
-1.115270120581096336e+01
-6.417756918103480146e+00
-2.492010980398919529e+01
-8.988263237272509798e+01
-2.824871459716199951e+01
-1.788798975627065957e+01
-2.194437321848792166e+01
-2.521672448435639424e+01
-3.281807617099463670e+01
-3.123997966092035128e+01
-1.852284381570694904e+01
-3.837895149878910672e+01
-3.304979690723950370e+01
-9.032490716033745315e+00
-1.127478307180967043e+01
-5.204396557435331516e+01
-3.413635253323099761e+01
-2.474318255187148097e+00
-1.161529790692182118e+01
-1.156014863478969446e+01
-1.126706350894072983e+01
-1.952695314330470922e+01
-2.623452583525598314e+01
-1.884821193676124906e+01
-2.315351823687255006e+01
-2.268546603749101820e+01
-3.922490410392290983e+01
-1.160172199842398655e+01
-7.672720956510791446e+00
-2.136657254318181742e+01
-2.767053485353391551e+01
-1.589911085664066626e+01
-2.292589239098833076e+01
-2.892641633819889790e+01
-1.848925146019562149e+01
-1.011245503349613273e+01
-1.127478307180967043e+01
-4.054783367918839332e+01
-3.437725462975000568e+01
-3.354198377553996124e+01
-3.116303958537788077e+01
-4.390602243877185629e+01
-2.320788761041498915e+01
-8.055615800101397994e+00
-9.195465339343816424e+01
-3.381886187633247687e+01
-1.720978982021822645e+01
-3.726626377869276041e+01
-3.181073378986223332e+01
-2.499273390955913143e+01
-2.155137929712867972e+01
-5.049325347740760606e+01
-3.257586633990392500e+01
-2.279103821497727367e+01
-2.127191803905776624e+01
-2.252153649259208379e+01
-2.369674483372104135e+01
-2.565867107864061580e+01
-3.482506611625925075e+01
-8.921240173181447020e+00
-3.482831713322190126e+01
-1.804679728168889952e+01
-1.837216340027825368e+01
-2.963316817228049516e+01
-2.070810192733935295e+01
-9.557501624128763140e+00
-1.510516059447438941e+01
-2.335684674225515423e+01
-4.373084820707068587e+01
-7.512014948592546482e+00
-1.406355920839076390e+01
-9.323202403716456033e+00
-8.805311593349141930e+00
-8.621526062697112636e+00
-2.608745283374935653e+01
-1.897278163875251522e+01
-1.642868463571901927e+01
-1.326780158222288364e+01
-4.528638297857803252e+01
-1.283750562078519586e+01
-2.085544588096772145e+01
-3.222254272676327957e+01
-2.414800110968140956e+01
-3.679338473911858642e+01
-5.070842762421511907e+01
-1.291919547101996990e+01
-1.276566792612854684e+01
-2.712074669131203208e+01
-8.330893424927779733e+01
-1.666062357174780217e+01
-2.227292200624209784e+01
-1.660516526639272072e+01
-1.026506668474430484e+01
-3.159500239894021334e+01
-2.060284941082989008e+01
-2.111609552272303247e+01
-5.096690411194690995e+01
-1.868270839685875728e+01
-9.487901478339951566e+00
-1.018411861960196774e+01
-3.697497565166420230e+01
-2.810802519544609979e+01
-2.905297014145185130e+01
-1.017466270299700959e+01
-1.158890217573095427e+01
-2.584689801722878144e+01
-3.076734051642742074e+01
-2.840134064413281578e+01
-4.054913284436065624e+01
-9.323202403716456033e+00
-3.166776082037551987e+01
-7.372720956510791623e+00
-1.218858475466147695e+01
-1.924210152789409634e+01
-1.430442740803900392e+01
-1.438144082730213569e+01
-4.259587826138480438e+01
-2.430216826060942736e+01
-1.435403006488406596e+01
-1.852284381570694904e+01
-5.091543308692820347e+01
-1.253554645387000832e+01
-1.410258248041024309e+01
-6.758237424129959869e+00
-1.642946599742464997e+01
-1.270182216410410803e+01
-2.046683066867919720e+01
-9.204211852169777330e+00
-2.046683066867919720e+01
-1.167841165861608310e+01
-1.247993085120325585e+00
-1.397892334961186833e+01
-2.936800770265740823e+01
-4.023124200770992331e+01
-1.482443972755404182e+01
-7.130058999247538054e+01
-1.946635497780280843e+01
-2.032864126820962980e+01
-5.295037328394373333e+01
-3.741986213785954618e+01
-1.574486289036484443e+01
-5.858472541570112924e+01
-2.461044249546070262e+01
-3.536975538296890420e+01
-2.280804921833066601e+01
-2.567478141545862158e+01
-2.878000229030681467e+01
-1.996188073888752967e+01
-1.806689083960568709e+01
-2.287286724461711884e+01
-6.749724450122901231e+00
-1.026506668474430484e+01
-1.151432898653646753e+01
-2.431431095578290069e+01
-7.568088347055086729e+01
-3.077944542993824140e+00
-2.684057010661640064e+01
-3.104516857178240841e+01
-2.406502119310381005e+01
-3.975745429930078956e+01
-2.364942395719178236e+01
-3.479882381049996809e+01
-1.186763700104039643e+01
-4.130217277357871808e+01
-2.760385412377363323e+01
-5.069237196811267410e+01
-2.829116912459020483e+01
-8.055615800101397994e+00
-1.169416773698104173e+01
-2.662028242446297455e+01
-1.415828084296055778e+01
-2.443535073870890884e+01
-7.188703231581967223e+00
-1.750430672328223736e+01
-2.939408290663027401e+01
-5.630267390198815747e+01
-2.490365765214667348e+01
-7.117727643375627622e+01
-3.050886197262088473e+01
-2.266625234494916441e+01
-3.724185063133683116e+01
-1.103068854933254528e+01
-2.019731747790998355e+01
-3.743102790605701102e+01
-1.227926168913813854e+01
-8.933479916551434030e+00
-2.460090027420282155e+01
-2.234362702244370169e+01
-1.484450734530689608e+01
-1.205066833967042328e+01
-2.862702856921246664e+01
-2.502134752410970719e+01
-3.345171751043257302e+01
-2.487303583402012563e+01
-1.021392131952511306e+02
-3.473861339693800687e+01
-1.912240153798236975e+01
-7.034447950728679189e+01
-1.406355920839076390e+01
-2.709102623058504733e+01
-3.702283334251612246e+01
-2.045645752041234289e+01
-2.179755853490138051e+01
-2.550248168470497845e+01
-1.324515444277301590e+01
-9.554345416611182884e+01
-3.955552123239712614e+01
-1.010808143061512077e+01
-3.320970079006867337e+01
-4.023124200770992331e+01
-3.120126853354573271e+01
-3.041163053753279755e+01
-2.104668873691663933e+01
-2.555291718830796555e+01
-2.375529774640239111e+01
-8.778954465398828688e+01
-7.604847621979383909e+00
-1.875746068059075000e+01
-4.104026542747273965e+01
-1.196631556025556975e+01
-3.039913447857286499e+01
-1.255225906743511288e+01
-3.587581115791761022e+01
-1.234149046971206687e+01
-2.662447862108714602e+01
-1.465895480982423926e+01
-2.181030166004025261e+01
-3.445794206337673415e+01
-2.557515017606210961e+01
-2.851009683056524935e+01
-2.194647774278809038e+01
-2.776479006611388911e+01
-1.751630972680396425e+01
-3.670113523499477992e+01
-2.453481526310926952e+01
-1.880246995488181838e+01
-1.091772222773155754e+01
-2.779484469667317015e+01
-2.373953906312479845e+01
-1.660884102849429667e+01
-3.127653369372969649e+01
-2.710942166374045215e+01
-2.199320335040038543e+01
-1.384844131245828613e+01
-1.388249395928922070e+01
-1.592496011797639888e+01
-3.927503330360055855e+01
-1.247993085120325585e+00
-1.061347764897605472e+01
-1.261117375996829892e+01
-3.024482461889222051e+01
-3.919288370728502713e+01
-1.003976498306089127e+01
-5.334071536383736145e+01
-2.187451119536573785e+01
-3.305516799831072916e+01
-1.238743917812049844e+01
-4.958237424129960047e+00
-2.975269731904732140e+01
-2.639176692155891502e+01
-2.280151192976100205e+01
-9.767417158360871099e+00
-1.253554645387000832e+01
-2.460119909431193719e+01
-1.567288586587940991e+01
-3.061416763329360080e+01
-2.280303323825769723e+01
-2.623823075258981063e+01
-2.723819057150447875e+01
-2.199543714558459229e+01
-2.095313535660945359e+00
-2.050801217560763234e+01
-8.422491318996780052e+00
-3.083409654414669987e+01
-2.280151192976100205e+01
-2.647998653397939961e+01
-2.269639130242557457e+01
-4.278472489810420143e+01
-1.029181599681193227e+01
-2.312208957959240507e+01
-3.076619252603393306e+01
-3.913787928637856339e+01
-5.016480361212749273e+01
-1.910538840405140348e+01
-5.503439332165660147e+01
-6.117756918103480324e+00
-2.556996631715442447e+01
-3.193335845792185168e+01
-3.987737646239137490e+01
-4.271866173675053346e+01
-1.533828363789331561e+01
-8.024530134745146981e+00
-4.011406371213884370e+01
-8.852200676183571204e+01
-9.471868659898579068e+00
-3.461833241546114603e+00
-2.903635938729907906e+01
-2.412567649336649467e+01
-2.680847394855484822e+01
-3.707391370175151479e+01
-7.567457647584782876e+01
-3.040248354952122867e+01
-8.763953773576412232e+01
-2.533798086711929187e+01
-1.776747923037812882e+01
-1.424103884216825300e+01
-1.365336118501964258e+01
-2.324238342393035950e+01
-3.669572600332405443e+01
-8.435711285396893189e+00
-4.329764885783348660e+01
-1.761117427971238669e+01
-2.891071891280651585e+01
-2.182933858527174209e+01
-2.469421248537149438e+01
-2.900467666995426086e+01
-3.724185063133683116e+01
-3.886712870208449289e+01
-2.861833241546114071e+00
-1.555650985897194261e+01
-1.107243372385703317e+01
-2.385820362865514710e+01
-2.857665058195391339e+01
-2.340142322779660589e+01
-3.908155121197319204e+01
-1.055019271163034311e+01
-4.148708128193221967e+01
-1.270705975827685563e+01
-4.251054560839443752e+01
-2.436844440162318648e+01
-3.351406125658792234e+01
-2.214043103520326028e+01
-1.183701601172203866e+01
-2.708618085529894870e+01
-7.137648180670953479e+01
-2.326789480967584822e+01
-3.016263169824987500e+01
-5.204622467001936315e+01
-2.413814638605149909e+01
-2.942829718597154098e+01
-1.903685686312580216e+01
-2.126623986120242904e+01
-7.584467529431977084e+01
-8.944333607667601882e+00
-3.708185613238136824e+01
-2.714024448506457077e+01
-1.327831539326742316e+01
-2.640887296375093740e+01
-2.709440599665807170e+01
-2.878578355440556535e+01
-8.729632188865923581e+01
-3.159690789503833130e+01
-7.733520597098693372e+01
-1.346626406137061771e+01
-2.230833643698512958e+01
-1.543344184065928992e+01
-6.748430873548104891e+00
-3.262397585382157672e+01
-1.561823033484468581e+01
-2.146723752861940326e+01
-2.518529322724866404e+01
-1.523759294590582059e+01
-1.840381307862715943e+01
-3.863227998178120970e+01
-3.382587501000919161e+01
-2.560395440676226642e+01
-3.473207169147524809e+01
-2.956582050330683131e+01
-1.247993085120325585e+00
-2.848835004561139428e+01
-1.112927952989966762e+01
-9.965855394988469840e+00
-8.132094463492157388e+01
-2.134957802050043441e+01
-3.016964753674398381e+01
-4.948315737278334581e+01
-4.676943747779868943e+01
-4.020239475759960612e+01
-3.830938771669278253e+01
-4.091435396186849971e+01
-2.389103155075720863e+01
-4.914464340841175982e+01
-1.208021809806456126e+01
-3.440062334156578316e+01
-7.548540310795655728e+01
-1.842321189910551738e+01
-4.326332076524239767e+01
-2.105958357346621312e+01
-7.890586770613953149e+01
-3.855421555233984066e+01
-2.977263620932220078e+01
-3.823831764017361223e+01
-4.775287664069092841e+01
-2.502340412565778394e+01
-6.506909634018697375e+01
-8.261965667697895199e+00
-6.357907375244478487e+01
-2.330942683584378372e+01
-3.321822106111171280e+01
-3.883401210858879438e+01
-8.238271471509543531e+00
-2.278884733461224243e+01
-7.215832863710242684e+00
-3.970446884580450586e+01
-1.046319642253568283e+01
-8.206384907791444050e+01
-4.958237424129960047e+00
-4.892603208089178679e+01
-3.169172337686458718e+01
-2.891587139260625250e+01
-8.768178139705447904e+01
-1.560063984798417813e+01
-2.059497217234866895e+01
-4.864683031851963335e+01
-3.218345803877078026e+01
-2.718310756989385624e+01
-2.488063741357419190e+01
-2.398127597100319264e+01
-4.389149878034870511e+01
-2.657508716933798709e+01
-3.815693872075217286e+01
-3.381953189938836601e+01
-2.710835346691962755e+01
-2.512233317975161029e+01
-4.912301772929340871e+01
-2.673417067888007992e+01
-2.280151192976100205e+01
-2.061769370930720413e+01
-2.783288255624330532e+01
-2.988360457494007605e+01
-2.402828573293068715e+01
-1.240334404231018794e+01
-2.347779067284920984e+01
-9.600132623448157432e+00
-1.647514828592699843e+01
-2.597929881070571412e+01
-1.529458841888080123e+01
-2.404558145984696438e+01
-7.621359251553475644e+01
-2.564869277252274316e+01
-2.667406111665589208e+01
-3.706723528802891110e+01
-1.273519024276748546e+01
-8.674529931618684486e+01
-6.429034552655923562e+01
-2.372017952209088776e+01
-2.746150393663120326e+01
-4.001808272586190895e+01
-2.859911783777750216e+01
-2.813875286856822910e+01
-2.136301847889709293e+01
-1.591899771764711780e+01
-1.854824147624527697e+01
-1.064582680587042773e+01
-3.852114591634937568e+01
-3.400454528540236510e+01
-1.226110094207335699e+01
-1.090913301724073570e+01
-2.918734347899323822e+01
-1.679510297542051944e+01
-2.744886293961160817e+01
-8.422491318996780052e+00
-3.058425552570883710e+01
-7.555326769450888946e+01
-1.010808143061512077e+01
-3.371607467966860838e+01
-1.286561453032996916e+01
-3.167005084897870049e+01
-2.810208945694319027e+01
-8.841050622071337273e+01
-7.986392364859354132e+01
-3.155922369978355135e+01
-1.108113360334146336e+01
-1.012058128091974574e+01
-2.075176314507909581e+01
-1.097434202189192121e+01
-3.349515760290399413e+01
-1.253554645387000832e+01
-8.962755203263135684e+00
-7.604847621979383909e+00
-2.687047496882347275e+01
-3.368314273696441319e+01
-1.942261337302138102e+01
-9.670327201523631899e+00
-2.142892973406000579e+01
-2.568576407772383163e+00
-3.985534554690279663e+01
-5.376030351260444462e+01
-4.122808569785094335e+01
-7.936824795900854213e+00
-1.106841486935386243e+01
-3.860725847422786217e+01
-5.116365238646342561e+01
-4.852784944643166654e+01
-2.199152488772010017e+01
-1.633088382011861128e+01
-3.473353455966174863e+01
-4.196845132248255084e+01
-2.057386535474760691e+01
-3.297516955247289161e+01
-1.837272708592826120e+01
-3.011278706970814056e+01
-3.336511628201517965e+01
-4.280322584011526033e+01
-1.681661779541762769e+01
-6.295312018352072769e+00
-4.891070006590886265e+01
-1.160681118641982756e+01
-6.951631779544659828e+00
-8.133364457167790107e+00
-9.117541697201669848e+00
-3.778613513715293948e+01
-1.626646275213377280e+01
-2.924078140441890739e+01
-1.042249219793328407e+01
-3.823284888409678928e+01
-1.426097450254310139e+01
-2.029891766628390570e+01
-2.336059543908021752e+01
-2.496395977483246043e+01
-3.358172187520327867e+01
-6.337278916233018755e+00
-2.034486563131029513e+01
-1.826187980612439077e+01
-3.225897099880185692e+01
-3.263493179256830956e+01
-3.285971098851024408e+01
-2.693869985426669089e+01
-1.225723731809647532e+01
-5.144974974800727807e+01
-1.222721484160499905e+01
-1.740533985357714997e+01
-1.110191646433933599e+01
-2.906059435554212556e+01
-9.141800841749198270e+00
-1.098344284613053468e+01
-8.083929899857466239e+00
-4.071872710727443945e+01
-3.870021303002420865e+01
-1.510659084805811503e+01
-2.754685928469218226e+01
-2.412567649336649467e+01
-4.128930154493176019e+01
-2.443852600663461061e+01
-2.064870061574000815e+01
-8.122491318996779341e+00
-1.716047274242373533e+01
-1.776590417321203930e+01
-2.794460709961158784e+01
-1.652560158247509037e+01
-2.709625296137552297e+01
-1.617913279885150502e+01
-2.979532861503860275e+01
-1.964037261305568549e+01
-2.438438767539712515e+01
-8.990467405437437165e+00
-4.096220539349306478e+01
-2.868651657174889280e+01
-2.748524159817035795e+01
-3.166467957292803703e+01
-7.835896973408401323e+01
-1.247993085120325585e+00
-1.086887228869787947e+01
-2.387481386385166005e+01
-4.971102707568503121e+01
-1.648808028892864996e+01
-4.128184315021741213e+01
-1.251779832239080470e+01
-9.532395094970212313e+00
-2.377827156331771441e+00
-1.138411861960196703e+01
-1.161750052873678030e+01
-2.969919960363265687e+01
-2.243011210921182652e+01
-8.971893252349815384e+01
-2.341889575487924446e+01
-2.932845991859518975e+01
-2.288273408388603158e+01
-2.177028615600343642e+01
-2.523336661304466588e+01
-2.818393867011054610e+01
-2.704539233325852976e+01
-2.290252843639732205e+01
-1.697506672728632893e+01
-1.406986384777590438e+01
-1.957382621042954796e+01
-2.478475756847212352e+01
-2.371543225658397702e+01
-2.406467494429087139e+01
-1.073827636422884524e+01
-2.302371567491267612e+01
-1.384844131245828613e+01
-1.495563969200354393e+01
-2.928030738732146787e+01
-2.145161000000216589e+01
-2.733211288890823809e+01
-2.460458163664650311e+00
-2.713823322125602644e+01
-1.964037261305568549e+01
-6.648429263432699798e+00
-1.563073696291801795e+01
-1.161290949628778257e+01
-2.891762408341945445e+01
-2.267081465315754230e+01
-7.644107894909855538e+00
-4.361440808476838527e+01
-1.467849786163744064e+01
-1.174147414012611179e+01
-3.057214745756975205e+01
-2.561833241546114248e+00
-2.839095719265612416e+01
-2.285003586075177040e+01
-4.432971929647386133e+01
-2.412567649336649467e+01
-2.264255173868244242e+01
-1.773611237123907003e+01
-8.838376347917198927e+01
-1.184418512513322597e+01
-5.429140424772142204e+00
-2.952177220579779160e+01
-8.637169651247765501e+01
-2.658373421503527823e+01
-1.492527701097915127e+01
-1.668252291830427581e+01
-1.043361651760789144e+01
-1.033715200767095510e+01
-1.977197375933782553e+01
-1.213367050462631980e+01
-2.876917160613336222e+01
-8.639314909992083358e+01
-2.348163789399974277e+01
-4.161266420437858216e+01
-2.904777717151061722e+01
-3.061885559412761282e+01
-2.732008524311521924e+01
-2.317869282474011783e+01
-3.252754397187214153e+01
-3.550292156581303971e+01
-2.476513257166526571e+01
-8.409594881894680896e+01
-3.307314056912844080e+01
-1.283488741513805742e+01
-3.065031801921759680e+01
-2.377986512841317079e+01
-1.384844131245828613e+01
-3.683452093119230142e+01
-1.560249484458315017e+01
-8.478455421615470300e+01
-3.844149672006325602e+01
-3.781887187504447212e+01
-2.959588299491922569e+01
-3.568435128340101414e+01
-2.762863890889616769e+01
-1.557613058522789018e+01
-2.285003586075177040e+01
-9.371777675861052259e+00
-1.311014383044401832e+01
-1.547993085120325629e+00
-1.247993085120325585e+00
-2.190707533082907688e+01
-8.659958001475199296e+01
-1.595607156795045434e+01
-3.430324676089200864e+01
-1.651694928046852340e+01
-2.590487895533168228e+01
-8.541660537195596703e+01
-3.511174512474434550e+01
-4.202837594758059936e+01
-8.725165563352639708e+01
-1.406355920839076390e+01
-6.106726181693579036e+01
-4.231289613244233294e+01
-3.067367117044407721e+01
-1.591395921285476334e+01
-1.250453178690454870e+01
-3.795261993765331709e+01
-1.018411861960196774e+01
-1.042804422494670646e+01
-2.595484624943236440e+01
-1.253649634562236592e+01
-2.197655589296401502e+01
-2.490111218641978752e+01
-2.732433593488012136e+01
-1.820549285086716651e+01
-2.164274054231301747e+01
-1.010808143061512077e+01
-6.869215929482257899e+00
-2.006331141467033419e+01
-2.088081033150505306e+01
-3.875016274875542166e+01
-2.943809747427728141e+01
-6.867808862045730045e+00
-3.694882730833396067e+01
-2.172280007218231290e+01
-2.078987029118599850e+01
-2.280173821417722024e+01
-8.714497082117675575e+01
-2.429150383366848232e+01
-2.561833241546114248e+00
-6.199683688349964861e+00
-9.742827271307872294e+00
-1.379336454982674987e+01
-1.310337237704921343e+01
-9.661221664015142707e+00
-3.545639165420250549e+01
-2.809507329171364276e+01
-2.718524159817035724e+01
-1.764409216787219137e+01
-3.780984081473864933e+01
-3.980290299575749202e+01
-3.321063283606403616e+01
-2.935773967085548009e+01
-3.389369234909053574e+01
-1.246923335037630487e+01
-6.612968633069834823e+01
-3.948107590834310798e+01
-2.341443927657944002e+01
-8.205868555382078711e+00
-5.305638006229278858e+01
-1.219502744828239749e+01
-8.261636287967398573e+00
-1.050339642403939422e+01
-2.908113253434609291e+01
-2.436798400455102964e+01
-1.365336118501964258e+01
-2.249659471336069316e+01
-1.384844131245828613e+01
-3.944248172701743727e+01
-3.079029933636937955e+01
-2.932855123988424140e+01
-1.588118975257819265e+01
-2.418723942149874517e+01
-4.560676069839887603e+00
-4.933031591878602029e+01
-1.368716920702927808e+01
-8.492960467389549706e+01
-8.395658066215954562e+00
-1.225439658032200541e+01
-1.365336118501964258e+01
-3.578562365870993744e+01
-2.576241424220993181e+01
-2.460458163664650311e+00
-2.977219296337971244e+01
-1.464676125282621300e+01
-2.543474778995292240e+01
-1.246923335037630487e+01
-7.733714049739416119e+00
-2.249659471336069316e+01
-1.421749201470377599e+01
-1.157761105975954230e+01
-1.310337237704921343e+01
-8.525853224650718687e+01
-2.915908324317257438e+01
-1.365336118501964258e+01
-4.261261825880573184e+01
-2.480196982492515545e+01
-2.801806457626269165e+01
-2.766343673793988600e+01
-2.751130057953055896e+01
-1.077108283847777592e+01
-7.604847621979383909e+00
-2.386112938444235709e+01
-2.099678291725714629e+01
-2.612385384654705334e+01
-2.748524159817035795e+01
-3.556749182647936181e+01
-1.335340260536228563e+01
-2.566100603501733701e+01
-2.249659471336069316e+01
-2.115747314862768746e+01
-2.231380957515414920e+01
-2.554490752287694022e+01
-1.384844131245828613e+01
-1.557129685030380983e+01
-2.658389945365091833e+01
-2.389509987356219867e+01
-3.525161249243926420e+01
-2.194736524923787258e+01
-3.603452470271567165e+01
-3.045240388170476464e+01
-2.787231260366861108e+01
-1.375688931722114816e+01
-1.884749051930090502e+01
-2.244553621272185495e+01
-2.834965362541835887e+01
-2.456343690727041107e+01
-3.008157274884262122e+01
-2.308787212891373031e+01
-2.778575445262627852e+01
-8.422491318996780052e+00
-7.604847621979383909e+00
-3.109733626835474851e+01
-1.018411861960196774e+01
-9.853355733297391339e+00
-2.218856015457805242e+01
-2.403916170889241499e+01
-6.311278027200224905e+00
-2.355034527473140926e+01
-3.135630014097680274e+01
-5.166510847261574391e+00
-2.377215193985427533e+01
-8.605379474949957697e+00
-2.372405527644909284e+01
-2.941835708293217166e+01
-2.069003672345166223e+01
-2.449265630930403503e+01
-3.039774822765147277e+01
-2.783400021389188339e+01
-2.642322506141529459e+01
-1.808528441748845950e+01
-1.331278124552748743e+01
-1.050339642403939422e+01
-5.319015148902923329e+01
-4.368483206175007894e+01
-3.550049179059671189e+01
-1.923663691461177550e+01
-1.021988278446000109e+01
-1.069372847859382247e+01
-2.095856294437633593e+01
-2.093118803540380668e+01
-3.724185063133683116e+01
-2.520287755727145296e+01
-1.107124474535912562e+01
-3.307753163333816104e+01
-2.371543225658397702e+01
-4.201852912148680019e+01
-2.962177805276031606e+01
-4.159599690901918478e+01
-3.941165663014842124e+01
-1.907887074521900672e+01
-1.048937378406111520e+01
-8.241475106106378234e+01
-2.334411082528753667e+01
-6.341196124110138221e+00
-2.238214049942197548e+01
-1.950894691342551468e+01
-4.355862080956062243e+01
-1.560458163664650399e+00
-4.369919035033507981e+01
-2.509759559715711674e+01
-8.261636287967398573e+00
-8.122491318996779341e+00
-2.688602530218290809e+01
-4.260726098749638879e+01
-5.243961926013013652e+01
-2.350268423689026775e+01
-6.139616583606677835e+00
-2.210326232836052540e+01
-2.164343864834979669e+01
-2.563721200817853330e+01
-8.122491318996779341e+00
-1.247993085120325585e+00
-1.215313465844680429e+01
-1.794822844784566485e+01
-2.301955477432039388e+01
-1.810494916477323812e+01
-3.429057445573526763e+01
-2.370508706901057394e+01
-8.613525864536573096e+00
-1.762545732539850007e+01
-3.724185063133683116e+01
-2.927342310088313937e+01
-2.373953906312479845e+01
-4.066403485866868550e+01
-1.634449963136653494e+01
-1.815489109650106769e+01
-2.365338497270078122e+01
-3.130344748699429758e+01
-2.359878435110952211e+01
-8.422491318996780052e+00
-2.624769646454332062e+01
-1.892117301274874563e+01
-1.756301115946368441e+01
-2.038895939735482798e+01
-3.280649600658489362e+01
-1.419299404491848726e+01
-2.923614054789493366e+01
-2.421108118835813272e+01
-3.177439221952048598e+01
-2.080058039826456806e+01
-8.381269752546472773e+00
-2.347127171173198690e+01
-1.688617130684675161e+01
-2.249659471336069316e+01
-8.540136384744005227e+01
-8.923477619325979049e+01
-2.496082845164245256e+01
-5.213421638209980102e+01
-1.386516431747572398e+01
-8.122491318996779341e+00
-1.438202211918768647e+01
-1.024809553796627348e+01
-1.011767209380398214e+01
-1.253554645387000832e+01
-3.472581150641031655e+01
-8.485672590344750077e+00
-3.673550459903930232e+01
-1.504234521034686978e+01
-8.263883405856290665e+00
-1.284720148207038193e+01
-8.914420743372895117e+01
-5.684789894750507244e+01
-1.768850610811630375e+01
-3.254920492528744091e+01
-2.218856015457805242e+01
-2.234408259492206028e+01
-1.007503956074212503e+01
-6.685672590344750255e+00
-8.122491318996779341e+00
-6.374266577339318118e+00
-2.442290843134603051e+01
-2.470693899636754765e+01
-3.967456233440150015e+01
-2.576906356269253706e+01
-2.484003617412185960e+01
-8.192204681651853093e+01
-1.090185346890574358e+01
-2.273448318652540223e+01
-2.100049620326418776e+01
-1.616640470298857934e+01
-2.024129149596443611e+01
-1.886046290318694574e+01
-6.110762644577953040e+00
-2.636573412757750390e+01
-3.513188882231337118e+01
-1.724372242343738293e+01
-2.008402809061462690e+01
-7.407194547671068996e+00
-1.384844131245828613e+01
-2.661887020831286677e+01
-2.373953906312479845e+01
-5.053196781715034547e+01
-3.724185063133683116e+01
-2.603848880275562294e+01
-9.796537355563508243e+00
-1.393189508152244649e+01
-2.561833241546114248e+00
-3.418683929282254752e+01
-2.163944219714359107e+01
-8.133644754158721568e+00
-2.775340693071757769e+01
-1.918873950841928178e+01
-2.636174039334864716e+01
-1.253554645387000832e+01
-2.487417921470877857e+01
-7.604847621979383909e+00
-2.112372142082966064e+01
-8.830478131440436584e+00
-2.203733146072068294e+01
-1.229253035524807025e+01
-3.724185063133683116e+01
-2.931706519192402283e+01
-3.895062089368492053e+01
-2.083720735108534328e+01
-1.239646608253091742e+01
-7.207208009957390971e+00
-1.300943061431916448e+01
-9.371777675861052259e+00
-2.485107414566717665e+01
-2.908105395281156191e+01
-1.004833999989086735e+01
-2.249659471336069316e+01
-1.447978045567542438e+01
-1.188914905238041619e+01
-2.614373177383820845e+01
-1.790132815235052277e+01
-6.824670091827337615e+01
-8.261636287967398573e+00
-2.619030816992291122e+01
-1.260458163664650577e+00
-4.178724063672255085e+01
-4.119758349401990216e+01
-1.998479838020930188e+01
-7.728285262371349162e+00
-8.122491318996779341e+00
-2.147915839793419224e+01
-5.056641927028937289e+01
-1.590101032712046170e+01
-2.233972729021223813e+01
-2.699215042003543630e+01
-1.384844131245828613e+01
-1.971783255606516150e+01
-2.125252614004866558e+01
-2.844867051172482419e+01
-2.959181975815659271e+01
-3.960676069839886626e+00
-2.211623233655887688e+01
-2.337648635085584914e+01
-2.323034742551862664e+01
-2.106891132426152424e+01
-1.553576650476036392e+01
-1.399381663482649074e+01
-1.018411861960196774e+01
-1.018411861960196774e+01
-8.849633949981576109e+01
-5.319015148902923329e+01
-2.249659471336069316e+01
-2.580324341169536950e+01
-2.987723200262527357e+01
-1.365336118501964258e+01
-6.393083902903113014e+00
-3.402946952692663274e+01
-7.207865859921574803e+00
-1.210983074733420395e+01
-3.087937850352560076e+01
-1.132500528426444220e+01
-2.406628453464038842e+01
-2.881667819542450104e+00
-1.217202592017071794e+01
-6.603228107049960727e+01
-4.313657960764145827e+01
-1.769544622844163229e+01
-2.223401146636565429e+01
-2.621008867906049744e+01
-6.327696832384462056e+01
-1.157761105975954230e+01
-2.555011283181924142e+01
-2.522007720388495500e+01
-6.266185838086674842e+00
-8.875835269084225843e+01
-2.561833241546114248e+00
-7.998631011481435849e+00
-3.316648154191281606e+01
-2.228595101487939800e+01
-3.753794298238703675e+01
-1.415391912892158288e+01
-2.571522413191437195e+01
-1.731526321372309241e+01
-5.107076190389491899e+01
-1.695688692157536792e+01
-3.082767186618984567e+01
-1.229475069014337052e+01
-4.726568056720014965e+01
-9.459287342911904872e+00
-2.517106782418052902e+01
-7.337055536157370739e+01
-1.776696458375690213e+01
-1.485292259412174509e+01
-3.296092236124335528e+01
-1.101776224896446266e+01
-2.593345465114959580e+01
-2.718524159817035724e+01
-3.283763511168150728e+01
-3.562013409032445566e+01
-2.104741908211390111e+01
-2.622090139308446766e+01
-2.071210727931496365e+01
-1.560458163664650399e+00
-2.373828896133887412e+01
-2.915174465354294853e+01
-2.072764800913100203e+01
-2.622589840809386175e+01
-1.675653078146624253e+01
-7.604847621979383909e+00
-3.829076556994814950e+01
-7.243925636063630158e+00
-4.590757110514788053e+01
-1.732178757058061080e+01
-5.562884148510257631e+01
-2.283035416133835582e+01
-5.462650265103906122e+01
-8.894417480499602391e+01
-8.398617538729463661e+01
-3.169029261094423333e+01
-3.081631193391189960e+00
-1.346005095131258855e+01
-2.182431729602091508e+01
-1.026885689197598950e+01
-2.884384810196935334e+01
-8.996321983524035204e+01
-1.090463603517752489e+01
-2.125629279120623849e+01
-3.262784887384992061e+01
-1.794822844784566485e+01
-2.012964551712307326e+01
-1.699623721763074258e+01
-3.446518456781954853e+01
-3.954905138622070382e+01
-1.260458163664650577e+00
-2.337648635085584914e+01
-3.933592117810248823e+01
-2.916018574806611241e+01
-3.051648412471674732e+01
-5.477444604507305570e+01
-1.188914905238041619e+01
-2.853340153997357742e+00
-2.828957618177318167e+01
-2.215135164514202870e+01
-2.754648164972736524e+01
-1.815218935803603983e+01
-1.384844131245828613e+01
-1.771621833654547729e+01
-2.534559366196777574e+01
-2.248584283505100245e+01
-3.069060835480822291e+01
-9.371777675861052259e+00
-1.742933490792533036e+01
-2.750016317568141488e+01
-2.757923590885894072e+01
-1.260458163664650577e+00
-1.384844131245828613e+01
-3.724185063133683116e+01
-5.464371481956898435e+01
-3.916546031142324580e+01
-2.297475363538837811e+01
-1.724148492574005331e+01
-2.968797678265733353e+01
-3.366742690489659395e+01
-6.868159926281332162e+01
-8.424866584565203098e+00
-2.393678533009836684e+01
-2.767904912253615279e+01
-4.175777419454137629e+01
-1.026885689197598950e+01
-3.208411487738094792e+01
-1.343656499633034151e+01
-2.026090649841211544e+01
-2.619524208561984224e+01
-1.403394572458126532e+01
-2.415025415780868911e+01
-2.084561578163566509e+01
-2.196252140912443807e+01
-2.564652056704629146e+01
-2.119772757616314607e+01
-1.890190168719857056e+01
-2.612912741112505799e+01
-1.855883798992357825e+01
-1.073865594908614618e+01
-2.412721161806011594e+01
-2.449087946119175641e+01
-2.196252140912443807e+01
-3.088688271335890789e+01
-2.794819294809745713e+01
-5.196948444091545838e+01
-2.160004345658119007e+01
-2.725865774927595453e+01
-4.404511380851521096e+01
-1.135016269149857493e+01
-2.655990039553502413e+01
-2.182012423400914258e+01
-3.724185063133683116e+01
-2.775496455031240473e+01
-3.702735247671490271e+01
-1.970887039108128391e+01
-6.067409227651747727e+00
-8.840485285647527292e+01
-2.348032026868198585e+01
-2.879675350927879407e+01
-1.493792523582426668e+01
-1.956366316918400727e+01
-1.026885689197598950e+01
-7.211278027200224372e+00
-2.472035681006004637e+01
-8.537773093459058771e+00
-2.027061104165005290e+01
-2.427255756834087563e+01
-2.111452881021836703e+01
-1.669701795440715131e+01
-1.635834308079248700e+01
-3.011547813242344063e+01
-4.225438919157969764e+01
-6.276833268218376105e+01
-1.980995574006576732e+01
-8.406811843458619649e+01
-1.954069509167471352e+01
-2.134655916720065605e+01
-2.942689726026825170e+01
-8.165381165407481490e+01
-1.415656201911939682e+01
-1.235667216031940185e+01
-2.468553228274182842e+01
-9.702133271243111423e+00
-1.384844131245828613e+01
-2.178191984224061528e+01
-2.346698331452091679e+01
-1.076450016805531540e+01
-1.613591471900888763e+01
-1.782272352315530028e+01
-2.561833241546114248e+00
-1.365336118501964258e+01
-2.863979308844049498e+01
-1.971682097354099383e+01
-1.719868053549323150e+01
-3.999726133889995339e+01
-2.098668374841144768e+01
-1.524650750121216625e+01
-7.604847621979383909e+00
-2.525407378972003514e+01
-1.050339642403939422e+01
-2.490706638610943813e+01
-2.415832934915041363e+01
-3.784606206495039515e+01
-1.667658300807147498e+01
-3.168658242846004214e+01
-2.133897945681536257e+01
-2.108384701137975270e+01
-1.282477723883766529e+01
-1.978793774356230628e+01
-2.388954158413542928e+01
-1.209725724373931754e+01
-1.910331621861560691e+01
-1.469923789331742014e+01
-2.276398590445277037e+01
-1.188914905238041619e+01
-2.183136411221148165e+01
-3.202188824375378573e+01
-2.682695009472085701e+01
-2.311382783946295305e+01
-2.779207122622063153e+01
-2.561833241546114248e+00
-5.985654267748857116e+00
-1.833508629671241863e+01
-1.192518228619409015e+01
-3.877752904277951274e+01
-2.129946922835836531e+01
-3.234529203201015690e+01
-8.122847346945460956e+00
-4.259450939478033149e+01
-2.193925157613871235e+01
-2.397027518918212508e+01
-5.789045262636737732e+01
-3.180883406206788422e+01
-3.698362845827898582e+01
-3.594073653422810111e+01
-1.735430486762360758e+01
-1.153533363140608969e+01
-1.789592140742180604e+01
-1.672795729987196367e+01
-2.344025494834618328e+01
-1.494678000747876290e+01
-1.903522480610796919e+01
-2.945853060962667413e+01
-6.375011212034781494e+00
-1.384844131245828613e+01
-9.073727325559781676e+00
-3.209502945806016072e+01
-1.255707394754061035e+01
-3.469795467871425387e+01
-3.724185063133683116e+01
-1.692897089496655028e+01
-1.529843400585562030e+01
-2.179669512233771655e+01
-2.536382503309118519e+01
-2.884623050767216412e+01
-9.475178541062423676e+01
-2.540735846073520321e+01
-1.343656499633034151e+01
-1.695174838661936434e+01
-2.277660282251102686e+01
-1.541366897527703372e+01
-2.199803481261595550e+01
-1.384844131245828613e+01
-3.116563441692772329e+01
-2.296087081271681285e+01
-3.880119369469097634e+00
-1.788763694001361415e+01
-2.352533373644336123e+01
-3.724185063133683116e+01
-3.181470977655416732e+01
-9.448825595428438362e+00
-2.646243578073325864e+01
-4.748925454381286215e+00
-7.604847621979383909e+00
-1.657968740065434332e+01
-8.777611698925257144e+01
-6.067409227651747727e+00
-3.134552141395161229e+01
-2.285237960641896748e+01
-2.439411218528644554e+01
-1.008407160312618878e+01
-1.050339642403939422e+01
-1.343656499633034151e+01
-4.093706822163083814e+01
-2.311622662349226687e+01
-2.536458623844848503e+01
-1.518039729360090107e+01
-3.179883583143870851e+01
-2.628726094335051400e+01
-3.299975057360445874e+01
-2.284435820004808093e+01
-2.099658239947550697e+01
-4.349209971046564505e+01
-1.771636276114318420e+01
-2.718524159817035724e+01
-3.107736229421690410e+01
-1.613590374167944930e+01
-1.018411861960196774e+01
-2.093118803540380668e+01
-3.350704999366733006e+01
-1.156764603727400775e+01
-2.518058586146267430e+01
-3.781409341792443968e+01
-7.604847621979383909e+00
-5.156869429080283140e+01
-3.252799647101907254e+01
-1.833626110403541531e+01
-7.164396301880129769e+00
-2.253387747347034775e+01
-2.512881429342326811e+01
-2.916018574806611241e+01
-1.375940453570744992e+01
-8.641519063648048871e+01
-2.164645464277221265e+01
-3.885929070622121628e+01
-1.773179647720969498e+01
-7.764305719858748844e+00
-7.909477056711931908e+00
-2.602001931828968395e+01
-2.532440966126590354e+01
-1.888261783632043844e+01
-6.213716073965088782e+01
-3.635309783498958325e+01
-2.091447907383747307e+00
-2.681364984160670772e+01
-1.672795729987196367e+01
-7.091169215820931981e+01
-3.408634235288763392e+01
-3.388984182454894523e+01
-2.718524159817035724e+01
-8.331870810962249152e+01
-3.379901780241143427e+01
-9.371777675861052259e+00
-6.443565436214964848e+01
-2.759459426874159504e+01
-1.541324904792407935e+01
-6.192726487867975749e+01
-1.657968740065434332e+01
-9.335792692368405810e+00
-2.718524159817035724e+01
-4.117323020752441209e+01
-2.791207189782647191e+01
-5.504860389228694117e+01
-7.894222959986245236e+00
-1.305934165557937376e+01
-3.062356892711309797e+01
-1.005679568440179317e+01
-3.655650251012262686e+01
-7.882789787337583221e+01
-2.779066690783848870e+01
-7.353098943438465263e+00
-1.384844131245828613e+01
-1.018411861960196774e+01
-2.163309860073233892e+01
-2.902035724577067910e+01
-2.620228219361077748e+01
-2.093114194206360068e+01
-2.718524159817035724e+01
-2.631999418609862218e+01
-1.810463249089502469e+01
-2.586986946310646474e+01
-2.601640975263965672e+01
-1.260458163664650577e+00
-2.654998847110708482e+01
-3.789323889481638474e+01
-3.844883908260688798e+01
-3.589730001781398983e+01
-1.629371714724506859e+01
-5.901887078519825280e+01
-8.380460329604284553e+00
-2.589414222328239035e+01
-8.909477781338877378e+01
-2.249659471336069316e+01
-5.366820107225992587e+01
-2.383992730383895875e+01
-1.184364525968745596e+01
-8.904553929439575199e+01
-2.620227027956538279e+01
-1.050339642403939422e+01
-2.064200561746746132e+01
-2.709612826430957000e+01
-1.960403546511727413e+01
-5.281746771408653984e+01
-3.600914644739987835e+01
-3.724185063133683116e+01
-2.718217579128169703e+01
-5.243759677329453694e+01
-3.532086127491823646e+01
-2.331634415126585580e+01
-3.687819811603256426e+01
-2.363647587610880407e+01
-2.634504584497788571e+01
-2.772583944460487615e+01
-1.018411861960196774e+01
-3.820847083509982411e+01
-3.109065911405332017e+01
-2.263781029845122816e+01
-2.249659471336069316e+01
-2.539608264237440238e+01
-5.234458249614003478e+01
-4.115451546908465730e+01
-2.455904710519225631e+01
-3.232427055204382782e+01
-3.274160905811739042e+01
-3.574135297054971261e+01
-1.146901863389520848e+01
-2.376849446906848229e+01
-1.855883798992357825e+01
-2.483169498946050879e+01
-8.261636287967398573e+00
-2.203283615301740284e+01
-1.253554645387000832e+01
-2.348032026868198585e+01
-4.232697582509474188e+01
-1.018411861960196774e+01
-8.417193671415125777e+01
-1.998018700497042133e+01
-2.509212134332827659e+01
-2.363285904032942852e+01
-3.064990394487134395e+01
-1.285920140987488836e+01
-2.648731425927408267e+01
-2.785634744796157847e+01
-1.457135499415358026e+01
-8.659950870765516839e+00
-2.247794313386573606e+01
-2.173209364806816879e+01
-1.541366897527703372e+01
-3.622365628472975629e+01
-8.982364260121039834e+00
-7.604847621979383909e+00
-3.274232403538221803e+01
-8.680460329604283487e+00
-2.558097747268125843e+01
-1.419859873793611094e+01
-7.604847621979383909e+00
-3.876126004116999724e+01
-8.845538942517853798e+01
-9.405058998621401045e+00
-1.147817926123571119e+01
-3.766536619433570365e+01
-1.247993085120325585e+00
-3.724185063133683116e+01
-2.875144573920274382e+01
-2.878987348147814984e+01
-1.050339642403939422e+01
-5.231685769113378903e+00
-1.215342370332966659e+01
-8.253098943438464730e+00
-1.647619233517949411e+01
-3.272337396324523695e+01
-2.392671781076298032e+01
-8.135934240467200596e+00
-1.044153784917849315e+01
-2.081005567816559321e+01
-2.813171482298493942e+01
-3.141056015982751859e+01
-2.117164373955374401e+01
-2.569580528375250239e+01
-2.594798523345205510e+01
-1.566252446523571962e+01
-4.861488964993676376e+01
-1.838233742507090795e+01
-1.365336118501964258e+01
-2.244588649123556223e+01
-1.821608804496464984e+01
-2.967711538040025943e+01
-2.819158974914367732e+01
-9.695877658111344388e+00
-4.071952772755676619e+01
-3.799761334393014067e+01
-6.586890411610661467e+00
-3.545368894635662116e+01
-1.656227509523101915e+01
-3.142292821783436807e+01
-9.054590182969567635e+00
-2.297475363538837811e+01
-4.148655025316494971e+01
-2.927764735180539191e+01
-8.380460329604284553e+00
-1.786090994969057277e+01
-3.027665868078097944e+01
-2.982354154815194747e+01
-5.568387246960113401e+01
-1.050339642403939422e+01
-2.414811673807069781e+01
-1.573709364933106514e+01
-7.211278027200224372e+00
-1.365336118501964258e+01
-2.018055888963478495e+01
-2.188604441015827717e+01
-2.718524159817035724e+01
-4.056430683493532996e+01
-2.878352361848483199e+01
-2.692482796865647288e+01
-1.260458163664650577e+00
-1.365336118501964258e+01
-3.159722053556056665e+01
-1.018411861960196774e+01
-2.114576066222453576e+01
-1.534684917756241695e+01
-7.053098943438465440e+00
-2.878625205912798179e+01
-2.523370465462441814e+01
-8.106637496105034302e+01
-2.444043470579308064e+01
-3.582297263640373330e+01
-2.297446855738462901e+01
-2.410596976104269018e+01
-1.170404222858688392e+01
-2.538693794250630376e+01
-1.904067463646632419e+01
-3.318366264270829902e+01
-2.962665648452512102e+01
-1.779419838191841308e+01
-8.122491318996779341e+00
-8.122491318996779341e+00
-1.817416476315692719e+01
-2.684117521487496916e+01
-1.439993269010039967e+01
-2.718524159817035724e+01
-1.718214914601161070e+01
-2.110655228686310991e+01
-3.030342661154622519e+01
-1.665838088702091824e+01
-9.838947898026447092e+00
-3.177547336204751005e+01
-9.371777675861052259e+00
-2.631383002980678398e+01
-2.108912812242062174e+01
-6.226730059418859042e+01
-2.002053950857966669e+01
-5.235758192219689988e+01
-3.333246064851398671e+01
-1.610602560447637188e+01
-7.938961999668106451e+00
-2.553966266706306953e+01
-3.411545570708140929e+01
-3.192332239333837762e+01
-7.552148538411521450e+00
-1.342090415327616526e+01
-2.339861753539207001e+01
-2.620464109281877541e+01
-3.679318797500565807e+01
-1.026885689197598950e+01
-2.718524159817035724e+01
-1.761488024742738645e+01
-1.050339642403939422e+01
-1.986060969687401467e+01
-1.943814167102477697e+01
-2.660757249239671651e+01
-3.095218954273824252e+01
-3.210800282617102397e+01
-2.482169532113806909e+01
-2.561833241546114248e+00
-6.067409227651747727e+00
-2.157135006595175142e+01
-2.616846902783756690e+01
-2.509053628851618356e+01
-1.050339642403939422e+01
-1.044271128977685059e+01
-2.718524159817035724e+01
-3.104030951572675079e+01
-2.268195596121496393e+01
-2.767887389998306702e+01
-2.723957124749616909e+01
-1.660860134536812538e+01
-3.216395836110731210e+01
-2.571113557717316667e+01
-2.249659471336069316e+01
-4.607508346038550684e+01
-2.561833241546114248e+00
-2.118587307689621113e+01
-8.122491318996779341e+00
-2.747733575473229806e+01
-1.703615898037595500e+01
-4.056430683493532996e+01
-3.039035385704796965e+01
-2.765273352874030977e+01
-2.393903142409360640e+01
-9.371777675861052259e+00
-9.502528301134566036e+00
-3.180333634762054729e+01
-2.611481882273063704e+01
-3.117936972594564793e+01
-3.007768013019127551e+01
-2.725116312993374024e+01
-1.188914905238041619e+01
-1.695174838661936434e+01
-1.695838088702091895e+01
-2.647984312274532215e+01
-1.997670194260240839e+00
-3.229959116163912114e+01
-9.371777675861052259e+00
-9.371777675861052259e+00
-3.508134599535696907e+01
-9.371777675861052259e+00
-8.735792692368406165e+00
-2.268893682669549605e+01
-2.351264348596282616e+01
-1.657968740065434332e+01
-7.997127912703192898e+00
-2.297475363538837811e+01
-2.618631421814035676e+01
-1.372834986154862058e+01
-2.992311494090103707e+01
-2.078893250684025773e+01
-7.604847621979383909e+00
-6.067409227651747727e+00
-3.548338836924617823e+01
-1.247993085120325585e+00
-2.297475363538837811e+01
-1.946846295719541331e+01
-1.572372858465845802e+01
-4.056430683493532996e+01
-2.350985972306872540e+01
-3.350094484434482922e+01
-1.253554645387000832e+01
-2.090641666049443970e+01
-3.293374879412244383e+01
-8.222451186361537268e+00
-1.963120588961488266e+01
-1.604398927121901508e+01
-2.470503441999133898e+01
-8.648826517254950375e+01
-1.176068913157670615e+01
-2.860039787274745038e+01
-2.277577802229534143e+01
-3.895660440208840214e+01
-2.737684331208017241e+01
-2.838476260674867646e+01
-6.847267554204733209e+00
-2.419803038366388392e+01
-2.549918884173315448e+01
-2.611597751684290714e+01
-1.967525948185788209e+01
-1.219502744828239749e+01
-2.718524159817035724e+01
-2.840156521840875214e+01
-3.765348178028685311e+01
-3.047400362475286073e+01
-2.058096288762046910e+01
-3.945198406221081200e+01
-7.040526791794465389e+00
-2.211860193535992991e+01
-2.961591906926907924e+01
-1.365336118501964258e+01
-3.132348802488258244e+01
-1.463822567734515800e+01
-3.784603043118246291e+01
-8.956905147465532124e+00
-5.422170272901947641e+01
-3.301495693333600201e+01
-1.018411861960196774e+01
-8.592147646770864355e+01
-3.093876914425976210e+01
-8.530824710059730975e+00
-9.462916100918342011e+00
-2.913100913129783365e+01
-1.940602675337196459e+01
-6.067409227651747727e+00
-2.623777156666393395e+01
-1.370924090210831991e+01
-8.537773093459058771e+00
-2.498178479120460693e+01
-3.242870591833870719e+01
-1.833492131166149264e+01
-2.561833241546114248e+00
-3.802068211285084942e+01
-2.377381691411127207e+01
-1.018411861960196774e+01
-3.649664751268769436e+01
-2.968797678265733353e+01
-2.913395091669988091e+01
-3.223038386428448376e+01
-9.270353345139342949e+00
-2.093608080650920655e+01
-3.736800817441576328e+01
-3.724185063133683116e+01
-3.145913314795208748e+01
-8.483980549725539788e+01
-1.744745764170964009e+01
-3.164808663596251037e+01
-1.050339642403939422e+01
-1.717660934381282090e+01
-2.132347710564618382e+01
-4.476009494585866122e+01
-1.234521817732175819e+01
-7.728285262371349162e+00
-1.463822567734515800e+01
-6.006971241398005645e+01
-5.559361620477207566e+01
-2.349054626221232311e+01
-3.646780190549278711e+00
-9.220392009888412232e+00
-8.122491318996779341e+00
-4.861488964993676376e+01
-2.475488888633389450e+01
-1.471020585007241799e+01
-2.538745675847554395e+01
-3.210838128479949916e+01
-1.026707114161387757e+01
-1.365336118501964258e+01
-1.282090415327616917e+01
-2.903838357148767813e+01
-1.042637651117939868e+01
-1.365336118501964258e+01
-3.232559880518776652e+01
-2.627168015106762056e+01
-1.600872942563610124e+01
-2.599042202884582764e+01
-2.109359911162709267e+01
-5.951690855370586952e+00
-1.240987412593890049e+01
-3.203663869632224248e+01
-2.345029499935775874e+01
-1.879341540814762013e+01
-1.874449713830924935e+01
-8.261636287967398573e+00
-1.938498928111149056e+01
-7.827954420220525833e+01
-2.759800909359424281e+01
-8.261636287967398573e+00
-2.069003672345166223e+01
-1.260458163664650577e+00
-3.210390621539897893e+01
-2.781444603509299895e+01
-3.277682421785708300e+01
-1.188914905238041619e+01
-4.056430683493532996e+01
-2.824958758824473293e+01
-7.891349049719347875e+01
-6.313168429823172545e+01
-2.718524159817035724e+01
-1.476473717409684383e+01
-1.047619889786803427e+01
-2.867387717813792847e+01
-6.007520099746569286e+01
-2.586303350630887721e+01
-2.327057482680097067e+01
-2.331273885330866946e+01
-2.449526417082015683e+01
-1.188914905238041619e+01
-3.050222663049743588e+01
-2.491958767029027300e+01
-1.018411861960196774e+01
-1.586766703717249527e+01
-4.149135488264165161e+01
-2.249659471336069316e+01
-2.083315615671220655e+01
-2.221402500767828059e+01
-3.933190451667589116e+01
-1.384844131245828613e+01
-2.889274534654934001e+01
-7.604847621979383909e+00
-2.427440459783170468e+01
-1.219502744828239749e+01
-3.724185063133683116e+01
-1.230339642403939493e+01
-1.457990906423410848e+01
-3.185624488354004669e+01
-2.713731133799660711e+01
-2.069003672345166223e+01
-2.650167279289214406e+01
-2.249659471336069316e+01
-2.152975375475625697e+01
-1.384844131245828613e+01
-9.358841427828041404e+00
-2.073399358399529646e+01
-4.916239644340325299e+01
-8.591191155272028368e+00
-1.543374092045931079e+01
-1.365336118501964258e+01
-1.684252987449141514e+01
-4.056430683493532996e+01
-2.287856325784276379e+01
-2.978865717119677470e+01
-3.438071799537343765e+01
-2.764206018943318099e+01
-2.069003672345166223e+01
-4.870759095459272459e+01
-2.467068290916892437e+01
-7.164396301880129769e+00
-6.315810064583297390e+01
-1.253554645387000832e+01
-2.147264594944620342e+01
-3.885420448064805043e+01
-1.527947697855893594e+01
-4.037027602953320127e+01
-1.384844131245828613e+01
-6.788096282126120151e+00
-1.219502744828239749e+01
-2.628777910755036373e+01
-3.117131424333129885e+01
-1.925227980289825425e+01
-1.847306943374256960e+01
-3.627999874894428700e+01
-7.940326641658313633e+01
-1.074612586308042950e+01
-2.593953328134866609e+01
-3.122776080393207110e+01
-2.279902963767195700e+01
-2.002237579068334128e+01
-2.718524159817035724e+01
-8.537773093459058771e+00
-3.266574765692332960e+01
-2.930775824009540287e+01
-2.933547374000679753e+01
-3.099064557827957600e+01
-2.206294181326470039e+01
-4.861488964993676376e+01
-2.609450428228842256e+01
-2.684450889335284529e+01
-4.806231987321861965e+01
-2.549244645324417036e+01
-2.896671987989352104e+01
-1.394991214596126561e+01
-4.292354793850385875e+01
-8.458841427828042825e+00
-1.737545182663765075e+01
-2.516392277336856154e+01
-7.604847621979383909e+00
-1.037462318637868464e+01
-4.537469529197330331e+01
-2.883571109392846310e+01
-1.960252388572866167e+01
-2.718524159817035724e+01
-1.188914905238041619e+01
-3.168088721256387075e+01
-1.969862745573685459e+01
-3.305235222063173239e+01
-8.458841427828042825e+00
-8.243923397641687245e+00
-4.844657784233555020e+01
-2.728227771372389654e+01
-3.196814143031038213e+01
-2.294482686171953745e+01
-2.502553333767362176e+01
-4.861488964993676376e+01
-2.641839498714771040e+01
-2.394436021059182806e+01
-1.980719054327355977e+01
-2.099781009765412776e+01
-2.517811325440922232e+01
-2.713080218332398275e+01
-2.150235622636299837e+01
-1.885518383677402454e+01
-2.748468373893679129e+01
-1.411869841023420236e+01
-2.613193871530122081e+01
-4.056430683493532996e+01
-9.676873644993753132e+00
-2.316310724545069277e+01
-2.145560813435662695e+01
-3.085257623151923312e+00
-3.724185063133683116e+01
-4.056430683493532996e+01
-1.098704576246035636e+01
-1.553254507933477058e+01
-3.033866589363372768e+01
-2.138187778405107764e+01
-3.783372591149117881e+01
-8.789145757687242266e+00
-2.561833241546114248e+00
-1.603747002148234913e+01
-2.663670929552694844e+01
-1.040294978006948767e+01
-2.105373981125719141e+01
-3.067731199772406825e+01
-9.371777675861052259e+00
-1.676857980591595521e+01
-1.430449850106285936e+01
-1.575718666363671794e+01
-4.101172001742516926e+01
-2.237176862622547446e+01
-6.543435085860394906e+01
-3.044185369784445427e+01
-1.260458163664650577e+00
-4.917001773905969486e+01
-1.602083373441723424e+01
-3.098126198056991143e+01
-1.056814926480024397e+01
-2.386071447686313007e+01
-2.409745006205626794e+01
-2.367142946744534981e+01
-4.056430683493532996e+01
-2.862598510234018434e+01
-1.973122533618237640e+01
-2.198192035958259183e+01
-1.040970484463724333e+01
-1.400412387870360043e+01
-1.491198147594924528e+01
-2.427817135264703907e+01
-2.363647587610880407e+01
-2.718799927387216542e+01
-6.390033714421002742e+01
-1.018411861960196774e+01
-2.409820504500974181e+01
-1.412700395903616624e+01
-7.604847621979383909e+00
-7.338467001905025100e+00
-1.875247840208993466e+01
-2.324494120268971642e+01
-8.754392365676402221e+00
-1.824251251040516308e+01
-1.260558780640940846e+01
-1.018411861960196774e+01
-2.794170180269123449e+01
-3.191595735390005473e+01
-2.715816807071639616e+01
-2.528707861435044890e+01
-1.844168159619514569e+01
-2.558073593355321762e+01
-8.803350728851779650e+01
-7.604847621979383909e+00
-7.771154337065587114e+00
-7.164396301880129769e+00
-3.874312751932329491e+01
-2.101652815582499301e+01
-3.045705614033852271e+01
-8.003737550200387574e+00
-2.787126791807925841e+01
-1.970291257488070968e+01
-2.179203678262861743e+01
-6.407564303563265184e+01
-1.572483612222051264e+01
-4.555335990970208115e+01
-1.018411861960196774e+01
-2.678744046769783793e+01
-2.249659471336069316e+01
-7.255005628297186426e+00
-2.046002587284619523e+01
-3.192556278270376069e+01
-1.839176242340811385e+01
-2.532811107378704918e+01
-2.772928517547200755e+01
-2.740976143707759149e+01
-1.042547687858953864e+01
-1.817759621397851433e+01
-6.143158369369006522e+01
-4.971752453252617698e+01
-1.188914905238041619e+01
-8.758841427828043535e+00
-2.718524159817035724e+01
-2.269253635222070287e+01
-2.718524159817035724e+01
-1.247993085120325585e+00
-1.940054835873532113e+01
-3.893408194083103524e+01
-1.018411861960196774e+01
-2.505142091412868055e+01
-3.222270045853967702e+01
-1.919689960513458971e+01
-8.077063684875234628e+00
-2.106013728572516541e+01
-7.164396301880129769e+00
-9.062050596388756318e+00
-5.524890112638723139e+01
-2.249659471336069316e+01
-1.337390662413512210e+01
-2.328093645521641264e+01
-2.718524159817035724e+01
-8.755754237615528623e+00
-1.406752663713460016e+01
-1.643350927599564315e+01
-3.724185063133683116e+01
-4.917001773905969486e+01
-3.724185063133683116e+01
-9.371777675861052259e+00
-2.652196582221248633e+01
-2.471597221310452142e+01
-3.079056743386146522e+01
-2.623774922424987466e+01
-2.465024090694333481e+01
-1.018411861960196774e+01
-2.703533579672922471e+01
-1.687616864341489276e+01
-3.033352297763709871e+01
-6.067409227651747727e+00
-1.756093249686563240e+01
-9.226027820318559236e+01
-8.256056100411019116e+00
-2.054433283249455755e+01
-3.142524693885597387e+01
-1.470745267986405658e+01
-8.818771751757954291e+01
-1.260458163664650577e+00
-2.213687161027843331e+01
-2.267056512470866991e+01
-3.105140403156063655e+01
-7.164396301880129769e+00
-6.039595539871970686e+01
-2.151866375558877920e+01
-2.069003672345166223e+01
-1.879776543618057971e+01
-1.247993085120325585e+00
-1.117177767586105119e+01
-1.188914905238041619e+01
-3.403201731919659068e+01
-2.497441167157444397e+01
-1.046356696369490713e+01
-2.714567756547057087e+01
-2.031837790857147752e+01
-1.686537669564174280e+01
-3.091469017160879318e+01
-1.433174315545447186e+01
-3.809837116286128378e+01
-2.445761588083131954e+01
-4.056430683493532996e+01
-3.274967184736429715e+01
-2.155812931627455953e+01
-1.747660934381282516e+01
-3.331175372760207409e+01
-2.270410667956059569e+01
-3.099317108456164149e+01
-2.526803747930777178e+01
-9.371777675861052259e+00
-1.406239495655270488e+01
-2.465700062132155068e+01
-1.536124595254083580e+01
-2.561833241546114248e+00
-5.036713192897249058e+01
-1.188914905238041619e+01
-2.095275682262622396e+01
-9.601581288588054264e+00
-1.050339642403939422e+01
-1.881403881685798751e+01
-2.458484877244518785e+01
-4.056430683493532996e+01
-2.068109981795566554e+01
-2.742922885795654153e+01
-3.124874964253658050e+01
-2.743260878209007458e+01
-3.202496915545494005e+01
-3.724185063133683116e+01
-2.350914939658460057e+01
-1.892042067152419449e+01
-3.033470579110699106e+01
-3.724185063133683116e+01
-1.172076230200650393e+01
-1.921212897445026613e+01
-1.920490792837261296e+01
-1.247993085120325585e+00
-2.399546833834387982e+01
-9.570805703368970185e+00
-3.923484272769451309e+01
-5.408209310025483774e+00
-1.790609675001261536e+01
-1.384844131245828613e+01
-2.592817427444690637e+01
-2.646398520936673293e+01
-1.018930944472830546e+01
-3.627535200435274021e+01
-2.349788205703087129e+01
-1.896960559805541280e+01
-1.188914905238041619e+01
-2.742439791666172866e+01
-2.718675535812046817e+01
-1.188914905238041619e+01
-1.538621911246111296e+01
-1.384844131245828613e+01
-2.686827711428648513e+01
-1.439377455394771133e+01
-1.593359472746760375e+01
-8.261636287967398573e+00
-4.257638500308723195e+01
-1.158714631318406951e+01
-2.145530305315647013e+01
-2.651920511326083840e+01
-1.833897355157469278e+01
-1.018411861960196774e+01
-3.481020335320683667e+00
-2.363647587610880407e+01
-2.956003874551348432e+01
-3.724185063133683116e+01
-3.928987439113472391e+01
-2.731939632485487834e+01
-2.613405814379632730e+01
-5.975614054724852409e+00
-1.384844131245828613e+01
-2.909040607250116750e+01
-3.310566694734583848e+01
-1.202624000510586733e+01
-2.456332144907491255e+01
-1.810482263790025570e+01
-7.014591090764593417e+00
-2.536778182591828568e+01
-3.456016502654734257e+00
-1.418515953205621294e+01
-5.524098018868306070e+01
-2.266468539269411764e+01
-3.001123655833377768e+01
-3.631533197668734392e+00
-2.561833241546114248e+00
-1.619433835568519697e+01
-3.319075721159550341e+01
-2.139376435515469055e+01
-8.761975689179249116e+01
-2.496344291925309733e+01
-2.069003672345166223e+01
-2.410558687947498768e+01
-3.641194006809519124e+01
-3.019814804624497739e+01
-1.429691652249347378e+01
-3.116750587174740872e+01
-1.547993085120325629e+00
-2.803104764977388541e+01
