-7.497981304122602353e+01
-1.380108980687696203e+02
-4.750199165232679377e+01
-6.665866025301950515e+01
-7.882807911367855525e+01
-3.709562419106173081e+01
-1.124086697304265527e+02
-6.180887698059834179e+01
-6.040054377986319878e+01
-1.862058694125084060e+02
-7.566321043555038273e+01
-7.477825472554501118e+01
-1.167581539723247914e+02
-8.136362421610581919e+01
-1.520240588198685145e+02
-6.797322867571921279e+01
-5.604290890515899548e+01
-6.155567281390534617e+01
-8.150397705236707679e+01
-1.083115782208255240e+02
-6.894768840538100108e+01
-8.449780354466633980e+01
-1.948440383697100913e+02
-7.111602851135479852e+01
-1.910681088965655476e+02
-5.107523089546496919e+01
-5.599274724489880839e+01
-1.087366752664754443e+02
-8.020734342915397974e+01
-7.226492347353577372e+01
-6.265271949689518749e+01
-6.426251273840324529e+01
-4.652437378009928182e+01
-8.168087093990186531e+01
-7.221046000599297088e+01
-4.004306929896498701e+01
-5.686892255545835440e+01
-3.813058421578260493e+01
-1.522328766484850178e+02
-7.095798443248234832e+01
-5.147255035412756996e+01
-3.702034459362060659e+01
-4.307958863744312339e+01
-5.354262868096763839e+01
-1.345639201464269092e+02
-1.751837081445624165e+02
-7.309696688544558185e+01
-1.605174361783566894e+02
-3.750753867677266840e+01
-6.482117834124937872e+01
-5.587429371548451940e+01
-4.535366905238734603e+01
-3.655756643792219762e+01
-4.965269278525714469e+01
-1.050650851314281482e+02
-3.056013686617113123e+01
-5.886191208120040130e+01
-1.088979633870499129e+02
-3.159135753378276945e+01
-2.470823288235929027e+01
-1.322490063024744344e+01
-6.591370949783717492e+01
-3.388871459438963996e+01
-7.726734996766447239e+01
-8.076538116167873227e+01
-2.073501073799134815e+02
-4.896599842395742996e+01
-4.387818111196948223e+01
-7.519749233246571407e+00
-1.030609243435989129e+02
-2.676926261144720698e+01
-1.759566622272374161e+02
-8.206120583499114218e+01
-1.097352350447474834e+02
-8.807835546692305684e+01
-2.942908747704871786e+01
-1.542974224750702206e+02
-1.605028536397531980e+02
-6.625598841677316386e+01
-6.502922559468967734e+01
-9.328115576365004813e+01
-9.049685666956953867e+01
-2.471198880739678927e+01
-7.504978845626189354e+01
-9.830197258945918293e+01
-5.140013407996551109e+01
-2.667546392837989089e+01
-8.995036010256575310e+01
-7.600583962278956562e+01
-5.248090131691073168e+01
-2.884292735989043166e+01
-1.721629989659432738e+02
-2.729173889619770677e+01
-6.248712245241045338e+01
-3.024314434416604769e+01
-2.036173444519235431e+01
-6.792459234316294214e+01
-6.854169526376576016e+01
-2.297650891646437543e+01
-1.300847930047196499e+01
-4.012702014038353582e+01
-5.083874839520964883e+01
-2.916135637717323092e+01
-2.319906149338717682e+01
-6.458337104750088997e+01
-8.559513009862035915e+01
-3.206128531573724416e+01
-3.541692241543291431e+01
-1.604027897454038794e+02
-2.543064226066341504e+01
-9.239393695728651323e+01
-3.272723505620977846e+01
-4.568379620991744616e+01
-7.945590581014016607e+00
-5.056699659998392349e+01
-1.250747083669241704e+02
-7.448749984824212333e+01
-7.959366782142063812e+01
-5.886824806601252646e+01
-4.595134533881773109e+01
-4.046183698418792574e+01
-2.709923944413534969e+01
-1.639380979216169862e+02
-2.102527575651294285e+02
-2.924669046925889759e+01
-7.945590581014016607e+00
-2.090507140544135893e+02
-2.899856850906880723e+01
-3.678778482042504550e+01
-6.889862463508549695e+01
-7.746727375466873866e+01
-8.389277705568726873e+00
-8.233882913557630445e+01
-5.023155076796452079e+01
-7.287821036166332078e+01
-7.107997765586773653e+01
-4.478174093676598488e+01
-6.953607391271644644e+01
-3.087873629784929008e+01
-1.121086977371291482e+01
-5.529611319593968943e+01
-1.280213310143101353e+02
-1.678374782339111704e+01
-7.654760955223899543e+01
-1.978061282694908485e+01
-1.634515123332905375e+02
-7.056824280387388626e+00
-5.010719893381704537e+01
-4.768361491247745221e+01
-6.236068227922098117e+01
-2.265336910199812337e+02
-3.246711704793916908e+01
-1.563105928331474104e+02
-4.224035529246157239e+01
-5.923385114979088684e+01
-9.869924934814774531e+01
-1.789685017498582909e+01
-1.789685017498582909e+01
-7.082254491368907168e+01
-5.299995568074397312e+01
-1.326556147512643236e+01
-4.258517477022712683e+01
-8.389277705568726873e+00
-2.300453466322216656e+01
-1.841384645928751240e+02
-4.412505863686122609e+01
-3.243353816611205787e+01
-1.499934047804819102e+02
-2.033317244991770849e+02
-8.259270965625563576e+01
-6.522231197176392925e+01
-1.240235161173237799e+02
-2.048958919783204990e+01
-6.039866472623754134e+01
-3.342902049871975834e+01
-9.382917678469168266e+01
-1.921519890295406796e+01
-5.743266736753484736e+01
-4.354824323312900702e+01
-1.598646256402718180e+01
-6.903227968208702237e+01
-8.020954937090888848e+01
-1.776042081433807596e+00
-1.789685017498582909e+01
-1.081694499934684615e+02
-4.798872862264029493e+01
-7.273625987368600931e+01
-7.444121242170734121e+00
-5.143381465512173634e+01
-3.507389920059564759e+01
-2.893850182423709327e+01
-2.324906058718514856e+01
-4.388106529164926428e+01
-2.942908747704871786e+01
-1.173898678057588967e+02
-5.572944593621894427e+00
-3.003210945248665098e+01
-1.053306520193171707e+02
-7.945590581014016607e+00
-3.116631654598374723e+01
-2.119252816404506845e+01
-1.258990619889177509e+02
-1.874609683266469915e+02
-7.919065120481631936e+01
-5.029858352585425507e+01
-2.777273236601469719e+01
-7.126057740066002566e+01
-2.700567032217709951e+01
-7.473314468004785738e+01
-1.174365090292042879e+02
-2.500765234487997546e+01
-2.328517675013850976e+02
-3.394109426313662681e+01
-2.292348441867336817e+02
-3.602531630508983085e+01
-5.053178914257981091e+01
-4.294869662037697822e+01
-3.982524593629475618e+01
-6.044402043683590620e+01
-7.189804630897387483e+01
-6.566079547346026857e+01
-7.271938685769646327e+01
-1.956904120987790066e+02
-1.737001850036125816e+01
-2.626273711651030496e+01
-2.781439224842430136e+01
-5.529611319593968943e+01
-1.251351334366667345e+02
-6.820341585147369301e+01
-2.123890650096225841e+01
-7.958953458454729457e+01
-1.963718816998045824e+01
-5.704266064726665775e+01
-1.884796288081003581e+02
-9.540988999074707522e+01
-2.354035125517152096e+02
-1.694849277222192256e+02
-4.114829011123521951e+01
-7.737188442381085451e+01
-4.027535653186448172e+01
-8.946396948823303319e+01
-1.776042081433807596e+00
-2.525107164411445027e+01
-1.776042081433807596e+00
-1.339753041325013498e+02
-3.386559757880107213e+01
-1.594001878334091771e+01
-7.414974498576832218e+01
-1.567944046876706921e+01
-6.943901141290298540e+01
-1.542092259120811661e+02
-1.660426346324387055e+02
-7.139641243840191009e+01
-8.662364373855967870e+01
-5.282981034064228965e+01
-1.572754000151558671e+02
-1.216265854679625562e+02
-1.776042081433807596e+00
-2.013820238353887149e+01
-4.998775747521750645e+01
-6.662627815125368613e+01
-3.195222327711927690e+01
-2.786679922907261897e+01
-2.213978643267573148e+02
-3.924958057845682191e+01
-3.952864533604203245e+01
-4.520673076038021065e+01
-1.528738236621905244e+01
-5.234203080247259265e+01
-1.139587031301439595e+02
-6.458663801679649907e+01
-2.796211960853822021e+01
-1.032568045633242377e+02
-1.350466731156176081e+02
-3.078246105299999513e+01
-5.406252594548247714e+01
-3.680376254167893535e+01
-2.031406608189854808e+02
-2.625137840519784049e+01
-7.814429691688461332e+01
-3.001494288787738896e+01
-8.298147641053894574e+01
-3.175886931072379227e+01
-2.950481992812258625e+01
-6.064344292692467775e+01
-3.224266171734119979e+01
-5.685798281058161763e+01
-7.139641243840191009e+01
-5.254840133356915999e+01
-7.978207295147751665e+01
-7.139641243840191009e+01
-1.952240297633725064e+01
-2.938849624603331989e+01
-1.831996417034239357e+02
-1.243272152661636056e+02
-3.207566881124839142e+01
-7.011606277224805694e+01
-3.928475870788261659e+01
-1.084846019824670975e+02
-5.370323697806139762e+01
-1.719750133991355483e+02
-8.108908420965829578e+01
-1.550906537175749733e+01
-4.288060187234374609e+01
-2.129131024081997055e+02
-2.067168338901660150e+02
-6.990339866432833560e+01
-1.336860072254610543e+02
-9.661613535775498462e+01
-3.860081598241968237e+01
-1.242254075696558004e+02
-1.010631044597962358e+02
-2.192058424954881701e+01
-3.467514893740865034e+01
-1.147595556428167214e+02
-2.713043895171112041e+01
-9.011423568202108925e+01
-1.316125854737449856e+02
-3.677478824547466019e+01
-2.256275542746287144e+01
-6.787010567410987960e+01
-2.109765901146865588e+02
-6.063782912015690840e+01
-1.024188126211055732e+02
-7.056824280387388626e+00
-2.242732271877493133e+01
-2.821649444951617980e+01
-3.596623468335518226e+01
-1.776042081433807596e+00
-7.056824280387388626e+00
-7.094290191115841537e+01
-7.455345843452985832e+01
-1.361118777142534952e+02
-4.403303170640839426e+01
-2.133792246934411807e+01
-1.844680734381259057e+01
-7.214232699975552521e+01
-4.908477011782758126e+01
-1.528738236621905244e+01
-1.205589190953987782e+02
-2.050454839274749119e+01
-5.124172434462927583e+01
-5.540691119774183448e+01
-1.369250403981168915e+02
-3.567218361093424051e+01
-2.794800026860713160e+01
-4.885572753445963912e+01
-2.109917645380411386e+02
-6.439369937970415947e+01
-3.727325834962647377e+01
-2.558925584541804099e+01
-1.152394500521575367e+02
-3.306756144735101088e+01
-3.792603195758573520e+01
-5.495747696795281456e+01
-1.614053217523450314e+02
-6.634421668003648165e+01
-5.745988838187193437e+01
-6.913123303552001175e+01
-1.528738236621905244e+01
-3.836737348361996425e+01
-1.528738236621905244e+01
-6.402240976613381918e+01
-2.291920800687044277e+02
-1.597184168601949494e+01
-1.121653271008023438e+02
-1.792780795255319859e+01
-2.439214595080363424e+01
-6.502092490094008781e+01
-7.139641243840191009e+01
-3.479408481499207539e+01
-7.444121242170734121e+00
-5.077442404163613787e+01
-1.186267042230600595e+02
-1.307712155930346114e+02
-3.503762855413705779e+01
-2.856765996688650588e+01
-1.083437420213707441e+02
-5.807046018104146867e+01
-6.169709663276024969e+01
-3.236837287598083890e+01
-5.771652446303309603e+01
-6.629228077169003086e+01
-2.665962622881260558e+01
-1.092167186481379986e+02
-5.352029323880667988e+01
-1.191622367272697858e+02
-7.139641243840191009e+01
-3.925611321585478208e+01
-2.275930306876517406e+01
-1.518710718211455912e+02
-5.234199262213685699e+01
-4.265029417257061795e+01
-7.645219798552520274e+01
-8.578561345739944954e+01
-3.117726354721807880e+01
-3.885273326038370811e+01
-1.036182441984541356e+02
-1.476108620870032837e+02
-3.195222327711927690e+01
-3.173626310811560458e+01
-2.272065759386669370e+01
-8.011957139185018661e+01
-3.290957819105743454e+01
-2.955255892726250266e+01
-1.044760397396699858e+02
-4.555160414278302028e+01
-4.594626591891049827e+01
-1.097502271939226972e+02
-1.844680734381259057e+01
-1.936924462549861303e+01
-7.772672157827926753e+01
-7.461108852615042508e+01
-2.287071051193002447e+01
-3.983217953789416299e+01
-2.031427167650044296e+01
-1.034787646860038279e+02
-2.209664151122210285e+01
-8.771540382311302153e+01
-7.775174940095992326e+01
-1.154074926722461925e+02
-9.466559739556413433e+01
-1.980987623535743012e+02
-7.701945506437748179e+01
-8.049760561350630894e+01
-9.679442239717404561e+01
-1.294456834385370030e+02
-9.305809769643275331e+01
-4.267106298513726870e+01
-4.325075810001614229e+01
-4.837966514617713187e+01
-4.068411280337999614e+01
-1.963718816998045824e+01
-4.079829319584532499e+01
-1.081049058072516260e+02
-4.744536095141667431e+01
-1.257571222966333266e+02
-6.034817873842820291e+01
-2.372340957185302557e+01
-4.452069970277973709e+01
-3.679047422583674631e+01
-2.891869134035153266e+01
-9.911936155336736221e+00
-4.799235745537649223e+01
-8.376746004131607748e+00
-6.496386608522693962e+01
-8.535105923894116131e+01
-6.054061602145652188e+01
-8.027891169208081124e+01
-1.621713921328037955e+01
-1.099621834143137846e+02
-6.329492086128986728e+01
-6.452084455227816306e+01
-5.454513001572622954e+01
-1.844680734381259057e+01
-3.134362857996701024e+01
-1.307577124287411152e+02
-1.599504427049006949e+02
-1.460743336395749026e+01
-6.530662821960862630e+01
-3.195222327711927690e+01
-7.056824280387388626e+00
-3.931093102415807294e+01
-2.942908747704871786e+01
-1.789685017498582909e+01
-9.782535227777728437e+01
-5.529611319593968943e+01
-1.026073280702637049e+02
-7.737188442381085451e+01
-3.678011429680609723e+01
-2.506818160232990067e+01
-4.062201046437702701e+01
-2.463910017473246228e+01
-1.048621544007883699e+02
-2.942908747704871786e+01
-3.930740059620255522e+01
-2.348111038089887188e+02
-6.472886766943358339e+01
-1.996823155971000574e+01
-3.537647196820117301e+01
-1.219131777583567668e+02
-1.399824489739943942e+02
-1.779359221216204219e+02
-6.935149851388302977e+00
-1.963718816998045824e+01
-1.774352632574562705e+01
-6.643272757262020889e+01
-9.879615357638016349e+01
-4.957102324594764298e+01
-4.866422134858158444e+01
-2.548367345986442345e+01
-6.294071425469292080e+01
-1.528738236621905244e+01
-2.814268636918912492e+01
-3.944462826590381610e+01
-5.034239617203948569e+01
-2.696246792586109464e+01
-4.332115730151806332e+01
-3.885273326038370811e+01
-5.568229919531910355e+01
-5.001252582677513203e+01
-4.937281688377139943e+01
-6.320491928740271703e+01
-4.354062923037747623e+01
-6.896086507956110268e+01
-5.986412333759360394e+01
-7.957120930166651362e+01
-6.284510589017807547e+01
-3.292263296152540875e+01
-2.033483176199939635e+01
-3.710457764300404904e+01
-7.056824280387388626e+00
-4.085363134374249228e+01
-3.671439444827819898e+01
-4.674322810260974137e+01
-7.444121242170734121e+00
-2.011348853968799943e+01
-2.888267403796285748e+01
-4.267106298513726870e+01
-5.179501556084979086e+01
-2.320292106850727620e+01
-8.524741135198456732e+01
-1.493818997258058516e+02
-4.531525021151963983e+01
-1.162177301048876359e+02
-1.973434976323341914e+02
-3.398478186162387260e+01
-9.702619847592592350e+01
-2.955255892726250266e+01
-1.084830850675896272e+02
-1.762797404864127486e+02
-9.418913224758755121e+01
-4.265766914291358347e+01
-7.945590581014016607e+00
-3.931093102415807294e+01
-9.751682006586776197e+01
-1.304772360030271443e+02
-7.919065120481631936e+01
-3.941131943293749629e+01
-2.984131047836920914e+01
-4.613694015504455592e+01
-8.940053775685251480e+01
-3.166415854284601394e+01
-5.857680086005187547e+01
-4.480387623257248464e+01
-3.836737348361996425e+01
-4.051833320171309083e+01
-1.008444673057098271e+02
-1.479117301715045869e+02
-9.926233731247815939e+00
-1.727860008684351385e+02
-2.323372648832499010e+02
-1.791944505191463861e+02
-2.878059462673575553e+01
-3.886372370152729161e+01
-1.608905158455209801e+02
-5.771818102102385240e+01
-5.621510665946601648e+01
-1.178712633346073915e+02
-7.056824280387388626e+00
-3.734842862033560351e+01
-7.056824280387388626e+00
-4.806320737000441312e+01
-4.841406714444745774e+01
-9.835202898227461787e+01
-2.818283654728820409e+01
-4.145756705312807355e+01
-6.935613671513625889e+01
-2.942908747704871786e+01
-4.501094178478565766e+01
-1.192784540377722919e+02
-6.442675609551538685e+01
-1.789685017498582909e+01
-1.062023099446705032e+02
-9.321981044524532933e+01
-3.117994625087483840e+01
-5.529611319593968943e+01
-7.818110961274739168e+01
-1.831449945046001915e+01
-5.990351761013799603e+01
-8.879484390300942209e+01
-7.945590581014016607e+00
-6.393065890350142411e+01
-2.058227575023023448e+01
-7.376302236456773187e+01
-6.195543550396715204e+01
-1.324794967762355569e+01
-4.802256190967366933e+01
-1.961964648985671147e+02
-1.071676588130284529e+02
-1.608099416308728848e+02
-5.993832028832913039e+01
-3.181573494308078409e+01
-7.139641243840191009e+01
-7.473784429558790521e+00
-2.877149254249340515e+01
-4.786547878024079949e+01
-1.410540718785855674e+01
-3.791627610431948625e+01
-9.073460735511721964e+01
-1.494676712274647628e+02
-1.020291216020574154e+02
-7.869554870833758287e+01
-1.246728816233771227e+02
-3.195222327711927690e+01
-2.599674747617099868e+01
-6.760958136478068070e+01
-7.728108331426524558e+01
-8.126127080207993458e+01
-1.704220420350449672e+02
-7.759368904400250244e+01
-4.248300645740621917e+01
-3.346848905514364958e+01
-6.839097570078301658e+01
-3.561665651619910022e+01
-3.593420926338959731e+01
-1.619354398091639879e+01
-4.085363134374249228e+01
-7.056824280387388626e+00
-7.862158552401113809e+01
-7.139641243840191009e+01
-9.597852374259835528e+01
-4.385119950365524488e+00
-4.078715421547481412e+01
-4.320273768542178061e+01
-4.100158066128327050e+01
-9.863754553948572834e+01
-3.842674027712308771e+01
-1.963718816998045824e+01
-3.472368022911034302e+01
-5.232740243136102265e+01
-2.680657440880024822e+01
-8.389277705568726873e+00
-1.135436451356918042e+02
-1.791284596327028282e+02
-2.786677142836062160e+01
-6.573032494985179142e+01
-3.307452554746178208e+01
-5.048805536058931409e+01
-4.395082556614026714e+01
-1.103126093950936450e+02
-8.711640440806867502e+01
-2.489423507266830171e+01
-7.919065120481631936e+01
-1.789685017498582909e+01
-1.013572897706864495e+02
-1.267178251525163546e+02
-8.488763266171151400e+00
-9.004726097204871849e+01
-1.044074388067412826e+02
-5.266914577442506840e+01
-4.085363134374249228e+01
-6.371557300105806121e+00
-5.043391462565237759e+01
-1.350442049559485156e+02
-1.550906537175749733e+01
-1.200904963566365922e+02
-2.942908747704871786e+01
-1.619354398091639879e+01
-1.755934140166716872e+01
-5.140260584899458252e+01
-7.099925847153765801e+01
-1.172553280512180436e+02
-2.489423507266830171e+01
-2.950481992812258625e+01
-6.860204147208085601e+01
-1.170281047012055637e+02
-4.403491827736684172e+01
-5.518823314652051693e+01
-7.647558722697836231e+01
-5.529611319593968943e+01
-3.898526541540427104e+01
-3.009026331208924532e+01
-6.679309451527220176e+01
-1.109900070224520903e+02
-6.445493770586416815e+01
-4.627287882504025163e+01
-7.375630240470896126e+01
-5.303650651837634200e+01
-7.088373524820437410e+01
-1.678952352623133848e+01
-3.289356290805756089e+01
-3.161678878992607977e+01
-8.389277705568726873e+00
-1.299715815482722689e+02
-4.267106298513726870e+01
-2.797032834337487017e+01
-8.743421384191532297e+01
-2.786010001836821459e+01
-7.139641243840191009e+01
-7.139641243840191009e+01
-1.528738236621905244e+01
-1.515996629026047913e+02
-2.939673403129302187e+01
-2.085319378210141039e+01
-1.619354398091639879e+01
-5.585266455484247672e+01
-8.312558867915024052e+01
-7.903528946890395446e+01
-1.550017441302749717e+02
-6.371557300105806121e+00
-5.234216252498019628e+01
-2.455205897223864397e+01
-2.889273289562315483e+01
-8.389277705568726873e+00
-2.466678076471973924e+01
-4.811235623712222065e+01
-9.249962098694642521e+01
-1.755934140166716872e+01
-6.066623583483821847e+01
-1.115218488449493179e+02
-7.016990236284934213e+01
-5.728572618170222341e+01
-7.052145503400478788e+01
-3.679224201574442787e+01
-1.022727489531763894e+02
-3.994443934212266356e+01
-8.150066320096036065e+01
-2.619782627709848555e+01
-6.304464698629816155e+01
-7.870486179797521231e+01
-7.690116981047947320e+01
-6.001511587308247186e+00
-6.705621671156576724e+01
-5.354156509328905145e+01
-1.043707888256461729e+02
-1.171927965199634514e+02
-6.262460147995736293e+01
-6.827405267830936708e+00
-7.709923524840650089e+01
-2.489423507266830171e+01
-2.856152592074158036e+01
-6.299956757210979674e+01
-2.271551468926669486e+02
-7.496196249588095384e+00
-8.923083092443897613e+01
-4.752121438581666979e+01
-1.550906537175749733e+01
-1.626834863769325352e+02
-6.827405267830936708e+00
-3.451967733847071429e+01
-2.637601794530034738e+01
-2.956815602309419688e+01
-5.315519008174673132e+01
-3.736016318962420257e+01
-2.248152392008850242e+01
-1.469950419269146948e+02
-5.698257739960014590e+01
-1.755934140166716872e+01
-6.154749844015199045e+01
-6.933113646981149714e+01
-2.646667493803324689e+01
-3.794827496898201957e+01
-3.540378960898297578e+01
-4.461809040032392915e+01
-2.147925130689032258e+01
-5.308254169270955458e+01
-1.635126381501904973e+02
-7.112073628588890983e+01
-9.023621521052085370e+01
-1.776042081433807596e+00
-5.798976136404766635e+01
-1.776042081433807596e+00
-1.127119459700125503e+01
-1.789685017498582909e+01
-2.147925130689032258e+01
-2.120409632565642255e+01
-9.310666847906118448e+01
-2.983210409365304017e+01
-1.031998658522833949e+02
-2.940864824518988740e+01
-1.284993687150304993e+02
-3.599004858840439169e+01
-1.079410895635114400e+02
-5.702493554494105865e+01
-1.550906537175749733e+01
-9.854670589443344397e+01
-2.753484404674760455e+01
-6.271147048999996798e+01
-5.698257739960014590e+01
-2.669470280993473210e+01
-1.076931003023639164e+02
-3.836737348361996425e+01
-3.836737348361996425e+01
-3.263800994758181417e+01
-4.293140547271864449e+01
-1.550717334744767300e+02
-2.236829733593587122e+01
-4.091369205595787406e+01
-5.376573850897872831e+01
-3.754934660315763040e+01
-1.776042081433807596e+00
-6.311898065761039334e+01
-3.682531997906333743e+01
-5.077762571120398860e+01
-1.191629709703253752e+02
-2.955506140866409481e+01
-4.981089149467972987e+00
-3.032776893692683728e+01
-3.568490148805839368e+01
-4.930478215596674119e+01
-1.683048269565308530e+01
-1.054994403956075928e+02
-2.608663972088958616e+01
-8.997722653423745953e+01
-3.047672837400124024e+01
-3.024432709497352789e+01
-1.139103666298864965e+02
-4.702334560344434067e+01
-3.155472341692200544e+01
-1.154983406381681164e+02
-2.109422147094987210e+01
-4.231965998927799433e+01
-5.668810275970130874e+01
-2.950481992812258625e+01
-4.601593099480206206e+01
-4.817881198216480243e+01
-3.990784972274674658e+01
-5.074835648230022400e+01
-1.107637927930319250e+02
-4.267106298513726870e+01
-8.599590752238603386e+01
-6.656423583127559596e+01
-2.489423507266830171e+01
-3.032477217379727463e+01
-7.322033586777078540e+01
-5.168352594764164110e+01
-1.234809065455604866e+02
-1.524969472382325009e+01
-5.529611319593968943e+01
-1.131024709270888451e+02
-8.721069243538714488e+01
-6.285723139848467156e+01
-1.709235333918547326e+02
-9.577536431295402508e+01
-1.772899672153943484e+01
-8.863303117415371446e+01
-3.195222327711927690e+01
-6.426418799902953083e+01
-2.280042705943520431e+01
-2.780697359295928095e+01
-3.887451084801474366e+01
-3.221852642172956394e+01
-6.067479569604695655e+01
-4.965942481764544425e+01
-1.154244272954863675e+02
-3.989443265596381138e+01
-5.062223629337437103e+01
-6.679062384497315463e+01
-6.669576756415469276e+01
-3.556808194162276493e+01
-7.113842725941293565e+01
-1.619354398091639879e+01
-7.798526844492597832e+01
-6.424389951025784740e+01
-2.578663170692666284e+01
-3.524976992015557897e+01
-2.430518821446206701e+01
-3.981347136379516627e+01
-2.330585251340155395e+01
-4.280639118777797592e+01
-3.825946965645792375e+01
-3.151990301114418003e+01
-2.455205897223864397e+01
-3.819535680794577104e+01
-7.435370822424616222e+01
-4.034242753804842607e+01
-1.616561174956079014e+02
-5.016076017037741508e+01
-2.455205897223864397e+01
-9.071450115091596444e+01
-9.845980079470626833e+01
-1.563321815353891608e+01
-6.827405267830936708e+00
-1.014234171074809296e+02
-4.220112955386701969e+01
-1.818876463651759678e+01
-1.528738236621905244e+01
-5.166416808863292687e+00
-2.615849894592712133e+01
-7.807043840647671118e+01
-2.489423507266830171e+01
-1.755934140166716872e+01
-3.359240592002861092e+01
-1.397889772753373734e+02
-2.937388882386551714e+01
-1.039817019714225665e+02
-1.567944046876706921e+01
-6.149881677229548416e+01
-6.515211455238114979e+01
-5.594959489939091668e+01
-7.794358341361930798e+01
-8.056824280387388626e+00
-4.446636835153105949e+01
-1.790164411720274629e+01
-1.866455264186932794e+01
-1.104256971058796069e+02
-6.450626220171741920e+01
-2.636107347506135312e+01
-3.265277506280820319e+01
-3.440547739418725826e+01
-8.375476486210192206e+01
-6.398604412477068593e+01
-4.937587116814907517e+01
-2.690972558615846566e+01
-7.325150838904825434e+00
-3.911984349814657946e+01
-3.187537905509399394e+01
-4.094317989691919024e+01
-4.833542486031159058e+01
-7.467389055533223541e+01
-4.931594145445701827e+01
-3.298931156394472453e+01
-1.528738236621905244e+01
-3.951207054476593328e+01
-4.986370412312361111e+00
-3.370574450848472026e+01
-2.476586516000573468e+01
-3.050222147183892574e+01
-7.940083498784773042e+01
-5.500959556158386476e+01
-2.826796850987737741e+01
-1.166213440095048099e+02
-5.690251486868294251e+01
-6.260698625229286307e+01
-6.589217088340386397e+01
-3.833493718715151743e+01
-7.566548238453270869e+01
-6.365010367015305803e+01
-7.085026446884367601e+01
-2.883114570937168253e+01
-4.103658323710057232e+01
-1.612721666760041472e+01
-8.570716723386441060e+01
-8.506743809711460358e+01
-5.171774825657216468e+01
-3.019767446121880283e+01
-4.090419353918474599e+01
-3.412325077797991923e+01
-5.961116239010436146e+01
-2.895328762466261807e+01
-8.174941126992024465e+01
-7.955028640882595425e+01
-4.068729451569117828e+01
-6.951438046045907981e+01
-5.094257985213714335e+01
-6.395380151613750996e+01
-5.698257739960014590e+01
-3.992147788135441289e+01
-6.303350058690287483e+01
-1.475280607806502644e+02
-6.465679953161782123e+01
-4.019197176250625603e+01
-4.657354742987995166e+01
-5.820473265471564162e+01
-3.767394302477410406e+01
-7.139641243840191009e+01
-2.730924219972325062e+01
-6.463945825776579568e+01
-3.448389322553429537e+01
-2.221554076835459313e+01
-1.776042081433807596e+00
-1.789685017498582909e+01
-2.227366573250905901e+01
-2.026157544297924673e+01
-5.437338650092689107e+01
-1.550906537175749733e+01
-5.859448213791679905e+01
-2.489423507266830171e+01
-6.460620813289737896e+01
-1.528738236621905244e+01
-7.924321057419804504e+01
-8.619006462222291987e+01
-7.627469508030205247e+01
-4.373109475179394678e+01
-6.461273360604755567e+01
-1.022798906725252550e+02
-3.221088576738991094e+01
-2.726895337184984314e+01
-2.983210409365304017e+01
-3.934567758170868501e+01
-4.850137106194893022e+01
-3.610409472187659219e+01
-2.890598663190634809e+01
-2.057680584825391534e+01
-2.521009630441739446e+01
-2.983210409365304017e+01
-6.951244348804820561e+01
-1.288354847448517262e+02
-3.195222327711927690e+01
-1.335069131300660388e+02
-1.811895011022484425e+01
-5.665550771439272637e+01
-7.241892853103534833e+01
-5.313143741348254423e+01
-7.137003842280685717e+01
-2.814724279017848119e+01
-5.490898152224605155e+01
-2.982492348040821994e+01
-3.469777595189693642e+01
-3.470194645358098740e+01
-4.345354301395381924e+01
-3.223432908189495549e+01
-9.725234526100238952e+01
-4.044153536365778479e+01
-3.000000000000000000e+00
-6.560943013439440108e+01
-7.464047766748723234e+01
-6.789254826941011345e+01
-3.814288699008390893e+01
-7.072855755153801738e+01
-7.150916426776451829e+01
-6.059700841157679463e+01
-2.352943034584168203e+01
-8.770282034568418794e+01
-6.899094318820118588e+01
-5.023580775732486359e+01
-3.196301327192240649e+01
-2.134207443146386396e+01
-7.523557703885086312e+01
-3.862607717806153573e+01
-1.567944046876706921e+01
-4.129020760400685219e+01
-6.647301610472298705e+01
-9.374221910003755909e+01
-7.160930117642634229e+01
-2.278772572583926959e+01
-6.269297852251717984e+00
-1.097266625651236609e+02
-1.789685017498582909e+01
-3.671132089210445315e+01
-7.290976285903026621e+01
-5.007357742529602262e+01
-6.149131393169859905e+01
-3.318938930342429927e+01
-1.343398094508884810e+02
-1.668474705723910745e+01
-1.746469402084771616e+01
-4.675879257549391355e+01
-5.698257739960014590e+01
-6.587400712849856177e+01
-6.952586714631426901e+01
-6.439489175937937659e+01
-5.996608744814398761e+01
-1.017170682719333143e+02
-8.039201815058129341e+01
-5.737401866598804645e+01
-1.371361245146448482e+02
-3.243798566639344472e+01
-7.523858946482417309e+01
-3.138224314767998635e+01
-5.698257739960014590e+01
-2.187980243373982603e+01
-1.430765773693839904e+01
-2.983210409365304017e+01
-4.267106298513726870e+01
-5.282233700002441168e+01
-3.611462596912974021e+01
-6.459125971960583001e+01
-7.682604622229899860e+01
-1.904353296200462609e+01
-3.869496197152322736e+01
-6.483982822509680943e+01
-3.428954538143462116e+01
-3.768819271057652998e+01
-1.410272443855672577e+02
-6.238907430894496287e+00
-6.807910125583494221e+01
-4.055669084603134422e+01
-1.938845175055698888e+01
-7.906045030986355471e+01
-6.577162708753699860e+01
-4.635249214028209508e+01
-1.311618250693200949e+01
-4.441983641874846001e+01
-5.383805476072181762e+01
-7.139641243840191009e+01
-2.466004037274424832e+01
-4.025251505733098867e+01
-1.073823131596861913e+01
-8.103039436670705697e+01
-2.883047774356969484e+01
-3.336738748081663175e+01
-1.740615400779159927e+01
-5.837481806086387337e+00
-2.129787740098032955e+01
-2.344755364819026155e+01
-6.940222308791220485e+01
-9.036692330678135932e+01
-2.174616338713623520e+01
-3.354868000940332706e+01
-2.043384538534468575e+01
-2.692388732880640845e+00
-3.735546611676241469e+01
-3.158318741820101394e+01
-5.908490404196410850e+01
-1.933646191272205073e+01
-5.213931823175614966e+01
-4.089184037423510176e+01
-8.836943135302842478e+00
-3.491331581898625558e+01
-2.308062456307678900e+01
-1.680320435107325849e+01
-6.794430733827829272e+01
-1.074435215742965823e+02
-1.083453403158883503e+02
-3.377510728060968859e+01
-4.044056556990531703e+01
-1.847929895178426207e+01
-1.963718816998045824e+01
-3.774438279139475583e+01
-3.307512241877834214e+01
-2.956707946449236957e+01
-6.351101603527776973e+01
-1.550906537175749733e+01
-5.420335154103241138e+01
-8.752096703549793233e+01
-3.307648683885936691e+01
-3.179549319425403553e+01
-9.056824280387388626e+00
-3.807093757291906400e+01
-1.368526008026018559e+01
-5.525416619111402383e+01
-3.020911448790377207e+01
-7.837705970127466060e+01
-3.087840340375378645e+01
-3.927102316265924742e+01
-3.530482302608454859e+01
-4.249319329098904063e+01
-2.437578558113763449e+01
-5.820957630375737324e+00
-3.686749958256935855e+01
-6.443926845482501164e+01
-7.312784562400638322e+01
-6.484739989668412363e+01
-5.655183703019289254e+01
-5.425995609115030760e+00
-7.139641243840191009e+01
-5.597652792196940652e+01
-7.991053221624656544e+01
-1.091422652406237006e+02
-1.567944046876706921e+01
-5.963500897442692406e+01
-2.071238427287443784e+01
-6.073470663608732423e+01
-4.775282787630941073e+01
-3.173632342981570176e+01
-5.193574053556649517e+01
-3.380758652526237995e+01
-5.354273528709281038e+01
-4.684360699424583174e+01
-4.683689324597835935e+01
-2.426229387917857139e+01
-3.140095603869268714e+01
-6.345625265221505629e+01
-2.936941862604632192e+01
-7.027210318399137634e+01
-2.248047992300391584e+01
-4.509585592863072634e+01
-6.316877811146198951e+01
-3.610111069496712588e+01
-1.613323646601083681e+02
-3.412520352416509439e+01
-5.872611419594637994e+01
-3.417216725439617164e+01
-1.584460317078396230e+01
-2.115956925948371037e+01
-5.278143675078025154e+01
-1.550237081426040504e+02
-5.395623822436056116e+01
-3.780365016709743742e+01
-1.528738236621905244e+01
-1.023876075826279504e+02
-2.222338975049026288e+01
-8.192082957144012312e+01
-7.134427363091052854e+00
-3.195222327711927690e+01
-3.978673395477830610e+01
-9.334910828789000448e+01
-2.953201407844395732e+01
-5.863994925768466260e+01
-1.160781240712377738e+01
-1.831057183802666444e+01
-3.475145309189487364e+01
-6.224426426030527182e+01
-3.618952559078024223e+01
-3.733263361749433074e+01
-2.129318636563495559e+01
-3.642398426177130943e+01
-6.827405267830936708e+00
-4.359929019565718988e+01
-4.034243247296004142e+01
-6.465501731594959267e+01
-1.379832416841728815e+01
-3.122039418015301493e+01
-2.465959585947263477e+01
-3.419373290159526846e+01
-1.550906537175749733e+01
-4.214246610441052354e+01
-5.034250849259316851e+01
-5.960084730221124261e+01
-5.549375300929077781e+01
-1.217860868716866491e+02
-2.408129082011009103e+01
-3.166654713830916279e+01
-9.748310626160159131e+01
-3.132624151063605566e+01
-5.464939223018652825e+01
-2.915258529999702120e+01
-4.329474273990874167e+01
-2.714984423764228083e+01
-7.477973700309523508e+01
-3.252046397259740473e+01
-6.360679055689087846e+01
-1.740406824886152606e+02
-5.698257739960014590e+01
-3.034022895269023579e+01
-2.518862480151637939e+01
-4.842086469131226067e+01
-6.026681573695886129e+01
-9.691874916850389354e+01
-3.597866942527268463e+01
-3.366642146430002924e+01
-1.789670612525267046e+00
-5.824831650473269207e+01
-1.740864431277213242e+01
-7.056824280387388626e+00
-4.683720330449665425e+01
-2.625936738570301898e+01
-4.026824771549917870e+01
-2.687541299055404309e+01
-3.462455947542889589e+01
-3.090653757051156703e+01
-7.246496871529065231e+01
-4.724649404884139869e+01
-2.673435433615431833e+01
-5.357968878618908093e+01
-1.550906537175749733e+01
-3.018743528259176401e+01
-4.132701480283149920e+01
-5.369804210044498660e+01
-7.383693503538890468e+01
-4.764530378097829555e+01
-1.226624274713733769e+02
-5.425995609115030760e+00
-5.502857511183239581e+01
-2.039673632237630230e+01
-2.467971779507723085e+01
-3.475145309189487364e+01
-7.455106359381176162e+01
-7.056824280387388626e+00
-5.525555548566244113e+01
-2.410364134659932844e+01
-4.316798213136195272e+01
-3.195222327711927690e+01
-6.527211927876068387e+01
-5.224159050720649589e+01
-2.180402355025813677e+01
-3.064616106610588275e+01
-6.656615788561607872e+01
-2.715253118595660808e+01
-3.523864967542934323e+01
-3.146822644632231558e+01
-2.638764735066267519e+01
-2.283474526174403252e+01
-2.068636418681422029e+01
-6.667100931018941878e+01
-2.527707753940175905e+01
-3.836737348361996425e+01
-3.912082708292535926e+01
-5.246226517371050591e+01
-3.137612950840906834e+01
-1.789685017498582909e+01
-1.550906537175749733e+01
-3.475145309189487364e+01
-6.320134179744444225e+01
-3.273826330908050863e+01
-1.183205099243895404e+02
-4.826741289757480047e+01
-7.619225105291634748e+01
-2.410364134659932844e+01
-2.459351149808537329e+01
-9.363648829694746212e+00
-2.901225718578140444e+01
-2.874892285767650435e+01
-5.759129935631879960e+01
-4.657646496920406776e+01
-3.151504111304303635e+01
-2.237407404418795309e+01
-6.269297852251717984e+00
-1.578352938410613504e+01
-3.727341581222146516e+01
-2.056301000065778695e+01
-2.804919089366912033e+01
-1.232998961453366178e+02
-2.989743474807858092e+01
-3.715631264014111679e+01
-3.767507470761131572e+01
-3.543944989362978504e+01
-1.789685017498582909e+01
-7.372871418456288950e+01
-4.408410388228523402e+01
-7.369916892276039277e+01
-3.979906906463462946e+01
-3.184350168134011483e+01
-1.870056604445897008e+01
-4.875320011482405391e+01
-4.976579974070295975e+01
-5.969584792208461721e+01
-2.139114589590672111e+01
-3.258271665901542491e+01
-2.318089022851773606e+01
-7.622610788063384746e+01
-1.438017229050939250e+02
-3.919722131407553434e+01
-7.566795250379031756e+01
-8.634334978817540218e+01
-1.010312031914133968e+02
-6.062253453402432513e+01
-1.271685914646033098e+02
-8.389277705568726873e+00
-1.783015654226271707e+01
-3.021581573199075876e+01
-5.999264473180127766e+01
-7.551176712725015250e+01
-3.723447538155313907e+01
-4.383506231208131965e+01
-1.851216009471352208e+01
-2.848888234487911575e+01
-6.277357775625233671e+00
-4.918138432643110036e+01
-3.546067163680669410e+01
-5.501237993999220066e+01
-7.440038389700654875e+01
-2.568517723418382559e+01
-1.932118426402423950e+01
-3.580062155309713745e+01
-2.570026830587693922e+01
-6.024713552197706434e+01
-6.932600351841645647e+01
-5.240790485691829304e+01
-1.228516268634549746e+01
-4.945194228296810479e+01
-7.657630696132311243e+01
-1.958876663211538016e+01
-4.537038331386749235e+01
-1.567944046876706921e+01
-3.202910426357646401e+01
-5.357101918861603451e+01
-1.561707679961267843e+02
-2.923586733905730028e+01
-3.195222327711927690e+01
-2.660463514045546063e+01
-2.100286281920639198e+01
-7.073582232918255386e+01
-7.646035999811502393e+01
-1.643474703905434353e+01
-6.882814303925540855e+01
-2.203430615961500649e+01
-6.725520340694617971e+01
-1.207766116135320544e+02
-8.740446177096478664e+01
-1.060599825358732602e+02
-1.609565440807712378e+02
-2.012773653209944413e+01
-5.797502484748285667e+01
-1.617933480219615205e+02
-2.224425410818613713e+01
-1.002013854118824838e+02
-4.124625804513255645e+01
-8.442651352240746121e+01
-5.322220607532479164e+00
-3.396092510876729875e+01
-2.055128324013370644e+00
-3.483605337429105475e+01
-1.320649627821325112e+01
-3.398258570780319587e+01
-3.495827986494040829e+01
-4.649459171217365849e+01
-8.389277705568726873e+00
-3.296365492016389709e+01
-7.403579263144527545e+01
-7.274108080241438756e+01
-4.702328082471495918e+01
-5.531104188498441943e+01
-9.572976480078855843e+01
-5.215825582318917242e+00
-3.491365993814851976e+01
-2.924223146793412553e+01
-4.875513019023753003e+00
-2.323410682664865234e+01
-3.296365492016389709e+01
-2.287967359612236962e+01
-5.568902525119092672e+01
-3.496765244668387140e+01
-7.232086281178925447e+01
-5.908490404196410850e+01
-6.216722672916142756e+01
-2.420198915184243305e+01
-3.663606225878695000e+01
-2.767187187426862494e+01
-3.836737348361996425e+01
-8.217392948396948782e+01
-5.966733740463165958e+01
-7.415924329677305593e+01
-5.543435120140011918e+01
-2.947394595677786100e+01
-5.014662968378314645e+01
-3.882163077240716120e+01
-1.287416203073503311e+02
-8.439724227308340687e+01
-3.724398083499727363e+01
-7.914609555893594006e+01
-6.957618675899200866e+01
-5.342643156501826240e+01
-5.335375702452513735e+01
-3.956637456566144806e+01
-1.528738236621905244e+01
-7.010107585841888067e+01
-1.924157979103011229e+01
-2.368818242485950165e+01
-8.389277705568726873e+00
-2.489423507266830171e+01
-7.056824280387388626e+00
-2.038104360980648622e+01
-1.697251944630398768e+01
-8.397965798943378957e+01
-3.712655173740091641e+01
-5.717313859770756324e+01
-8.462964726989297048e+01
-2.525000065497103918e+01
-2.679600466159720895e+01
-1.963718816998045824e+01
-5.223810566133917632e+01
-1.023287072940970006e+02
-7.951320776526276290e+01
-4.676137134823692065e+01
-3.817144779562970314e+01
-5.219527704869283014e+01
-4.228226291280336113e+01
-2.543555789866136507e+01
-7.521165752852829200e+01
-2.211804938221023775e+01
-5.001266606779786628e+01
-5.911711237266555941e+01
-2.927693474846413935e+01
-2.798535849518313157e+01
-3.605665302438669073e+01
-3.372229491291130898e+01
-2.455205897223864397e+01
-3.269458497403300612e+01
-4.454555550122165641e+00
-5.015426046151129924e+01
-4.391070417868893827e+01
-6.806044546703765263e+01
-1.334286795889543953e+02
-8.389277705568726873e+00
-1.432173242292646478e+02
-2.489423507266830171e+01
-1.356024260330984816e+02
-5.436630344030400863e+01
-2.435374218787026379e+01
-1.736571430490160139e+01
-1.528738236621905244e+01
-3.462020064645280826e+01
-1.178176046109194317e+02
-1.165617700625301296e+02
-8.666570658267119143e+01
-7.518468240780771339e+01
-2.612495920378399816e+01
-2.982689111814461214e+01
-3.433732893696301858e+01
-1.076101628321442831e+02
-3.412717003183034592e+01
-5.215688996111809672e+01
-7.531410615547424925e+01
-7.620117772871532225e+01
-2.757672345033362404e+01
-1.295826092252085004e+02
-2.501539704001049103e+01
-2.332222704050468920e+01
-7.000495389558527393e+01
-6.036184392912761609e+01
-1.136256559607600707e+02
-7.474741489345043988e+01
-2.524393855483123161e+01
-3.021682510405897304e+01
-2.086881886172097467e+01
-1.528738236621905244e+01
-6.013814959103181934e+01
-3.318938930342429927e+01
-3.683779897962817529e+01
-2.384718757881128326e+01
-8.647017992279175758e+01
-5.273843842293680950e+01
-3.296365492016389709e+01
-8.389277705568726873e+00
-1.678480348455093463e+01
-4.593002451015058796e+01
-2.678071565701766232e+01
-8.768653111615267903e+01
-1.164643583116654213e+02
-6.252322058539727578e+01
-1.633389449021251849e+01
-5.200274309001078876e+01
-2.872933522853362120e+01
-4.128690650894682079e+01
-9.683898633051849458e+01
-7.258128686726007572e+01
-3.265706757192799614e+01
-7.953405949291176569e+01
-7.731443045063463160e+01
-7.869155749409236478e+01
-7.115960067629235652e+01
-2.996697984689784988e+01
-4.521072510275972434e+01
-3.818125716718742524e+01
-7.659576777139677972e+01
-6.026661152703186985e+01
-2.947707802277126987e+01
-4.861666869450256456e+01
-4.234678596085043978e+01
-5.232910894391364565e+01
-5.940126389975165466e+01
-6.558430901104172506e+01
-7.216987848350829893e+01
-2.625852071561318013e+01
-6.467703482499743473e+00
-6.371557300105806121e+00
-6.808632306480717489e+01
-8.099051125702652598e+01
-6.405091294561387372e+01
-1.310892314320943797e+02
-6.143451053555042307e+01
-5.658753475026617252e+01
-1.392425001650285594e+02
-2.789585513959783114e+01
-3.318938930342429927e+01
-2.256966398166376919e+01
-8.784996903441820848e+01
-1.635780434451862320e+01
-6.714165736604715562e+01
-3.338423749924523776e+01
-6.750642780813593902e+01
-1.528738236621905244e+01
-3.878237424996214600e+01
-2.939234128376567767e+01
-4.694338547812219531e+01
-7.794696910769872034e+01
-7.807507960254463342e+01
-8.705691443542741581e+01
-2.557377755042385559e+01
-3.774318567468865382e+01
-1.550906537175749733e+01
-7.480392201512161421e+01
-3.318938930342429927e+01
-5.654682045099576726e+01
-3.318938930342429927e+01
-6.084608151130510123e+01
-2.370468655100746247e+01
-5.883940650096204195e+01
-1.819857752739380885e+01
-5.898683778078216733e+01
-6.517855613397112791e+01
-1.633126227028614608e+01
-1.220932656275008199e+01
-4.279939562762970695e+01
-2.947707802277126987e+01
-8.452349765802726722e+01
-1.567944046876706921e+01
-2.530684783816420591e+01
-5.625812473694492866e+01
-6.681189183111237639e+01
-4.857575458295282544e+01
-4.926530185650116067e+01
-6.344613266321115930e+01
-6.312849980098999225e+01
-1.244334339267214347e+02
-7.594947989277110878e+01
-6.683604271751363513e+01
-3.297701529871358161e+01
-7.935447222095356778e+01
-6.983764372073639493e+01
-4.619951181176092092e+01
-4.001968916689686750e+01
-1.264240390045685274e+02
-4.353062363154559478e+01
-1.789685017498582909e+01
-5.847975457538105104e+00
-6.431661072456380168e+01
-4.267106298513726870e+01
-1.690690515492715562e+01
-3.289716936012393944e+01
-3.007950254490337016e+01
-2.553044118461870227e+01
-7.056824280387388626e+00
-1.234208450910692676e+02
-9.306680323456740211e+01
-1.567944046876706921e+01
-2.950342905374427005e+01
-1.963718816998045824e+01
-7.872797801982081012e+01
-4.601532917656957977e+01
-5.908490404196410850e+01
-1.963718816998045824e+01
-3.195222327711927690e+01
-1.789685017498582909e+01
-5.919914963010717202e+01
-2.527275702720583439e+01
-2.637361911057599784e+01
-1.528738236621905244e+01
-1.340574826598186178e+02
-1.483740034254143438e+02
-3.779192019461564911e+01
-1.752005224762961078e+01
-3.463712414099484960e+01
-6.560801382899713019e+01
-1.550906537175749733e+01
-6.586017929070982291e+01
-3.684153238214126702e+01
-5.680507254837640119e+01
-2.874732920729806196e+01
-4.598798464573765443e+01
-2.489423507266830171e+01
-4.832203042584911401e+00
-2.952247833888064221e+01
-7.056824280387388626e+00
-7.939993152544958832e+01
-7.948261357465196397e+01
-5.847975457538105104e+00
-5.635549398143275823e+01
-2.877518784415104847e+01
-3.074686585643155112e+01
-3.557670481277197183e+01
-7.759341325093073749e+01
-2.555669316383539780e+00
-1.619354398091639879e+01
-3.537022794053783770e+01
-4.566107004049210616e+01
-7.688064757329607346e+01
-2.813538933312225154e+01
-8.389277705568726873e+00
-5.282556079139717298e+01
-2.603580631455645999e+01
-5.588968825405848406e+01
-3.387497739356822990e+01
-2.943306840750393860e+01
-1.004711879919663602e+02
-3.617362226809517978e+01
-8.178193200340140834e+01
-2.489423507266830171e+01
-3.978965352548888745e+01
-4.141278227968790304e+01
-2.549467217777397821e+01
-7.275879557824777066e+01
-7.337013433495887682e+01
-7.282446394357407371e+01
-5.763223756106668816e+01
-2.698766575761726116e+01
-5.847975457538105104e+00
-6.814054527896752234e+01
-4.746684267799685131e+01
-3.518792957512471276e+01
-2.525891995546770730e+01
-3.068371060327720201e+01
-7.562976948135721500e+01
-9.354524903535163105e+01
-4.315075105908624664e+01
-3.643562488100721453e+01
-7.056824280387388626e+00
-3.991174353032675981e+01
-3.421423776133241290e+01
-8.347850256848897743e+01
-4.072484478988838674e+01
-3.339798578796236939e+01
-1.384907184070829658e+02
-1.755934140166716872e+01
-1.730500646272663801e+01
-6.985597287964122160e+00
-1.046029049380045848e+02
-4.288238945572831540e+01
-6.839334065366040250e+01
-3.258058657837024441e+01
-6.349577118639680862e+01
-3.206775427196754435e+01
-1.776042081433807596e+00
-3.801463974768181231e+01
-3.310203094300702276e+01
-4.272082445245356297e+01
-9.024769870612054490e+01
-2.858346724216452017e+01
-5.132189955472350107e+01
-6.063871740628914608e+01
-3.964749548762688391e+01
-5.662017286535242988e+01
-1.057159033027699877e+02
-3.071972494204981530e+01
-2.521744815338280787e+01
-1.944365434716765506e+01
-3.300281890845162991e+01
-1.913337407673797230e+01
-3.928475870788261659e+01
-2.815219790080230311e+01
-5.847975457538105104e+00
-6.245567818766087953e+01
-4.098378597286088620e+01
-5.698257739960014590e+01
-6.031937968315022403e+01
-4.247082709089129082e+01
-9.044163382477901791e+01
-1.216140578216665631e+02
-1.755934140166716872e+01
-5.866375474358950726e+01
-9.460554726812485171e+01
-5.538261026505121265e+01
-1.810048377707029204e+02
-1.426538327463991251e+01
-3.492175071453036139e+01
-4.781537184567926602e+01
-5.193021077062169866e+01
-2.712359039773748037e+01
-2.714031439154653214e+01
-4.216784250874111706e+01
-6.385899362822910064e+01
-5.904889446767941052e+01
-2.231549601639936142e+01
-7.701466754019574523e+01
-4.349159775590922550e+01
-6.538132081950416818e+01
-2.447463575023554583e+01
-4.499178267677607579e+01
-2.853649439851859526e+01
-3.927983181878330043e+01
-4.242964014380753213e+01
-1.692013992142094025e+02
-9.194388284957466340e+01
-2.369282743784926382e+01
-8.938345150500506975e+01
-2.566382058849127645e+01
-5.272482729084480013e+01
-3.263568408711358870e+01
-2.473298956535295900e+01
-3.050034965126921094e+01
-9.219640121268662369e+01
-6.424271331790460238e+01
-1.704749685897036926e+01
-5.019787596968941301e+01
-1.789685017498582909e+01
-8.781529051949041786e+01
-1.370020584104213413e+02
-1.441864157607614629e+02
-8.132369071241926406e+01
-8.700538305471201284e+01
-7.804493480113922033e+01
-7.714496690531963452e+01
-8.320315378347660840e+01
-2.602305294610888708e+01
-7.874405618668012607e+01
-5.636124352492160483e+01
-5.942456985967614003e+01
-6.305188072505670505e+01
-4.574295932730792913e+01
-4.344848184287813808e+01
-3.195222327711927690e+01
-5.469083265055755305e+01
-8.226264738486995043e+01
-4.091746274043914156e+01
-1.866134459051369276e+02
-4.265710411354751841e+01
-1.210840822086847481e+02
-4.942990553519801011e+01
-2.499578369846988934e+01
-4.800083264579423314e+01
-2.220005037951042937e+01
-2.438366657310152164e+01
-5.604637334328191400e+01
-3.195222327711927690e+01
-1.403430166016050293e+02
-1.550906537175749733e+01
-1.007741557098830754e+02
-6.228300402990242191e+01
-4.203859960052633937e+01
-1.213041278494055177e+02
-1.078747740243319981e+02
-6.646572168283003634e+01
-6.532940838915170900e+01
-4.145169804935735414e+01
-5.121659480389114094e+01
-4.272495500768427235e+01
-4.496500031535551045e+01
-2.497924343578745621e+01
-4.857489022613058438e+01
-2.346098020403387707e+01
-2.605154781369865447e+01
-9.058439124267994913e+00
-2.562875829371965253e+01
-3.909178425690403458e+01
-4.137072327980344255e+01
-3.764745944014293144e+01
-3.007716528052662142e+01
-3.195222327711927690e+01
-3.336387385783760351e+01
-7.389382839004071002e+01
-8.395760595379061897e+01
-1.178325382113996511e+02
-7.444121242170734121e+00
-5.248781160144212521e+01
-6.877731092343941555e+01
-4.453842402035069625e+01
-6.196477644634975945e+01
-7.444121242170734121e+00
-2.489423507266830171e+01
-1.528738236621905244e+01
-2.293682902469477369e+01
-7.444121242170734121e+00
-3.060210999045755287e+01
-7.139641243840191009e+01
-2.227853991663717892e+00
-7.644298722923126377e+01
-6.417405594797148183e+01
-6.771912772368949618e+01
-4.478296607657159711e+01
-1.723057531709265504e+02
-1.789685017498582909e+01
-8.454293994922070965e+01
-6.479084556861883470e+01
-7.598143657713301025e+01
-8.389277705568726873e+00
-7.259468026263505180e+01
-1.966357019084184188e+01
-7.175656574458946579e+01
-1.270734986477552155e+02
-6.626010721770796863e+01
-3.007146889953030211e+01
-7.155116527779988189e+01
-7.590420266058679033e+01
-5.287373139727314708e+01
-3.589095911390957383e+01
-8.916647511663107650e+01
-1.929752936551720310e+01
-7.664332925620416859e+01
-2.230318799147754305e+01
-1.691746671323068938e+02
-7.032024322764522140e+01
-1.120276355457635304e+02
-1.528738236621905244e+01
-9.931125725091558820e+01
-1.173558794868821735e+02
-2.117631173902000086e+01
-5.098873270567026594e+01
-8.504656616197775065e+01
-6.004401018118439026e+01
-2.644026546958288648e+01
-2.620100102096756345e+01
-3.683780636511124840e+01
-3.028278730080042891e+01
-2.638578307887129526e+01
-1.619354398091639879e+01
-3.000000000000000000e+00
-3.019164736347731193e+01
-7.444121242170734121e+00
-5.796869314284990082e+01
-6.281593084126853910e+01
-3.427117132739623173e+01
-4.270618524489045598e+01
-4.267106298513726870e+01
-5.185793169897493016e+01
-3.599574539510697946e+01
-8.454156946142816764e+01
-7.143711179594109240e+01
-3.386815471079191298e+01
-6.388967427528407939e+01
-1.986850883678200930e+01
-4.164706574752673873e+01
-3.384323176629845875e+01
-1.191319111598469362e+02
-7.631149320597745600e+01
-5.700702521425035485e+01
-3.555913309441841363e+01
-3.195222327711927690e+01
-6.283861521826327845e+01
-1.567944046876706921e+01
-9.459604524106529766e+01
-2.651356290805415483e+01
-2.680596389364413668e+01
-1.567944046876706921e+01
-1.132228335382149282e+02
-2.537432545574932163e+01
-7.543377888684015886e+01
-5.540745081290679508e+01
-1.567944046876706921e+01
-1.567944046876706921e+01
-8.250970658705064409e+01
-1.597672070406535738e+01
-3.195222327711927690e+01
-6.181368076085738039e+01
-6.445605864202644852e+01
-7.536457316594763256e+01
-1.147206638841630593e+02
-4.094613069738223743e+01
-5.717758249313310159e+01
-3.600178589504773186e+01
-2.489423507266830171e+01
-6.529747863488964299e+01
-4.580471326562068413e+01
-8.389277705568726873e+00
-1.963718816998045824e+01
-3.195222327711927690e+01
-8.001286682510318826e+01
-1.776042081433807596e+00
-5.819451439727068731e+01
-4.097958461552838827e+01
-4.541702471037710609e+01
-1.550906537175749733e+01
-5.031295774375723795e+01
-4.784474866335182242e+01
-5.099457809358945326e+01
-6.525900594806574873e+01
-2.903892606398668264e+01
-6.846988033296160836e+01
-3.388442942484462606e+01
-6.329233454975151574e+01
-1.287335091814556733e+02
-6.759520900788643871e+01
-7.891804866721656708e+00
-3.552407070246827914e+01
-2.489423507266830171e+01
-3.568938305059674576e+01
-2.497763178552246899e+01
-2.309212362043981415e+01
-3.467328895276237688e+01
-1.262643258948624663e+02
-5.534050867404883434e+01
-1.076765588714120838e+02
-7.463265454068984184e+01
-3.535256088642154282e+01
-5.215015943129873222e+01
-4.326880949838128032e+01
-7.207379478219314706e+01
-1.567944046876706921e+01
-3.255876859704850546e+01
-1.754380057408511675e+02
-5.698257739960014590e+01
-3.178249770620415049e+01
-7.104230897327020955e+01
-7.367409239469969862e+01
-7.207105976232109867e+01
-6.730135096976049169e+00
-7.248869102838204981e+01
-6.926592169112073805e+01
-8.209950193446665878e+01
-5.987369606538977962e+01
-3.160828008275698409e+01
-6.799475628149178874e+01
-4.995228942924886439e+01
-5.344954525740217122e+01
-5.641586249576268841e+01
-1.762252573839367074e+02
-6.099507204019410267e+01
-6.850581723661365174e+01
-3.494589107693944641e+01
-8.774381321020878488e+01
-4.221683308406457513e+01
-1.830179213575686248e+00
-1.735753894206904135e+01
-6.755722667941020632e+01
-2.548785453386043542e+01
-7.215094766545396965e+01
-6.955542631691427857e+01
-4.975579852531316760e+01
-7.116976843074439785e+01
-2.983963423982650198e+01
-2.060685157390256705e+01
-1.030295955585770002e+02
-7.649089364459084095e+01
-3.252024759936033149e+01
-5.389902782186281627e+01
-5.449063496154642650e+01
-5.576231103434376735e+01
-2.498384874144723256e+01
-2.676844013825239443e+01
-7.105175831154927835e+01
-3.413086694557870970e+01
-1.963718816998045824e+01
-1.054551219741284740e+02
-7.901416956045241591e+01
-4.210019921998585346e+01
-3.801851585008367351e+01
-7.396628270001474448e+01
-1.903838143129551241e+01
-5.915249627506592844e+01
-2.489423507266830171e+01
-4.163378472674330055e+01
-4.036188730638173183e+01
-4.491612910974236428e+01
-8.389277705568726873e+00
-6.294506785844048125e+01
-7.139641243840191009e+01
-6.068560785937367541e+01
-1.567944046876706921e+01
-4.834884844014452199e+01
-2.736415490847830156e+01
-3.156126176531590488e+01
-7.188313354635653241e+01
-6.698099475931019242e+01
-1.567944046876706921e+01
-3.998998873520984887e+01
-3.872103786381356372e+01
-1.427572136068662445e+01
-3.372497623678808054e+01
-3.126900879493293672e+01
-5.528972966303490466e+01
-3.420676594164191897e+01
-3.041219730979371505e+01
-4.697018079402924684e+01
-3.259027078632772145e+01
-4.267106298513726870e+01
-8.389277705568726873e+00
-3.915530156658094540e+01
-3.810178632631742346e+01
-1.174222226531578528e+01
-1.449197092258561099e+02
-1.212476279532515022e+01
-4.879305508756351628e+01
-3.740164498075122879e+01
-1.528738236621905244e+01
-3.599472536175345994e+01
-2.773190542457108876e+01
-8.249468051495443888e+01
-4.680662690175407903e+01
-5.440520248057456598e+01
-3.529895836729758685e+01
-1.789685017498582909e+01
-5.905250840841776494e+01
-6.801745315566961381e+01
-5.835462955649798289e+01
-8.215894837114581151e+01
-2.523109734173138463e+01
-7.730135096976049169e+00
-3.709919905447311805e+01
-3.922597555452443885e+01
-7.046743806118359998e+01
-6.977808397006948837e+01
-5.908490404196410850e+01
-5.831254337784550046e+01
-3.246830490817329462e+01
-7.139641243840191009e+01
-6.555403594283002633e+01
-1.191236090663081626e+02
-2.451542230126061384e+01
-5.903787063337826169e+01
-8.389277705568726873e+00
-2.283865398085056242e+01
-7.878849195140995221e+01
-9.069454507133102084e+01
-6.068560785937367541e+01
-1.025747406582330967e+02
-6.586061035080557247e+01
-5.688869148585882840e+01
-2.782611342552232969e+01
-7.139641243840191009e+01
-1.067678625656461122e+02
-8.163365774065695746e+01
-3.261743099408031554e+01
-4.149150359183008163e+01
-3.469244537902729064e+01
-3.836737348361996425e+01
-3.658119159255512898e+01
-3.272052675904771490e+01
-3.682223583931101984e+01
-5.465636202148998990e+01
-3.836737348361996425e+01
-2.329874171742045519e+01
-6.755406349245936326e+01
-5.576962534598300891e+01
-3.063485135104657786e+01
-5.155608064066426266e+01
-6.912539535133160484e+01
-2.837907296887888364e+01
-2.899581105257639280e+01
-5.605251857253074377e+01
-3.851016280551498028e+01
-3.603712145813553036e+01
-1.241121276381006595e+02
-8.389277705568726873e+00
-2.663940459554256535e+01
-5.381370338829259481e+01
-2.421158238817140429e+01
-3.634859053619723568e+01
-4.440639820662103432e+01
-1.776042081433807596e+00
-2.592931863072161391e+01
-1.582968520502667786e+01
-3.190704568647455730e+01
-5.340697998076751674e+01
-6.289644198150311638e+01
-1.776042081433807596e+00
-6.239879848190106770e+01
-4.585171062541964915e+01
-2.465826854119138289e+01
-4.109030189045609660e+01
-3.718320289446591431e+01
-2.957004807745184749e+01
-6.072554988870937365e+01
-1.420056319425847136e+01
-4.436154408562175888e+01
-5.451916036218527495e+01
-5.415153834627923857e+01
-5.184965555853302988e+01
-5.281667221203962725e+01
-1.755934140166716872e+01
-2.616801471411718794e+01
-3.880526426006060348e+01
-6.884201809144133222e+01
-3.455286918162172327e+01
-5.119955113118802359e+01
-4.508323651335464177e+01
-6.116715050894038086e+01
-2.634962595958241138e+01
-5.881939770824514824e+01
-2.170483362906128377e+01
-3.439432788475296121e+01
-3.588262069210184535e+01
-5.857259292472629397e+01
-5.050661913647275014e+00
-5.037201449991251678e+01
-4.212126288123819506e+01
-4.622848026718111214e+01
-6.058864887387395015e+01
-5.871502161543407539e+01
-5.132735116941704234e+01
-6.040743994355831603e+01
-4.991210201455002959e+01
-6.086012029824142644e+01
-1.789685017498582909e+01
-2.889365330180277169e+01
-6.808972381688344910e+01
-2.633054578397041467e+01
-8.764718864768839524e+01
-7.056824280387388626e+00
-2.769701454080350800e+01
-5.204357679832859418e+01
-1.528738236621905244e+01
-7.139641243840191009e+01
-4.542098142487927248e+01
-9.969287196847012922e+01
-6.024667320674122095e+01
-6.437851308131284611e+01
-1.534917328173614592e+01
-8.607563414590585182e+01
-6.113010907174364661e+01
-8.147603234400955330e+01
-5.482930332147756047e+01
-5.586821496062617598e+01
-7.435103698978417697e+01
-4.083540735085324513e+01
-3.966905080455532584e+01
-1.612220534474715095e+01
-5.807972037163739287e+01
-4.498806547133163747e+01
-8.271039164148034217e+01
-5.458074616496767106e+01
-1.789685017498582909e+01
-1.469379410842412526e+01
-2.294655806649017649e+01
-6.454895874133309519e+01
-2.791859197852066643e+01
-2.613868965006463441e+01
-4.232017865148351632e+01
-2.651199844304681363e+01
-4.404967830772163495e+01
-1.528738236621905244e+01
-2.448754082154931666e+01
-2.114773113906850099e+01
-1.060575022940581960e+02
-5.722669384347791777e+01
-4.572547976993453744e+01
-7.139641243840191009e+01
-3.077482055030808183e+01
-9.231671026586866446e+01
-8.366532023883098645e+01
-2.528781330101791625e+01
-3.260287522028006890e+01
-6.221002279928691792e+01
-6.701068837942493417e+01
-2.761557898109645492e+01
-1.731060498224369937e+01
-3.863262000422665920e+01
-7.135868538082426937e+01
-3.838380625706761862e+01
-6.525233671288606274e+01
-4.462545670555063282e+01
-3.846280449257504586e+01
-3.284867128691681870e+01
-4.885377476976623257e+01
-5.230466697591445069e+01
-1.582830513388765041e+02
-3.365892690727957870e+01
-5.893438144428376546e+01
-2.992471484802706172e+01
-3.352207719194564106e+01
-6.105125157653608881e+01
-3.966754389808958337e+01
-8.208028784850812087e+01
-3.839913863779874248e+01
-5.510560272460083553e+01
-3.305449271369784725e+01
-5.045361663739880953e+01
-4.451737017357555004e+01
-6.371013768671512878e+01
-6.394153046162155363e+01
-2.320380739296999550e+01
-2.408999301483477140e+01
-6.819715647245477186e+00
-3.733725289029251826e+01
-3.508191914839712666e+01
-3.174161433447741132e+01
-7.325870310098466121e+00
-1.246109895604128326e+02
-7.166164200642563742e+01
-4.594533770133493533e+01
-4.015662667817208131e+01
-4.574469766212624933e+01
-3.548540549068941630e+01
-5.584781070531676050e+01
-3.571723818189536814e+01
-8.480724003136313627e+01
-3.342231480822566425e+01
-2.531261618414839987e+01
-3.846538196217080241e+01
-5.227245137655923202e+01
-7.708187451514002930e+01
-3.653398691686693667e+01
-5.609438776120127557e+01
-2.429926413809188901e+01
-2.103748427370732443e+01
-1.162437292685729062e+02
-1.678351316782791613e+01
-7.545448289897117888e+01
-4.229485396300937339e+01
-3.311462094296466319e+01
-1.022770498357990618e+02
-6.213922987696165023e+01
-2.463645713570303641e+01
-2.924613413192339095e+01
-5.935767936746923823e+01
-3.098347747164554633e+01
-7.270108787580669230e+01
-2.988266577351222963e+01
-6.827171312759891464e+01
-3.178549041067048719e+01
-5.764130074294266137e+01
-4.054265296026773058e+01
-4.307484500920111259e+01
-4.897023535256039395e+01
-1.115472886693608956e+02
-8.389277705568726873e+00
-9.269180061341829457e+01
-3.373602355119352580e+01
-2.606524987080833000e+01
-4.136543861407915301e+01
-1.450182094885132074e+02
-3.089310395500868012e+01
-4.111086353375242908e+01
-4.365441891943709152e+01
-5.931589432632412695e+01
-4.126078840023012617e+01
-2.352628886984336631e+01
-2.352978774274673412e+01
-4.424893489236542621e+01
-3.155417530185388841e+01
-3.468919683905055962e+01
-2.971550973333414092e+01
-2.093460935704620596e+01
-1.963718816998045824e+01
-3.546745719446832368e+01
-1.963718816998045824e+01
-1.073913304854360362e+01
-1.070479631473020561e+02
-6.805532940930600461e+00
-3.529270912329145204e+01
-5.039421242534275081e+01
-2.415433327105308337e+01
-6.118099231750112210e+01
-6.588093112556703090e+01
-1.755934140166716872e+01
-3.594300383592013759e+01
-6.697443590570283334e+01
-5.811890051417709202e+00
-2.779730379718258959e+01
-5.048261568593460424e+01
-3.455286918162172327e+01
-1.839660093520834749e+01
-7.139641243840191009e+01
-4.859337639751197457e+01
-3.812757123853238994e+01
-2.951067695046074846e+01
-2.680997554581437825e+01
-5.402823143137184303e+01
-5.316754784521882016e+01
-3.836737348361996425e+01
-3.177881849798127689e+01
-5.116298573556822049e+00
-5.253268118886174420e+01
-2.699862999340991010e+01
-8.434879281367408055e+01
-3.455880419925458114e+01
-2.917002768590896622e+01
-3.424574495414278630e+01
-2.514266704336617053e+01
-6.691111129661314294e+01
-3.457941093212662764e+01
-9.275541664456805790e+01
-3.391341511002946874e+01
-2.180276871518850612e+01
-6.282419754049030303e+00
-3.954154597042408170e+01
-1.755934140166716872e+01
-4.063002842911525647e+01
-4.094356570336042722e+01
-6.473096200124969357e+01
-7.161183838875945185e+01
-6.732865757729167910e+01
-2.178945272480542528e+01
-1.928230544992907269e+01
-2.943366378906022973e+01
-8.359386800269626860e+01
-6.149414667553995173e+01
-6.464499236613667676e+01
-2.702892730940303778e+01
-3.367614687955184394e+01
-4.295508869013205100e+01
-3.874816549231739771e+01
-2.176241173608925195e+01
-5.028984033885843985e+01
-1.700377293113472987e+01
-2.418862988631449440e+01
-6.742011231436539731e+01
-3.289560441317525630e+01
-3.287808904827954848e+01
-3.437956670910941170e+01
-1.021753635936332216e+02
-2.694731046182358725e+01
-5.894305088971368889e+01
-4.969325166009087980e+01
-3.836737348361996425e+01
-1.482827373322800923e+01
-7.104533741960857185e+01
-7.139641243840191009e+01
-5.442159321790629178e+01
-5.508796822582131369e+01
-5.639251841036461599e+01
-4.165939914573336722e+01
-5.004808253827168585e+01
-3.318938930342429927e+01
-6.462961908642981257e+01
-6.788479649198787058e+01
-5.627363583294376781e+01
-6.680811343224650045e+01
-1.789685017498582909e+01
-6.122980076561771767e+01
-4.880403110994407712e+01
-5.100623645168278841e+01
-7.512601927616816511e+01
-3.600673563966562085e+01
-4.754729177938512663e+01
-6.848883525275951456e+01
-4.602542675916165393e+01
-2.660566413012746523e+01
-1.094627758812588354e+02
-6.733113270803997352e+01
-7.230135096976049169e+00
-8.204540339000109839e+01
-4.645265998329934121e+01
-5.113495648576127905e+01
-3.936482108279665226e+01
-8.021463666160734363e+01
-4.314904928882478430e+01
-4.852470958471084828e+01
-5.244250846143047795e+01
-5.326806710247701915e+00
-1.776042081433807596e+00
-4.635179377346005936e+01
-3.172585304562423048e+01
-2.489423507266830171e+01
-3.105740056556255624e+01
-7.221646033654249663e+01
-5.857158143661594352e+01
-1.789685017498582909e+01
-3.778691323093131871e+01
-8.631913539962218351e+01
-4.577230682919197591e+01
-4.027639524524799697e+01
-2.672313603247101454e+01
-4.459249206387427478e+01
-3.227856148335774833e+01
-4.737724215932640703e+01
-5.400197466663566814e+01
-5.726053731032185112e+01
-3.949447924523541076e+01
-6.122581431463299850e+01
-3.577671960555458952e+01
-3.852383843075344316e+01
-4.860651165178740030e+01
-7.442152713543035247e+01
-3.613559772918472390e+01
-3.679234670979597865e+01
-1.034957341679613876e+02
-6.550246101099503448e+01
-1.432609299019233617e+01
-2.122996366006675117e+01
-3.033247092579781778e+01
-2.085366065670317326e+01
-6.693431735609199507e+01
-4.748090256224243433e+01
-8.816185680773482147e+01
-1.432609299019233617e+01
-1.567944046876706921e+01
-9.106137075965892791e+01
-1.550906537175749733e+01
-4.201185155067248900e+01
-3.828333137709151401e+01
-9.730170945698675666e+01
-3.730843057527286533e+01
-4.525260560540537824e+01
-4.763142113721598037e+01
-4.626478708585079858e+01
-3.318938930342429927e+01
-1.370296115775006456e+02
-2.298376257616201812e+01
-3.533650181580793515e+01
-3.352441646057955893e+01
-2.574770607932779143e+01
-3.065550211780064416e+01
-2.962413656599308354e+01
-3.216126931676380707e+01
-8.318137732577113752e+00
-1.956707660958724659e+01
-4.929162619588674943e+01
-3.826691909388306101e+01
-4.640759880245258984e+01
-1.503562865340346661e+02
-5.121096666776089990e+01
-4.181225477224010945e+01
-4.350509150131540537e+01
-5.277765651746665299e+01
-9.587319104568581452e+01
-4.080603704926547692e+01
-6.588521697546394762e+01
-1.776042081433807596e+00
-5.871053473389984845e+01
-3.699636946962135653e+01
-2.881319049170873825e+01
-1.822406167123212128e+00
-7.444121242170734121e+00
-5.472268771716314006e+01
-5.439753080688286957e+01
-7.431490247487008105e+01
-1.661388539543957066e+01
-5.306087593869143149e+01
-5.677235264367071466e+01
-3.305148837263952544e+01
-5.319264015595989292e+01
-7.130944270892845793e+01
-1.638991423865712704e+01
-3.764657556739454236e+01
-2.410364134659932844e+01
-1.159744496836201222e+02
-2.488775346005068201e+01
-9.135261294771287055e+01
-5.459331997416042981e+01
-4.215626241779406058e+01
-1.678110349174549754e+01
-3.153394009077792148e+01
-3.846458099910461215e+01
-4.778619368819918378e+01
-4.712472176908426036e+01
-1.416071240037981340e+02
-5.581564774464924028e+01
-3.329409703250770747e+01
-1.567944046876706921e+01
-4.430792523754131906e+01
-4.852470958471084828e+01
-4.845431441828984021e+01
-6.068560785937367541e+01
-1.929910263404078918e+01
-4.366043728124577683e+01
-8.174044306649030034e+01
-7.945590581014016607e+00
-5.154674337384317795e+01
-2.006120087664311669e+01
-2.885472476063788960e+01
-7.056824280387388626e+00
-5.583255460890327981e+00
-4.211862667622858680e+01
-3.057930023540432174e+01
-3.629952555325618846e+01
-3.803225301295665162e+01
-4.209041068584927814e+01
-3.521187533150424542e+01
-3.577455636765175484e+01
-1.789685017498582909e+01
-3.949893148391363695e+01
-3.379398944894690260e+01
-5.539053015832645599e+01
-9.089784553537110412e+01
-5.511426225984081384e+01
-4.017547050929906760e+01
-1.430798494516918140e+02
-5.435708071478030945e+01
-2.242264125322823887e+01
-3.701700849269714411e+01
-2.556445747001879454e+01
-3.318938930342429927e+01
-2.987929017935162079e+01
-4.045136743717667116e+01
-2.350506485903769871e+01
-3.783378941722519073e+01
-1.980599575900282616e+01
-3.445323987700012935e+01
-5.596484372997161927e+01
-6.073605535981275239e+01
-6.137625200140361414e+01
-1.963718816998045824e+01
-5.138794921568145924e+01
-5.898402842688741998e+01
-3.684850800595629750e+00
-2.341028620708445374e+01
-4.087669733528301919e+01
-4.507454417738652097e+01
-7.561329657463200959e+00
-5.144149273788187315e+01
-3.588919367987020337e+01
-1.776042081433807596e+00
-4.878373109312986600e+01
-8.856372791954046875e+01
-3.725675835677789394e+01
-1.804410510169266146e+01
-1.134752356022369923e+02
-3.472376143847120034e+01
-3.205148837263952544e+01
-1.567944046876706921e+01
-2.393822806246117452e+01
-3.911356396509096101e+01
-4.138656452104112304e+01
-6.357989380634591470e+01
-1.963718816998045824e+01
-7.444121242170734121e+00
-3.013912618891315631e+01
-5.039013086208842651e+01
-3.407175109965082527e+01
-1.363655483730262574e+01
-5.254506174558113685e+01
-5.951545819504480050e+01
-3.318938930342429927e+01
-1.789685017498582909e+01
-5.036062917361374502e+01
-8.389277705568726873e+00
-4.660394954878917417e+01
-1.619354398091639879e+01
-3.195222327711927690e+01
-1.963718816998045824e+01
-5.310086163645075175e+01
-3.047100639438107805e+01
-4.789349058467476539e+01
-6.305941470536644999e+01
-6.739699540355593399e+01
-8.237032012553629556e+01
-5.232195112181750574e+01
-1.823485386643864459e+01
-2.681200607667176783e+01
-4.568683971925533882e+01
-8.389277705568726873e+00
-1.073844894782187538e+02
-4.492476679777446691e+01
-3.801290221234864930e+01
-8.277875573758463190e+01
-2.507490448705070918e+01
-3.009963304693743780e+01
-6.167847354333477483e+01
-4.702724505229036822e+01
-3.000000000000000000e+00
-3.183306945007783995e+01
-2.984472804812478941e+01
-6.350449629684392505e+01
-4.708941892648280714e+01
-2.187087238219359264e+01
-5.074570000874018660e+01
-3.536543844227596622e+01
-6.033064770454966208e+01
-4.129036426087667166e+01
-5.520599157611353291e+01
-5.824072263411196815e+01
-5.849752083075878062e+01
-4.099704015089504594e+01
-7.139641243840191009e+01
-1.789685017498582909e+01
-9.539486061042339315e+01
-4.120675182759072896e+01
-2.462954683853424598e+01
-2.517383157533688376e+01
-3.329175821571328697e+01
-2.481402530960322750e+01
-7.785725417435713780e+01
-7.818744431710518938e+01
-3.527623387954776035e+01
-6.021918773581063533e+01
-1.030659595289650809e+02
-6.220649516291511105e+01
-4.207761453658822859e+01
-4.628550387815990064e+01
-3.715037068821943933e+01
-4.620784968693153871e+01
-5.372572306458754099e+01
-4.339815603128248256e+01
-3.623522287978777001e+01
-6.286554227090914537e+01
-5.348875396003619898e+01
-4.674799581641921264e+01
-2.903334036006178209e+01
-5.529611319593968943e+01
-1.285838332776515358e+02
-4.339233266560198388e+01
-3.200448938823659262e+01
-4.032943100146580662e+01
-3.567222650266263173e+01
-1.179568827455929352e+02
-5.535177979940829118e+01
-5.466482891111225229e+01
-4.420870541013967170e+01
-1.550906537175749733e+01
-3.772608850390761859e+01
-3.318938930342429927e+01
-4.979213545037595878e+01
-3.043447365664188453e+01
-3.268923577236681410e+01
-6.783886353916076928e+01
-9.137806893721602819e+01
-5.311387930864972873e+01
-3.829373733350396947e+01
-4.760719215848754970e+01
-1.528738236621905244e+01
-2.901315888608878168e+01
-3.387964358761254857e+01
-4.033825274755668033e+01
-6.707951899672959684e+00
-3.354183079159290770e+01
-7.945590581014016607e+00
-4.318625724544158118e+01
-6.900543074760207674e+00
-3.846966624473736829e+01
-9.063745294653550388e+01
-3.368062883264547480e+01
-2.945978881524368731e+01
-4.982312638660463477e+01
-4.267106298513726870e+01
-3.642636464774655281e+01
-4.358342940262676279e+01
-3.103600877709051176e+01
-5.911936966759900258e+01
-4.224605781213746525e+01
-6.277327334666264846e+01
-1.642003431634795163e+02
-4.356041161709460141e+01
-6.332616096083687296e+01
-4.116419523608792019e+01
-3.948736669207966088e+01
-6.896219270278308500e+01
-2.778234268617957170e+01
-1.018363910629091862e+02
-4.901156230305490169e+01
-4.566715485187302193e+01
-2.778507050504833487e+01
-1.528738236621905244e+01
-5.854584131910497291e+01
-3.730159913495924684e+01
-3.761130392476863449e+01
-4.398731792587850009e+01
-1.704156939424172990e+01
-7.770339236549391160e+01
-2.742290149265390298e+01
-5.392777242058203058e+01
-2.730117896341024419e+01
-1.195184727383344807e+02
-5.277359350586769438e+01
-2.970575203095128458e+01
-5.754772201751011096e+01
-4.770268427170201164e+01
-6.299061001469283383e+01
-3.234038337195229929e+01
-3.603407671724710326e+01
-5.529611319593968943e+01
-2.869335581212138564e+01
-7.815763411799376570e+01
-3.859936883021146059e+01
-3.408931304763139991e+01
-3.989455695471906438e+01
-5.529611319593968943e+01
-4.264542249653573691e+01
-2.538305269165204692e+01
-5.953560426940973116e+01
-1.528738236621905244e+01
-2.861195825581664565e+01
-3.588262069210184535e+01
-2.948502570201921813e+01
-7.945590581014016607e+00
-7.945590581014016607e+00
-4.841357473569171788e+01
-7.444121242170734121e+00
-4.141560952697683007e+01
-1.102475117066197896e+02
-3.152672854603767050e+01
-3.430881295383002083e+01
-6.726691168147186772e+01
-1.561217298223432692e+01
-3.497502355230830062e+01
-4.714809258311970552e+01
-4.474449132278536467e+01
-5.757825997414870756e+01
-1.776042081433807596e+00
-4.658078874379636147e+01
-1.755934140166716872e+01
-2.950481992812258625e+01
-1.836473529418648454e+01
-3.338827911163141948e+01
-4.726494250433645306e+01
-1.957503688820878551e+00
-4.332811973649661752e+01
-3.451960894954419956e+01
-5.565338483259744606e+01
-3.420595848560218144e+01
-8.603182059601404319e+01
-4.531013691580686498e+01
-1.683053184049439110e+01
-5.179569195319580643e+01
-6.450205839102528671e+01
-3.325455350723227355e+01
-3.541952334814784820e+01
-8.574573082848387173e+01
-3.524614631410204879e+01
-8.117003663708446481e+01
-3.839841671993751504e+01
-2.427412806448069915e+01
-2.533600595502075947e+01
-3.731449433311772168e+01
-4.120367357304706957e+01
-4.199594501846948447e+01
-3.440403628994233998e+01
-6.003236419412941416e+01
-3.281487455177152412e+01
-6.120100144949475407e+01
-7.549102518215832447e+00
-1.177361263515294354e+01
-3.370286825195292124e+01
-8.128666612845729844e+01
-1.550906537175749733e+01
-3.834841991630078439e+01
-4.909416300307381675e+01
-7.656127595502074001e+00
-6.844973702897655699e+01
-3.119118793613433382e+01
-3.892039530889928756e+01
-2.113741661135076555e+00
-3.345396563480348107e+01
-3.592151787413807540e+01
-1.755934140166716872e+01
-2.908062045454903455e+01
-7.056824280387388626e+00
-2.894192791074224047e+01
-5.456638002911702756e+00
-3.117113634144372014e+01
-3.356076099675369306e+01
-1.065898088047399739e+02
-3.726856869309145281e+01
-2.518391717847064015e+01
-6.081180992223485049e+01
-1.528738236621905244e+01
-3.314707528923401014e+01
-1.789685017498582909e+01
-5.102829949076323146e+01
-3.791765894311736673e+01
-2.176427600860905542e+01
-1.789685017498582909e+01
-4.505343147387584679e+01
-3.970373575644129005e+01
-2.054779273462626321e+01
-1.607125338806075376e+02
-4.138179818439672175e+01
-4.362189834518579801e+01
-1.755934140166716872e+01
-3.821200774217825824e+01
-3.741339571682239296e+01
-8.389277705568726873e+00
-7.322499927298363787e+01
-7.510512346068065170e+00
-3.844956508705735843e+01
-4.782065052701508279e+01
-7.354174493795706269e+01
-9.387611039712368211e+01
-7.833887957949659153e+01
-1.776042081433807596e+00
-3.822300727619764871e+01
-3.320724071623507712e+01
-1.567944046876706921e+01
-4.580701800750143349e+01
-3.099331078335859502e+01
-5.380669835399099554e+01
-7.056824280387388626e+00
-4.797741627930184194e+01
-1.025389108835626786e+02
-4.629652179315172589e+01
-4.595823310856699351e+01
-4.381163845788950084e+01
-5.529611319593968943e+01
-5.936922495257048382e+01
-6.172214401991647037e+01
-5.154673487416328470e+00
-1.606109325851220149e+02
-6.496731148839904790e+01
-2.971171035061719579e+01
-2.787682632881908873e+01
-2.427412806448069915e+01
-3.014833257362932173e+01
-3.246412837501270587e+01
-5.331894907350337576e+01
-2.900535775490475388e+01
-2.772975410396163909e+01
-6.150485970576883687e+01
-2.466859164722399456e+01
-2.674842137303050293e+01
-4.957502774008619895e+01
-2.729000437345592189e+01
-1.567944046876706921e+01
-2.888602373262511591e+01
-6.119873085842093019e+01
-3.945097879682892028e+01
-5.490335156239427050e+01
-3.077974965411259234e+01
-3.088998071776132903e+01
-5.160657572274598692e+01
-1.585240796076201661e+02
-4.403526407752353578e+01
-2.489423507266830171e+01
-3.363756426569035085e+01
-1.107973739987426001e+02
-3.195222327711927690e+01
-6.483650171500217141e+01
-4.982610962681870603e+01
-5.764128127991187256e+01
-1.789685017498582909e+01
-5.775785148172528238e+01
-7.139641243840191009e+01
-3.479141803001302691e+01
-3.362020669454395261e+01
-4.765731624382370768e+01
-2.981620391383129842e+01
-3.195222327711927690e+01
-3.791765894311736673e+01
-1.976629094118847263e+01
-4.198006918876850335e+01
-5.154673487416328470e+00
-1.200463856685055504e+02
-3.952432874811945140e+01
-5.696949246439951509e+01
-6.391316223832707522e+01
-3.789507338759947430e+01
-5.311607815986995718e+00
-3.318938930342429927e+01
-2.489423507266830171e+01
-1.956550169352660262e+01
-1.550906537175749733e+01
-8.258091978697241586e+01
-3.318938930342429927e+01
-5.529611319593968943e+01
-3.983599008053543855e+01
-1.789685017498582909e+01
-4.023268404164295475e+01
-5.529611319593968943e+01
-2.953151155785499782e+01
-4.849617351032534884e+01
-6.820391639024310848e+01
-1.671257242950782995e+01
-4.507235693427629997e+01
-8.304933126617913786e+01
-3.514889688974773208e+01
-6.088560584701721012e+01
-1.789685017498582909e+01
-2.677876002083418072e+01
-5.077904806084661971e+01
-7.945590581014016607e+00
-4.523072286140312315e+01
-1.550906537175749733e+01
-5.290674011625149831e+01
-7.444121242170734121e+00
-5.137637893218187912e+01
-1.755934140166716872e+01
-6.847097725578063176e+00
-2.868613147199752689e+01
-3.685628150273942083e+01
-6.617101422795165888e+01
-1.567944046876706921e+01
-4.149284890913126844e+01
-3.255388218356686991e+01
-5.490185705811100547e+01
-2.638265662377118304e+01
-8.547465724467299708e+01
-4.010076301848621227e+01
-2.961871966742265272e+01
-1.161831620299532091e+02
-3.846454090161873296e+01
-1.907450014518742876e+01
-2.707164300121387512e+01
-4.771454901681312322e+01
-6.463984582153304359e+01
-4.333291171769734973e+01
-4.149142435539620521e+01
-3.033119725536777977e+01
-1.749207391513449039e+01
-4.475638826065284803e+01
-3.523675071778515644e+01
-1.448647377741223750e+02
-3.071129654924452268e+01
-1.588675206033668275e+01
-3.195222327711927690e+01
-2.374596957849156453e+01
-3.966754389808958337e+01
-5.893809777923195270e+01
-6.179083036788306060e+00
-3.327633440026516354e+01
-4.557614435844399026e+01
-4.672115763280038436e+01
-2.489423507266830171e+01
-3.318938930342429927e+01
-5.604689667845543966e+01
-3.405496412113618021e+01
-5.938892031558900442e+01
-3.973880371444202808e+01
-2.632608587794413424e+01
-1.844661000287848651e+01
-7.252639829688148154e+01
-5.396469883830754100e+01
-7.444121242170734121e+00
-5.153505440321234943e+01
-2.619805334070222358e+01
-7.057944764595012543e+01
-5.529611319593968943e+01
-5.240256161400590429e+01
-1.638719693468624783e+01
-7.235962126693688390e+01
-4.750219532720142013e+01
-1.776042081433807596e+00
-3.342633304335923583e+01
-4.972630537961303077e+01
-3.535530423607114869e+01
-2.714465911399112485e+01
-1.763818154416314243e+01
-1.755934140166716872e+01
-4.345753241973474701e+01
-3.236828714352772352e+01
-8.807136763980622618e+01
-3.417021596923203219e+01
-5.195410768017698899e+01
-7.891895331190171703e+01
-6.156170220465183718e+01
-7.139641243840191009e+01
-4.043606506050092264e+01
-1.297809017811592867e+02
-1.332263177748370140e+02
-7.945590581014016607e+00
-4.363641041622621941e+01
-7.444121242170734121e+00
-3.847786872852568507e+01
-3.597093387793941588e+01
-2.625285337057476553e+01
-2.916730992016653445e+01
-5.216688697537627206e+01
-5.411792637066253064e+01
-5.271174813212316224e+01
-2.888964634464183945e+01
-4.267106298513726870e+01
-6.228226566807470022e+01
-1.158163836138649216e+01
-4.314709567530482559e+01
-7.404628184290568527e+01
-4.508371193494465956e+01
-1.160025992383845335e+02
-3.510827600188177655e+01
-6.750507174536770094e+01
-3.371712010275510352e+01
-4.545117489038811698e+01
-8.216668338292060980e+01
-7.444121242170734121e+00
-2.842136194403882499e+01
-5.884286510887228872e+01
-1.436440510158178938e+02
-5.014198896610711387e+01
-4.272239318995646329e+01
-4.613406884187000401e+01
-1.755934140166716872e+01
-7.328066681727386822e+01
