-7.433211798592355990e+01
-4.322828447712735311e+01
-3.489543340446421382e+01
-2.950234392063277866e+01
-5.502135468447534805e+01
-2.957240854984162226e+01
-9.587251852903631288e+01
-2.602735696483523142e+01
-9.336112581727354609e+01
-2.316880640568652794e+01
-4.805361222230406071e+01
-3.372800058640652310e+01
-5.109718722716972650e+01
-7.033793113073302550e+01
-3.182587266306203944e+01
-2.588895872869590065e+01
-4.581990618849633989e+01
-3.214352420365140972e+01
-1.082285709751414515e+02
-4.378030423012555161e+01
-5.558996612244771995e+01
-5.740338636031079744e+01
-5.864150934471463472e+01
-4.452438592714251087e+01
-2.720873618571665631e+01
-7.021688350434612857e+01
-6.590980714105458560e+01
-2.968160143001580309e+01
-3.477253828289877191e+01
-6.143563206426605916e+01
-3.063590889192433409e+01
-6.857166992018818519e+01
-5.277358683410110984e+01
-3.353528826545543495e+01
-5.989999056434819380e+01
-7.365098848731321368e+01
-6.233926112645919915e+01
-1.077211142334805203e+02
-2.373644653620425515e+01
-6.787525981591558377e+01
-3.880034996005952053e+01
-5.609014436895104438e+01
-1.745355059556050037e+01
-7.110017827674872137e+01
-3.054566483323948489e+01
-4.196582110800326859e+01
-8.181190806040460473e+01
-4.327101793725788070e+01
-5.815988689858244953e+01
-4.578355181472686297e+01
-3.213996748626965427e+01
-4.483214046743574244e+01
-4.969458255684978809e+01
-5.711332390329936715e+01
-1.766628348816790606e+01
-2.229722991016430811e+01
-2.813500855886050545e+01
-1.814140152843547327e+01
-1.617649472600673377e+01
-2.974927530227122929e+01
-3.596662711007852664e+01
-1.786992289039788417e+01
-2.917855579106342034e+01
-1.110839671301216072e+02
-6.744272388969611143e+01
-1.161708814291266734e+01
-5.517310209973010160e+01
-2.254171421169752421e+01
-6.862750998142922754e+01
-1.976510492309573408e+01
-3.993730295848609302e+01
-1.851905746975516820e+01
-3.957948733614323089e+01
-2.777532142066035092e+01
-2.270083338481489221e+01
-2.093360555003981816e+01
-6.515328293779549540e+01
-1.436612628403543468e+01
-4.262147235676928148e+01
-8.780876871467023648e+01
-3.144683951446349113e+01
-3.959102862383198129e+01
-1.916707977824158249e+01
-4.157672846879583517e+01
-1.677222493160052608e+01
-4.398810958515517910e+01
-6.960101303971507036e+01
-1.604277490317846500e+01
-1.837139707908481512e+01
-2.102764400082999430e+01
-4.876293326738159095e+01
-9.993305299118939899e+01
-7.966910166396876214e+00
-1.647033087349251801e+01
-3.334075051293162772e+01
-3.012922010594717648e+01
-8.312321164950783725e+01
-2.001457641147269584e+01
-2.600726247415831693e+01
-3.559903127673430134e+01
-2.538686862026633406e+01
-2.993322947840499637e+01
-4.112545903392044977e+01
-3.377860495014036246e+01
-5.947690032178216768e+01
-1.965510758644866840e+01
-7.136991141491955126e+00
-2.324465706297470646e+01
-4.858888989456992391e+01
-3.930468672440830602e+01
-2.666839326397660059e+01
-1.007857010923606822e+02
-3.560518329429762474e+01
-6.754412178523062948e+01
-2.533711520751477053e+01
-1.998216420251997860e+01
-2.493009630569832069e+01
-8.313211795610996546e+01
-1.659786944580575963e+01
-3.992099045734968854e+01
-4.234724003325391806e+01
-1.772370633068680235e+01
-1.254736573606115968e+01
-8.711070347921129553e+01
-5.958276016580951051e+01
-9.528670368067944096e+00
-6.104380442032922360e+01
-5.364269634237360407e+01
-3.080417138564244794e+01
-6.666861039118033183e+00
-1.194607314299830136e+01
-4.486649368414892791e+01
-1.879212550183792274e+01
-5.515067439703216934e+01
-5.019896358946535742e+01
-1.963339300259348263e+01
-1.805865165346654777e+01
-1.299223331310920670e+01
-7.133728102849223873e+00
-4.788521495496175362e+01
-2.285743229264813081e+01
-4.883855397012048627e+01
-2.746595550101242722e+01
-3.158344687404417783e+01
-1.463946890410511870e+01
-6.351720405046793871e+01
-3.898250478346780312e+01
-5.627605449477675137e+01
-2.423209671343014193e+01
-1.045771773567905605e+01
-4.256279579948644454e+01
-1.449716324965047676e+01
-1.738319928853716689e+01
-4.813140184861548931e+01
-8.126893537740642159e+00
-4.232377002262035859e+01
-3.220115483685493274e+01
-5.107671378614098501e+01
-3.071639881559069352e+01
-1.494155457407261878e+01
-6.615720643444986138e+01
-1.032773562561968461e+01
-5.898713922443205604e+01
-2.453372749974552391e+01
-2.755659648601754341e+01
-2.310788673750479916e+01
-5.419246730956593439e+01
-2.798177900117441297e+01
-2.124207121083414052e+01
-4.024742494709071394e+01
-1.346779933830895715e+01
-3.052456945432069091e+01
-5.144009328447125284e+01
-2.998300026090236869e+01
-2.990189076625422615e+01
-1.727503538553582985e+01
-2.370527513284771359e+01
-1.252844168091872312e+01
-1.073964446275129703e+01
-9.771467256718337069e+01
-2.583647219282439167e+01
-9.735591966515029227e+00
-1.831027891216412584e+01
-8.251633574548445438e+01
-1.196482302212269389e+01
-1.094813279843654641e+01
-6.513820088930850716e+01
-1.873807031057376804e+01
-3.058508093685264839e+01
-8.965515396995637332e+01
-2.105251441726201378e+01
-2.565811179254306396e+01
-2.258719077047884838e+01
-4.955425018608546139e+01
-3.213764179318214076e+01
-6.490707939874263843e+01
-2.255475105363050048e+01
-5.208857019860739967e+01
-9.865389481221643564e+01
-1.818179828015649946e+01
-5.377315071300316873e+01
-2.346365965741448534e+01
-4.680631083178636231e+01
-3.681749926473284518e+01
-4.226148085768083007e+01
-9.128065796645541852e+00
-2.878106221388103236e+01
-1.627530332453693518e+01
-4.110357816543194076e+01
-2.508575052178622755e+01
-1.561002473219812892e+01
-1.594705526908401616e+01
-6.154896480988970353e+01
-1.011222486632308346e+02
-4.144634399703819838e+01
-1.925435638288449169e+01
-4.954839171673228293e+01
-5.283240829377465531e+01
-1.651233611065610418e+01
-4.049365484091425316e+01
-3.130528281037914695e+01
-2.311325745754900751e+01
-5.321452386705275472e+01
-2.518354720002363223e+01
-2.076938248536906784e+01
-1.887749202673963822e+01
-5.170397546499349772e+01
-3.602204509612209904e+01
-5.674660232916119185e+01
-1.830690313745133579e+01
-3.488085255487642655e+01
-1.975493625509666629e+01
-4.507885040442229041e+01
-2.052000762191097394e+01
-5.155948012509582412e+01
-5.047404413934779654e+01
-5.800886024550068498e+01
-2.810175937105222488e+01
-1.057214656571884426e+01
-6.707284312444849661e+01
-1.959968077723209490e+01
-1.254581361167307030e+01
-1.409048023248437786e+01
-2.547545724993117133e+01
-2.866411252118710351e+01
-2.676931366212246033e+01
-5.549492069961272023e+01
-2.930429939122726424e+01
-1.714460914899783361e+01
-1.410296215427040956e+01
-2.733173941277304309e+01
-1.043363621751388060e+01
-1.751866248835193218e+01
-1.422487213380460602e+01
-3.858605344963677908e+01
-4.214754050430668286e+01
-7.347456906734509019e+00
-3.388904833388549775e+01
-1.592962642498696368e+01
-1.612416579656083826e+01
-2.275111279447378365e+01
-4.545774180597678793e+01
-4.153452632614141748e+01
-2.791343011833763654e+01
-1.020801068929527133e+01
-6.049541602377859206e+00
-3.485472814738191971e+01
-8.424165545609159267e+01
-1.113009047514569971e+02
-2.328024564986245792e+01
-1.486776070823124307e+01
-4.322962626999800761e+01
-3.753549684680820064e+01
-1.851942546613489782e+01
-4.148226049722688202e+01
-4.433510393793597615e+01
-3.210145894116663356e+01
-4.426285493941512783e+01
-4.814543610022720088e+01
-8.763456157033951754e+00
-3.153241992485278189e+01
-3.870868827939160184e+01
-2.520023793480698515e+01
-2.773794401442282975e+01
-1.975800615868138976e+01
-6.823334900363916233e+01
-1.261891828223168943e+01
-3.164059341312762541e+01
-9.899682335692800450e+01
-8.218349032863910608e+00
-2.064305701311771202e+01
-2.819375943268099505e+01
-2.244285245881902568e+01
-1.395101620218900784e+01
-2.514798464033007264e+01
-4.970478128760286296e+01
-1.716777447107307353e+01
-2.109210230117320251e+01
-5.321592461562205223e+00
-8.618222695848009707e+00
-2.258836264864549648e+01
-8.732395028547475846e+00
-3.370693825967438073e+01
-2.790885218917072308e+01
-1.710139329851364209e+01
-5.429059013864895178e+01
-1.669202297636094201e+01
-1.798694889793014440e+01
-1.115448115069239066e+01
-1.659042423780524089e+01
-1.091394502693232127e+01
-2.177840710487727449e+01
-2.288498659665445700e+01
-2.387416802165551388e+01
-1.116880814203903860e+01
-2.016114637024747225e+01
-4.404156605713554029e+01
-4.411850839722455930e+01
-2.616275206231684791e+01
-6.002795224318568046e+00
-2.407629532199936051e+01
-1.906692341951239555e+01
-2.241272841236963487e+01
-2.356610721102502382e+01
-8.807707546741948335e+00
-8.587659588817484746e+01
-1.425401735768300249e+01
-4.980760525257900184e+01
-4.708747926480128854e+01
-1.172291522231335748e+01
-5.098261896588971354e+01
-2.299897356823497319e+01
-3.032309803021522043e+01
-3.253058187026379500e+01
-1.039560987736856923e+01
-1.703227304395335651e+01
-3.356292586417524149e+01
-2.618788059155990311e+01
-2.596803505329683048e+01
-3.949354359505806400e+01
-4.004263546397309881e+01
-3.872436468200191229e+01
-5.473706407085441583e+01
-8.738247473593430570e+00
-4.694614000094644979e+01
-1.904754510524886868e+01
-9.245407875701101119e+00
-1.000820707342391671e+02
-5.793193785333519941e+01
-4.347623396777232330e+01
-6.886531653674830977e+01
-7.197462033122597802e+01
-2.606564475549683024e+01
-6.818089792390755122e+01
-4.281996737441954082e+01
-1.222230342261617153e+01
-8.777099702583393892e+00
-4.964779806560049025e+01
-4.466946067006077925e+01
-3.985971928739676429e+01
-2.616450058990673355e+01
-4.365873877559412364e+01
-1.142339735509236576e+01
-5.079524506434164977e+01
-2.448936678404470513e+01
-3.016598745086269417e+01
-7.133126354476057429e+01
-6.489346995323819201e+00
-2.360439591893121047e+01
-2.524349193847737283e+01
-1.013590428468772586e+02
-4.293567241943071622e+01
-1.398908772034906178e+01
-1.362140870092934541e+01
-2.549204754682750362e+01
-3.911244682636679926e+01
-4.228172737964036543e+01
-7.973920403140323465e+00
-6.886198267379630522e+01
-4.139489233554255776e+01
-8.155028772189847786e+00
-6.564548536731359185e+00
-2.120796834832967548e+01
-4.885430692787817009e+01
-1.011996101761572753e+01
-2.259281388813008107e+01
-1.519268945548802918e+01
-1.604142859865272541e+01
-2.611603382890227465e+01
-1.210803822911846162e+01
-5.390807151022200827e+01
-5.139933428006768423e+01
-1.799413013328702249e+01
-9.986919605194103156e+01
-3.960827796072892681e+01
-1.977236939331341503e+01
-2.876951069810234429e+01
-1.231976776610381030e+01
-1.131302156757961797e+01
-2.168089273142379980e+01
-8.607930487261859298e+01
-1.719873664688994452e+01
-3.971015117932690686e+01
-2.822578250255891419e+01
-1.097122755841619579e+01
-7.716161879418436342e+00
-6.748886031098308536e+00
-3.176580338078250776e+01
-1.093940443422789066e+01
-4.153754448744160044e+01
-2.159434046059411472e+01
-5.799530304156972704e+01
-6.751074951780066158e+01
-3.848386606618757355e+01
-1.113725112045419365e+02
-2.607609254174030866e+01
-2.467226288999349038e+01
-4.323928537567935848e+01
-6.785686952885339451e+01
-9.144720390180809844e+00
-1.888907283563816364e+01
-2.548408375844246976e+01
-1.218446589813710546e+01
-2.315845753415610275e+01
-9.378795626255136852e+00
-4.118286422604565900e+01
-8.961013882013361354e+00
-2.036616004287049009e+01
-5.695406537955202708e+01
-1.548466268508876276e+01
-6.760368085712028297e+00
-1.330269223072470908e+01
-2.808363016962294623e+01
-7.003543948557538101e+01
-2.604358186874037528e+01
-2.543896559265587953e+01
-4.901426641981343124e+01
-1.758370289135366349e+01
-4.399317904624648179e+01
-4.091154336160314386e+01
-4.681337238538674939e+01
-2.203074732505054101e+01
-2.265002809275038942e+01
-3.582510647317291586e+01
-2.641622479356818332e+01
-1.192211700014170361e+01
-4.259451350185790375e+01
-5.322470900173460251e+01
-6.984878055385462403e+01
-4.147479638341266650e+01
-5.585141710294426076e+00
-6.792865828249492033e+00
-8.857410349450201181e+01
-4.402526099558654238e+01
-3.271688807241903163e+01
-4.312634938198600310e+01
-9.954276169665059015e+00
-1.847739287731810265e+01
-4.089289666974312354e+01
-7.217399651674546668e+00
-8.226011808222808952e+01
-2.896246941634444383e+01
-2.250541268637784142e+01
-8.462638125044394499e+00
-4.053190441071993888e+01
-1.870488589463229090e+01
-1.684080531239176892e+01
-1.305762326217439728e+01
-3.275075409823651285e+01
-4.069017665179748633e+01
-5.070512187871674570e+01
-1.992476972609743058e+01
-1.408951835915789097e+01
-1.561764790068078490e+01
-2.771582225479575357e+01
-4.089289666974312354e+01
-1.643335830618397608e+01
-3.131006075598257610e+01
-3.989357442327091263e+01
-3.006837999219046154e+01
-1.248326470806407862e+01
-1.208533745772950141e+01
-8.094504238530895179e+01
-3.230630145097779859e+01
-1.290449119964723224e+01
-3.150292163648581578e+01
-6.257534545225231781e+00
-3.275075409823651285e+01
-3.249268740030114344e+01
-2.218341345900806161e+01
-6.023143325414787697e+00
-1.116822267472622201e+02
-3.165300344699944546e+01
-2.699202737508892014e+01
-2.773147704529069557e+01
-4.308242048188195383e+01
-3.997605261179394631e+01
-8.092332479685603985e+00
-3.158676864621962466e+01
-4.958761135374810181e+01
-4.205598762087678466e+01
-4.327586423249785241e+01
-9.520480090286933716e+01
-4.005222260393420441e+01
-2.516719735168419447e+01
-2.906401088424573942e+01
-1.622386215132121379e+01
-1.274215925780926462e+01
-2.616201618804613460e+01
-1.118578450230682186e+01
-1.897740203900475464e+01
-3.145153632078189787e+01
-2.746127762963619290e+01
-5.411756438128025337e+01
-4.845527555350555815e+01
-3.958471663875765501e+01
-4.159240407269033568e+01
-1.751316055530239169e+01
-1.993755532957003496e+01
-4.033978095172652445e+01
-2.094879850144358002e+01
-2.165305366041112123e+01
-4.206553342329201683e+01
-1.008085322568728088e+02
-1.835956989425455532e+01
-1.166540397695626297e+01
-2.565705469539082628e+01
-5.346931788302438804e+01
-3.152023578672431725e+01
-5.047822282447214803e+01
-2.174653164813712891e+01
-8.693116093754765927e+01
-2.566336804782623204e+01
-9.951951340369124210e+00
-5.091912099062545849e+01
-1.703991914879918923e+01
-1.594353367923556775e+01
-2.550280787478020983e+01
-2.057587373824469523e+01
-5.875177025853044910e+01
-9.626799156951598491e+01
-1.945096902966377783e+01
-3.287616291674410007e+01
-2.610970844559045645e+01
-1.454198544043530106e+01
-3.197247084602940248e+01
-1.021012210226889039e+02
-2.204123436573608785e+01
-1.711310934480574986e+01
-6.173299813507522771e+00
-1.157883458941651256e+01
-2.167634177298887366e+01
-1.408845293541046928e+01
-1.649134509101004298e+01
-5.415116626180481774e+01
-2.722801098626688088e+01
-2.173466345506110287e+01
-1.166540397695626297e+01
-4.265644668758314140e+01
-2.516719735168419447e+01
-3.920972093235512546e+01
-6.214116371375210690e+01
-1.392026883961897354e+01
-5.447523181834766604e+01
-4.676899983072785005e+01
-2.397205640627427670e+01
-1.751316055530239169e+01
-1.368333051383403820e+01
-5.402469614819024457e+01
-8.772418382913726020e+01
-1.963781904330555506e+01
-2.461200469677707758e+01
-1.172044104073402160e+01
-8.180142285634563848e+01
-3.164561180263519446e+01
-1.899910267047072665e+01
-9.546915846159824071e+01
-6.970637033905077828e+01
-5.804963642002781654e+01
-7.155507618615968290e+00
-3.275075409823651285e+01
-6.008604702165137645e+00
-3.988392402826435301e+01
-2.816928244254824421e+01
-4.140768587066553152e+01
-2.182324448961560748e+01
-5.003769364780664830e+01
-3.913973351633803333e+01
-1.432688711912039103e+01
-9.864645682152486827e+00
-8.141695918589247682e+00
-1.947456739109261648e+01
-1.437436713148354883e+01
-1.157957869151321262e+01
-6.960706889366464623e+01
-2.738764182018026005e+01
-2.850611432318296323e+01
-3.195372232657178557e+01
-1.618995203383846970e+01
-6.075903104568543966e+01
-7.365943434285185276e+00
-5.123964408162906636e+01
-9.049393760651941676e+00
-2.786468094244141014e+01
-1.601156118482303725e+01
-1.314542758915535714e+01
-3.215488047341431610e+01
-5.651800327658190781e+01
-2.249646671042208013e+01
-8.697576689217362400e+01
-2.384475303463446494e+01
-5.105597644329144913e+01
-2.737089653083170759e+01
-1.598883880712788397e+01
-1.146954068181088715e+01
-1.843486863869985370e+01
-4.212977165266861590e+01
-6.733194602866045209e+00
-8.126648229453115846e+01
-9.514425305529996990e+00
-3.940510721443844488e+01
-2.516719735168419447e+01
-7.181258559464181346e+00
-4.330782378881078643e+01
-3.197659207220754496e+01
-3.346575009727744998e+01
-3.031115083699917534e+01
-2.655559421488051441e+01
-3.761279352375252927e+01
-9.864645682152486827e+00
-3.943832858707583711e+01
-4.089289666974312354e+01
-1.430019336733798241e+01
-9.049393760651941676e+00
-5.747643984911793957e+00
-2.794108054342289904e+01
-3.728455610720685343e+01
-5.407329234615795599e+01
-4.015805257489556368e+01
-8.014569869582432560e+00
-3.222709148924116107e+01
-3.873700216729861978e+01
-2.749213982936352352e+01
-8.283274137836474438e+01
-9.218669440023059991e+00
-6.015557300034042321e+00
-2.953555382411531838e+01
-9.378795626255136852e+00
-1.462484496474736773e+01
-5.441816345378493480e+01
-5.686573570375684739e+01
-4.604312442395143279e+01
-5.455896735549026033e+01
-1.217362037080730985e+01
-5.427898496307741993e+01
-1.724992010194771552e+01
-5.095517215663482347e+01
-1.431927695832746394e+01
-2.400451075542931534e+01
-3.978885971634404228e+01
-9.564413969787936765e+01
-1.118578450230682186e+01
-3.013955891925863995e+01
-4.126640754333671879e+01
-2.396288237611674177e+01
-4.986184246409904830e+01
-4.432392996647098293e+00
-2.561395573849290841e+01
-5.205446802904424430e+01
-4.843003803895492609e+01
-4.024285216714874025e+01
-1.874448810662715559e+01
-5.869611598241982087e+00
-1.006415569514984298e+02
-3.437705185701499744e+01
-1.284708551442238544e+01
-5.355428376868853491e+01
-2.958759084746104051e+01
-1.166540397695626297e+01
-1.065505511994923538e+01
-1.030959278666991352e+01
-1.080256872498418197e+01
-9.378795626255136852e+00
-2.746789511250253923e+01
-7.274967419367541765e+00
-9.562558844984796025e+00
-7.520987992019069424e+00
-9.864645682152486827e+00
-8.478124575791566642e+00
-2.158833798209347066e+01
-4.252123654313489709e+01
-1.703883388656858600e+01
-4.530582314672938793e+01
-1.119024543321782232e+02
-5.027318912962518738e+01
-1.118578450230682186e+01
-1.567823629227480353e+01
-6.328315270186930519e+00
-3.126230056196947160e+01
-2.168519346403766690e+01
-4.002048954122760449e+01
-3.923528857475997711e+01
-1.424979394923080278e+01
-5.677299985481993616e+01
-2.204123436573608785e+01
-3.768634334070269887e+01
-1.724009501007483891e+01
-2.517488950139421533e+01
-2.086859493889715811e+00
-9.864645682152486827e+00
-2.516719735168419447e+01
-1.161684011440395992e+01
-4.976021942204903326e+01
-5.869611598241982087e+00
-2.951458655950752785e+01
-1.846307857265200170e+01
-5.683843966954981397e+01
-5.435584228369518911e+01
-1.493027201113611468e+01
-4.011188809369701147e+01
-4.922663516925088345e+01
-1.682215445296184697e+01
-2.771134180488763832e+01
-1.462198155668374611e+01
-5.442243267092792536e+01
-3.196068260994324106e+01
-5.769017575381997887e+01
-5.027318912962518738e+01
-2.166776265136534363e+01
-1.799287121389333066e+01
-2.582622848458028386e+01
-5.170504686492934354e+01
-1.988432437078680337e+01
-1.881137559756167832e+01
-3.126386858062826946e+01
-2.204123436573608785e+01
-8.826455336895959647e+01
-2.851853441028745095e+01
-5.184759749051939082e+01
-4.804029310421536536e+01
-1.667962557937415724e+01
-4.255479989129180041e+01
-1.133742739298310056e+02
-8.052137868960961953e+01
-1.025148261310469699e+01
-2.720173189821498738e+01
-1.115766292330168312e+02
-9.514425305529996990e+00
-8.735802557756579745e+01
-1.123699434199543035e+01
-1.443646981021318965e+01
-5.746063715625793833e+01
-1.850375648905167481e+01
-2.329581791008871150e+01
-4.404251403678138388e+01
-1.300514610335037702e+01
-9.049393760651941676e+00
-9.619660775024348354e+00
-2.187989875096833359e+01
-3.503570665107633175e+01
-4.045507943378666482e+01
-9.514425305529996990e+00
-3.998643108544357005e+01
-3.585630426601422727e+01
-4.103260910181703025e+01
-1.421157823918937169e+01
-2.768007590570489285e+01
-1.044796274780864422e+02
-6.889332975173981310e+01
-6.146305174547221917e+00
-8.156819887123377555e+01
-1.265967084664762510e+01
-1.703883388656858600e+01
-1.521466970238295069e+01
-2.039241894611395267e+01
-7.694037868338904218e+01
-2.631342813079181298e+01
-2.861407584834208961e+01
-2.655203867190617473e+01
-5.155832765254062622e+01
-1.422297151166749352e+01
-4.336733260452874816e+01
-2.191694244126996693e+01
-1.672822721543379387e+01
-1.727061642626106774e+01
-3.275075409823651285e+01
-1.174144713218392333e+01
-4.934842455127669325e+01
-4.607985906550786126e+01
-2.681441179201056002e+01
-3.453456732777751625e+01
-4.900431057110568389e+01
-2.637777584484408777e+01
-5.869611598241982087e+00
-8.534087062435750326e+00
-4.107542507177766566e+01
-4.626919290101889715e+01
-1.118578450230682186e+01
-1.314605825332809097e+01
-4.162439750876429656e+01
-4.270470786757876880e+01
-9.864645682152486827e+00
-2.109356325305526170e+01
-6.056257989628858951e+01
-1.857869328878269854e+01
-4.311086574665912963e+01
-2.182324448961560748e+01
-9.378795626255136852e+00
-1.869405407416688547e+01
-4.579219543112287738e+01
-4.190082323291247945e+01
-2.583076094274968071e+01
-1.116255046993033062e+02
-1.649274976302335105e+01
-2.548630193478228989e+01
-4.017253879529156535e+01
-7.154534752187011293e+00
-2.637777584484408777e+01
-4.999433639861803869e+01
-7.394011372986054376e+00
-2.187989875096833359e+01
-9.864645682152486827e+00
-2.400451075542931534e+01
-4.307952302871001393e+01
-4.820324679502695631e+01
-3.272865888838205706e+01
-1.085881010337491936e+01
-1.303832666273278384e+01
-1.166540397695626297e+01
-1.703883388656858600e+01
-1.013935832959363026e+01
-5.412187151556344844e+01
-1.703883388656858600e+01
-1.842649897466328568e+01
-2.847724388420105868e+01
-1.555186615615946977e+01
-3.805039593802022324e+01
-1.273893538307935991e+01
-4.483738034708812847e+01
-1.435293253003868053e+01
-2.086859493889715811e+00
-7.418907180709916283e+00
-1.073751477620789707e+01
-1.065603399034853638e+01
-5.155832765254062622e+01
-9.757796999908931568e+00
-4.224081072879693721e+01
-3.129860757833998264e+01
-8.276458948884241806e+01
-2.196377435488480145e+01
-1.118161965249577179e+02
-9.629445618560001208e+01
-1.404913393470692640e+01
-4.336733260452874816e+01
-9.528736391607948519e+01
-5.155832765254062622e+01
-4.089289666974312354e+01
-5.684764853166189624e+00
-1.340088879520895837e+01
-1.130803782458593965e+01
-2.175839881983262813e+01
-2.409152967309827531e+01
-4.029647492894375915e+01
-1.703883388656858600e+01
-1.219465140539980830e+01
-3.971253263250962817e+01
-2.204123436573608785e+01
-1.273068577202498375e+01
-4.799187539118955570e+00
-2.710107368950630402e+01
-4.080718521488675066e+01
-2.612573947769630678e+01
-4.099519365628229650e+01
-3.997056749959207167e+01
-6.042898566104250335e+01
-3.019020996757731012e+01
-4.003107890314203132e+01
-2.789371206023297844e+01
-9.757796999908931568e+00
-4.324290116750864144e+01
-2.409671107298644799e+01
-4.136415429975825475e+01
-2.204123436573608785e+01
-1.206047826655822952e+01
-1.758131794724015151e+01
-1.633176182390193532e+01
-2.663118866435605270e+01
-1.963725740143906862e+01
-5.481644395572485706e+01
-4.360874635270316446e+01
-5.869611598241982087e+00
-3.984485076120872549e+01
-3.461768475445739313e+01
-1.244663346830690998e+01
-2.581184516938275308e+01
-4.425261592927046195e+01
-1.908251110461448974e+01
-9.049393760651941676e+00
-2.167592901843260123e+01
-2.671455890786852194e+01
-4.411584569943963885e+01
-4.317511859193326984e+01
-2.247053441695477716e+01
-1.587791748932425406e+01
-4.210863228346650544e+01
-4.850687224743379033e+01
-2.820954615029317125e+01
-1.766256269626017428e+01
-4.355195263260908689e+01
-5.765906425781967215e+01
-3.090545570290669630e+01
-3.121145283481602206e+01
-9.595669033652850999e+01
-8.620710893618536375e+01
-1.004901018642506187e+02
-3.418606200297548980e+01
-1.022143305924408168e+02
-2.520451075542931463e+01
-4.546280177542274714e+01
-4.235748778329343622e+01
-1.111046561629920681e+01
-9.378795626255136852e+00
-6.390541826910542511e+00
-4.554102489787509711e+01
-1.113844273244567091e+02
-3.959935612039064523e+01
-5.922813633537561628e+00
-1.547703682850602291e+01
-2.275962645862185241e+01
-2.774602879534482724e+01
-4.271747727629158931e+01
-1.019033289913429741e+02
-7.154534752187011293e+00
-8.766869932934697829e+01
-8.244580210816602062e+01
-2.185005644821765003e+01
-4.399223743627074867e+01
-4.780733214282480503e+01
-2.616649903247060394e+01
-7.050553042332770914e+00
-4.261796542121759757e+01
-1.649274976302335105e+01
-9.576230363971172110e+00
-4.087786863537726134e+01
-4.049974338757841963e+01
-5.155832765254062622e+01
-2.293854109368517769e+01
-6.626482204879232007e+00
-1.118578450230682186e+01
-6.756331899912693117e+00
-4.232533899441170178e+01
-3.775039938201373246e+01
-2.775203867190617402e+01
-1.130867184338590192e+01
-4.192698072794097186e+01
-1.130867184338590192e+01
-5.749810316012405309e+01
-4.198047214730716803e+01
-6.986369609977708706e+01
-2.952790624195990432e+01
-1.648285053413475154e+01
-1.908251110461448974e+01
-5.072575485231512005e+01
-4.491933646719008522e+00
-9.747603995243210306e+00
-1.256733325579045157e+01
-2.508614185817691222e+01
-6.921429640057780830e+00
-8.686013614211134382e+00
-3.924813860908759722e+01
-1.908251110461448974e+01
-1.773520186589852798e+01
-2.209448010383999517e+01
-3.818277415844183764e+01
-3.852011624207750629e+01
-2.374531781375836914e+01
-1.104658464689787500e+01
-4.931543233730405262e+01
-4.089289666974312354e+01
-1.051974804357861792e+01
-1.963725740143906862e+01
-2.204123436573608785e+01
-1.667962557937415724e+01
-4.699895863919411454e+01
-1.119156885485824375e+02
-2.656759672406267825e+01
-1.776550443784837796e+01
-1.008421314378921778e+02
-1.204508408635035188e+01
-6.820299510965197598e+00
-1.604559605326501526e+01
-1.966412325858746613e+01
-4.938177217638698835e+01
-9.027312434499673799e+00
-1.305801595034550466e+01
-1.170279149267485153e+01
-9.378795626255136852e+00
-4.035492221214795450e+01
-4.438949746792375350e+01
-2.516648878276239998e+01
-3.325323456879895190e+01
-1.051974804357861792e+01
-1.413187878274751341e+01
-4.306471653653427722e+01
-2.204123436573608785e+01
-3.646754181444261889e+01
-1.971763678245339690e+01
-4.739564274672276589e+00
-4.259891076181825298e+01
-5.619379185185137970e+01
-9.558663358105189189e+00
-8.701100196679121268e+01
-1.083639051799234920e+01
-2.516719735168419447e+01
-6.783234048610850664e+01
-1.703883388656858600e+01
-4.003107890314203132e+01
-1.635373537118251264e+01
-4.530582314672938793e+01
-1.329545330165861650e+01
-1.129352489694674055e+01
-8.308753008959224928e+01
-5.106984623742132356e+01
-5.017265599154163880e+01
-3.271688807241903163e+01
-1.329545330165861650e+01
-2.462010489743141051e+01
-2.662214991233938122e+01
-6.728294595940262468e+00
-4.300988036918460722e+01
-2.622220256582078335e+01
-4.091396187904766180e+01
-1.086095130098681238e+01
-1.230548337166727535e+01
-5.022874463183649851e+01
-3.457523163532007260e+01
-2.086859493889715811e+00
-1.864436017244117139e+01
-7.093866779522316257e+00
-3.275075409823651285e+01
-6.877558760740510024e+01
-4.089289666974312354e+01
-4.317212731455521890e+01
-9.864645682152486827e+00
-3.191914073469657609e+01
-2.912476160827198157e+01
-5.027318912962518738e+01
-2.680423619026742799e+01
-4.044881278939568858e+01
-6.347482837363307873e+00
-2.655203867190617473e+01
-5.825337733413704200e+01
-2.660394025279723351e+01
-2.784806682758096841e+01
-2.187989875096833359e+01
-4.285356989243705073e+01
-4.308200429061351855e+01
-5.126060360282362183e+01
-3.275075409823651285e+01
-5.912843352690180865e+01
-2.395057633385744467e+01
-2.637777584484408777e+01
-2.655203867190617473e+01
-3.832714675352276146e+01
-4.315360553211162653e+01
-9.757796999908931568e+00
-3.849246162335190036e+01
-1.052371712160241941e+02
-3.430424328262718348e+01
-3.577951280936890299e+01
-1.343988647208039744e+01
-1.356744905756217001e+01
-1.890345728811104564e+01
-1.006503753919514423e+02
-1.124633617969909949e+01
-4.244638585413376575e+01
-1.000863792900566018e+01
-3.638096283528795993e+01
-6.645368482561349310e+01
-2.400451075542931534e+01
-5.932458021497332368e+01
-2.384475303463446494e+01
-4.842804932464410683e+01
-8.803904758576475587e+00
-1.297798207391423553e+01
-4.250634980815195973e+01
-1.585682756306877650e+01
-3.646754181444261889e+01
-2.637777584484408777e+01
-2.664203916936942207e+01
-5.053016995806935796e+01
-8.710356522274349800e+01
-2.126312347458769025e+01
-8.116497980251260458e+00
-4.071668288563640914e+01
-6.594254666490048322e+00
-2.637777584484408777e+01
-5.706669800619922128e+00
-2.463393184289436988e+01
-3.724523766638112221e+01
-2.958759084746104051e+01
-2.655203867190617473e+01
-4.020035458251322780e+01
-4.152036836190286806e+01
-5.869611598241982087e+00
-9.084630046524027946e+00
-1.118404281262169597e+01
-1.703883388656858600e+01
-1.197152780186021914e+01
-3.275425845450440931e+01
-7.528738031312762757e+00
-2.958759084746104051e+01
-3.080538386492191449e+01
-1.104715971396221619e+01
-3.347716160011985664e+01
-2.516719735168419447e+01
-8.389370240346678997e+00
-9.514425305529996990e+00
-9.378795626255136852e+00
-1.051974804357861792e+01
-2.516719735168419447e+01
-3.191914073469657609e+01
-9.757796999908931568e+00
-9.864645682152486827e+00
-2.118149957259835858e+01
-4.309368965375563221e+01
-1.340603133620610699e+01
-1.993172372441571838e+01
-3.685157692529493545e+01
-2.934998846427973618e+01
-2.526057315564204941e+01
-3.435657537448405208e+01
-1.507992935772711363e+01
-2.693386760952281023e+01
-2.784806682758096841e+01
-3.646754181444261889e+01
-4.023420971838746141e+01
-5.161844571274955484e+01
-6.896125004483283583e+00
-8.207205864686750374e+01
-2.188280469457098221e+01
-8.320753769258163857e+01
-1.667962557937415724e+01
-1.963408825515343281e+01
-6.347482837363307873e+00
-8.107237692692667963e+01
-3.713963849962210872e+01
-1.091580019360917930e+01
-3.971253263250962817e+01
-4.323323781154500267e+01
-9.514425305529996990e+00
-1.166540397695626297e+01
-9.049393760651941676e+00
-2.560582097492687836e+01
-1.091580019360917930e+01
-4.114449004447636327e+01
-2.026370294453806764e+01
-5.619379185185137970e+01
-5.869611598241982087e+00
-3.970047491549171781e+01
-1.122301988093121565e+02
-4.491933646719008522e+00
-2.265726898782211407e+01
-4.319825334981010911e+01
-4.799187539118955570e+00
-4.656783174479372178e+01
-5.110175891219072497e+01
-2.086859493889715811e+00
-3.981167391690470936e+01
-1.731198629420683588e+01
-1.566545646765286826e+01
-4.283141966562550351e+01
-1.045784774873713872e+02
-2.412910976164296883e+01
-4.080250258618367809e+01
-2.724617639600365493e+01
-6.937856323443457995e+01
-1.051974804357861792e+01
-1.051974804357861792e+01
-9.469005682084929276e+01
-7.343844712057656210e+00
-3.928368892191964079e+01
-4.491933646719008522e+00
-6.832492100370532739e+01
-2.181917382661916349e+01
-2.167070098149051205e+01
-1.884291609902521003e+01
-9.864645682152486827e+00
-1.834188619612394078e+01
-1.404694840193425875e+01
-2.681883838530560382e+01
-4.318473641700262533e+01
-4.069152308697414355e+01
-1.821440403725538815e+01
-2.153319314022074238e+01
-7.013556023003888917e+00
-4.141747118248007098e+01
-2.711818353603195320e+01
-5.146526589087844172e+01
-5.691933646719008699e+00
-4.272665042916931810e+01
-5.072575485231512005e+01
-1.012736063539007034e+02
-4.398661337222858947e+01
-9.213483401201923328e+00
-2.516719735168419447e+01
-3.358658712396766077e+01
-4.046328057929045485e+01
-2.717141431995775136e+01
-1.157865615208351429e+01
-1.118578450230682186e+01
-2.768272963438135292e+01
-5.065486626950509930e+01
-7.343844712057656210e+00
-1.908251110461448974e+01
-1.184714061280607744e+01
-4.436599959594448706e+01
-6.037757574529667437e+01
-5.149929651964458799e+01
-9.450219443402787078e+01
-8.466148048494508771e+01
-5.183263589951710060e+01
-4.308200429061351855e+01
-3.610372423409943110e+01
-2.958759084746104051e+01
-4.336733260452874816e+01
-3.013955891925863995e+01
-4.336733260452874816e+01
-4.219878963483536438e+01
-1.055360317945297766e+01
-1.689653170503457247e+01
-4.210439664604427179e+01
-1.026860264997700796e+02
-8.309560890221010254e+01
-1.091580019360917930e+01
-1.733208715970143032e+01
-2.564775822015560536e+01
-2.936171187750035116e+01
-4.097385966415490799e+01
-1.667962557937415724e+01
-9.378795626255136852e+00
-2.516719735168419447e+01
-1.419871773216905098e+01
-2.831627329219724487e+01
-5.180687841505092450e+01
-2.958572699673084117e+01
-5.814006239339528292e+01
-3.990507741803607900e+01
-7.354517036830106491e+00
-3.430424328262718348e+01
-1.703883388656858600e+01
-2.724617639600365493e+01
-1.302871743304035945e+01
-1.166540397695626297e+01
-4.050965176572761806e+01
-2.958759084746104051e+01
-1.028005684115334084e+01
-2.086859493889715811e+00
-2.632560243326350502e+01
-8.712823095803824458e+01
-5.149929651964458799e+01
-1.643397045911570586e+01
-3.127633137710373745e+01
-3.577951280936890299e+01
-2.546719735168419518e+01
-5.747643984911793957e+00
-2.126312347458769025e+01
-2.187989875096833359e+01
-1.881137559756167832e+01
-6.448977803984745094e+01
-6.001186049274517842e+01
-2.182567116875619462e+01
-1.237798207391423588e+01
-5.945998433597466715e+00
-8.738853620795023858e+01
-9.555165698459777701e+00
-4.181605501960537197e+01
-6.214850297413684110e+00
-1.405328629175959954e+01
-4.236563086002144018e+01
-7.224048588174873053e+00
-9.060428031759322209e+00
-3.688645152775566771e+01
-3.209004530171832670e+01
-1.091580019360917930e+01
-1.063273131433863483e+01
-3.006655463130524453e+01
-7.154534752187011293e+00
-2.516719735168419447e+01
-1.166540397695626297e+01
-1.051974804357861792e+01
-3.938422018219806375e+01
-9.049393760651941676e+00
-9.378795626255136852e+00
-3.614512172546418611e+01
-4.218974236866524308e+01
-5.390285865170324087e+01
-7.059414364115136209e+01
-5.323076090632531532e+01
-1.166540397695626297e+01
-4.399967350789232512e+01
-3.784661686840349404e+01
-1.146384872142666644e+01
-6.023143325414787697e+00
-2.689332850575468470e+01
-3.013955891925863995e+01
-5.838293822244084552e+00
-5.499312719427257434e+01
-3.645293961940454608e+01
-2.847926927530854968e+01
-1.569762266342136847e+01
-1.703883388656858600e+01
-4.799187539118955570e+00
-1.130803782458593965e+01
-4.491933646719008522e+00
-5.126710742843908264e+01
-4.027262418568523117e+01
-1.134857115752457979e+01
-6.023143325414787697e+00
-1.667962557937415724e+01
-1.079202882101425942e+01
-6.557922366051753826e+00
-2.516719735168419447e+01
-1.667962557937415724e+01
-3.013955891925863995e+01
-1.585682756306877650e+01
-2.962144598333521728e+01
-1.501694979933367513e+01
-2.655203867190617473e+01
-2.126312347458769025e+01
-1.104735809322538387e+01
-1.091580019360917930e+01
-1.675866798559334114e+01
-1.051974804357861792e+01
-2.156915751178210172e+01
-5.499312719427257434e+01
-1.196540397695626368e+01
-1.226540397695626439e+01
-2.126312347458769025e+01
-1.283720115262202732e+01
-1.440971370421164188e+01
-9.708073501913542458e+00
-4.084940032983109148e+01
-3.971253263250962817e+01
-4.148004867321013478e+01
-2.598239571554295324e+01
-1.302871743304035945e+01
-2.088857141284528041e+01
-2.657672174925231445e+01
-6.023143325414787697e+00
-8.681327370801828636e+01
-7.886293094745857957e+01
-6.131197025596273775e+00
-5.469540314455572627e+01
-1.091580019360917930e+01
-2.772290639044659599e+01
-2.204123436573608785e+01
-1.834188619612394078e+01
-2.182458645709341027e+01
-3.983305032896524978e+01
-8.855438049135189260e+01
-9.797340599660641303e+00
-1.887434194794442277e+01
-5.412215868680547715e+01
-5.932458021497332368e+01
-3.430823298185438119e+01
-4.202759639217911314e+01
-8.249068652037203719e+01
-3.010040976717944972e+01
-2.601498392297400386e+01
-2.724617639600365493e+01
-4.336733260452874816e+01
-5.103962797982777033e+01
-2.204123436573608785e+01
-4.799187539118955570e+00
-1.115679229515755395e+02
-1.051974804357861792e+01
-5.135389574798759682e+00
-7.098034490358447357e+00
-3.773403877144534135e+01
-1.091580019360917930e+01
-6.992049726888147632e+01
-8.540337065491964097e+01
-1.079202882101425942e+01
-6.486330626644665642e+00
-1.138532269847448646e+02
-9.864645682152486827e+00
-9.514425305529996990e+00
-4.450171008486259439e+01
-3.080037539171525651e+01
-1.449892523030136893e+01
-3.815666599074167920e+01
-2.081160382476601001e+01
-6.448977803984745094e+01
-1.079202882101425942e+01
-9.400759625906935923e+01
-9.049393760651941676e+00
-6.483751046702238341e+01
-5.060930023811572909e+01
-4.309392092661051521e+01
-1.079202882101425942e+01
-3.209004530171832670e+01
-1.118578450230682186e+01
-1.128710620746904070e+01
-8.385101095984550668e+00
-1.902410232446215588e+01
-2.167071794629492132e+01
-7.621686362272130921e+00
-1.146519018930476541e+01
-4.268109344032315988e+01
-1.089934268165632858e+01
-1.326908292755075180e+01
-3.614219987094611497e+01
-9.534635587315766259e+01
-2.086859493889715811e+00
-2.516719735168419447e+01
-1.908251110461448974e+01
-5.478078252806626125e+01
-1.465121061033333127e+01
-4.739843898615026063e+01
-7.575676812419406936e+00
-2.086859493889715811e+00
-4.243271648021787001e+01
-7.938678982068053358e+01
-2.170590600364006661e+01
-8.644478580569651172e+01
-2.363906288079889251e+01
-4.560039374958197556e+01
-6.448977803984745094e+01
-9.757796999908931568e+00
-5.025787706902541174e+01
-1.079202882101425942e+01
-6.918462382562269397e+01
-1.579779643017271340e+01
-6.714689273112682599e+01
-1.950203836158318893e+01
-5.398804601817420945e+01
-1.643335830618397608e+01
-1.518774930330968331e+01
-3.654026349298647602e+01
-4.370035292811722627e+01
-5.014272389842241751e+01
-1.405328629175959954e+01
-2.976368916310478241e+01
-2.507835265248282752e+01
-1.546685788067483891e+01
-5.138516969423123015e+01
-9.790213880799466750e+00
-4.193542321732888212e+01
-1.495044565319055074e+01
-1.405328629175959954e+01
-3.287803486028600020e+01
-4.311832970603923343e+01
-4.491933646719008522e+00
-4.799187539118955570e+00
-3.005297994010397744e+01
-5.042683120695393484e+01
-9.864645682152486827e+00
-5.096324641029781333e+01
-9.084630046524027946e+00
-2.392493237455789057e+01
-1.942577452786984082e+01
-8.264917377277704702e+01
-2.724617639600365493e+01
-1.484151566651476273e+01
-1.018013599034818029e+01
-7.439068066047957117e+00
-4.065920276440308356e+01
-2.186422831920359755e+01
-1.621880393621184524e+01
-9.508328920923031546e+01
-2.246990051642045572e+01
-3.013955891925863995e+01
-2.958759084746104051e+01
-1.405328629175959954e+01
-8.724502856572327403e+01
-1.346540397695626545e+01
-4.708428780910300304e+01
-5.060711388472256544e+01
-5.877819150903701484e+01
-3.902597863724253102e+01
-3.875343028265564271e+01
-4.879813237594028408e+01
-3.952478989840076196e+01
-5.474352744410380467e+01
-4.244638585413376575e+01
-4.006263488636594161e+01
-1.124614368639628168e+02
-1.621880393621184524e+01
-1.118578450230682186e+01
-8.061011883704843228e+01
-9.049393760651941676e+00
-3.971253263250962817e+01
-1.667962557937415724e+01
-6.877612783689602338e+01
-5.376426903976580007e+01
-3.730229414027109414e+01
-1.703883388656858600e+01
-6.943808378530687264e+01
-1.676460277621772832e+01
-5.325272911563491363e+01
-2.533677355635913742e+01
-4.024755152390876844e+01
-9.525735272474644688e+00
-2.086859493889715811e+00
-1.643335830618397608e+01
-2.464362589987581487e+01
-2.655203867190617473e+01
-5.184090284180702923e+01
-2.086859493889715811e+00
-1.963725740143906862e+01
-4.594192179240986107e+00
-5.658657320900459098e+01
-4.799187539118955570e+00
-5.747643984911793957e+00
-2.081160382476601001e+01
-2.428236407991637691e+01
-8.689100099514425324e+01
-1.621880393621184524e+01
-1.419871773216905098e+01
-1.051974804357861792e+01
-4.336733260452874816e+01
-4.086400252486922824e+01
-9.049393760651941676e+00
-9.084630046524027946e+00
-8.383299683081324005e+00
-1.643335830618397608e+01
-4.491933646719008522e+00
-2.504475549755935049e+01
-2.429589347270088240e+01
-5.138516969423123015e+01
-2.231794896164601028e+01
-1.507992935772711363e+01
-1.667962557937415724e+01
-2.204123436573608785e+01
-4.262953405362043213e+01
-9.514425305529996990e+00
-5.051455111944011200e+00
-1.184766692481967532e+01
-8.684030757363311182e+01
-2.996079266325760315e+01
-4.086400252486922824e+01
-3.667476045728940903e+01
-2.666359264270815999e+01
-1.048740422514167392e+02
-4.432392996647098293e+00
-2.496783732460635008e+01
-5.728136732941542419e+01
-2.730604087949369685e+01
-3.784661686840349404e+01
-4.121710809447365165e+01
-1.908251110461448974e+01
-3.784661686840349404e+01
-4.086287773470056806e+01
-5.869611598241982087e+00
-7.886510067988552919e+00
-3.182998777756642284e+01
-4.694614000094644979e+01
-1.963725740143906862e+01
-5.147174867338582516e+01
-4.018896511538574146e+01
-4.017283281439335951e+01
-3.657191386658544729e+01
-2.746262993725802914e+01
-4.765471418026201178e+01
-4.018896511538574146e+01
-8.481997092656145654e+00
-2.187989875096833359e+01
-2.755472918867644694e+01
-1.478017329297807159e+01
-1.963725740143906862e+01
-2.393200872801718404e+01
-5.146836688003480731e+01
-1.649274976302335105e+01
-6.567736831081153248e+00
-4.089289666974312354e+01
-2.009935413440610930e+01
-3.886731521894947150e+01
-3.784661686840349404e+01
-3.873079192209080190e+01
-9.757796999908931568e+00
-1.010432470417281365e+02
-1.585682756306877650e+01
-4.324878265826012580e+01
-1.097357166806688866e+01
-6.882481715942554956e+01
-1.051974804357861792e+01
-4.067682447517712063e+01
-1.051974804357861792e+01
-3.549135753094509482e+01
-6.405400967921094590e+00
-1.127099078236327045e+02
-8.383299683081324005e+00
-2.689332850575468470e+01
-1.405738287752827276e+01
-2.516719735168419447e+01
-5.137198210413754396e+01
-1.761833707470835719e+01
-3.211730570622849257e+01
-4.261586804663802042e+01
-1.649274976302335105e+01
-1.091580019360917930e+01
-1.091580019360917930e+01
-7.165547496949110950e+01
-1.201492015783924927e+01
-2.850475282628405438e+01
-9.378001244959419580e+01
-2.613214351045274242e+01
-5.170151663941086184e+01
-4.191453562452857540e+01
-1.226540397695626439e+01
-9.514425305529996990e+00
-9.348228839987734773e+01
-1.059483493737741888e+01
-1.649274976302335105e+01
-1.211765123351726459e+01
-5.647195228876022810e+01
-1.890873912685753311e+01
-4.447974502336560221e+01
-2.017836750990982608e+01
-4.244638585413376575e+01
-4.112608424086484860e+01
-1.014250055182793204e+02
-4.491933646719008522e+00
-2.655203867190617473e+01
-1.667962557937415724e+01
-2.400451075542931534e+01
-2.552027945094355843e+01
-2.429589347270088240e+01
-3.912194024992887620e+01
-2.995013334939991623e+01
-8.714764503975253263e+01
-2.724617639600365493e+01
-3.971253263250962817e+01
-4.068187295622381328e+01
-4.046933535098480661e+01
-2.724617639600365493e+01
-2.655203867190617473e+01
-4.000915507317556319e+01
-3.218483363942802100e+01
-3.643266013084064525e+01
-1.009664773539429632e+02
-7.228670281832688005e+00
-2.657638864100535159e+01
-2.404608592166119863e+01
-5.010897926434144267e+01
-1.357151423704045712e+01
-3.643266013084064525e+01
-4.089289666974312354e+01
-1.180909603474627190e+01
-5.024035010654718292e+01
-5.791062347741072358e+01
-6.339103834903054846e+00
-2.429589347270088240e+01
-2.393200872801718404e+01
-4.895976552813871763e+01
-2.086859493889715811e+00
-9.790213880799466750e+00
-1.908251110461448974e+01
-5.110055485543360021e+01
-3.670844870611011146e+01
-6.712957297725749584e+01
-1.421060039469530345e+01
-1.699110763768791799e+01
-4.746366904324960245e+01
-7.244550168440645166e+01
-2.400451075542931534e+01
-1.581318737365542049e+01
-2.429589347270088240e+01
-7.784548302566180134e+00
-1.130803782458593965e+01
-3.584372360479099484e+01
-2.214102763913067662e+01
-4.034514915322521489e+01
-4.308200429061351855e+01
-1.667962557937415724e+01
-1.424979394923080278e+01
-6.397348235459833887e+00
-5.105124074682928281e+00
-4.838012556471394987e+01
-2.699645685815551488e+01
-4.150411534798329427e+01
-5.483172590990820083e+01
-5.118639971922594611e+01
-5.096048036181841212e+01
-4.301709290661878526e+01
-2.664228217863734116e+01
-4.363926860198366597e+01
-1.223046933064272146e+01
-2.376921408261092949e+01
-4.900096733701011686e+01
-1.867994438075930930e+01
-1.463413503294118101e+01
-2.958759084746104051e+01
-4.119488102273073338e+01
-5.091933646719008166e+00
-1.051974804357861792e+01
-4.402259076020558837e+01
-5.056442321346511193e+01
-3.147314966465980035e+01
-1.026304430880243643e+02
-2.169348650840056081e+01
-1.169964879615089792e+01
-1.166540397695626297e+01
-1.118578450230682186e+01
-6.784462559401831960e+00
-2.173902363261096227e+01
-3.921437304475591645e+01
-3.932608923584065508e+01
-2.180510983415200954e+01
-1.007930496462739356e+01
-3.271688807241903163e+01
-4.244638585413376575e+01
-2.655203867190617473e+01
-2.708205061303607764e+01
-2.076483605841388425e+01
-1.908251110461448974e+01
-5.027318912962518738e+01
-1.585682756306877650e+01
-1.192016006721468990e+01
-3.960866553404264323e+01
-2.578232774541034900e+01
-2.609179826481015141e+01
-2.721393346693355397e+01
-1.585682756306877650e+01
-5.848029882959433046e+00
-2.462010489743141051e+01
-2.589158546480342338e+01
-6.987411557847240218e+00
-1.399986575336756367e+01
-1.963725740143906862e+01
-4.221937079131315329e+01
-8.119296703458161346e+01
-2.637777584484408777e+01
-4.263881432994701015e+01
-8.383299683081324005e+00
-2.792742028548259370e+01
-4.799187539118955570e+00
-8.383299683081324005e+00
-5.932458021497332368e+01
-9.864645682152486827e+00
-3.235799159773752365e+01
-6.075543301805534213e+01
-4.145477823840209908e+01
-6.268811056637472845e+00
-4.184079777000786748e+01
-1.206664305851617947e+01
-8.655623577584574946e+01
-1.510241022526757071e+01
-6.875435232940739638e+01
-2.853879261041845083e+01
-9.583497206244071975e+00
-3.639453752648928742e+01
-4.583361595677566669e+01
-3.993807022398112849e+01
-1.424979394923080278e+01
-1.583028511271973571e+01
-2.173902363261096227e+01
-4.102071692020097515e+01
-4.978969029234642107e+01
-8.710356522274349800e+01
-4.036203818448576897e+01
-5.052622171381847949e+01
-2.689332850575468470e+01
-1.589088670883937482e+01
-2.516719735168419447e+01
-1.643335830618397608e+01
-1.703883388656858600e+01
-7.188979012593309292e+00
-7.188979012593309292e+00
-3.246335891840138999e+01
-2.029939257867791724e+01
-2.215124944972338028e+01
-5.774728103624207876e+01
-1.424979394923080278e+01
-2.552027945094355843e+01
-7.188979012593309292e+00
-9.378795626255136852e+00
-2.429589347270088240e+01
-9.757796999908931568e+00
-2.637777584484408777e+01
-2.958759084746104051e+01
-1.675756973091450774e+01
-6.448977803984745094e+01
-2.637777584484408777e+01
-1.166540397695626297e+01
-1.931671034603777315e+01
-1.079202882101425942e+01
-5.841122932523571620e+01
-1.240461695480756532e+01
-4.771093743491530148e+00
-6.123159812116115042e+00
-8.383299683081324005e+00
-3.987080537544127878e+01
-1.424979394923080278e+01
-5.747643984911793957e+00
-4.432392996647098293e+00
-4.530582314672938793e+01
-9.864645682152486827e+00
-1.621880393621184524e+01
-5.932458021497332368e+01
-4.510903802074741265e+01
-2.086859493889715811e+00
-2.086859493889715811e+00
-4.799187539118955570e+00
-4.250634980815195973e+01
-2.958759084746104051e+01
-1.091580019360917930e+01
-1.424979394923080278e+01
-3.971253263250962817e+01
-4.491933646719008522e+00
-2.803123246494055820e+01
-4.191157164239970712e+01
-6.023143325414787697e+00
-1.117117223858013020e+01
-1.101805322625642702e+01
-4.694614000094644979e+01
-1.667962557937415724e+01
-2.827551874448360181e+01
-1.893364907975607281e+01
-6.725919163180751070e+01
-5.394549728617640483e+01
-2.958759084746104051e+01
-2.086859493889715811e+00
-1.703883388656858600e+01
-2.552027945094355843e+01
-1.881137559756167832e+01
-8.803904758576475587e+00
-1.667962557937415724e+01
-5.106137543300262394e+01
-5.096048036181841212e+01
-1.621880393621184524e+01
-4.089289666974312354e+01
-1.643335830618397608e+01
-4.107468616620300850e+01
-1.014960202265769418e+01
-8.257796175998722177e+00
-2.195059229296720815e+01
-1.001020280623428107e+02
-2.187989875096833359e+01
-5.135389574798759682e+00
-5.058117710142009571e+01
-2.673305497805393571e+01
-2.204123436573608785e+01
-1.166540397695626297e+01
-2.126312347458769025e+01
-3.012124837242226860e+01
-1.328500554396051037e+01
-1.200929622715302436e+01
-9.460463870505392947e+01
-5.747643984911793957e+00
-2.689332850575468470e+01
-4.530582314672938793e+01
-9.125911710801045018e+00
-9.514425305529996990e+00
-2.429589347270088240e+01
-6.241751019819541391e+00
-1.585682756306877650e+01
-2.429589347270088240e+01
-2.958759084746104051e+01
-3.847882079238659969e+01
-5.491117917006658189e+00
-2.715878854266180653e+01
-1.584577762917895782e+01
-1.006778120294300862e+02
-1.130803782458593965e+01
-1.621880393621184524e+01
-1.963725740143906862e+01
-5.440976053136266444e+01
-2.204123436573608785e+01
-8.383299683081324005e+00
-2.204123436573608785e+01
-4.491933646719008522e+00
-2.958759084746104051e+01
-2.204123436573608785e+01
-8.383299683081324005e+00
-3.339917694769756906e+01
-2.637777584484408777e+01
-5.155832765254062622e+01
-2.182324448961560748e+01
-4.324290116750864144e+01
-2.204123436573608785e+01
-4.018896511538574146e+01
-5.312648012500265082e+01
-1.908251110461448974e+01
-2.689332850575468470e+01
-1.223862674099844483e+01
-1.019155987439516622e+02
-4.799187539118955570e+00
-2.949588716208042527e+01
-2.516719735168419447e+01
-2.637777584484408777e+01
-4.694614000094644979e+01
-8.294893823041743985e+01
-2.204123436573608785e+01
-2.655203867190617473e+01
-9.049393760651941676e+00
-9.455294126567383728e+01
-2.157554095040534037e+01
-1.286323345249492967e+01
-1.703883388656858600e+01
-5.491117917006658189e+00
-5.468399164171352567e+01
-2.692077004363552817e+01
-3.896015753221404765e+01
-1.181392108769744098e+01
-3.323705692445553694e+01
-4.329922464457504105e+01
-8.181515376981366217e+00
-6.802182296127527117e+00
-1.931671034603777315e+01
-7.172265160700699482e+01
-1.234413103881987084e+01
-4.021762984010847219e+01
-7.088852688786245437e+01
-1.091580019360917930e+01
-4.555445349119499099e+01
-4.181575430903647828e+01
-3.966468543258812929e+01
-4.191332332927949267e+01
-4.086663353013427979e+01
-8.757765825836150952e+01
-5.483285366657198523e+01
-1.587376098770852018e+01
-4.089289666974312354e+01
-1.166540397695626297e+01
-1.769764326644557428e+01
-4.432392996647098293e+00
-4.530582314672938793e+01
-9.514425305529996990e+00
-1.643335830618397608e+01
-2.687625009663670284e+01
-5.027318912962518738e+01
-4.755991361834815301e+00
-5.841393237174617070e+01
-1.639002369319443986e+01
-1.649274976302335105e+01
-5.317939578315094451e+01
-5.825767006943109294e+01
-1.079247306399809148e+01
-4.799187539118955570e+00
-4.999067967506639576e+01
-1.949598304313382613e+01
-3.985986922370953778e+01
-1.881137559756167832e+01
-9.049393760651941676e+00
-6.427447235201396047e+00
-2.204123436573608785e+01
-4.432392996647098293e+00
-3.235799159773752365e+01
-1.079202882101425942e+01
-1.042206788767855130e+02
-5.027318912962518738e+01
-2.724617639600365493e+01
-1.649274976302335105e+01
-2.291599196520225235e+01
-1.166540397695626297e+01
-4.167212076441699509e+01
-4.018896511538574146e+01
-5.841393237174617070e+01
-4.195926707314222881e+01
-1.780745942331501297e+01
-3.881556684156664261e+01
-1.040054538897322516e+02
-2.326428176781322676e+01
-5.192764312141515148e+01
-4.694614000094644979e+01
-5.491117917006658189e+00
-2.204123436573608785e+01
-1.091580019360917930e+01
-5.869611598241982087e+00
-2.126312347458769025e+01
-4.011863241660512358e+01
-7.245951438936987010e+00
-9.571577046448474846e+01
-3.235799159773752365e+01
-2.157135631031183109e+01
-1.896401107914135409e+01
-1.855354797208793372e+01
-5.475582469589483736e+01
-2.655203867190617473e+01
-1.424979394923080278e+01
-1.443021229516071990e+01
-3.235799159773752365e+01
-2.655203867190617473e+01
-2.655203867190617473e+01
-6.023143325414787697e+00
-1.679547043540181051e+01
-5.491117917006658189e+00
-9.757796999908931568e+00
-1.302871743304035945e+01
-5.536957418913496554e+01
-2.201878699657329008e+01
-4.026801536461147180e+01
-3.646754181444261889e+01
-5.121689111423024521e+00
-1.876029030390571251e+01
-4.027948684212265817e+01
-3.996771139102911974e+01
-9.459580287843301960e+01
-8.703224552799568414e+01
-2.689332850575468470e+01
-3.714382243761781410e+01
-8.685671271588803677e+01
-1.097165060517810815e+02
-1.432396771337645625e+01
-5.922813633537561628e+00
-2.393200872801718404e+01
-2.388205698267734078e+01
-5.536232609097226032e+01
-1.703883388656858600e+01
-4.253336322193273134e+01
-3.633084479124381971e+01
-1.971932187874992337e+01
-3.209004530171832670e+01
-5.869611598241982087e+00
-1.649274976302335105e+01
-1.130803782458593965e+01
-2.187989875096833359e+01
-2.655203867190617473e+01
-1.477712223219184828e+01
-9.967742979311304907e+01
-2.657278145035334660e+01
-1.118578450230682186e+01
-5.755713429301994211e+01
-2.156759943076481179e+01
-5.155832765254062622e+01
-2.400451075542931534e+01
-1.410066458958206681e+01
-2.655203867190617473e+01
-1.703883388656858600e+01
-4.018896511538574146e+01
-6.139910780229525855e+00
-2.655203867190617473e+01
-1.194635363513317650e+01
-6.139910780229525855e+00
-1.908251110461448974e+01
-5.115493178445819922e+01
-1.649274976302335105e+01
-3.607917094645018352e+01
-3.210911557210994971e+01
-3.271688807241903163e+01
-1.601964117451219138e+01
-4.942836239142656751e+01
-8.064570593784222297e+01
-2.099434864279277591e+01
-4.314177156982508166e+01
-3.585892675180537026e+01
-2.753487463626612097e+01
-1.141252845152575901e+01
-5.027318912962518738e+01
-1.730441265170034271e+01
-1.465224174012100811e+01
-2.204123436573608785e+01
-2.095812288453260663e+01
-1.798973369274193601e+01
-3.884213754631856119e+01
-4.491933646719008522e+00
-1.130803782458593965e+01
-5.420950713410837807e+01
-6.788916192554532358e+01
-4.973515090914668590e+00
-4.048856360087683015e+01
-1.649274976302335105e+01
-9.429287117055974932e+01
-2.008157414969295473e+01
-2.546233358027824778e+01
-5.135879451404408513e+01
-9.389482251556034953e+01
-6.320151133210647032e+01
-2.724617639600365493e+01
-2.089901732515033572e+01
-5.028231379591094452e+01
-9.049393760651941676e+00
-5.412187151556344844e+01
-5.869611598241982087e+00
-5.932458021497332368e+01
-1.149806859971822348e+01
-7.245951438936987010e+00
-5.925940484588540613e+00
-2.204123436573608785e+01
-1.356744905756217001e+01
-9.049393760651941676e+00
-4.288580247636602394e+01
-7.700831228251342253e+00
-2.782660742398977760e+01
-3.013955891925863995e+01
-2.210981142748024197e+01
-1.402186023027813278e+01
-6.448977803984745094e+01
-7.008766843721755890e+01
-2.715203867190617615e+01
-5.468399164171352567e+01
-8.720426922345649245e+01
-7.362085047418924333e+00
-1.402628366620157330e+01
-5.150924962922865546e+01
-2.204123436573608785e+01
-2.182324448961560748e+01
-2.170897160650271829e+01
-3.235799159773752365e+01
-8.732481332115773398e+01
-1.091580019360917930e+01
-1.441932854866217539e+01
-2.214316433053585698e+01
-9.049393760651941676e+00
-6.023432560181264606e+00
-9.514425305529996990e+00
-1.164435133196261489e+02
-2.516719735168419447e+01
-1.119520360680268141e+02
-2.086859493889715811e+00
-1.881137559756167832e+01
-3.342269795014198053e+01
-1.541820500417186146e+01
-5.094508737996085301e+01
-8.725155018859231859e+01
-4.694614000094644979e+01
-2.637777584484408777e+01
-5.155832765254062622e+01
-6.809549052784542589e+00
-3.235799159773752365e+01
-4.793848245061673907e+01
-1.130803782458593965e+01
-2.516719735168419447e+01
-9.378795626255136852e+00
-2.539075152417741776e+01
-4.336733260452874816e+01
-1.079202882101425942e+01
-4.577236955748199776e+00
-4.491933646719008522e+00
-2.673305497805393571e+01
-4.064076343637673716e+01
-4.751934692714446129e+00
-2.153285863321421090e+01
-4.089289666974312354e+01
-2.455161131114855877e+01
-9.765211350536877433e+01
-1.086034095874026306e+01
-3.313123506548910058e+01
-5.159808608020808407e+01
-4.474155288166816291e+01
-1.424979394923080278e+01
-4.694614000094644979e+01
-4.491933646719008522e+00
-4.799187539118955570e+00
-1.166540397695626297e+01
-9.591066260159249168e+01
-4.799187539118955570e+00
-2.255628938179454224e+01
-1.867150923835736975e+01
-4.074054226592468808e+01
-5.404992386700023133e+01
-1.908251110461448974e+01
-5.072575485231512005e+01
-1.051974804357861792e+01
-2.126312347458769025e+01
-3.964198484701566372e+01
-8.383299683081324005e+00
-2.688297725552725481e+01
-9.396218225319154627e+00
-4.351082808147002368e+01
-6.247209913324470065e+00
-8.253745282484335632e+01
-5.376394628696633760e+01
-2.958759084746104051e+01
-3.971686122038508415e+01
-8.304265870443252595e+01
-2.089901732515033572e+01
-4.330764799902749473e+01
-5.747643984911793957e+00
-4.336733260452874816e+01
-2.086859493889715811e+00
-3.187216864442046571e+01
-1.424979394923080278e+01
-9.296117955533981458e+00
-4.432392996647098293e+00
-9.864645682152486827e+00
-6.023143325414787697e+00
-2.182324448961560748e+01
-1.118578450230682186e+01
-1.405026517147493692e+01
-2.655203867190617473e+01
-3.970797800034308267e+01
-3.171802839797125273e+01
-4.250634980815195973e+01
-2.516719735168419447e+01
-1.356744905756217001e+01
-4.192147990127861590e+01
-3.646754181444261889e+01
-4.432392996647098293e+00
-4.037461812231564551e+01
-3.971253263250962817e+01
-4.286317479510518069e+01
-2.683429737285865357e+01
-9.864645682152486827e+00
-1.356744905756217001e+01
-6.661581026516618920e+01
-1.166540397695626297e+01
-1.405026517147493692e+01
-6.734432853974782063e+01
-5.399089273410416467e+01
-4.432392996647098293e+00
-4.210097589720760425e+01
-5.869611598241982087e+00
-1.354571573825771580e+01
-1.399986575336756367e+01
-6.883113464123212566e+01
-3.275075409823651285e+01
-2.724617639600365493e+01
-2.724617639600365493e+01
-3.965016507808560675e+01
-7.267686802878639440e+00
-1.130803782458593965e+01
-2.673305497805393571e+01
-5.106137543300262394e+01
-8.568952690011247597e+00
-3.971053184774057598e+01
-1.125218644247270383e+01
-1.649274976302335105e+01
-9.757796999908931568e+00
-8.323683293050417831e+01
-9.864645682152486827e+00
-4.250634980815195973e+01
-9.393279168686858327e+01
-4.299015122135244837e+01
-5.016325453958804559e+01
-4.036098016601435745e+01
-1.931671034603777315e+01
-2.655203867190617473e+01
-1.881137559756167832e+01
-4.799187539118955570e+00
-3.404759979715863238e+01
-1.356744905756217001e+01
-9.995370391366020613e+01
-5.233799367259374336e+00
-1.963725740143906862e+01
-1.135771773567905463e+01
-4.089289666974312354e+01
-9.834191393168744355e+01
-5.170151663941086184e+01
-2.409671107298644799e+01
-2.958759084746104051e+01
-1.079202882101425942e+01
-4.694614000094644979e+01
-1.581217974537024062e+01
-6.514741545043881921e+00
-4.446988730312296667e+01
-2.187989875096833359e+01
-5.932458021497332368e+01
-4.089289666974312354e+01
-1.908251110461448974e+01
-5.082236127398000747e+01
-5.170151663941086184e+01
-4.897637627641628200e+01
-6.448977803984745094e+01
-5.749968481694363476e+01
-2.126312347458769025e+01
-5.155832765254062622e+01
-4.191157164239970712e+01
-1.130803782458593965e+01
-5.094508737996085301e+01
-5.865713173392372681e+01
-1.667962557937415724e+01
-1.166540397695626297e+01
-1.302871743304035945e+01
-3.993941057856724086e+01
-9.514425305529996990e+00
-2.724617639600365493e+01
-1.881137559756167832e+01
-3.014389996818136197e+01
-6.448977803984745094e+01
-6.391117917006658544e+00
-8.299420438738455630e+01
-1.441932854866217539e+01
-5.747643984911793957e+00
-8.739769197815148516e+01
-9.864645682152486827e+00
-4.307920413763860523e+01
-1.130803782458593965e+01
-2.655203867190617473e+01
-2.516719735168419447e+01
-2.655203867190617473e+01
-2.751556277233724401e+01
-2.126312347458769025e+01
-4.694614000094644979e+01
-1.029988210075206609e+02
-1.908251110461448974e+01
-1.894857052634927186e+01
-4.491933646719008522e+00
-5.027318912962518738e+01
-5.932458021497332368e+01
-1.881137559756167832e+01
-7.560926120346448620e+00
-3.328351310705885879e+01
-5.799053606515931136e+01
-2.400451075542931534e+01
-1.881137559756167832e+01
-1.166540397695626297e+01
-1.112456732080383937e+01
-4.261664123297024531e+01
-8.820671952382137704e+01
-4.491933646719008522e+00
-1.579714295756757458e+01
-1.051974804357861792e+01
-5.907453164252670774e+01
-1.130803782458593965e+01
-1.015817158111482996e+02
-1.444199229376088489e+01
-4.089289666974312354e+01
-5.025987405352257298e+01
-4.005575608087834638e+01
-3.191325852624461135e+01
-2.460451075542931676e+01
-4.089289666974312354e+01
-2.552027945094355843e+01
-4.549496146051456691e+01
-1.450071790181993237e+01
-5.072575485231512005e+01
-2.086859493889715811e+00
-4.086400252486922824e+01
-1.014250055182793204e+02
-2.552027945094355843e+01
-1.166540397695626297e+01
-1.441932854866217539e+01
-5.869611598241982087e+00
-4.519295268075826755e+01
-5.937554519737317804e+01
-9.378795626255136852e+00
-2.801399926463732371e+01
-1.667962557937415724e+01
-7.303743268291770896e+00
-9.514425305529996990e+00
-2.177891029159341940e+01
-2.246270364839149281e+01
-4.240615370843602960e+01
-1.643335830618397608e+01
-2.724617639600365493e+01
-5.932458021497332368e+01
-6.818460231100009317e+00
-2.400451075542931534e+01
-2.958759084746104051e+01
-4.432392996647098293e+00
-4.661603868996082412e+01
-1.621880393621184524e+01
-2.516719735168419447e+01
-1.585682756306877650e+01
-1.881137559756167832e+01
-4.559855182545831553e+01
-1.908251110461448974e+01
-1.079202882101425942e+01
-1.130803782458593965e+01
-5.619379185185137970e+01
-1.118578450230682186e+01
-3.235799159773752365e+01
-1.894857052634927186e+01
-4.063619083719598990e+01
-4.690525714450429007e+01
-6.488255939700064800e+01
-8.127204032409024137e+01
-3.945980350918410551e+01
-5.922813633537561628e+00
-4.306960855481168693e+01
-1.667962557937415724e+01
-2.958759084746104051e+01
-7.242359157890563282e+00
-1.621880393621184524e+01
-3.971053184774057598e+01
-1.114941385906105040e+02
-2.177891029159341940e+01
-3.235799159773752365e+01
-4.097385966415490799e+01
-2.547828404966590909e+01
-8.644029893585179991e+01
-1.621880393621184524e+01
-1.130803782458593965e+01
-1.649274976302335105e+01
-2.573668173404135473e+01
-3.308747076809932963e+01
-8.671367238849069281e+01
-2.177891029159341940e+01
-1.715747215685320270e+01
-2.626773722496025698e+01
-1.085302673660596540e+01
-1.118578450230682186e+01
-2.552027945094355843e+01
-9.049393760651941676e+00
-3.920045762562317293e+01
-1.908251110461448974e+01
-2.093126136565392770e+01
-2.430451075542931605e+01
-1.927206252833925859e+01
-5.474510289356983606e+01
-4.694614000094644979e+01
-5.491117917006658189e+00
-1.703883388656858600e+01
-9.078803311968188794e+00
-9.474410798205930462e+00
-2.906331116466349940e+01
-6.448977803984745094e+01
-1.881137559756167832e+01
-2.958759084746104051e+01
-6.023143325414787697e+00
-6.937027683255263355e+01
-2.703388488789392596e+01
-8.319096846445815174e+01
-1.325880033645156608e+01
-3.942627290322018752e+01
-3.991503350965908226e+01
-2.801399926463732371e+01
-8.302346011284369354e+01
-1.356744905756217001e+01
-1.079202882101425942e+01
-8.661382326389885122e+01
-1.963725740143906862e+01
-4.432392996647098293e+00
-3.990949891182162901e+01
-1.908251110461448974e+01
-3.971053184774057598e+01
-2.187989875096833359e+01
-2.689332850575468470e+01
-1.045771773567905605e+01
-6.299221135450735254e+00
-9.958850109145817697e+00
-4.377247708188411224e+01
-1.302871743304035945e+01
-3.205760764637584259e+01
-3.013955891925863995e+01
-5.073563432148794305e+01
-1.356744905756217001e+01
-5.155832765254062622e+01
-5.121775949469594913e+00
-2.393200872801718404e+01
-5.869611598241982087e+00
-1.643335830618397608e+01
-5.491117917006658189e+00
-8.777668708960638000e+00
-8.383299683081324005e+00
-5.869611598241982087e+00
-2.637777584484408777e+01
-4.999895801927429062e+01
-2.552027945094355843e+01
-8.217635126917075183e+01
-1.166540397695626297e+01
-6.891209360576607423e+01
-2.215497013553704519e+01
-5.337460616331129870e+01
-3.409759859744105004e+00
-1.079202882101425942e+01
-4.000991129888213749e+01
-1.399986575336756367e+01
-2.086859493889715811e+00
-9.514425305529996990e+00
-5.027318912962518738e+01
-4.799187539118955570e+00
-1.953867865831470141e+01
-4.086400252486922824e+01
-4.150782417768946431e+01
-5.977061289231485830e+00
-2.552027945094355843e+01
-1.302871743304035945e+01
-1.079202882101425942e+01
-5.072575485231512005e+01
-1.643335830618397608e+01
-3.271688807241903163e+01
-1.101243060302460322e+02
-6.406453364788788463e+00
-6.943689139844775582e+01
-8.383299683081324005e+00
-7.154534752187011293e+00
-4.030111204007899062e+01
-2.801399926463732371e+01
-3.984960601641084565e+01
-2.624066028966867847e+01
-2.400451075542931534e+01
-3.191325852624461135e+01
-2.658419295319558628e+01
-1.908251110461448974e+01
-1.051974804357861792e+01
-2.637777584484408777e+01
-3.235799159773752365e+01
-1.091580019360917930e+01
-2.393200872801718404e+01
-3.410385406281021492e+00
-1.667962557937415724e+01
-3.235799159773752365e+01
-1.118578450230682186e+01
-5.499312719427257434e+01
-1.079202882101425942e+01
-1.091580019360917930e+01
-4.168641544848348701e+01
-3.918625216494303487e+01
-1.003124671160944530e+02
-2.958759084746104051e+01
-3.237598533997318384e+01
-4.020176465678524380e+01
-1.714345294779165130e+01
-3.646754181444261889e+01
-4.018896511538574146e+01
-6.023143325414787697e+00
-3.784661686840349404e+01
-2.516719735168419447e+01
-9.757796999908931568e+00
-2.204123436573608785e+01
-5.932458021497332368e+01
-1.908251110461448974e+01
-2.187989875096833359e+01
-1.585682756306877650e+01
-4.308200429061351855e+01
-3.209004530171832670e+01
-1.963725740143906862e+01
-2.393200872801718404e+01
-1.908251110461448974e+01
-3.235799159773752365e+01
-2.126312347458769025e+01
-1.302871743304035945e+01
-1.667962557937415724e+01
-5.091140785924503120e+01
-3.256197821212936816e+01
-2.958759084746104051e+01
-1.667962557937415724e+01
-7.154534752187011293e+00
-8.383299683081324005e+00
-4.086400252486922824e+01
-1.621880393621184524e+01
-2.393200872801718404e+01
-2.086859493889715811e+00
-4.477129467388930095e+01
-8.660749603418842923e+01
-1.708166070170415551e+01
-3.646754181444261889e+01
-9.790213880799466750e+00
-1.062980952264325829e+01
-3.784661686840349404e+01
-4.336733260452874816e+01
-1.302871743304035945e+01
-5.417248299397807898e+01
-2.801399926463732371e+01
-3.799096598853471107e+01
-6.918462382562269397e+01
-2.856447831842203655e+01
-1.118578450230682186e+01
-2.516719735168419447e+01
-7.405734642770009479e+00
-5.467258013887129664e+01
-5.869611598241982087e+00
-5.027318912962518738e+01
-2.204123436573608785e+01
-2.669387780683562639e+01
-4.530582314672938793e+01
-3.235799159773752365e+01
-1.015771773567905534e+01
-1.356744905756217001e+01
-3.013955891925863995e+01
-4.018896511538574146e+01
-9.757796999908931568e+00
-8.664118597641758868e+01
-1.424979394923080278e+01
-1.356744905756217001e+01
-2.393200872801718404e+01
-4.336044920368976108e+01
-8.681497065072699115e+01
-8.383299683081324005e+00
-8.777892835433470964e+01
-8.612446612126605672e+00
-5.869611598241982087e+00
-1.643335830618397608e+01
-2.038754510356005056e+01
-4.133248579658692279e+01
-3.784661686840349404e+01
-2.086859493889715811e+00
-2.724617639600365493e+01
-9.049393760651941676e+00
-1.409002846189756752e+01
-1.881137559756167832e+01
-6.139910780229525855e+00
-4.432392996647098293e+00
-2.126312347458769025e+01
-9.864645682152486827e+00
-9.547555537666804426e+00
-8.327950557024863087e+01
-1.585682756306877650e+01
-2.724617639600365493e+01
-1.013344193110195945e+01
-5.043373770050147442e+01
-1.773520186589852798e+01
-4.336733260452874816e+01
-2.772786127314842375e+01
-5.036272606536405050e+01
-2.801399926463732371e+01
-7.014959126767799091e+01
-7.382664692298714471e+00
-4.207322465579253645e+01
-5.619379185185137970e+01
-2.724617639600365493e+01
-2.867694300423381293e+01
-9.049393760651941676e+00
-2.901494118080011830e+01
-2.999355034335187042e+01
-1.118578450230682186e+01
-1.963725740143906862e+01
-1.881137559756167832e+01
-2.066287486013229469e+01
-9.738844146404298385e+01
-4.491933646719008522e+00
-9.514425305529996990e+00
-2.036774472821098314e+01
-4.364517755976492452e+01
-2.184169478688893307e+01
-1.091580019360917930e+01
-2.329786544674460202e+01
-1.158382639985540941e+01
-9.864645682152486827e+00
-8.480385121149888050e+01
-2.918816320349029425e+01
-1.120983274900102487e+02
-1.424979394923080278e+01
-4.336733260452874816e+01
-2.724617639600365493e+01
-1.025172422542406565e+02
-2.429589347270088240e+01
-1.951555846500820479e+01
-5.491117917006658189e+00
-2.655203867190617473e+01
-8.257689053264893886e+00
-5.491117917006658189e+00
-8.383299683081324005e+00
-2.753849603091802933e+01
-3.271688807241903163e+01
-2.126312347458769025e+01
-2.516719735168419447e+01
-3.013955891925863995e+01
-2.393200872801718404e+01
-4.203143049423813693e+01
-1.649274976302335105e+01
-3.235799159773752365e+01
-2.251709241437850650e+01
-1.643335830618397608e+01
-1.424979394923080278e+01
-1.351508844737180937e+01
-1.166540397695626297e+01
-7.709872011448826612e+00
-2.699869582641850485e+01
-4.292557522963090122e+01
-2.655203867190617473e+01
-5.902726143004126413e+01
-3.191325852624461135e+01
-5.012432710476684861e+01
-2.204123436573608785e+01
-2.689332850575468470e+01
-4.086400252486922824e+01
-5.412187151556344844e+01
-4.089289666974312354e+01
-9.757796999908931568e+00
-8.688006768193012874e+01
-2.724617639600365493e+01
-1.979182172539720952e+01
-1.585682756306877650e+01
-1.667962557937415724e+01
-5.087288918955960071e+01
-4.089289666974312354e+01
-4.089289666974312354e+01
-3.646754181444261889e+01
-1.424979394923080278e+01
-1.773520186589852798e+01
-2.555413458681772809e+01
-2.490451075542931747e+01
-5.180356554406187541e+01
-3.449126412272435971e+01
-1.399986575336756367e+01
-4.432392996647098293e+00
-3.734778402216182513e+01
-1.166540397695626297e+01
-4.003107890314203132e+01
-2.004353330348045503e+01
-1.773520186589852798e+01
-3.209004530171832670e+01
-3.275075409823651285e+01
-4.999969727841317990e+01
-5.619379185185137970e+01
-4.799187539118955570e+00
-5.918746465979780425e+01
-9.466689884832406676e+01
-3.275075409823651285e+01
-3.013955891925863995e+01
-2.958759084746104051e+01
-6.023143325414787697e+00
-3.784661686840349404e+01
-1.061757960660787603e+01
-5.410062497880353050e+01
-5.437485608915446278e+01
-4.661552347752623149e+01
-3.271688807241903163e+01
-3.013955891925863995e+01
-1.124439183619721661e+02
-1.896993300765641521e+01
-2.204123436573608785e+01
-2.393200872801718404e+01
-1.356744905756217001e+01
-5.461597855047116923e+01
-1.302871743304035945e+01
-2.746630404691374494e+01
-9.482717237602474825e+01
-1.091580019360917930e+01
-1.130803782458593965e+01
-1.356744905756217001e+01
-5.491117917006658189e+00
-1.166540397695626297e+01
-1.621880393621184524e+01
-2.182324448961560748e+01
-3.271688807241903163e+01
-1.118578450230682186e+01
-2.782311124195608443e+01
-4.694614000094644979e+01
-9.378795626255136852e+00
-4.842847078366764890e+01
-4.047850512707211124e+01
-6.526113765559283308e+01
-3.646754181444261889e+01
-3.209004530171832670e+01
-5.412187151556344844e+01
-1.051974804357861792e+01
-2.999250261896390057e+01
-4.902189146801185871e+01
-8.383299683081324005e+00
-4.003107890314203132e+01
-5.155832765254062622e+01
-2.187989875096833359e+01
-1.309114618248233342e+01
-1.183821773967916968e+01
-4.121710809447365165e+01
-4.694614000094644979e+01
-8.507930100949226926e+01
-4.094909338314031544e+01
-3.605935550553215307e+01
-4.432392996647098293e+00
-8.383299683081324005e+00
-5.027318912962518738e+01
-1.894857052634927186e+01
-2.516719735168419447e+01
-2.974435359600502338e+01
-1.643335830618397608e+01
-4.491933646719008522e+00
-1.067546621718773281e+01
-3.271688807241903163e+01
-1.643335830618397608e+01
-4.432392996647098293e+00
-2.655203867190617473e+01
-1.107971266362413232e+01
-1.700093350485706623e+01
-3.271688807241903163e+01
-3.221462159738775455e+01
-2.876646683520921854e+01
-1.130803782458593965e+01
-4.799187539118955570e+00
-4.039618375823251029e+01
-4.956014945569278751e+01
-2.901303898372452750e+01
-5.071261566185879133e+01
-2.633163365547409995e+01
-1.168670677080538312e+01
-5.491117917006658189e+00
-8.644293764147182912e+01
-8.383299683081324005e+00
-8.483468444295482414e+01
-3.013955891925863995e+01
-1.424979394923080278e+01
-1.585282652558876570e+01
-4.694614000094644979e+01
-5.869611598241982087e+00
-1.932578230499292360e+01
-3.013955891925863995e+01
-4.468456032864030902e+01
-1.903786328691602137e+01
-9.049393760651941676e+00
-2.393200872801718404e+01
-3.348917128234928597e+00
-2.393200872801718404e+01
-8.238356991201752066e+01
-4.757063414581724103e+00
-1.003224697257153863e+01
-2.655203867190617473e+01
-4.070647774279554199e+01
-3.506451681032790191e+01
-7.493350873766303266e+01
-9.125380659608241629e+00
-2.248663359121429650e+01
-1.712125427626511964e+01
-8.670653046125407215e+00
-5.491117917006658189e+00
-1.356744905756217001e+01
-1.458519267241725892e+01
-2.504922757751839768e+01
-2.721476477895452462e+01
-5.869611598241982087e+00
-4.367143757504552326e+01
-1.841651632056655785e+01
-4.033688803731757844e+01
-4.426868796341307188e+01
-4.300974227796997695e+01
-1.385165404911740161e+01
-4.000823286495072750e+01
-4.018965014993283091e+01
-3.586149346010745376e+01
-5.918746465979780425e+01
-2.516719735168419447e+01
-4.799187539118955570e+00
-7.608242040148562069e+01
-4.332986153299818710e+01
-1.064139898108430238e+01
-9.514425305529996990e+00
-4.432392996647098293e+00
-9.757796999908931568e+00
-4.491933646719008522e+00
-2.723861765106099497e+01
-1.015771773567905534e+01
-9.405159291630829443e+01
-2.958759084746104051e+01
-5.491117917006658189e+00
-2.173930764402587457e+01
-3.089907721821123587e+01
-5.402171115125792511e+01
-3.550002707955690084e+01
-2.655203867190617473e+01
-4.432392996647098293e+00
-1.667962557937415724e+01
-1.649274976302335105e+01
-8.383299683081324005e+00
-1.647594340177820271e+01
-5.619379185185137970e+01
-2.791748848208097655e+01
-1.118578450230682186e+01
-1.356744905756217001e+01
-2.204123436573608785e+01
-3.406881636402851399e+01
-2.946952858166893208e+01
-1.328354234503974851e+01
-6.949119665280599634e+01
-1.667962557937415724e+01
-4.018896511538574146e+01
-4.003107890314203132e+01
-2.958759084746104051e+01
-2.724155374817160791e+01
-1.773520186589852798e+01
-1.928972974746127633e+01
-4.432392996647098293e+00
-2.400451075542931534e+01
-2.655203867190617473e+01
-1.051974804357861792e+01
-1.031074927147129330e+02
-4.927417187565884404e+01
-4.927417187565884404e+01
-4.002869158768496760e+01
-3.186734067295859774e+01
-3.275075409823651285e+01
-2.126312347458769025e+01
-1.356744905756217001e+01
-3.474917160766429447e+01
-2.555436101843940833e+01
-2.552027945094355843e+01
-4.169416955271005065e+01
-8.066929764142358295e+01
-3.013955891925863995e+01
-1.621880393621184524e+01
-9.049393760651941676e+00
-5.135389574798759682e+00
-5.964846351242913158e+01
-4.676815968547258962e+01
-3.646754181444261889e+01
-1.079202882101425942e+01
-8.725762872259964809e+01
-7.035360713041357883e+01
-3.307496552296704095e+01
-4.018896511538574146e+01
-3.271688807241903163e+01
-1.056299919760230566e+01
-4.336733260452874816e+01
-9.049393760651941676e+00
-1.226540397695626439e+01
-3.235799159773752365e+01
-1.121468392512204844e+02
-3.275075409823651285e+01
-1.847225746044027161e+01
-1.984111733103866726e+01
-5.236459228466134874e+01
-3.917189350895896638e+01
-6.688659882656604339e+01
-2.637777584484408777e+01
-1.643335830618397608e+01
-6.428844462463239040e+00
-6.914658229822268254e+01
-1.166540397695626297e+01
-7.154534752187011293e+00
-9.790213880799466750e+00
-1.072547922881102167e+01
-1.908251110461448974e+01
-4.089289666974312354e+01
-8.710356522274349800e+01
-2.126312347458769025e+01
-3.235799159773752365e+01
-4.530582314672938793e+01
-2.204123436573608785e+01
-2.262290980010037345e+01
-1.703883388656858600e+01
-9.757796999908931568e+00
-4.201108904646773112e+01
-5.027318912962518738e+01
-7.321253772393527370e+00
-1.713010569594938204e+01
-2.655203867190617473e+01
-4.250634980815195973e+01
-4.076844934737590620e+01
-1.014811498260841560e+01
-1.905266880186399447e+01
-3.275075409823651285e+01
-9.757796999908931568e+00
-5.581966666046980663e+01
-3.307496552296704095e+01
-5.869611598241982087e+00
-2.429589347270088240e+01
-4.432392996647098293e+00
-2.232732392382407127e+01
-8.660893056449934591e+01
-1.118578450230682186e+01
-1.674255206651186612e+01
-2.886216351717473572e+01
-3.603464691866902569e+01
-2.096037128421777140e+01
-4.324290116750864144e+01
-4.405779597145529891e+01
-4.142431960799900992e+01
-1.585682756306877650e+01
-3.971253263250962817e+01
-4.020035458251322780e+01
-1.007504105728832755e+01
-2.086859493889715811e+00
-4.432392996647098293e+00
-3.999219654121178991e+01
-1.643335830618397608e+01
-1.302871743304035945e+01
-4.292108149679393136e+01
-2.064536968825361640e+01
-1.143197116158791182e+01
-6.695886623053880271e+00
-4.996007189976115370e+01
-3.565085124312975751e+01
-1.643335830618397608e+01
-8.405990916726656792e+01
-3.784661686840349404e+01
-3.784661686840349404e+01
-1.449397278827530045e+01
-4.286049782877228154e+01
-3.592008061978730638e+01
-3.235799159773752365e+01
-6.023143325414787697e+00
-1.091580019360917930e+01
-3.271688807241903163e+01
-4.057870471094542353e+01
-5.003430273368501702e+01
-3.784661686840349404e+01
-5.093830728677773578e+01
-1.424979394923080278e+01
-1.130803782458593965e+01
-4.062560106255220660e+01
-2.204123436573608785e+01
-8.301621273785512400e+00
-1.576682181792407533e+01
-4.694614000094644979e+01
-4.086400252486922824e+01
-2.724617639600365493e+01
-2.400451075542931534e+01
-6.150331268069489710e+00
-2.187989875096833359e+01
-2.325640257688653989e+01
-2.655203867190617473e+01
-2.429589347270088240e+01
-9.378795626255136852e+00
-4.241323012276446747e+01
-1.098137624281905858e+02
-5.009763544549031167e+01
-2.516719735168419447e+01
-4.353874571467456889e+01
-4.089289666974312354e+01
-4.303354717610744729e+01
-2.539396350790115875e+01
-9.514425305529996990e+00
-1.764507504920352332e+01
-5.077772427527531107e+01
-4.491933646719008522e+00
-1.118578450230682186e+01
-5.869611598241982087e+00
-4.921602480771711186e+01
-4.040442928942366763e+01
-6.261837170549099163e+00
-1.881137559756167832e+01
-1.963725740143906862e+01
-1.649274976302335105e+01
-6.655791258738789296e+00
-4.491933646719008522e+00
-5.869611598241982087e+00
