-6.126726488864755282e+01
-5.657274206667314331e+01
-9.750608551650077516e+01
-4.818140866036105763e+01
-4.541113434733838261e+01
-8.498565870519908572e+01
-5.274683666089532608e+01
-6.226195858941029826e+01
-4.901022077203396776e+01
-5.649310508102480810e+01
-6.643234363174970269e+01
-1.194644160105177377e+02
-3.800888500781539392e+01
-6.471298799478414310e+01
-9.188101126631596571e+01
-8.115100891755409407e+01
-7.260738945932990873e+01
-5.121650505799301811e+01
-6.363589182747514883e+01
-5.648770998523161069e+01
-6.881417215436675860e+01
-6.268922915332761647e+01
-6.321505022247767869e+01
-5.671795622978167017e+01
-5.731570405058526774e+01
-5.037138404423458127e+01
-6.729783552741977815e+01
-6.192621465358485011e+01
-7.864308407036352833e+01
-1.024667737284205344e+02
-1.036668933946349824e+02
-5.338047994399667573e+01
-5.684687228497219280e+01
-4.852156688618597968e+01
-1.026481498528220158e+02
-1.236136674297734288e+02
-7.485209875782243216e+01
-7.081231989599240251e+01
-7.351479620494612277e+01
-1.180602473655135043e+02
-4.320761056537027400e+01
-3.730618783194520915e+01
-3.058541580282558314e+01
-7.340391809831822911e+01
-1.055185661598235782e+02
-8.647020773625507672e+01
-8.697603569241661603e+01
-7.010344024973917954e+01
-7.733084496811002850e+01
-3.514726482356766724e+01
-4.948828019523877231e+01
-5.023523816843781731e+01
-3.115674287408449672e+01
-1.868627059676357405e+01
-3.732672387201347419e+01
-4.216965262197795994e+01
-1.204022528935503544e+01
-8.181788829965194054e+01
-6.187257527275881586e+01
-4.543325977550770034e+01
-7.486009505739927761e+01
-1.318043660724422494e+01
-4.255218116914115001e+01
-7.450474228786890762e+01
-6.620959285255038651e+01
-1.428924999855410078e+02
-5.754527514346909811e+01
-5.189334736749272992e+01
-3.590989281640447928e+01
-5.127937389038869753e+01
-5.425374563634350977e+01
-1.385417662831105190e+02
-7.698508925400687986e+00
-1.255309358595564362e+02
-1.355382571560332394e+02
-1.001555575580218260e+02
-1.948962494959661385e+01
-8.423930066008317397e+00
-5.095001438077083833e+01
-4.661564995888679164e+01
-1.100047691664314300e+02
-3.356589169384477600e+01
-6.272718703064519730e+01
-1.345203189225206586e+02
-5.322652817732260644e+01
-5.595002513788755749e+01
-1.425130409863926957e+02
-2.491670114996947660e+01
-4.857842281964784092e+01
-6.825250372961376399e+01
-1.439235439730686892e+02
-5.032223960169520183e+01
-5.715458304216765129e+01
-4.764723344354947443e+01
-4.535822524077858020e+01
-1.393647310377378403e+02
-3.943611998707615385e+01
-9.899183064995385450e+01
-4.840480410776721953e+01
-8.000353178507936036e+01
-2.915015402197250438e+01
-5.780480099208675426e+01
-5.128252038322260375e+01
-5.891954544765778223e+01
-5.296031658507884998e+01
-7.532991267321472151e+01
-5.138930110378767324e+01
-3.269219153799657107e+01
-6.072521938694364962e+01
-1.420265809953675387e+02
-3.603456755875622264e+01
-6.083233145955910715e+01
-1.787909664059326431e+01
-4.610916229864080407e+01
-5.126330197199708039e+01
-1.335193978360201470e+02
-2.109942239396267993e+01
-1.181768134713710197e+02
-1.304617251465495826e+02
-1.315639252207224104e+02
-6.067613296350708652e+01
-7.786542087982365956e+01
-2.321939012452888562e+01
-3.483006932076360584e+01
-2.933424203348704040e+01
-3.379000820114241321e+01
-1.578342639275026116e+01
-5.810099684928641750e+01
-1.283428547159944344e+02
-7.564874499012276488e+01
-4.823799814928485574e+01
-1.439490849313319529e+02
-7.001369589555329753e+01
-6.974780476691466902e+01
-1.448696098646476855e+02
-4.488247053256249330e+01
-5.522115057144511496e+01
-4.809269812730205729e+01
-7.527499525573227857e+01
-5.782481254049638153e+01
-3.340628027493621488e+01
-4.650588806003572984e+01
-4.636086262805707747e+01
-5.985858445261031591e+01
-1.988587440377646232e+01
-6.582543981300743496e+01
-1.452934518019592076e+02
-4.219944406117875246e+01
-5.169306848551836708e+01
-9.923930066008317397e+00
-5.892788083721748649e+01
-8.634164276851531383e+01
-1.448000865195932079e+02
-5.009483051825216648e+01
-6.732158747652340480e+01
-3.441560431041935431e+01
-6.186054775452730325e+01
-5.493734057442537733e+01
-5.939478699351796820e+01
-3.501929505689415834e+01
-4.495190377529894477e+01
-5.808912576159357855e+01
-6.698647400768095395e+01
-1.523607931950759848e+02
-1.111925929651768570e+02
-5.265412561219272902e+01
-5.026362212563564924e+01
-6.119978971485134167e+01
-4.973565873935788773e+01
-5.265807988945874740e+01
-5.037162569970845993e+01
-3.958242321625833426e+01
-5.961391476771586895e+01
-5.862604528043860341e+01
-4.606929854897031618e+01
-3.369511331483435868e+01
-7.912591955304795022e+01
-7.836054917483926374e+01
-6.383244269101940205e+00
-1.394461437595832365e+02
-5.391474154553866072e+01
-8.171499386305278279e+01
-6.684905510079551050e+01
-7.640777961148634745e+01
-4.599542264365065591e+01
-6.699361616937780184e+01
-4.914854715625637027e+01
-4.545284535976558971e+01
-6.668608234228459253e+01
-1.475961359883648640e+02
-5.308554343859555047e+01
-2.241522378044126285e+01
-5.097837242434469118e+01
-4.176383954967491263e+01
-6.701362212581946665e+01
-4.971558384615482851e+01
-4.839771205347767591e+01
-5.400225505058138253e+01
-6.991370768014061809e+01
-5.123615652719885816e+01
-3.483412899518530992e+01
-7.572553641663104429e+01
-2.067967218511703820e+01
-5.412313886036712773e+01
-4.759244769862308289e+01
-5.721161693238587276e+01
-5.243716299929349134e+01
-5.893409052245657165e+01
-5.950788559418571566e+01
-3.578146409829928842e+01
-4.477617830647999142e+01
-4.936927572741144843e+01
-1.472035204289811929e+02
-1.345854480343238606e+02
-9.918895807484926053e+00
-5.395161640910348666e+01
-5.595615738042599219e+01
-5.260251998668817919e+01
-5.827482320604017474e+01
-6.929525630272618741e+01
-5.630814168855184221e+01
-1.384168581818069299e+02
-4.104641315476808927e+01
-7.083721813853662752e+01
-7.258616983148344559e+01
-6.309013005190163881e+01
-4.736211039721932536e+01
-7.346687361877962985e+01
-4.826954735893653492e+01
-7.283451181707749811e+01
-5.624712045861429033e+00
-5.880412139286148943e+01
-5.410765975789621507e+01
-7.209146066884622428e+01
-3.707538002514716879e+01
-5.145119795986514077e+01
-5.418428031561538205e+01
-7.478043839704419327e+01
-7.391453537501544702e+01
-4.535841332794896630e+01
-5.130112617982605627e+01
-3.802508907823841611e+01
-1.331344988269833607e+02
-2.454396399890103098e+01
-1.430225560253534525e+02
-3.226101434934828660e+01
-6.842923837605738413e+01
-5.042015070746235494e+01
-3.305757392725988097e+01
-1.419852221636782588e+02
-5.511952993515411947e+01
-6.355247539990968164e+01
-5.749367094479913476e+01
-6.958009593576818475e+01
-7.469750109462393084e+01
-1.896282588398145919e+01
-1.633426239087651410e+01
-7.803675257343640226e+01
-6.118883161221684475e+01
-5.452985490819041559e+01
-7.112124412169139021e+01
-6.175640875002110164e+01
-1.239257215355547714e+02
-7.767577432749553168e+01
-3.749807188808038916e+01
-7.196665912468093040e+01
-7.363122829082691112e+01
-6.342023981266723354e+01
-6.411029874629898018e+01
-3.577216620435353178e+01
-1.427712334066990252e+02
-6.374258161174491022e+01
-8.893498097073532449e+01
-6.314618122507420139e+01
-5.222334646079318077e+01
-6.593714106628407023e+01
-1.338461610417877239e+02
-5.546445844916242862e+01
-7.249296881286871042e+01
-5.277688716915482559e+01
-6.401893691637374673e+01
-7.043221739516712887e+01
-6.120742130441058748e+01
-8.945910788131681102e+01
-5.610718878353404193e+01
-1.427742541606071143e+02
-3.552283795047431170e+01
-5.252174965562393538e+01
-4.790470381390467480e+01
-4.360225667334098887e+01
-5.393196392716208720e+01
-6.232817698711640730e+01
-5.811017245251940011e+01
-6.433433482325766306e+01
-6.018104151162490467e+01
-6.671892562251505865e+01
-5.484263411492504048e+01
-6.542348569357804422e+01
-5.048654756175176317e+01
-1.415238783806330218e+02
-7.783486267995816377e+01
-4.231251152972684793e+01
-1.361838126520706567e+02
-2.623985528129566802e+01
-7.656420624750391823e+01
-3.644261987381615597e+01
-4.609624002058966852e+01
-3.729928561531595221e+01
-9.210978989705425590e+01
-7.581868505355292598e+01
-4.705737404294200132e+01
-8.057237936483969065e+01
-5.674708225233247560e+01
-1.340718968154059780e+02
-2.655431977329436322e+01
-8.019499006972931454e+01
-8.475541595906253178e+01
-1.255824015548649015e+02
-4.954260062914099194e+01
-5.600473330357999657e+01
-3.786040146719313526e+01
-7.524101217178946399e+01
-5.851418491202669969e+01
-4.083865182114247716e+01
-5.321013761468796588e+01
-7.261324684153981934e+01
-6.924114829750472211e+01
-6.213319136364337680e+01
-8.017018834279147654e+01
-5.368613878393106376e+01
-5.554803451925144486e+01
-6.707187614061854219e+01
-6.173701874767657216e+01
-2.866334440497848135e+01
-6.393898601361053124e+01
-9.054629253489568441e+01
-5.569917996525852999e+01
-6.637666122029460780e+01
-7.949411316121033622e+01
-4.656828192237840369e+01
-1.302599707249511312e+02
-6.404485355850002293e+01
-6.571632794753259077e+01
-7.433448565453956292e+01
-5.665821333143740191e+01
-6.137132872107726200e+01
-1.484972645844906651e+02
-5.820159514162323688e+01
-4.349341486808576462e+01
-7.091126625943567774e+01
-2.749603745470821536e+01
-5.985811214564348859e+01
-5.463780257129884177e+01
-1.278535411487779214e+02
-6.565770735095773603e+01
-5.147066769610950132e+01
-3.388424677982885669e+01
-3.836751998102364780e+01
-4.904560559399970998e+01
-1.305922690630564631e+01
-6.505074583219742124e+01
-5.682951595697723235e+01
-4.598358082667256497e+01
-3.871047389293487839e+01
-5.874368501847483515e+01
-5.680008690903503066e+01
-4.594275663235454488e+01
-4.372892690337879884e+01
-2.434632230912096063e+01
-6.451800847458885357e+01
-5.495636277206064335e+01
-3.575597896375326457e+01
-6.938996504814669208e+01
-4.300754819967613685e+01
-5.167495219373084581e+01
-5.507327944037550083e+01
-7.863032047388529122e+01
-4.871518489272690999e+01
-8.842966226054464585e+00
-5.405715360592718355e+01
-4.736211039721932536e+01
-5.664984853986383939e+01
-5.993978590864801959e+01
-1.355364071469979308e+02
-4.593950704905942217e+01
-7.602737519914559527e+01
-3.305842143219454954e+01
-1.415474696117231304e+02
-7.055593323976756892e+01
-2.649140929247833043e+01
-4.437492221722494179e+01
-8.782796197920740155e+01
-7.992977808515192351e+01
-8.610777298890771192e+01
-6.405578939488098911e+01
-6.808763513554268343e+01
-5.289142555988080119e+01
-7.006283506088601598e+01
-8.115711159311004508e+01
-5.472494472135634425e+01
-4.649657454483744345e+01
-7.691192564023678813e+01
-1.104200388223322733e+02
-6.384822092003125249e+01
-5.619768826801833939e+01
-5.311617331107071038e+01
-4.336057009408834517e+01
-7.652433703802330456e+01
-2.028120232510596210e+01
-3.692782209291682705e+01
-7.991595097384541191e+01
-6.073145203806610937e+01
-6.753411687608948455e+01
-7.821997023980307517e+01
-5.515687419803234093e+01
-1.305280623206080008e+02
-5.853755478526602474e+01
-6.680910860794855921e+01
-5.728205507705726518e+01
-4.617484409050113925e+01
-3.357666425748178085e+01
-4.909990200681788508e+01
-5.205363492146863535e+01
-5.984227144195291004e+01
-1.014275947071479678e+01
-5.800683585744677373e+01
-5.120987722731742053e+01
-2.837346682538175457e+01
-6.675026420516964265e+01
-6.392012470802230695e+01
-3.784934571696945227e+01
-5.150248813507308654e+01
-3.461597998604582926e+01
-1.097505400633581374e+01
-7.518377499651363394e+01
-3.458443881305248624e+01
-7.700316259749730818e+01
-4.215915993472955847e+01
-6.729600882151309804e+01
-1.295745258157130309e+02
-4.939898487055788223e+01
-5.577997534077780983e+01
-4.813660472438832016e+01
-7.348398183487535107e+01
-7.960965157474332443e+01
-6.055646022193199940e+01
-6.037878338424933844e+01
-5.880274492346929094e+01
-5.957200885184629868e+01
-4.350438010892332841e+01
-5.194630239164322916e+01
-4.486182780848015739e+01
-1.498482465547687070e+02
-6.108130515454678289e+01
-2.422559800355272230e+01
-5.008574700189550555e+01
-2.417521303820865697e+01
-6.076339048264000553e+01
-7.440627846267051382e+01
-6.923285138012553830e+01
-5.639535111076811802e+01
-5.888467442325700318e+01
-4.491308475261050148e+01
-3.005809384763452741e+01
-8.404435360752933093e+01
-9.132591173442405363e+01
-5.425408424530333207e+01
-7.257014323407484824e+01
-5.296839130983238420e+01
-6.473008779447897609e+01
-1.398201679984405246e+02
-5.226605792857721156e+01
-3.728412075632886769e+01
-8.896096186735775291e+01
-8.507978201071321678e+01
-3.779819052703693671e+01
-5.288461224402550442e+01
-5.511591554247760172e+01
-4.145101652982638996e+01
-1.277099565936402428e+02
-6.374143663418474404e+01
-5.572909158255123430e+01
-3.208983514290900985e+01
-4.446043736874497654e+01
-8.367722883941794976e+01
-7.683786169913742015e+01
-5.696142967176228211e+01
-5.755149934669474021e+01
-5.287854029742491946e+01
-6.448542762915542426e+01
-3.526059815090597027e+01
-4.953337123570096878e+01
-1.605162399356999003e+01
-6.801850100382426945e+01
-5.588124898808639784e+01
-5.577097298732364550e+01
-5.387461910365723128e+01
-6.014899738082398528e+01
-7.108764989951100688e+01
-3.215670366534422442e+01
-4.594424064418206655e+01
-8.483710794847982584e+01
-7.767401061174436450e+01
-7.232254847057788538e+01
-6.863214838032868670e+01
-5.665651061885812823e+01
-3.545385651300577479e+01
-6.326015621363119124e+01
-4.125136103011617195e+01
-4.724468667010204115e+01
-6.940754298163778913e+01
-7.768274269408452426e+01
-1.357873648738501515e+02
-8.182764396269303120e+01
-6.403644268090661740e+01
-5.844489727429930781e+01
-5.498531354712895336e+01
-4.014439365275445937e+01
-5.304862679038986073e+01
-8.160859902617546879e+01
-7.463523565883933486e+01
-4.875918680521505877e+01
-5.458848755312388334e+01
-2.664221900049249570e+01
-4.704673084171320596e+01
-5.260512408229689640e+01
-5.305052119434252944e+01
-1.379893577506551026e+02
-8.949160552693496129e+01
-8.325991568295893330e+01
-8.842966226054464585e+00
-6.990685905056433569e+01
-1.258572136051300987e+02
-3.945143897984178238e+01
-4.889116092735814334e+01
-4.736211039721932536e+01
-4.910988394998054929e+01
-6.151531570592001685e+01
-5.356136848289422403e+01
-6.924309229588133974e+01
-5.281545348782178451e+01
-3.408378420302103962e+01
-8.197516931374562432e+01
-8.004744872648768705e+01
-4.890719584880545767e+01
-3.890998814543816309e+01
-3.071846241462226956e+01
-5.649255930809589188e+01
-6.447657422964844898e+01
-3.754293514815920219e+01
-4.455490704533698931e+01
-4.712589154811318082e+01
-2.851800656488274299e+01
-7.095642642584763848e+01
-6.286020704455654595e+01
-6.495007487806734048e+01
-3.249322132094471982e+01
-4.742898393348431796e+01
-5.248558167687439635e+01
-7.939419173806049912e+01
-6.292791442471436625e+01
-4.804655274557364208e+01
-8.165886282594730972e+01
-7.393786579066991749e+01
-1.357436626505437616e+01
-5.879627203068658048e+01
-4.058344322512256497e+01
-4.360225667334098887e+01
-1.462965512038811937e+02
-6.586317578937854478e+01
-4.736211039721932536e+01
-3.016771998945536026e+01
-7.985968014240370394e+01
-7.694277799271421259e+01
-4.159822366097246515e+01
-3.357666425748178085e+01
-5.812667006903537015e+01
-1.346363214042806931e+02
-1.479730527663801922e+02
-5.060581368896535537e+01
-6.780936461644435553e+01
-3.760746306035230191e+01
-4.565055955083586525e+01
-2.834392676004020117e+01
-5.427709042072860512e+01
-6.827570018037695831e+01
-5.088047966132264577e+01
-4.637549559598684823e+01
-5.229671748859741598e+01
-8.515147120023885918e+01
-6.013628684365852450e+01
-1.992407904848121092e+01
-2.483138525506391048e+01
-1.230948294045110885e+02
-5.625226318386986435e+01
-5.107373874629375621e+01
-7.138086178759812128e+01
-5.484546735654507188e+01
-5.319489744516518215e+01
-6.485454242092721699e+01
-2.317000910772380706e+01
-7.733000886525250905e+01
-6.988112407535545856e+01
-4.549587381803057440e+01
-3.609195501325200439e+01
-5.841437652248879431e+01
-4.919978043228276476e+01
-1.213108211909933374e+02
-1.635936517335499047e+02
-6.147096747395730176e+01
-7.086791322804829463e+01
-5.141742806095300722e+01
-4.051439518241144100e+01
-6.644014645691206056e+01
-1.363251463679635549e+02
-1.455626167360918544e+02
-5.526478324178192736e+01
-2.597534244290349292e+01
-5.060171670302320024e+01
-6.753149954175557923e+01
-5.335832366861789922e+01
-5.629708176821814902e+01
-3.448378608198309792e+01
-7.653812284004931143e+01
-2.473065482365186440e+01
-7.347466479476071299e+01
-8.394697937357395290e+01
-2.603260017250167380e+01
-2.054756940278709365e+01
-4.167902651256002144e+01
-4.907546883431441387e+01
-5.819456486848936549e+01
-4.451811654850915545e+01
-7.825341095636967736e+01
-5.178911303596726157e+01
-5.612458054958389653e+01
-5.875608255864457874e+01
-7.956112964977948820e+01
-1.315217019435133139e+01
-5.472893857064470780e+01
-4.800185647543681000e+01
-7.748811628679291630e+01
-3.412215789558302959e+01
-6.168838424401414500e+01
-5.756140599445700445e+01
-7.045295129383445953e+01
-9.517811741858312757e+01
-7.320009393365666028e+01
-3.762601362985057563e+01
-5.041067630786562859e+01
-7.590401093044013692e+01
-5.558566117260185990e+01
-5.508211734410336646e+01
-7.827366923057315518e+00
-1.715345870256923178e+01
-8.688664315604057720e+01
-4.360225667334098887e+01
-5.425625313123460103e+01
-3.205095835987222586e+01
-8.208806723366390656e+01
-6.250316054541667654e+01
-6.032717705826854626e+01
-4.863350680435009821e+01
-8.665292312919483209e+01
-5.619643237548281434e+01
-8.770757836923534967e+01
-6.223663242131478057e+01
-5.463077362297816109e+01
-2.478339979876675869e+01
-5.215878482581283038e+01
-4.539002007068616251e+01
-5.230956487466139748e+01
-4.327082838948212640e+01
-5.582469987732925176e+01
-5.830747451610002940e+01
-6.111835759749921237e+01
-7.134424697068772048e+01
-6.390958339335129068e+01
-6.472598290278673971e+01
-8.513160971119886256e+01
-5.005236669253692128e+01
-6.880422243939165128e+01
-6.589577877188013133e+01
-3.472979254166153851e+01
-1.634335123330675543e+01
-5.105096609902326321e+01
-7.674819184769475555e+01
-6.502276570558777280e+01
-5.354560221749225235e+01
-7.185647046200475074e+01
-5.210683212806362974e+01
-4.573030653144447655e+01
-6.504117249700726688e+01
-6.196256394575630111e+01
-5.706641328582725237e+01
-3.235923553067200942e+01
-8.811916784604810005e+01
-1.171131339204627864e+02
-3.882068691919032233e+01
-4.282777381024393293e+01
-3.079762137070650496e+01
-5.343142201353320075e+01
-7.570980527577488317e+01
-5.800917997940221227e+00
-4.113246536154480282e+01
-5.127949872950888732e+01
-8.534740685211379230e+01
-5.362335236809029482e+01
-2.578254032649235228e+01
-4.488797828463214756e+01
-4.705737404294200132e+01
-4.291886611284276398e+01
-8.423930066008317397e+00
-5.519696348537092945e+01
-5.533100514852803542e+01
-3.563636171652461826e+01
-2.474768443982829424e+01
-6.227827075120998757e+01
-2.628534398925113891e+01
-1.265001341646491255e+02
-4.720717366130122628e+01
-5.694332801081618811e+01
-8.810326368231329752e+01
-8.330023116845357833e+01
-2.578299342403051142e+01
-4.933290033176989908e+01
-5.918202676619185354e+01
-5.128338095266123986e+01
-1.262995632918447910e+02
-5.155647960122539075e+01
-5.567104271917396829e+01
-1.229449197143272698e+02
-8.400604597958657394e+01
-7.219230619122379267e+01
-4.511031727783961287e+01
-3.383899242580503142e+01
-1.016852478660894690e+02
-5.548700057757001503e+01
-6.557097809650394993e+01
-3.046046746378877401e+01
-7.244465909886520194e+01
-7.543358019797396707e+01
-4.279414040802123509e+01
-8.465085632300728946e+01
-3.279154979944306092e+01
-3.397916365753052048e+01
-1.895439877742289170e+01
-3.949828959096380743e+01
-5.227152663525954779e+01
-6.780009958411156390e+01
-4.641251749683580385e+01
-5.650079983982858778e+01
-3.819155331673250942e+01
-8.423930066008317397e+00
-7.032195329325806199e+01
-6.467885500492960205e+01
-8.701134014230810010e+01
-6.228153231909678311e+01
-4.745714499617956506e+01
-6.640690314510625569e+01
-3.262958350697643084e+01
-7.488915770595633603e+01
-6.694169359120962781e+01
-3.817026509288498914e+01
-5.344639617877744087e+01
-5.134197456819893546e+01
-4.049876106308980184e+01
-5.284895894344850831e+01
-5.197104890351721451e+01
-1.032317893624085201e+02
-4.988619406870096640e+01
-6.218359492030580782e+01
-6.574359921473426027e+01
-5.256212724221313692e+01
-6.911895524837831317e+01
-9.342966226054464585e+00
-3.186084162954120202e+01
-5.437616121813992720e+01
-3.824701286845248660e+01
-5.177082743338772275e+01
-5.350804719630992423e+01
-5.991044547639381790e+01
-2.607347136730018988e+01
-5.006243795636231653e+01
-5.794120153005879104e+01
-5.897255721109846149e+01
-4.991527262516301278e+01
-8.644074168536091918e+01
-5.090821400923769602e+01
-5.633672758238566303e+01
-6.728094485568736616e+01
-5.577269902594629514e+01
-8.636802336224226906e+01
-5.655169572854245530e+01
-6.117163276874462952e+01
-8.696814871221764065e+01
-4.761796473133727403e+01
-1.409950510649374849e+02
-5.942059664115660667e+01
-6.064994202840578197e+01
-4.976256786184753622e+01
-8.172903840681095744e+01
-5.472986457318408782e+01
-5.656369018847401264e+01
-8.295480300077782942e+01
-5.038350031658301020e+01
-5.516064507973909770e+01
-3.942445589216345070e+01
-1.799368154106386442e+01
-5.789927755104663731e+01
-5.235255171012968134e+01
-4.836416462254403825e+01
-2.278929002374878010e+01
-4.442893186333979827e+01
-1.035863201422379518e+02
-4.321695050272830940e+01
-4.993885464648079164e+01
-3.013212982809964657e+01
-4.511031727783961287e+01
-2.973711176131273959e+01
-9.112104036887319580e+01
-7.733633364884492778e+01
-5.912014406445430126e+01
-6.310011211984210888e+01
-1.234005074676277047e+02
-5.943489177601984608e+01
-5.089617527887661907e+01
-4.434846926789573018e+01
-5.518970332064961326e+01
-5.522067756376989678e+01
-7.318229078746804817e+01
-4.232468767277322286e+01
-3.507616133593975860e+01
-3.455109642670525005e+00
-3.823341986751861299e+01
-1.452325799986549839e+02
-4.566818770361764734e+01
-3.917537025800229600e+01
-5.490578559476584530e+01
-5.561195145437855558e+01
-9.160378961751992222e+01
-5.195766613149137925e+01
-3.493569120063072830e+01
-7.002026018163783760e+01
-5.412038108602695274e+01
-4.703331699697068302e+01
-5.034005151275195544e+01
-5.804699795279955765e+01
-5.876857450149043416e+01
-5.093834763730407644e+01
-3.737629886014202896e+01
-6.253348107008142165e+01
-5.366732534339428184e+01
-4.015227313895397288e+01
-5.076376668270188475e+01
-4.425202856641061544e+01
-5.484263411492504048e+01
-8.362377790810350575e+01
-2.663670610340271949e+01
-4.640751345546675566e+01
-6.185951075278362055e+01
-6.135451047902368771e+01
-9.276919762401423952e+01
-8.423930066008317397e+00
-8.235460166465814780e+01
-4.500520266487447429e+01
-4.705737404294200132e+01
-5.950083464790512267e+01
-7.924954235519295764e+01
-8.189286658527852580e+01
-1.919686875487473898e+01
-5.234247764916712242e+01
-6.489717361796942896e+01
-9.271735887921467167e+01
-5.353203692411747738e+01
-3.417379320252892683e+01
-6.936324101148757393e+01
-4.214194994737705002e+01
-3.741529273580319170e+01
-8.930604352414938774e+01
-5.305121773653719686e+01
-4.274132295660702141e+01
-3.387443245233957612e+01
-7.755223812817638418e+01
-5.457196693601741799e+01
-4.521535517397986581e+01
-8.550318094023351989e+01
-4.016408327601105555e+01
-6.392948181365692761e+01
-5.482622537311662825e+01
-3.536636278589402593e+01
-7.966140348510974434e+01
-9.246153525125598094e+01
-4.705737404294200132e+01
-6.995995382089837733e+01
-6.613169260796703952e+01
-4.562320868533936391e+01
-3.348811704791231136e+01
-6.143770841400959881e+01
-7.526420070628432768e+01
-1.356712971969166759e+01
-5.947657474892530161e+01
-3.369819281393883159e+01
-4.868744313479166408e+01
-1.251145451246011575e+01
-6.365139537492099464e+01
-4.411574629688466587e+01
-4.651542566229844056e+01
-8.977970541478829603e+01
-1.410704599834410828e+02
-8.551923790426619121e+01
-5.217396685506885490e+01
-8.284445696122614322e+01
-3.588520227751477165e+01
-2.538498697271282722e+01
-7.089321250639770255e+01
-5.336440787093887650e+01
-5.589970664698010694e+01
-4.033669021361935592e+01
-6.644215708968455658e+01
-5.323366974586980405e+01
-3.139702858853689804e+01
-5.263250872126960900e+01
-9.180821806530221352e+01
-8.224931727165008510e+01
-4.410934489642480116e+01
-6.566601018780428944e+01
-1.145128678459915506e+01
-2.137272825641439056e+01
-5.897164868581641883e+01
-4.314100888011624590e+01
-4.809454070768703104e+01
-2.992808100207468769e+01
-3.518685558055294393e+01
-7.840066690982276043e+01
-1.134131786256080403e+02
-3.945035897652903145e+01
-6.441055072279232263e+01
-1.270057618786346296e+02
-7.942680306196970719e+01
-7.776707259022352048e+01
-4.770109901778931771e+01
-6.824159383770761167e+01
-1.322075021138985917e+01
-8.746875558109792337e+01
-3.355681974524740951e+01
-5.850402651828294154e+01
-5.415243669286472539e+01
-9.682184209940476194e+01
-7.578633184501308051e+01
-5.076639494699200839e+01
-4.113341088453417171e+01
-5.297298683458443946e+01
-5.125987925981915083e+01
-4.946227145673972814e+01
-7.384884363289830844e+01
-7.346069458314838130e+01
-3.896122529731032103e+01
-2.133727753235631042e+01
-2.734578103890575562e+01
-3.518685558055294393e+01
-9.923930066008317397e+00
-8.265584355667679972e+01
-5.334534915143322564e+01
-8.029754792458193435e+01
-5.545572457509594244e+01
-5.067915427022099095e+01
-1.855631434619449394e+01
-5.072861092490001056e+01
-5.393060518780241352e+01
-2.213453248786629146e+01
-2.637067359137768108e+01
-7.850812225328111538e+01
-4.842671234946553227e+01
-6.687964433004674447e+01
-4.200289096348901552e+01
-5.535844028947560957e+01
-5.131754649417732139e+01
-4.636559489045053795e+01
-4.241743632637079031e+01
-4.609509463160991771e+01
-3.429596949737585021e+01
-4.560773821121665605e+01
-5.927890179010589122e+01
-5.764999478401215072e+01
-5.181354581771333301e+01
-6.281861476638468389e+01
-3.565155822513679595e+01
-5.340983935405147065e+01
-5.172665999589963803e+01
-8.590933883590294329e+01
-6.249728484888249369e+01
-6.262922813691282897e+01
-1.247669007404825265e+02
-6.986487057412249158e+01
-1.381010773437147350e+02
-8.168291687889166042e+01
-6.199048539302944505e+01
-2.587598470895625624e+01
-6.392078400662752813e+01
-4.978656628718468369e+01
-7.408637572619801404e+01
-4.671713923074848651e+01
-8.423930066008317397e+00
-4.055855633548918604e+01
-6.099206454867800176e+01
-3.716764567442496059e+01
-5.611742602912578093e+01
-2.188690836502082604e+01
-1.058846882972951420e+01
-6.129783161318459861e+01
-9.929301443943205641e+01
-3.518685558055294393e+01
-5.528428503646759395e+01
-4.847058615697798700e+01
-6.006577942822590899e+01
-5.579649041928768582e+01
-3.700267530284460804e+01
-1.522994361215926062e+02
-6.882076131121979756e+01
-5.329782240236687585e+01
-1.261266105650452829e+02
-5.189990506246984125e+01
-8.577088570420865210e+01
-4.305564356466663867e+01
-8.079842809293535311e+01
-4.502163221088122214e+01
-2.087272573852269630e+01
-4.762293327281035715e+01
-7.844414240622167256e+01
-6.303650091432808722e+01
-4.324052612921839511e+01
-4.878665381012691427e+01
-1.279832661508766591e+02
-4.656309216970461762e+01
-5.444358271366525059e+01
-6.476882347618374069e+01
-6.872454513909286788e+01
-4.092782558553049910e+01
-7.078430622107583758e+01
-1.257373994289463184e+02
-5.447759069806411958e+01
-4.794397673692220962e+01
-4.206820095383394431e+01
-2.270306457638330500e+01
-4.998829857615169203e+01
-4.362642981095137884e+01
-5.512940294131696817e+01
-5.141742806095300722e+01
-8.291465178534875236e+01
-3.418897470942652461e+01
-8.423930066008317397e+00
-1.429729513049910850e+02
-5.317657337758076608e+01
-3.749377865840162372e+01
-1.307898245127106520e+02
-2.846546103436133990e+01
-1.239832753387494790e+02
-8.283029995858468908e+01
-5.033625837993663765e+01
-4.895955016956979478e+01
-2.953246369291826667e+01
-2.565735817266391905e+01
-5.164548323857927414e+01
-1.255451860933069810e+02
-8.392739809476142909e+01
-6.349119981123330092e+01
-9.336103004721138632e+01
-5.026428751885715940e+01
-5.733616429175467033e+01
-4.147286751632585577e+01
-5.044816598039734856e+01
-3.774915276736207659e+01
-5.257548349136037302e+01
-3.903078637106263216e+01
-2.892342008699035105e+01
-9.204502265509451320e+01
-2.966064436596876774e+01
-2.695733227607875548e+01
-1.257451891894616693e+02
-1.255954853718257169e+02
-5.368523029327246832e+01
-3.073990710538993198e+01
-5.087985990601963238e+01
-6.230135331850713953e+01
-6.946818409519934789e+01
-4.211164328477958918e+01
-7.115862915681086065e+01
-6.406976894948516588e+01
-6.129783161318459861e+01
-7.069169596441784620e+01
-7.748766267081836645e+01
-7.589938575836448820e+01
-7.386717471729897966e+01
-5.520766274202141943e+01
-6.315597233052193360e+01
-8.248130140149807232e+01
-7.619267722892622885e+01
-7.719950468867708082e+01
-5.814122557703754524e+01
-5.385776668022251101e+01
-1.787642626769652310e+01
-5.423121824639082433e+01
-6.121692847562604811e+01
-3.280889899423925726e+01
-6.749633252980207487e+01
-3.367873780275873941e+01
-3.602516395578095398e+01
-7.478081994672078281e+01
-6.633701239067679012e+01
-4.500936144199914679e+01
-1.730532918596914271e+01
-7.054201709431168865e+01
-5.013471817945200826e+01
-8.227204778501784688e+01
-3.409387042965656178e+01
-3.518685558055294393e+01
-6.180664991396497498e+01
-4.106514223241867967e+01
-3.375330000211506842e+01
-4.707154510579748319e+01
-5.856015098525452345e+01
-3.594735715845891377e+01
-5.245348394692894090e+01
-8.987602897613894015e+01
-5.292923290933778446e+01
-4.988594880165412349e+01
-6.143123204903236001e+01
-5.414322402510184418e+01
-2.322347825897202256e+01
-4.903745922892652231e+01
-6.450447503952452166e+01
-4.741156453146287220e+01
-6.672911502862973521e+01
-1.045324185196168258e+02
-4.593916422869487803e+01
-4.744132218372887877e+01
-6.748556304382422866e+01
-4.573498422520378881e+01
-6.577709710632005624e+01
-1.468069104119399242e+02
-2.146215014113131758e+01
-5.099651591553041641e+01
-6.351340696976568267e+01
-5.705365919976276956e+01
-6.250549766498811266e+01
-5.203498048004514942e+01
-5.871337476558112201e+01
-8.779177057953177155e+01
-4.589171449183132268e+01
-7.109436441169202681e+01
-3.418897470942652461e+01
-4.474655774711320078e+01
-5.191067118741297293e+01
-6.359782805199989042e+01
-2.971007581760557770e+01
-5.162076237209849694e+01
-7.779514343303955570e+01
-3.460080473212889984e+01
-1.441171015466987626e+02
-7.304431564287321521e+01
-2.554175462409257591e+01
-1.352081955373762696e+02
-2.148538986128903261e+01
-5.522285993889493483e+01
-1.219207119937771466e+01
-7.823806660115951672e+01
-7.369169471452688924e+01
-9.772953075670412204e+01
-7.602056474599753244e+01
-7.181846672694152289e+01
-2.250586773326782719e+01
-7.710930229411729897e+01
-5.277765818499315742e+01
-2.215485658207027342e+01
-7.297566595665628597e+01
-8.273174705001918028e+01
-3.416492858130571619e+01
-1.594522096881268070e+01
-6.946698444642299819e+01
-2.845091277447739486e+01
-4.560807563905497375e+01
-5.313281325058920856e+01
-5.682873602757378961e+01
-3.985514936847966538e+01
-8.834979830038768966e+01
-4.355969074666612073e+01
-1.730532918596914271e+01
-3.592024891938372377e+01
-5.091139112570461123e+01
-4.383762118666012952e+01
-6.835319169333232026e+01
-3.518685558055294393e+01
-5.316283359819767895e+01
-2.074327851532300571e+01
-4.889693639795237345e+01
-4.091098643641278443e+01
-4.230275314942286968e+01
-1.003505967402498129e+02
-1.710265070483403704e+01
-5.244049271025133407e+01
-6.540282308993361937e+01
-4.793886143468090921e+01
-7.390551255234302630e+01
-1.696345306232827355e+01
-4.243158280699004337e+01
-6.725656896481383740e+01
-6.478537483994378476e+01
-7.592413302154848509e+01
-2.473297763584622189e+01
-7.051302761312986433e+01
-3.143113607020659117e+01
-9.014189703251794583e+01
-5.127958223892872525e+01
-1.322075021138985917e+01
-5.500172235335681137e+01
-7.922679267155534433e+01
-7.905899370209192512e+01
-4.762980049429514651e+01
-8.579597231342549435e+01
-4.348376333471910016e+01
-1.332688659813996992e+02
-8.354754186975904418e+01
-9.425768579609901110e+00
-5.221813698672971071e+01
-3.970287442768388075e+01
-2.024646965120890485e+01
-5.850872208610948633e+01
-6.401512592771459254e+01
-6.371630577243287519e+01
-9.944914854028988316e+01
-5.191067118741297293e+01
-3.080144469448811506e+01
-4.374968333262425801e+01
-3.330121581638836403e+01
-4.630873194271551085e+01
-3.971089307161263093e+01
-5.119275855810948173e+01
-3.095878710511459175e+01
-5.632798448915320932e+01
-5.412449237239798094e+01
-1.367658095608547342e+02
-8.877403650889029052e+01
-5.655155156310399889e+01
-8.495793594868409571e+01
-5.442216135647145592e+01
-1.550527076581585817e+01
-7.261871870713170551e+01
-3.740690951745396831e+01
-5.551750028286859617e+01
-7.059950489419162523e+01
-4.725599493323614553e+01
-5.036806986671192021e+01
-9.058251610988118330e+01
-8.790734754523751349e+01
-4.143885123085888722e+01
-2.029183233169176503e+01
-8.838072303955172515e+01
-5.248092793939906642e+01
-4.425150315324917472e+01
-5.523375472474335623e+01
-4.394101064908750942e+01
-4.861753748466246350e+01
-8.250664259528547007e+01
-8.407748185066823510e+01
-2.236397603121819344e+01
-4.707481569603473304e+01
-3.529264150343211526e+01
-8.680327666374518003e+01
-1.261040657346098470e+02
-4.565668644131437759e+01
-5.489772683557484356e+01
-1.162402547318128043e+01
-4.082555690720898411e+01
-6.025075829718005593e+01
-8.504926220014230864e+01
-7.179776429164105878e+01
-2.979999216089363401e+01
-4.522722184651681943e+01
-5.212227101867595991e+01
-8.552817750025465671e+01
-3.471527562606190997e+01
-8.652349174835588030e+01
-4.786911051527768279e+01
-5.351608650385342969e+01
-8.658555032439109311e+01
-2.988654418283962144e+01
-1.637994880902354922e+01
-7.848079979625737224e+01
-6.803978767393201110e+01
-2.857747271360431895e+01
-3.376081523890852054e+01
-5.161083552465630930e+01
-6.696711199435350181e+01
-4.405364438996498677e+01
-6.284532286520990851e+01
-5.708263181689629562e+01
-4.696111556664605757e+01
-4.488132653417705598e+01
-3.786678607831004229e+01
-3.909163403109311474e+01
-4.439634671644448360e+01
-9.068501532504132712e+00
-5.235614710628601642e+01
-1.283401185086349869e+02
-2.834019932114685858e+01
-1.394808446207740076e+02
-3.895176527048727166e+01
-2.184916531861508204e+01
-7.386498047873375583e+01
-7.625207161396377842e+01
-4.708000750996969686e+01
-4.819054909006831622e+01
-4.543989390195041977e+01
-4.118754210180183151e+01
-4.974512253233957892e+01
-4.862959094608602584e+01
-9.124436037148268497e+01
-5.314340505506002899e+01
-1.042576857960990111e+01
-1.080936328693356785e+01
-4.521884689422540760e+01
-1.307163356885203598e+02
-1.710925389911082206e+01
-1.243492281906624015e+02
-4.041584948078107686e+01
-8.423930066008317397e+00
-3.398152336228572779e+01
-8.772179153055520828e+01
-4.187098293890812784e+01
-4.547745788544565215e+01
-8.768073104416683350e+01
-2.029183233169176503e+01
-2.641946463562879899e+01
-3.645061960647494459e+01
-4.402713111080628039e+01
-8.645496036244962568e+01
-2.967861263581714226e+01
-2.138306955844836210e+01
-1.197482157699532621e+02
-8.721501342552377878e+01
-5.901609597593834167e+01
-2.080477312102268073e+01
-4.996898298888327616e+01
-1.398744007722163474e+02
-5.442752439062329017e+01
-2.802055227467165111e+01
-1.912146872140214526e+01
-4.527723052368322953e+01
-1.255273482795653450e+02
-5.926357556288854767e+01
-3.121946828318523970e+01
-4.833989970320874363e+01
-5.915304470245980895e+01
-3.604760633061061981e+01
-4.200082339393657094e+01
-6.450910842672685419e+01
-1.425894833579225818e+01
-6.032635567625246154e+01
-9.461184876214780104e+01
-6.511777559364888646e+01
-4.582144144032041311e+01
-9.244622762689006379e+01
-5.620269789560046547e+01
-5.774186254459780798e+01
-2.991406193350763587e+01
-6.476051983876607210e+01
-6.652390016742995726e+01
-5.121329005026616699e+01
-4.887006542719744573e+01
-5.313414541246117295e+01
-6.388831890058844465e+01
-2.924348422796097324e+01
-6.620693208899724880e+01
-4.660007733207979896e+01
-7.124559943793842365e+01
-7.289643775502825918e+01
-8.635334249258998796e+01
-2.279200308282184295e+01
-4.570908634472199594e+01
-9.173692509359625546e+01
-8.423930066008317397e+00
-5.396653247207019888e+01
-5.184331408902411908e+01
-3.107658252049053260e+01
-5.557279678810304802e+01
-6.602109345068581092e+01
-5.743146040354612580e+01
-4.878592151768346241e+01
-5.752864119742297078e+01
-4.929800373682581238e+01
-1.316714609491850183e+02
-5.484765623753860098e+01
-9.836100294346938711e+01
-1.397633522629759000e+02
-2.485401640808631996e+01
-5.443418744406311305e+01
-3.465696089085162157e+01
-4.806951089970734614e+01
-5.227811923502807900e+01
-3.451295870689249057e+01
-5.031147399570443213e+01
-5.205802233580854477e+01
-3.721047667315113472e+01
-6.943760194289893661e+01
-2.794520727721521069e+01
-5.770491243610734955e+01
-2.019314493633084950e+01
-9.322278306434371586e+01
-5.715454322011883193e+01
-6.266186257334036469e+01
-3.444959438002578622e+01
-4.807860827820677230e+01
-5.723997879830486113e+01
-1.106924442144439240e+02
-7.179889997130585755e+01
-1.760033597196551369e+01
-5.932029104956571075e+01
-7.444702998078240341e+01
-1.231869009621632785e+02
-1.420264207081826271e+02
-3.393548100740810725e+01
-5.302058743932166607e+01
-1.224695083751423539e+02
-5.576710255604432120e+01
-5.873034616634578242e+01
-5.585206698199952768e+01
-2.178956065988426616e+01
-6.244144301120543616e+01
-6.257003965261043277e+01
-4.441507410849035864e+01
-5.210967335265473821e+01
-1.808447725443294729e+01
-3.675683659119663105e+01
-3.816523353895833282e+01
-5.777477136878223973e+01
-8.698480952277695621e+01
-1.348402066397430943e+01
-3.044543377480012936e+01
-4.930874619513292600e+01
-2.757346308205139707e+01
-2.625283190635626696e+01
-4.860808487739731021e+01
-5.243934701226898909e+01
-2.537002316237102661e+01
-4.544374561748593777e+01
-5.892101706796347571e+01
-1.061415277117498590e+02
-1.353998961187600685e+02
-4.269776595784139772e+01
-5.755515756748246758e+01
-5.199221256994968599e+01
-4.457270252077969985e+01
-2.101999162615884842e+01
-7.118981229808136391e+01
-9.051406262543478931e+01
-4.346926861002255293e+01
-1.114809042520926710e+02
-4.145007103106153323e+01
-2.532728023159913278e+01
-2.865519562313861002e+01
-6.850686421742108223e+01
-4.680526083634846657e+01
-7.342436969288742432e+01
-1.017105019739432805e+02
-5.467935163422315981e+01
-2.230490021074138696e+01
-5.705873639870792147e+01
-4.227090038930825955e+01
-4.863989644219591924e+01
-1.998048520788029947e+01
-2.779459858796951721e+01
-1.877288517811787827e+01
-5.837844797710289413e+01
-1.742538544342146523e+01
-3.281267444119517052e+01
-4.821302593610757015e+01
-2.672348072229936022e+01
-3.743893463111632514e+01
-5.738345192495293645e+01
-1.875813182918114208e+01
-1.732276176061690265e+01
-6.582524986264310485e+01
-5.191067118741297293e+01
-3.367877448656036421e+01
-6.794601289679182798e+01
-6.135464481033287143e+01
-1.053286784205398590e+02
-7.172044006611731959e+01
-5.193411387537692292e+01
-3.700094402299149010e+01
-6.336047799725567131e+01
-4.860381930704968312e+01
-5.117783258626189991e+01
-6.756185439891625322e+01
-8.630284731903165607e+01
-1.055482697782698978e+02
-7.209849737731825314e+01
-2.130477312102268073e+01
-2.232845754107507830e+01
-4.861302789823835724e+01
-9.282723369002337677e+01
-8.195041629098071212e+01
-6.835660051578987861e+01
-9.461184876214780104e+01
-1.922697595456496344e+01
-4.863567134019527316e+01
-5.817478092423816349e+01
-1.297335107878959093e+02
-2.759107437165968335e+01
-2.815513097511056273e+01
-2.666487510958112850e+01
-3.960226693535975073e+01
-4.925817413520820764e+01
-5.574632429710889880e+01
-3.305429977075530701e+01
-5.346443686290462693e+01
-5.131221325473218542e+01
-5.685374479663333602e+01
-5.870326035310243640e+01
-4.523325797299776241e+01
-7.002555216595126808e+01
-5.329474405974971774e+01
-8.769179938816185427e+01
-6.827710735715083956e+01
-1.101984306674193022e+02
-4.660382569689188870e+01
-4.831612833989888145e+01
-1.792175841160927163e+01
-9.416747196491351701e+01
-6.666625968265007884e+01
-6.437092033759586229e+01
-3.437061590651981646e+01
-6.582093633577437686e+01
-8.186879182094129703e+01
-3.041672115141217603e+01
-4.831612833989888145e+01
-4.492596066609733896e+01
-4.991342393209264117e+01
-2.174413867021912239e+01
-5.078749153819047990e+01
-7.898549854183748664e+01
-8.223045661582045796e+01
-6.694295298302002095e+01
-1.557935883441235489e+02
-5.075638002192972920e+01
-5.466811422138133025e+01
-3.231061933963590604e+01
-4.930619492448438734e+01
-9.883225131908614003e+01
-5.327991245718069280e+01
-8.183445698098293519e+01
-2.243621101970263254e+01
-6.688558713845402792e+01
-3.679817027225630000e+01
-4.416695173492051651e+01
-6.324751632745388008e+01
-5.191067118741297293e+01
-5.921906606967269227e+01
-5.578874207451724487e+01
-8.450710828335888891e+01
-1.652503805789059044e+01
-8.797483487044156902e+01
-4.898834279937678104e+01
-3.068867425706677921e+01
-5.789624036807992979e+01
-5.515928478171490923e+01
-2.287642614129834939e+01
-5.462450568509484583e+01
-2.077263601223772582e+01
-3.383777933785181347e+01
-5.375460876415326794e+01
-8.530402252685891540e+01
-5.778222740879070329e+01
-2.101999162615884842e+01
-8.070303585938135882e+01
-8.999822184324344221e+01
-8.816353866158085850e+01
-6.544410584931810604e+01
-5.073326249246179742e+01
-1.544787814742790317e+02
-7.054950289349997661e+01
-4.901885212057015906e+01
-3.162376474474111632e+01
-2.474960821894129026e+01
-3.320406010924796192e+01
-3.371075091336589935e+01
-5.026513435463078849e+01
-5.078749153819047990e+01
-9.884086406861663932e+01
-5.368030408628945338e+01
-5.921906606967269227e+01
-5.292138247173998877e+01
-5.190189641774276907e+01
-2.895188646631270046e+01
-5.562096783954615375e+01
-7.847999850750048267e+01
-9.450733363935371756e+01
-3.273346769535599776e+01
-8.044374857779565957e+01
-7.069321370123736870e+01
-3.623572333449743610e+01
-9.278732007949874117e+01
-4.790741764877316911e+01
-5.860890396460169427e+01
-7.335616839296889680e+01
-5.122899364550418966e+01
-2.269650639936170933e+01
-4.576704330367334705e+01
-2.241420415583434078e+01
-5.576656889863407685e+01
-5.369404475283997158e+01
-5.664010691851181889e+01
-1.404080983101659967e+02
-7.291751162375683748e+01
-8.298321940208556668e+01
-8.207030827954216079e+01
-5.346205333598582854e+01
-9.296527861391943759e+01
-1.578031719485062112e+01
-6.398240834158610824e+01
-6.484555036955299556e+01
-1.723231501839223156e+01
-5.367767993277399086e+01
-5.268911785214366716e+01
-1.530359287671987545e+01
-6.534701736876981215e+01
-2.607116911944159554e+01
-5.528972881869185585e+01
-6.671587991695319886e+01
-1.548411257116549677e+01
-2.178956065988426616e+01
-1.323514284205747344e+02
-2.219969637237647220e+01
-4.980778522663896979e+01
-5.434546702890560965e+01
-2.429663694902094662e+01
-6.901613799747369171e+01
-6.359647419042855887e+01
-1.723231501839223156e+01
-6.811415334695105628e+01
-3.074142651167496254e+01
-2.031257603122527300e+01
-4.856379477876191686e+01
-5.266850076558687022e+01
-3.620981725489841097e+01
-2.775090684579217637e+01
-3.738946773005159230e+01
-6.626163936325221471e+01
-2.794426740211856952e+01
-2.999838637501798644e+01
-7.162254803185368246e+01
-2.101999162615884842e+01
-3.859012240259788484e+01
-8.112322744900907878e+01
-9.110697429275188597e+01
-3.704965951107685385e+01
-1.704400303458726640e+01
-9.968592645306300426e+01
-5.327516848209029376e+01
-5.148252010200700113e+01
-3.408590984247977929e+01
-6.517914261606787818e+01
-8.183973192261612439e+01
-5.373498322063694843e+01
-4.317518250205421992e+01
-5.451690928700310224e+01
-3.196691832719917770e+01
-5.101248160484050942e+01
-8.360040783141023724e+01
-7.713496440771181994e+01
-4.264950291252277736e+01
-2.178592955528090158e+01
-3.989764232971688784e+01
-7.060992425810884754e+01
-1.774170212723807438e+01
-1.894177615886204791e+01
-4.571482103090056626e+01
-5.592608174733649662e+01
-6.268763568113233475e+01
-5.093334761397603927e+01
-3.491817338727173592e+01
-5.935357792686073708e+01
-6.275512987558847300e+01
-1.435216607439681979e+02
-5.760356204249215750e+01
-4.482576243828103202e+01
-3.531625758498715584e+01
-5.456835421981048739e+01
-1.098276720560925312e+01
-5.044909422226776741e+01
-6.744738038858996276e+01
-7.239357303195670568e+01
-6.906589390360339564e+01
-5.410644987279168561e+01
-3.358337264660946175e+01
-5.163090945838332857e+01
-4.501924974915790756e+01
-2.345681058185714463e+01
-7.034082777775016382e+01
-8.220932088153928419e+01
-8.438561393064892968e+01
-5.858745346906340501e+01
-2.487554777134191042e+01
-2.767612404525886305e+01
-7.239357303195670568e+01
-4.349984882350535997e+01
-6.222615077879898138e+01
-5.191067118741297293e+01
-8.277451597216582968e+01
-6.708605586455060177e+01
-9.476203976488945102e+01
-1.077823444815280141e+01
-1.339248971033062574e+01
-5.213544300998478320e+01
-2.970323842785954938e+01
-1.312935973554107250e+02
-3.963185727216934851e+01
-3.240225770552368090e+01
-7.658945469894005953e+01
-5.921906606967269227e+01
-4.764891709531546837e+01
-4.814026763949927101e+01
-3.273346769535599776e+01
-1.536804178405325416e+01
-4.218929835473839773e+01
-9.463661950865514427e+01
-4.893583894451080596e+01
-6.104404341702547754e+01
-7.007972935045235374e+01
-5.921906606967269227e+01
-3.567135399537329477e+01
-1.075398378374911346e+01
-1.393489631520156991e+02
-5.928664748640063209e+01
-5.167393713890974993e+01
-5.214474194737587709e+01
-4.621766007893700134e+01
-2.664198474089583613e+01
-1.206130142309713094e+01
-5.311373524365093601e+01
-8.327351194525138567e+01
-6.223760446355851172e+01
-5.808127599158177645e+01
-3.062229019291841325e+01
-1.436755649809892930e+02
-5.204399465318226703e+01
-1.344165436962499527e+01
-4.169002593183817851e+01
-3.570377075613643569e+01
-7.494440060579603369e+01
-4.458178752546454859e+01
-6.136104737800729936e+01
-3.689955124552665211e+01
-5.536271559286703337e+01
-5.336347494529444191e+01
-4.217073839997991058e+01
-4.413352501437499598e+01
-5.502502806306010541e+01
-4.456779278930801524e+01
-6.196750982483445114e+01
-4.082780974704863297e+01
-5.716796976837449051e+01
-2.416751729543095450e+01
-2.403516023461792273e+01
-7.978571587275861532e+01
-8.337113963828983287e+01
-4.212134316315355420e+01
-3.601762079586541176e+01
-2.660803110572882346e+01
-2.202587608646891937e+01
-6.180621687678878118e+01
-7.022949301643342324e+01
-4.986243103470106774e+01
-2.909904010019465659e+01
-6.462721206388827966e+01
-4.318754611892376261e+01
-5.554284869663150914e+01
-5.137734579448164141e+01
-5.951881349899261409e+01
-5.173432466859404144e+01
-6.052731044709296526e+01
-6.389675992324042397e+01
-7.642554337995771618e+01
-4.822395675730865605e+01
-4.187917143014771426e+01
-3.662126664960950961e+01
-5.258610256056923049e+01
-3.711721253063663539e+01
-7.121127903084241950e+01
-5.032956542537935718e+01
-2.695696207982559045e+01
-5.704719240040110151e+01
-5.982420138316962266e+01
-7.102673621449106633e+01
-8.137059626576153448e+01
-5.591780811191222256e+01
-8.063853048860714523e+01
-5.145800636270112705e+01
-5.554119223312378040e+01
-4.143593118131671815e+01
-3.643956182595583471e+01
-9.015256612311992512e+01
-4.127236987797051171e+01
-5.623975306597073143e+01
-2.168910066969066719e+01
-3.169061049428803756e+01
-4.901408728127938730e+01
-8.942943796574890314e+01
-4.428518785962310744e+01
-8.492680983482108559e+01
-5.602959666055718913e+01
-7.397866127528045865e+01
-7.070588088000975802e+01
-8.634214039303481059e+01
-2.411896251985757900e+01
-5.225605594559041123e+01
-5.768245742969948253e+01
-6.374258161174491022e+01
-4.222975010042377164e+01
-6.828613535077376184e+01
-5.833386354876880375e+01
-2.367500265827219508e+01
-2.457346308205139707e+01
-4.955748027510757936e+01
-2.736703607409937788e+01
-4.933548407766377863e+01
-4.037909614271411129e+01
-2.913003652541646460e+01
-5.078467111371625009e+01
-1.806511319273282012e+01
-6.371975374517137425e+01
-3.185747476567860303e+01
-6.291344645805303060e+01
-8.080958642900917255e+01
-5.041000104626247236e+01
-6.569702988089912310e+01
-7.119484427359861911e+01
-5.540328422169012867e+01
-5.835405284170514051e+01
-5.272673265545345345e+01
-6.742554666838204014e+01
-5.892069505323010503e+01
-1.630834196997748009e+01
-6.195485416878295837e+01
-8.116286507039153264e+01
-1.225398378374911346e+01
-5.147466247316955190e+01
-5.197262924163257480e+01
-6.505316173172714400e+01
-5.081701823459867740e+01
-4.548651923321421719e+01
-3.262026491952657636e+01
-5.396397902975763827e+01
-6.505325470489538020e+01
-4.283776001239209563e+01
-4.109032694913973671e+01
-5.365434253008044152e+01
-2.794528321973053409e+01
-3.712796772108259802e+01
-4.638132266429202133e+01
-5.233028441100739769e+01
-2.755297247983865461e+01
-7.886711875441994835e+01
-2.534387521085136186e+01
-2.041214350027980018e+01
-4.422531757316674828e+01
-6.499620931821753800e+01
-2.871292616168835821e+01
-6.811491877659898364e+01
-7.222114707626762709e+01
-7.444805041156143943e+01
-6.262879204147407108e+01
-3.557438698332610727e+01
-1.143391310411359569e+02
-5.564732662944562946e+01
-6.495061164142646248e+01
-3.173641961773392239e+01
-5.707211388340540026e+01
-7.185871187567038021e+01
-5.575454695141765882e+01
-2.578532435570325632e+01
-5.609386068222983113e+01
-5.035245952464649122e+01
-5.461846202056861443e+01
-6.221880842903004805e+01
-6.890348981179980115e+01
-2.005816187903725023e+01
-5.047318763825447974e+01
-5.765560997499665064e+01
-5.121785251899046898e+01
-4.315159680715882473e+01
-5.606209177125744247e+01
-5.951192266261985964e+01
-8.243720738465982834e+01
-6.942218506768122666e+01
-3.442531437464408839e+01
-5.054076832937962394e+01
-6.374258161174491022e+01
-5.476487960279098388e+01
-3.372143778119183821e+01
-6.374258161174491022e+01
-2.863867137191756029e+01
-3.747949641537167054e+01
-5.953736136414057967e+01
-2.862892083914028873e+01
-5.871654686002830204e+01
-3.273346769535599776e+01
-3.001518571343584085e+01
-3.387061590651981646e+01
-7.135976568057014902e+01
-3.073131851758387967e+01
-5.288579911329097172e+01
-3.273346769535599776e+01
-4.944520196883808438e+01
-2.962778341811745264e+01
-2.762823790253847633e+01
-3.027831900776213914e+01
-7.246007008673497296e+01
-5.799926139894171939e+01
-3.308823136625554184e+01
-5.631078768340468343e+01
-3.297565089769022251e+01
-3.980164068409023059e+01
-5.583711071909783641e+01
-2.751871013115391307e+01
-3.190375184630704197e+01
-7.576445960842028171e+01
-7.924954235519295764e+01
-5.193408043989975909e+01
-5.207294693995719115e+01
-2.098669797281564797e+01
-5.835615441317216323e+01
-5.506624933982371317e+01
-7.200613261307518087e+01
-8.856660278131450070e+01
-5.699915842323459714e+01
-5.254192918125481526e+01
-5.518299133558872427e+01
-1.678834786116511069e+01
-5.378076014345782596e+01
-1.615942410085789405e+01
-4.845901576393249144e+01
-4.575673493825036076e+01
-4.400969484069830173e+01
-7.924954235519295764e+01
-7.382194935158874216e+01
-2.598262289233741029e+01
-8.665389736989675384e+01
-5.337224565496305217e+01
-5.603746537241121217e+01
-4.386012594350937377e+01
-4.588949571559862051e+01
-6.572956244021895600e+01
-7.565086149694479900e+01
-6.251443098560575606e+01
-7.299159040826958744e+01
-4.440627160568288900e+01
-5.547889473925785353e+01
-1.007301499287142974e+02
-7.804533153859183869e+01
-5.863242851153191282e+01
-4.018347651226785189e+01
-6.694541976724650567e+01
-2.098669797281564797e+01
-3.517848089097704189e+01
-4.962210639580939642e+01
-1.181354068008326550e+02
-2.664823929961864124e+01
-5.356963175849118386e+01
-4.454253957278153564e+01
-4.881123820848108608e+01
-5.910263904844215688e+01
-5.143843154795906969e+01
-5.504908163111517894e+01
-6.942218506768122666e+01
-5.800683585744677373e+01
-2.453216693725429209e+01
-4.519921144825168824e+01
-4.229471797105621533e+01
-1.498455745334420541e+01
-3.153863477556494388e+01
-6.427704519085776269e+01
-4.474330529126977751e+01
-5.007796637136563334e+01
-1.734184526290702522e+01
-4.482629486662675333e+01
-5.961121111272520778e+01
-9.415163118879522841e+00
-2.942133771241994111e+01
-2.061595501394954155e+01
-1.306178337747846996e+01
-5.503439400419618721e+01
-5.293671858569319966e+01
-5.016648028636286227e+01
-3.445918042738679787e+01
-7.182072091981240192e+01
-4.640382101764755873e+01
-4.749254028241843884e+01
-3.601714308371337836e+01
-5.449364923224220547e+01
-5.610014550704192970e+01
-6.472568030652880111e+01
-5.578638441600578801e+01
-7.913997561787610380e+01
-4.601101612338383973e+01
-4.702519043964267098e+01
-3.973278936700458530e+01
-3.476433730236250597e+01
-5.229563701601306036e+01
-1.192792680703578441e+02
-5.349995075559976954e+01
-3.772638724193771509e+01
-2.849252189716635897e+01
-1.810251061898734903e+01
-4.785550275402246001e+01
-5.704719240040110151e+01
-8.351671711405511189e+01
-7.057464668774098016e+01
-4.966624474397232092e+01
-7.688289429857229607e+01
-3.103772595733362749e+01
-7.026450529371253140e+01
-4.563364008677590533e+01
-5.151253587376066889e+01
-3.484890249836650611e+01
-4.218929835473839773e+01
-6.335207974425423316e+01
-3.395968489326376982e+01
-5.342337590829421856e+01
-5.669125971884184878e+01
-2.251590564059554112e+01
-4.848804149651910222e+01
-3.501082899873202336e+01
-5.623564190752469472e+01
-5.030333784950296661e+01
-3.240225770552368090e+01
-5.901921389982422284e+01
-4.854574501939055153e+01
-6.531956539436365006e+01
-4.829157039808303864e+01
-2.920968708750771015e+01
-3.748384007776225246e+01
-1.433130132148184899e+01
-5.148600329858190605e+01
-6.259811117164984040e+01
-3.426137752501966816e+01
-4.855281448631228614e+01
-3.796019004913634376e+01
-4.361484264049657611e+01
-3.475964507904051004e+01
-2.558354564899768846e+01
-6.958103329541188486e+01
-7.808085443124090830e+01
-6.584275115460627603e+01
-3.414358341353612047e+01
-3.330338282992922672e+01
-8.423930066008317397e+00
-7.157913124496023727e+01
-4.460267269978542259e+01
-4.792316663292179157e+01
-1.473965217725030286e+01
-4.785415553236192920e+01
-7.276887590919129423e+01
-7.620472203309206805e+01
-1.375148294486856670e+01
-5.181677419874232271e+01
-7.656265309031567767e+01
-4.094813602322754065e+01
-5.717468183817618410e+01
-7.087446975348461820e+01
-5.630946483251251777e+01
-6.602952925060222356e+01
-2.662376440415684087e+01
-1.080204248117806856e+02
-2.683538001692843267e+01
-4.555788459161723836e+01
-5.600864631215434031e+01
-6.486811993183538050e+01
-4.366415016445140651e+01
-7.844281845460558600e+01
-6.405589230397981737e+01
-5.912094985555893345e+01
-4.772496532886322029e+01
-7.625793204264859071e+01
-2.479347027085740507e+01
-7.899873578537666674e+01
-5.791821434717718375e+01
-5.537234197843483230e+01
-8.427979043574678997e+01
-3.498325982730806061e+01
-6.506688452897087416e+01
-1.339336605951317694e+01
-5.098048356557345073e+01
-1.925813182918114208e+01
-5.246346333812905272e+01
-7.498509286212102154e+01
-5.141742806095300722e+01
-5.081806410599091350e+01
-3.646996733098130505e+01
-3.330338282992922672e+01
-5.265707424123933578e+01
-4.755070535817026212e+01
-1.503000669810773005e+01
-5.616638827587318872e+01
-3.207750554850458968e+01
-5.678699051696032285e+01
-5.259403833401231054e+01
-3.705000253385465214e+01
-5.527214795692621152e+01
-3.438432540771705703e+01
-4.850081923238818149e+01
-4.827453051989957089e+01
-4.215984650489084373e+01
-6.006459169801612319e+01
-5.032486421936485499e+01
-5.798198147876760800e+01
-3.538214038593844180e+01
-5.887509838256873707e+01
-4.401306061047027640e+01
-3.383839992945587483e+01
-8.423930066008317397e+00
-5.463529862855018848e+01
-5.651262728225385956e+01
-8.414877687555956243e+01
-2.301950944015355205e+01
-9.620640968080070365e+01
-3.815642536812909924e+01
-5.624379383493450746e+01
-8.189798919234362984e+01
-7.520312576337714461e+01
-2.321928056545486996e+01
-4.089900101073352090e+01
-6.048982089944621521e+01
-3.346798643782474869e+01
-2.243539098201390658e+01
-4.266795968684724016e+01
-5.587732419927509397e+01
-4.073848843830997879e+01
-7.543400437744843146e+01
-8.052674383022257132e+01
-5.465289362045533039e+01
-5.434558798091897813e+01
-6.754652536689513909e+01
-5.059992170311208071e+01
-7.254929731388668301e+01
-4.213923385636408625e+01
-1.520808102870775258e+01
-4.489525219436447401e+01
-5.630458768322145602e+01
-8.643516669709183020e+01
-8.423930066008317397e+00
-3.999318474848177374e+01
-6.647546814275190741e+01
-1.360913182824784684e+01
-4.797671483829422812e+01
-5.476633231071949126e+01
-3.700101331032341534e+01
-5.152941527269910438e+01
-4.084111377726518555e+01
-3.973500363718817141e+01
-5.652534246094867854e+01
-7.576517239693433226e+01
-4.146565020577000382e+01
-7.109679277533712138e+01
-7.823676134524019687e+01
-1.408795322640537222e+02
-2.786471413695393196e+01
-3.459717327832037626e+01
-3.240225770552368090e+01
-5.503298040417625714e+01
-3.378104897123857597e+01
-5.335780953205308919e+01
-8.255057890715069391e+01
-5.533448758044494298e+01
-4.738814927438718172e+01
-4.605651358792397332e+01
-7.057464668774098016e+01
-7.865687880437651813e+01
-5.055003864538436886e+01
-6.141035232170708014e+01
-5.353431221071500090e+01
-3.651186195137188406e+01
-4.879052050868109802e+01
-2.113261656881266148e+01
-6.580324587068787423e+01
-9.261595463567931574e+01
-3.435107477099729323e+01
-7.865687880437651813e+01
-4.139322031277468739e+01
-6.639201976581303200e+01
-6.556263106289365794e+01
-5.440799336032385725e+01
-9.612237178638362423e+01
-6.045909827945177284e+01
-1.633339430659861335e+01
-1.327520885775422244e+01
-5.121518864656292891e+01
-5.953736136414057967e+01
-6.194358740933282093e+01
-7.451801055422249931e+01
-4.640442246912638780e+01
-6.987827515472022810e+01
-4.846788491866918491e+01
-5.264782711934412163e+01
-2.118242447047241583e+01
-6.076215830246982819e+01
-5.240664667088632456e+01
-5.858459031396211003e+01
-5.032194096989680077e+01
-4.731466808507859412e+01
-3.547164804218300560e+01
-7.359767708538618081e+01
-6.403987946875351156e+01
-4.168384951105733194e+01
-5.402070307092437673e+01
-8.443842369230205236e+01
-2.049439835570985480e+01
-9.807727443636447617e+01
-3.136055303733872535e+01
-8.423930066008317397e+00
-5.353487312158721068e+01
-6.194358740933282093e+01
-3.702314604431933276e+01
-4.758664857725857189e+01
-2.974833794056721459e+01
-1.402857976717949029e+01
-5.173470655165409227e+01
-5.281719949192016372e+01
-8.652369272458697935e+01
-4.326958741851308332e+01
-5.662173257702306728e+01
-3.173965397670497879e+01
-3.583417072200036557e+01
-5.587764298305251032e+01
-4.948391095798829298e+01
-8.025345233798971378e+01
-5.235095947340504097e+01
-5.164320058943361857e+01
-1.407451678185615833e+02
-7.834861154202421574e+01
-3.704564578657978302e+01
-7.332324610079164984e+01
-4.003457748594088628e+01
-6.106653849475998186e+01
-2.745589543303400504e+01
-8.731344409209015112e+01
-6.316124318465155341e+01
-5.157144804099185365e+01
-5.675219839152782697e+01
-3.326706610894319738e+01
-5.446413889403667241e+01
-6.102879922563154480e+01
-7.913997561787610380e+01
-2.269650639936170933e+01
-7.091269581104006647e+01
-5.759572790361177397e+01
-3.330338282992922672e+01
-8.760323619460214672e+01
-2.026414040742809064e+01
-5.141742806095300722e+01
-1.949718198707397221e+01
-6.134276798351078241e+01
-4.617940747893517539e+01
-5.472331525804473529e+01
-8.753297178245676946e+01
-5.472972858653471917e+01
-7.246375744254397944e+01
-1.336266176777815673e+01
-6.817673193248134567e+01
-3.798870417020529544e+01
-6.636180990372892552e+01
-7.648522844203833415e+01
-4.253401854898069701e+01
-3.788284093819980569e+01
-4.174290765122547242e+01
-6.681879382896843822e+01
-1.453134371067883706e+02
-3.459717327832037626e+01
-5.088329240288257438e+01
-6.904125855686484670e+01
-4.406333441643813842e+01
-5.170420663445118237e+01
-4.454418161609538629e+01
-5.272751547513868786e+01
-5.579395440723682498e+01
-5.346908708004255573e+01
-5.586895342838819545e+01
-5.350547680729803801e+01
-7.535089741205023017e+01
-4.074290765122547242e+01
-8.423930066008317397e+00
-3.389748162926730402e+01
-5.647692633217795333e+01
-4.738998159262175136e+01
-3.449447777216010991e+01
-4.219131599597152160e+01
-8.439442473869854666e+01
-3.287552909783033783e+01
-8.423930066008317397e+00
-5.472972858653471917e+01
-5.182691126210893628e+01
-5.350558674119052682e+01
-5.779988517862382480e+01
-7.615221455671753858e+01
-3.448518661857208656e+01
-2.466451692683102337e+01
-5.141742806095300722e+01
-4.106070092687942008e+01
-7.378597478622548067e+01
-1.671340854228940032e+01
-6.284997199984449878e+01
-4.057450480944103788e+01
-4.250088923750743675e+01
-2.677027629281131382e+01
-2.510685460464319974e+01
-4.727301102975711444e+01
-5.513777188817767438e+01
-5.226691101968656028e+01
-5.360457931344533478e+01
-7.864179125721877028e+01
-7.913997561787610380e+01
-3.825401685980513378e+01
-4.698273492446497812e+01
-5.651262728225385956e+01
-5.650717612706438331e+01
-5.955624278733269250e+01
-5.188196031049832868e+01
-5.472972858653471917e+01
-4.733920670270873643e+01
-8.907720052126980192e+01
-5.624628601962577079e+01
-2.330491796778815328e+01
-5.618939248378829632e+01
-3.357197863497538748e+01
-4.236908963346373724e+01
-5.787718672235352813e+01
-4.501839005197454924e+01
-5.141742806095300722e+01
-4.920390944765885877e+01
-3.330338282992922672e+01
-6.155094148342414684e+01
-4.394185309405216344e+01
-4.811119035024726998e+01
-3.566757573475577203e+01
-4.424325043821158943e+01
-2.976420674736339222e+01
-5.182592564700645710e+01
-2.250037438081401220e+01
-7.002513548071868854e+01
-1.965408429361829334e+01
-4.282100832066241480e+01
-5.841134725046330800e+01
-2.889659791687570589e+01
-9.533766085183518868e+00
-5.279219151439166069e+01
-5.719198910566856853e+01
-6.374258161174491022e+01
-3.432842275235981333e+01
-4.582207407867325344e+01
-4.954391399478420510e+01
-3.742216794866293128e+01
-6.138376005763819165e+01
-4.555058511401713872e+01
-1.038805858334896470e+01
-4.840482864729311530e+01
-1.557513483701032087e+01
-3.413505364969515199e+01
-6.356168868206009392e+01
-5.915889374706412696e+01
-6.286156348874423827e+01
-4.811751641360795873e+01
-5.524808707926938212e+01
-4.762164128306982036e+01
-5.094223974070038707e+01
-6.554670930581644939e+01
-7.541510348027583177e+01
-3.327797818969054333e+01
-5.292385043861372651e+01
-5.452918133924744382e+01
-3.522522836958115988e+01
-5.609506321760554215e+01
-5.216365719276799950e+01
-1.577520885775422244e+01
-1.438805858334896470e+01
-4.961750346941782652e+01
-8.987570177784074588e+01
-6.611369903724556707e+01
-5.752621195561802381e+01
-7.551224321718360954e+01
-4.562459429064506367e+01
-1.445592932354105642e+02
-4.306974111241476066e+01
-4.931827619035273358e+01
-7.112565650111859838e+01
-3.780418603649837195e+01
-4.033079199521922931e+01
-8.125213962603831419e+01
-4.751459694395855138e+01
-2.785356650815596069e+01
-1.814752576932879435e+01
-3.651791266779912348e+01
-3.542362445059609399e+01
-7.303749044857582362e+01
-4.632199684325119904e+01
-6.135451047902368771e+01
-3.993695959685127406e+01
-3.126200962729217281e+01
-4.677445889262862977e+01
-2.817959364535811062e+01
-4.391878479644722688e+01
-2.049667208900060800e+01
-5.141742806095300722e+01
-5.619655545773809990e+01
-6.135451047902368771e+01
-4.049386302225220646e+01
-7.310578638554753184e+01
-5.621661184827373603e+01
-1.411117894610502432e+01
-3.064746875652434355e+01
-4.679552089018589811e+01
-7.451865587263334589e+01
-7.287308222460718810e+01
-3.240334151385895467e+01
-1.728788302697233803e+01
-1.884226932971366608e+01
-8.423930066008317397e+00
-2.857311568055130735e+01
-6.115630904009196911e+01
-1.005757392837597592e+02
-1.758152892688631042e+01
-4.004045320379096040e+01
-4.186535637662622378e+01
-5.041059226861997189e+01
-3.376519837183845851e+01
-6.237552292956017652e+01
-3.614974853343170480e+01
-1.019059481563428022e+02
-1.315789765198695349e+01
-5.549674822529104290e+01
-3.527377273338983343e+01
-6.208553454892114587e+01
-4.323511066170323147e+01
-2.263955203175301634e+01
-4.922175749213084828e+01
-9.320662630196646603e+01
-5.344468645642747617e+01
-5.595023256864312344e+01
-7.202705912136791255e+01
-4.705119856783875321e+01
-6.852513404258539254e+01
-2.906765505799192439e+01
-7.667902763109721320e+01
-3.305749601307588392e+01
-1.430423612199139427e+01
-6.374258161174491022e+01
-1.749252734523295416e+01
-7.780721025781907940e+01
-3.808065734020405557e+01
-2.748443322268181888e+01
-6.271280180423273976e+01
-4.804676996816529311e+01
-2.929989772458946362e+01
-4.576619145252632848e+01
-6.126922062545479264e+01
-4.867754649236270836e+01
-5.086324848722337322e+01
-4.463210530347706140e+01
-5.730749875366359447e+01
-3.895818590159024808e+01
-2.810849947426678597e+01
-9.327942352911718160e+01
-4.962076166384967735e+01
-5.141742806095300722e+01
-4.177877269549318839e+01
-2.571495117934505714e+01
-2.642631810325901753e+01
-4.759650337956041000e+01
-2.345113850634736608e+01
-6.441410479945275824e+01
-7.747830728878801665e+01
-5.450798381404244708e+01
-6.354627318386678780e+01
-2.776269968188875481e+01
-3.219615476999331349e+01
-2.298590641364807752e+01
-5.417392549874733021e+01
-5.117755782099544604e+01
-5.198277026364420550e+01
-5.376779324147352668e+01
-5.675680226087537505e+01
-9.746756472364037904e+01
-9.993431206158119551e+01
-2.835295822836475566e+01
-1.429467670418330272e+01
-5.683609890931428055e+01
-5.080635187718266366e+01
-8.847619365394270119e+01
-6.472197734624340626e+01
-3.637943501015188019e+01
-2.626092305811327776e+01
-8.125213962603831419e+01
-7.471626791357304853e+01
-7.449676518005362880e+01
-3.059885974316176771e+01
-2.831898584658619100e+01
-2.784050949027853150e+01
-4.100416394550289567e+01
-1.392360644920961832e+01
-2.945544391981612975e+01
-4.678774382460341030e+01
-4.016702331199753928e+01
-7.807574852596547998e+01
-6.437986576260986737e+01
-1.822075021138985917e+01
-5.170854991734206152e+01
-5.141742806095300722e+01
-7.397936600102617888e+01
-2.056450838988261154e+01
-5.907716317421662211e+01
-2.998715375286408502e+01
-6.443460293151176188e+01
-1.691107736905340531e+01
-5.908937406519783053e+01
-1.225398378374911346e+01
-2.945116229785242723e+01
-2.340863632934674143e+01
-2.031208567466574166e+01
-2.508710467688357681e+01
-5.572907534695440290e+01
-5.300100502252867329e+01
-5.192960627179921573e+01
-3.964383660961662770e+01
-6.163656571598148304e+01
-2.394635214289873915e+01
-5.115250834640495725e+01
-3.814090797533542343e+01
-5.471549416033842306e+01
-1.680423612199139427e+01
-2.036089411816779204e+01
-5.347390691444407196e+01
-1.005122408275034047e+02
-8.125213962603831419e+01
-8.104147313104502359e+01
-3.330338282992922672e+01
-6.712753806308347748e+01
-5.416452523321077450e+01
-5.439897471003588691e+01
-5.694946519633781179e+01
-4.154833912917968064e+01
-6.511094713744603268e+01
-1.020443501231136878e+02
-5.594140363226746615e+01
-7.215021246379049558e+01
-3.820889995205676826e+01
-6.176315096891166689e+01
-4.404510881976938208e+01
-4.097359171849157633e+01
-3.737825241435447765e+01
-6.018521141384024986e+01
-7.405389309043658841e+01
-5.141742806095300722e+01
-7.092760084317824010e+01
-8.803299500865297489e+01
-1.707788100094087724e+01
-1.322646040960400526e+01
-3.425079613382573740e+01
-6.252101027106425590e+01
-2.858825443090531593e+01
-2.970390064714061751e+01
-3.513728944633886897e+01
-7.890235476821247573e+01
-2.353796837163700673e+01
-1.630107330756484529e+01
-3.430346261677686925e+01
-5.218034981078085366e+01
-3.152510515455195872e+01
-2.564390841915817632e+01
-1.921212532807230389e+01
-3.635190645775405471e+01
-5.139017339547274332e+01
-4.217761543817795200e+01
-8.514162471536211285e+01
-7.419747171596452517e+01
-4.889828539172827959e+01
-6.922142448356359523e+01
-4.613925198583099530e+01
-2.409253555928852819e+01
-4.634757432849598047e+01
-2.385560894226616924e+01
-4.472648717224791426e+01
-6.651382463375135501e+01
-1.959754725465200664e+01
-7.754722399690521684e+01
-5.425427634620707806e+01
-6.572003325668633522e+01
-6.964655003774916509e+01
-5.595381003239515394e+01
-3.672908439509394896e+01
-7.967998130804210177e+01
-3.595684823498544347e+01
-2.496477764610479610e+01
-8.423930066008317397e+00
-4.405891334107141688e+01
-3.225166367464674977e+01
-2.874750070939251501e+01
-2.358261507824996883e+01
-4.896067405851700016e+01
-5.345432318690110662e+01
-4.682567303166251804e+01
-7.053556275072500625e+01
-1.704789510596445723e+01
-4.446144973509265697e+01
-6.902251163054336303e+01
-3.600176445974899764e+01
-5.542169734064125919e+01
-5.184762048559677794e+01
-2.928192626846729496e+01
-1.424422619062717672e+02
-7.720231511737088681e+01
-2.840483027098897750e+01
-8.423930066008317397e+00
-6.236603297694956893e+01
-8.500833437302283357e+01
-7.437063543255828790e+01
-4.798773183473283410e+01
-5.215534880930553641e+01
-6.374258161174491022e+01
-3.225166367464674977e+01
-2.003911529714032014e+01
-5.506922118999834481e+01
-3.336304877786013634e+01
-6.292635897393765276e+01
-1.827071885052879807e+01
-5.007717627489178369e+01
-2.115370268783273744e+01
-6.156746644281179925e+01
-5.728197292725069190e+01
-6.056879143649020136e+01
-2.137872036191863501e+01
-6.851572609772649969e+01
-5.141742806095300722e+01
-7.699187005330168176e+01
-5.083486987994497497e+01
-2.837415695647866443e+01
-5.638988448955559107e+01
-4.587255871022125575e+01
-2.260248023589090138e+01
-2.047233749144394110e+01
-3.092021849871582972e+01
-1.741944344197463579e+01
-3.004700910740153219e+01
-6.781873159778548654e+01
-5.946742150454755915e+01
-2.478627420127761383e+01
-2.618688361138375953e+01
-1.827071885052879807e+01
-3.600773879050461801e+01
-5.068314069404790700e+01
-1.096173389980074830e+01
-6.890056172919810251e+01
-3.107702186178542902e+01
-2.806605344574242977e+01
-1.394441913816688441e+02
-4.544948505443474573e+01
-4.733851374387933220e+01
-7.924954235519295764e+01
-5.953736136414057967e+01
-7.311538501248412558e+01
-7.022183204337781603e+01
-5.027430577887804475e+01
-7.666468352056831748e+01
-7.727304923673221992e+01
-2.118423412711656795e+01
-1.895880960893562417e+01
-8.247543209446165235e+01
-4.160625628925162545e+01
-1.963379978373269807e+01
-4.993291974609546457e+01
-3.846021213947470585e+01
-5.159944351671110496e+01
-5.831987891153544012e+01
-3.989154799668430940e+01
-5.245015618515900968e+01
-2.537317515482935093e+01
-5.198353532916561903e+01
-2.454282120289565228e+01
-5.856369019635371842e+01
-3.437117193120714376e+01
-3.225166367464674977e+01
-3.287201585567133577e+01
-3.438649059252442441e+01
-2.873764386247732006e+01
-6.553675591160983060e+01
-5.058355787135415937e+01
-5.173106289627720855e+01
-5.037478327116193100e+01
-5.401834771557136605e+01
-3.864345418318833225e+01
-2.014087327593554022e+01
-5.014149917760266817e+01
-3.984716013837433479e+01
-3.377293149390403215e+01
-2.709952950310561093e+01
-8.586167807149566045e+01
-3.425816608074961778e+01
-6.323168155870172313e+01
-3.612741221993785246e+01
-3.320107927073138399e+01
-4.815744067836695308e+01
-4.463624199310976337e+01
-8.023976229579410813e+01
-6.356356158729883532e+01
-4.912557207627536116e+01
-4.284707005754209774e+01
-1.495823887178362099e+01
-3.129857921461270465e+01
-2.973283604820402459e+01
-5.335227404496602333e+01
-4.385577984076707025e+01
-3.847726859592297899e+01
-2.699007546570025085e+01
-3.700824485844467659e+01
-4.575980279245204940e+01
-3.472324797926023621e+01
-3.000284016689895594e+01
-5.145572450877753568e+01
-1.500782298023409211e+01
-3.439433868832622210e+01
-3.103405563191545724e+01
-3.194627189076094353e+01
-2.208009492196130807e+01
-4.883777849435578844e+01
-4.479875015118973636e+01
-2.282269430652929287e+01
-4.869673145148638582e+01
-3.425816608074961778e+01
-5.031465726845607378e+01
-5.245015618515900968e+01
-4.877898491245422008e+01
-5.436017567167166931e+01
-4.995935337885975969e+01
-1.542892163093541313e+01
-5.249363255198605316e+01
-5.616245187885574808e+01
-2.959822985555999253e+01
-5.571430736549946516e+01
-1.767551702231103405e+01
-6.275306988380946649e+01
-6.287635829139922805e+01
-5.306061353303552153e+01
-2.089881084814331658e+01
-7.280995237679817933e+01
-6.719932186009413044e+01
-2.380973007315049017e+01
-4.569343795977590617e+01
-3.419185496873051022e+01
-4.896703275096038510e+01
-3.477243304844650851e+01
-3.743218846741788752e+01
-4.353223314929088872e+01
-1.758325235257930430e+01
-7.654747375001035437e+01
-4.370394063937282425e+01
-2.266297055712413666e+01
-5.019166580068085182e+01
-4.921380091600958195e+01
-1.676004707413768458e+01
-4.411488185958356212e+01
-8.267411853380097853e+01
-7.063707589398292441e+01
-1.925207705865368624e+01
-4.933777849435578844e+01
-1.433454332945726151e+02
-6.613203801910091784e+01
-7.193540161869820793e+01
-3.689024456523399920e+01
-7.924954235519295764e+01
-7.621970917619832164e+01
-3.359955848239444265e+01
-6.948343365824412388e+01
-2.809433632521389868e+01
-3.044370054796566549e+01
-3.460987257938578665e+01
-1.344362319796101346e+01
-7.703141596965522808e+01
-6.914425213518856594e+01
-9.416270654897283521e+01
-4.746344653461835605e+01
-3.048991794432384594e+01
-4.980644193478315174e+01
-3.482161006906085277e+01
-9.267526563761110481e+01
-4.835876288094446807e+01
-2.296332551820663781e+01
-4.906216281936975321e+01
-4.609698743811667043e+01
-4.377498721554687222e+01
-7.221240960408727005e+01
-2.243144156308478188e+01
-1.533673741673965552e+01
-7.652788575119137704e+01
-3.828610513356326805e+01
-5.090841833748082479e+01
-8.557212742206706935e+01
-6.767309416469502992e+01
-9.187733380868186828e+01
-3.343399839454361455e+01
-4.477660978814436277e+01
-1.322462267832901972e+01
-9.727965410454862649e+01
-5.115636083959925884e+01
-4.785146145923503980e+01
-2.032445595906481373e+01
-4.895128998153221289e+01
-4.921354836217768280e+01
-2.669924089936591471e+01
-5.405553348307307715e+01
-3.547190239639095921e+01
-2.413849795487377747e+01
-4.163120211427734318e+01
-2.047568136243420156e+01
-3.709693927594550189e+01
-1.880237151724178446e+01
-3.430460772511003142e+01
-3.220923751063536145e+01
-2.530904836737077446e+01
-9.076217647415344913e+01
-2.110812239333779416e+01
-4.993865932606814795e+01
-4.775708184658203947e+01
-3.253231336704821786e+01
-4.472024552433462929e+01
-2.671918873677202910e+01
-6.370402239548898393e+01
-5.141742806095300722e+01
-1.058708726724064206e+02
-3.257363404085833736e+01
-2.523472700591911888e+01
-4.955207076680235190e+00
-5.473210366866055665e+01
-8.702834980554560218e+01
-1.996426374873482956e+01
-5.620328626663270200e+01
-9.286933008962562042e+01
-2.236120555923456976e+01
-8.642062926979218673e+01
-5.072628446510096012e+01
-4.585125288022761936e+01
-5.314659359857971310e+01
-7.924954235519295764e+01
-2.179714556790715463e+01
-3.906281525241543306e+01
-3.394583803671149269e+01
-3.729753160153484259e+01
-6.199280265584318528e+01
-8.823074255818210077e+01
-4.270608800010504069e+01
-4.935201742622072629e+01
-4.545963347385207953e+01
-5.332850506077584640e+01
-4.808102783999287055e+01
-5.994717646939412248e+01
-2.927338133881126581e+01
-1.202859996144774328e+02
-3.890592118456851978e+01
-7.971774927164663893e+01
-3.150276374579391359e+01
-8.223393391044545808e+01
-4.638003996940199158e+01
-2.397167943413147739e+01
-7.461529340985794079e+01
-8.615401469775467547e+01
-7.451373901966850610e+01
-1.764944213725026856e+01
-7.163388585643143358e+01
-1.680102362769132895e+01
-6.374258161174491022e+01
-4.131240035862060722e+01
-1.065897113802991214e+01
-4.193079373889258932e+01
-1.751464288976744044e+01
-1.858358145428636732e+01
-5.006968621467210312e+01
-4.918896856508705184e+01
-3.506658954072555900e+01
-3.348345061964090519e+01
-5.931402992010029607e+01
-9.260672945055807759e+01
-1.517240827606233111e+01
-3.463295615078514089e+01
-1.835628497531220304e+01
-4.519783356873924163e+01
-7.924954235519295764e+01
-2.302725241629385522e+01
-2.133095192262747730e+01
-5.673081544031309420e+01
-1.492892163093541313e+01
-3.835063182802137760e+01
-3.228162648737783513e+01
-3.420030858889901992e+01
-2.537298546141959221e+01
-4.399502629500724993e+01
-3.385164745768489070e+01
-2.411794409919473026e+01
-4.785364410860205453e+01
-6.448509374405531958e+01
-5.346853481325393886e+01
-2.601770852672540357e+01
-3.405348456820424730e+01
-4.868896856508705184e+01
-3.174911436058883396e+01
-4.995532881853544893e+01
-6.084872105999146186e+01
-3.415850430411546768e+01
-3.550566426039649315e+01
-1.976541641483956724e+01
-2.725753325632457447e+01
-6.688583728284291396e+01
-1.697058511541409587e+01
-3.520184030324191582e+01
-5.112082631624041085e+01
-3.413013240952377458e+01
-2.204433049189132632e+01
-2.754342663692188609e+01
-7.765327176359828343e+01
-7.057464668774098016e+01
-2.349744974121387031e+01
-5.141742806095300722e+01
-2.233297666483010246e+01
-1.606590163181543929e+01
-4.631868172537454598e+01
-4.872658385999680775e+01
-3.956296822573668237e+01
-3.481456119792379411e+01
-6.491084874842830743e+01
-4.542760624815984016e+01
-2.616273219653875515e+01
-5.102832827095291179e+01
-3.150840805185277560e+01
-1.410009265286250368e+01
-6.425641892098761332e+01
-5.963644973859686615e+01
-2.548024171517661784e+01
-4.219487096800030201e+01
-4.618261732046750012e+01
-5.773918729690166174e+01
-2.302725241629385522e+01
-5.492130183856482972e+01
-7.579025377012915499e+01
-1.893051306690025370e+01
-2.001184369466161073e+01
-4.055193570003126524e+01
-6.076988960876771273e+01
-1.665642413380927067e+01
-3.581272035001262566e+01
-3.219391910033715476e+01
-5.466030239144787117e+01
-3.269549642825111846e+01
-1.132133819285521525e+01
-1.395276452865254271e+02
-2.006801512202637028e+01
-6.747279222717375546e+01
-4.925917580682573771e+01
-3.803455916556953298e+01
-1.825019757825874223e+01
-1.530423612199139427e+01
-3.998734674768954278e+01
-3.224014560553810327e+01
-6.931595466107623338e+01
-5.647889322709674786e+01
-3.380011104620447782e+01
-5.905811889517855207e+01
-6.815909372803436383e+01
-6.269006526538872492e+01
-2.717178789196687561e+01
-4.930462169459179478e+01
-4.942638828557230113e+01
-7.705275077921254478e+01
-5.556967573229407265e+01
-4.054085124706354293e+01
-5.155200609393097011e+01
-1.909801400976919439e+01
-6.374517937128378264e+01
-5.246014853865655425e+01
-3.165675989744419283e+01
-5.195454507650213571e+01
-5.669312520186136339e+01
-3.916420033835396453e+01
-3.861199225309965755e+01
-4.152292496714625258e+01
-6.538654558008659023e+01
-5.746326647182901581e+01
-4.850001721482775707e+01
-1.851184369466161073e+01
-4.339715636037541913e+01
-4.939957299456936823e+01
-6.462673650128796510e+01
-3.465588112511081675e+01
-3.160470829401392834e+01
