-9.103679564916475897e+01
-9.220601344411998923e+01
-8.734861503586112974e+01
-7.405288054827656197e+01
-8.426488883841560096e+01
-8.070971196390587465e+01
-9.237046772271291672e+01
-8.221066897140525498e+01
-7.318645141665854226e+01
-5.309532563097551616e+01
-7.898818158695327440e+01
-7.426709022942463889e+01
-5.400707922794063620e+01
-6.844128390704597109e+01
-7.991156678943784186e+01
-5.723459757327305653e+01
-5.662310551089034760e+01
-5.460307653890519930e+01
-5.943383619792589201e+01
-4.579165397554844219e+01
-7.124153171373617965e+01
-1.276968138951390443e+02
-8.799851449496577516e+01
-6.650631667170566175e+01
-1.125215337407933873e+02
-1.257308828612305831e+02
-6.240061785599871058e+01
-5.755482745679719869e+01
-7.336725547718495477e+01
-4.280182584709071136e+01
-6.261859073836690470e+01
-6.180665426555023600e+01
-7.905082567447652764e+01
-9.029781838231573943e+01
-1.315411673893796660e+02
-6.354153345731661773e+01
-6.911776797340468192e+01
-3.656636704423151230e+01
-4.821311955609580480e+01
-1.344732280870790362e+02
-4.598435681908081563e+01
-5.209698720654016313e+01
-4.543149416750145519e+01
-1.857190436680461687e+01
-4.036657311733881670e+01
-4.103029742848962513e+01
-5.223630840242515205e+01
-9.120571760479739964e+01
-7.689285680492385211e+01
-4.413568410381547835e+01
-1.172802606724299892e+02
-3.481351823368241583e+01
-3.164352528688846178e+01
-4.411817916260154959e+01
-4.642120150339287932e+01
-4.299790139330150396e+01
-1.213591354265336122e+02
-5.085424055727702353e+01
-2.349639055193824433e+01
-5.806759602384289565e+01
-6.659857802069461741e+01
-2.302006718709591837e+01
-9.246630225748511123e+01
-4.912887170329663888e+01
-1.127728128610743283e+02
-3.180837128578335893e+01
-3.594029088158499263e+01
-2.425223205556546091e+01
-7.366999080727899241e+01
-3.614402472378020548e+01
-1.904276388332121428e+01
-1.102794581348365881e+02
-1.902180031422697226e+01
-9.152761248301261787e+01
-9.943980321838530756e+01
-1.817172762303803069e+01
-1.188322481108451569e+02
-2.802708399633439029e+01
-1.126440499248615339e+02
-3.935604453409061421e+01
-1.834198642405483071e+01
-2.654370100531568966e+01
-5.453555155338598581e+01
-3.870491424275182624e+01
-1.713653978275537781e+01
-1.156540105203214068e+02
-1.032905109050304873e+02
-2.295601837859263838e+01
-7.516899498066101160e+01
-1.187855077363927876e+02
-3.743316154054485878e+01
-1.109406577811560766e+02
-3.246958162068477094e+01
-1.068607577039025358e+02
-7.897308365058131585e+01
-9.577361304512531603e+01
-1.178282526016605658e+02
-4.353784864606248561e+01
-5.567369484216030173e+01
-2.224172482790583061e+01
-3.778008782169263213e+01
-7.035508425116782405e+01
-4.110593923653683390e+01
-4.525499172432606088e+01
-3.136897375558261558e+01
-5.003017239965308249e+01
-7.745253067935861679e+01
-2.466903605531231136e+01
-7.676427658638972673e+01
-2.930283227510382460e+01
-7.976802433871404219e+01
-7.619090988404916942e+00
-5.002432476364035097e+01
-9.664909461383874145e+01
-4.649694365165484555e+01
-5.361225389558983068e+01
-7.800827630425956727e+01
-6.083640752158079579e+01
-3.743360579676412669e+01
-1.377430217922001887e+01
-4.176421582508403674e+01
-3.240597057895519129e+01
-2.513800618379374896e+01
-4.894550464306669824e+01
-6.275466712226719324e+01
-1.363591063642991230e+01
-2.672090501170710297e+01
-5.662838068454884421e+01
-3.158470176101522497e+01
-6.388712076817830621e+01
-1.230725868202199251e+02
-2.073938156776766917e+01
-1.382888302820744642e+01
-5.436223675853642590e+01
-3.851687537271291717e+01
-9.386548776944106010e+01
-6.326401808558375706e+01
-5.256860463029518371e+01
-5.009500965832984321e+01
-4.168565590843591906e+01
-1.213732025136275183e+02
-2.908631754062753316e+00
-6.233245263869559949e+01
-4.468604979835420465e+01
-6.470956897255214813e+01
-3.895561180681275459e+01
-1.229938064413494345e+02
-1.227908756884647374e+02
-1.968106742554492072e+01
-2.098786085184719852e+01
-2.901658471847827414e+01
-1.841602061667424906e+01
-6.517371109347641323e+01
-6.488144318961127510e+01
-5.889806747319614999e+01
-5.548603059577364860e+01
-2.254725199439714345e+01
-6.483341343527915512e+01
-8.786957602337869844e+01
-1.894539906835713339e+01
-8.086240398895431269e+01
-6.092574949414250796e+01
-4.702128543574191610e+01
-3.041588880386161975e+01
-1.662055102371246917e+01
-5.768028667548642829e+01
-2.086027865480106414e+01
-7.093279812314317212e+01
-7.211396838014504596e+00
-1.092647871607592691e+01
-1.172929366795610946e+02
-9.079358320462219467e+00
-8.298272999250188775e+01
-5.411982770915170704e+01
-4.493306498799771731e+00
-7.754630313935022912e+01
-2.248427558652326042e+01
-1.478077670492528739e+01
-5.769251531903212538e+01
-4.752077966118815766e+01
-5.401145636555322938e+01
-4.619338077999881165e+01
-1.246546755117387661e+01
-7.040561241411392501e+00
-3.385606167632306551e+01
-7.917649580441808155e+01
-7.207745368041778988e+01
-5.963945774731852367e+01
-1.166709444185015769e+02
-3.989253315729126825e+01
-1.647050230063901921e+01
-3.476749224277825334e+01
-2.578202078846364742e+01
-4.577122400528169521e+01
-4.780430251772492056e+01
-4.933956467027692128e+01
-4.425017419257184770e+01
-1.944283151650512309e+01
-3.867928166776489718e+01
-4.978696302003298513e+01
-5.938053165381963083e+01
-8.737745512829398820e+00
-5.928126286260596345e+01
-3.050028272101818061e+01
-1.178784182200714667e+02
-2.137849937006568979e+01
-2.542031641244278717e+01
-4.752610938719905675e+01
-1.112366117208522667e+02
-5.440759104237849186e+01
-6.093297746978449680e+01
-2.359483785523422839e+01
-9.188617272937435132e+01
-5.793596073463982066e+01
-2.083177327860029493e+01
-3.175993089200844821e+01
-1.067058749095981653e+02
-9.640733443430331562e+00
-4.507101256623284513e+01
-3.931693933098336657e+01
-2.088661920319104937e+01
-1.174024564565665827e+02
-5.349167195824512078e+01
-4.816008021143888129e+01
-2.069033022940292454e+01
-4.113905833374256815e+01
-1.236224137588193202e+02
-2.974807627680738875e+01
-1.175049782248356109e+02
-1.149161423380352289e+02
-9.750762997326987147e+00
-1.180746443961690346e+02
-7.760673491605498953e+01
-4.872178753571229493e+01
-4.036437173265630918e+01
-8.249401795983550301e+01
-1.087270366894334472e+01
-1.183335442906404893e+02
-3.166798367153246829e+01
-6.480057450322858870e+01
-4.899234561040366032e+00
-1.275360645519449676e+01
-4.940579001159072448e+01
-1.239661090137853705e+02
-8.082482882285148662e+01
-3.269637628824119702e+01
-1.124316266822762600e+02
-3.694326852772981340e+01
-1.236936485052510903e+02
-2.603926062687850518e+01
-5.225899219936266604e+01
-4.318942088798127088e+01
-2.748861848816757458e+01
-7.095550144933640979e+01
-4.279611906951637934e+01
-3.252165810146799885e+01
-4.194503255608364611e+01
-1.169063778881250641e+02
-9.547894164039490761e+01
-1.842146778326056733e+01
-2.208531096201486932e+01
-1.524866823202250288e+01
-4.498732239892056839e+01
-1.052797444178311395e+02
-1.125311690596761309e+02
-2.808462412700680844e+01
-1.187506489793750220e+01
-7.522864811292848231e+01
-9.171473560291953220e+01
-6.327904279625832373e+01
-1.087880347045636853e+02
-6.606235790789650508e+00
-1.245917095144816500e+01
-6.748592003522034588e+01
-4.561939512893454207e+01
-1.597712822216575290e+01
-1.859197595646142886e+01
-1.020578560564846669e+02
-1.861268210484218599e+01
-5.056748161358552807e+01
-2.488937303183194061e+01
-7.226234597352998890e+01
-2.461550404855931617e+01
-7.928391108870424375e+01
-2.370549250525095530e+01
-9.073775153203827415e+01
-2.748861848816757458e+01
-1.206661524581431166e+01
-1.199187534310764391e+01
-1.845790685360163508e+01
-2.891691474238200499e+00
-1.534040047880330704e+01
-5.140493331907442354e+01
-5.881079512287260513e+01
-7.066728427255601730e+01
-3.653049236286519630e+01
-6.247559810821196180e+01
-1.239642223740286298e+01
-1.160355902713825671e+01
-4.297791165619965170e+01
-1.614784099023755459e+01
-9.789855991723639761e+01
-2.076743202102781893e+01
-1.597712822216575290e+01
-4.021247400544214656e+01
-7.059408296525262472e+01
-1.294515840396723831e+02
-1.236625626619557039e+01
-8.789816480484718397e+01
-4.701032057974154554e+01
-9.641569959315110339e+01
-2.397384975785643846e+01
-6.873652208683446929e+01
-4.032718959513491086e+01
-4.775061211733006417e+01
-3.666172479412429652e+01
-4.762915524782431476e+01
-5.610567812332325843e+01
-1.110630604511488428e+01
-8.052571959474165908e+01
-9.221959211078016949e+01
-1.000659271928177319e+01
-8.464116900342187932e+01
-7.633471656822112550e+01
-7.421719641071195639e+00
-2.069392089651971034e+01
-1.705620231417205801e+01
-3.932709228048817351e+01
-3.533361562657047017e+01
-4.334925235407975208e+01
-1.767507729299401120e+01
-3.879153338679701335e+01
-8.265562292525562782e+01
-2.277599476227523212e+01
-1.295277789258986800e+01
-1.203259710142057060e+01
-5.195762188410977700e+01
-2.432381867218744276e+01
-3.755190825485398420e+01
-7.171959727293778997e+01
-1.285312650658297784e+01
-6.155062005052305096e+01
-3.229805646247204720e+01
-4.201418909012326708e+01
-1.596341802909690344e+01
-1.928513611571542086e+01
-1.237700165871593043e+02
-8.520429582297414584e+01
-5.674756412159706542e+01
-4.242317560213886907e+01
-8.404571886019948579e+01
-3.610050155008686090e+00
-1.840600196969495883e+01
-2.009927667813487773e+01
-5.428776342330486671e+01
-6.998694687866581887e+01
-5.390941978636119813e+01
-9.905538356279896561e+01
-8.193793789586655407e+01
-1.494047278512278965e+01
-4.781114557927541142e+00
-3.312481713620944390e+01
-4.853108639366321597e+01
-1.052135160786624226e+02
-9.404080416745105708e+01
-1.992654057994310435e+01
-3.761602440634827360e+01
-2.776198295446996411e+01
-2.046646603994726021e+01
-1.701665539215037981e+01
-2.274231853853135377e+01
-1.319449933434360389e+01
-1.998978856364249523e+01
-5.765630040589660155e+01
-5.050130152585126098e+01
-4.476989425063068495e+01
-4.858521902778480239e+01
-1.568920907533289011e+01
-7.929050966373978326e+01
-8.633710343333003578e+00
-9.125456436064851573e+01
-1.246633985909561062e+02
-2.545364190695708118e+01
-5.198322059600217671e+01
-1.597712822216575290e+01
-5.085249670801921695e+01
-1.160300310815209031e+02
-2.996119191119151992e+01
-3.548475471974920481e+01
-7.836839727227651764e+00
-9.002485761162236599e+01
-7.051438075976574282e+01
-7.701267235116256415e+01
-1.326268917350934018e+01
-1.350277310283528109e+01
-5.434056144932917931e+01
-9.335094148077882892e+01
-9.287411413106539726e+01
-3.957459935927454353e+01
-1.030338670827240932e+01
-1.698449864625773742e+01
-2.955719531921666032e+01
-8.452786824962799983e+01
-1.994397322766255698e+01
-6.954422544205269219e+01
-4.908525467659299579e+01
-2.246458358108257869e+01
-4.531712200616853181e+01
-1.291762563661928098e+01
-3.957459935927454353e+01
-1.263740326730505643e+02
-1.965629219386778459e+01
-4.976085777744293637e+01
-1.681185943630973512e+01
-2.485937569964373850e+01
-8.873880800101399302e+01
-2.628794490386621874e+01
-7.607267271540411713e+00
-4.662286797172169628e+01
-3.659761773637306703e+00
-1.054550499046137020e+02
-6.114162754951335899e+01
-8.256330409994336605e+01
-1.633707110823663911e+01
-1.940606794393658063e+01
-4.221564665934228344e+01
-3.747603490236492263e+01
-9.421719641071195639e+00
-9.127805898558349895e+00
-1.140124431659674826e+02
-1.243248194820306054e+02
-3.287473207226012306e+01
-3.899234561040366032e+00
-5.078420350305776765e+01
-4.843116705500649743e+01
-7.402362065878818953e+01
-1.072726307037768478e+01
-9.285376014909672904e+01
-4.101382397294119642e+01
-1.965629219386778459e+01
-4.605859669613867169e+00
-9.623959323131285259e+01
-4.937684901064483967e+01
-8.845563588334859162e+01
-3.213799244765813512e+01
-4.436841946850112350e+00
-5.320264375905262000e+01
-4.699597346147085375e+01
-5.788736550765914046e+01
-1.909587478862749066e+01
-9.240526840987554635e+01
-3.651324165583815784e+01
-8.921719641071195639e+00
-1.949116561749449517e+01
-1.177509678776682307e+02
-7.666244401379212547e+01
-3.733708117846104813e+01
-9.373904112337226024e+01
-7.819232540461440806e+01
-1.737703988868855731e+01
-3.101418247493399960e+01
-3.325140236614939226e+01
-7.591505894683709244e+01
-8.667727468073927355e+00
-3.465394317849192163e+00
-4.181816456698958007e+01
-7.353127125947656850e+01
-1.105310372179355483e+01
-5.244300176334560604e+01
-1.253306249382483628e+01
-5.959911738611123155e+01
-3.883605942595766436e+01
-3.976597837298621130e+01
-4.761708243650404881e+01
-4.007109338318817038e+01
-1.588825382265864761e+01
-1.013682990132816428e+02
-1.232150924574111315e+02
-1.672519894840664278e+01
-3.312823474569272264e+01
-7.243176923488128693e+01
-3.033426034338399546e+01
-5.320264375905262000e+01
-9.550390170074045670e+01
-4.575979995704364001e+01
-5.094334711716921049e+01
-4.570584153951812567e+01
-7.525900571787474291e+01
-5.718476781424904232e+00
-5.738041125671023224e+01
-2.500247071043882130e+01
-1.416350328805634433e+02
-4.378102552622470967e+01
-1.088408670412657528e+02
-5.759101239588207477e+01
-2.118075309875782963e+01
-3.973434940550322381e+01
-3.936841946850112350e+00
-1.440144996740344041e+01
-5.021993830175037488e+01
-1.245973226028225866e+01
-4.022265300487606510e+01
-3.980319841547621706e+01
-3.883605942595766436e+01
-5.534386771440825470e+00
-2.955719531921666032e+01
-1.948978856364249523e+01
-9.653385252615861134e+01
-3.643778165614790510e+01
-8.667727468073927355e+00
-1.280182029284922578e+02
-4.499461464589435877e+01
-1.107015962360279815e+02
-2.809955675006815312e+01
-1.772912518883906685e+01
-1.168228029520043521e+02
-4.042077855754529736e+01
-3.236066327776799767e+01
-1.312491411196876356e+01
-1.040687225691578703e+02
-4.017617350003936849e+01
-9.910239927674641081e+01
-7.051410969062783352e+01
-1.304558208243685868e+01
-4.191952074455615929e+01
-3.036259800733461489e+01
-1.067996947137022232e+02
-5.697394679940293827e+01
-9.151507949823462695e+01
-2.056563481722891495e+01
-3.585509417510633767e+01
-2.639160601319754917e+01
-9.942990009285144026e+01
-3.917507189177217697e+01
-4.781114557927541142e+00
-4.412386052230525024e+01
-1.209510097392883239e+02
-1.836100080239901189e+01
-4.781114557927541142e+00
-7.744049372994126657e+01
-3.883605942595766436e+01
-3.440307357546982558e+01
-7.080360606707357363e+01
-5.208824655593987529e+01
-6.208599776739415432e+01
-1.473676522398395150e+01
-1.259310573733901961e+01
-3.379214317681552870e+01
-7.106872308824702600e+01
-6.867433087313739293e+01
-1.861436405281143180e+01
-5.383544249209479204e+01
-8.265854929034321685e+01
-1.847886782359087121e+01
-3.460377336464158304e+01
-4.262235908742988499e+01
-7.159049277429954827e+01
-3.461151289391845864e+01
-5.320264375905262000e+01
-1.637004909410611120e+01
-2.433277471672453629e+01
-7.891152746741569501e+01
-4.799253781737802171e+01
-6.947645553718497524e+01
-1.162851920819317542e+01
-5.950785800390235636e+01
-2.010667433239801838e+01
-8.131018712891980726e+01
-2.381345883494883964e+01
-5.050215237763669052e+01
-6.421719641071195639e+00
-4.150076992420098065e+01
-4.832222752251345810e+01
-4.339603631743189283e+01
-4.314404565352017329e+01
-1.036254934190501871e+02
-3.327236611168891045e+01
-1.091929623109432583e+02
-7.650711867533854615e+01
-1.735546609400373441e+01
-2.130054754938364070e+01
-1.847935207695715221e+01
-4.087669910231809212e+01
-1.494047278512278965e+01
-9.548052288879861749e+01
-4.561420883209883925e+01
-4.207584194628590524e+01
-3.368249597493054637e+01
-1.465394323068388971e+01
-5.443393409772463087e+01
-1.763179954693580598e+01
-3.009940250266909345e+01
-9.996305979447481604e+01
-5.225096404179080167e+00
-1.315392605039605911e+01
-7.342390970724208898e+01
-1.141986089972571250e+01
-4.373354651486287281e+01
-8.589709442488727120e+01
-7.677117265102586430e+01
-9.876279543126014460e+01
-4.648519604615727019e+01
-1.738513258458666755e+01
-2.716380759700964376e+01
-1.928513611571542086e+01
-6.886703549796379775e+01
-3.686354144585293113e+01
-6.472886193315261494e+00
-5.730098573615228474e+01
-5.150340267886697632e+01
-9.549737943237171578e+01
-5.229276128359418863e+01
-9.192927371447932217e+01
-2.265772572300231502e+01
-5.927090975966764574e+01
-9.167727468073927355e+00
-1.972068226172830663e+01
-2.583562884644464575e+01
-6.630946265875510903e+01
-5.532371840772992755e+01
-4.708966528470541846e+01
-4.926135440240643959e+01
-6.370112826729845779e+01
-1.299535149041756483e+02
-3.887361649071435465e+01
-4.409242167640462640e+01
-1.383315893944947561e+01
-9.583041297459985230e+01
-3.740359320385679354e+01
-4.074936383138356888e+01
-3.316156406193928774e+01
-4.454718252415260338e+01
-1.287285295187482745e+02
-3.667216668885541253e+01
-2.006967530678732814e+01
-6.485174496082434814e+01
-6.480241305290510923e+01
-4.280144952975089723e+01
-4.258014732363514554e+01
-2.468742037169302961e+00
-6.082346829903800511e+01
-6.420604076568181995e+01
-1.160355902713825671e+01
-1.793406927336909362e+01
-1.792146778326056733e+01
-3.724742128796754059e+01
-1.309678479311035630e+02
-5.022910951334904439e+01
-2.676822213316914301e+01
-1.338825382265864761e+01
-1.777141317304194246e+01
-3.855394266750867871e+01
-4.850273243393446876e+01
-4.535759977555903788e+01
-1.095319606848477179e+02
-5.261214852056926361e+01
-5.563251392191313016e+01
-2.830644298744246612e+00
-2.887957035651359661e+01
-4.760371853535679065e+01
-4.289718759855112751e+01
-1.824277895044464159e+01
-9.590303596742546688e+01
-5.735004118008311025e+01
-5.494428080040997031e+01
-6.583156157179264056e+00
-4.348380841947677311e+01
-3.327236611168891045e+01
-3.626282535602544499e+01
-4.803434819649073972e+01
-4.513182283737953782e+01
-1.410067623048231766e+01
-5.048106914819898350e+01
-1.701089374199493776e+01
-3.875765887715421343e+01
-3.871327789236503492e+01
-2.606196668367515912e+01
-5.042770639492719198e+01
-2.602628605137450535e+01
-6.187370070199735039e+01
-7.658054294613259572e+01
-1.062158845107041572e+02
-1.309462888290814320e+01
-1.216112670431105443e+02
-4.092594073839824631e+01
-4.436841946850112350e+00
-4.944873174926429726e+01
-3.922201429383450488e+01
-3.876030422848827328e+01
-3.330644298744246612e+00
-2.863402728066526137e+01
-1.360630604511488428e+01
-1.494047278512278965e+01
-1.698449864625773742e+01
-1.038623278965939676e+02
-2.103864554015180133e+01
-1.529818690128580272e+01
-6.687087877624766463e+01
-8.667727468073927355e+00
-6.626299787664567020e+01
-1.088019682767062761e+02
-7.146675623922487119e+00
-1.338825382265864761e+01
-1.925872199685001007e+01
-1.912440526178103539e+01
-1.698140083758179486e+01
-5.212144169003717309e+01
-5.385445206299222320e+01
-2.993626233882578092e+01
-3.927222893540279358e+01
-5.823101211942081079e+00
-1.672519894840664278e+01
-1.990019412343767158e+01
-4.950508824716109757e+01
-1.083453431428876144e+02
-2.843398733529529210e+01
-3.869329470901203649e+01
-4.265988159398915514e+01
-2.449876630808005018e+01
-5.691145344914768600e+01
-8.750685582977700960e+01
-1.435890358563316909e+02
-5.597188626748082640e+01
-6.037017530033870116e+01
-4.056726838875768237e+01
-2.955719531921666032e+01
-3.993273609782541911e+01
-2.211472424414600368e+01
-1.520348142809746150e+01
-8.667727468073927355e+00
-6.415452842958404744e+01
-9.412689737405254675e+01
-6.420604076568181995e+01
-2.024739248297284178e+01
-2.869701244540310725e+01
-3.327236611168891045e+01
-5.220220555841908094e+01
-1.842146778326056733e+01
-1.785385043265885585e+01
-3.832580269709515619e+01
-5.397298332809694443e+01
-3.659761773637306703e+00
-2.463866336405651936e+01
-8.875792840581297583e+01
-1.974253257584671317e+01
-3.929624201559485641e+01
-2.984031037582667167e+01
-3.773419560346529522e+01
-4.114981018919867495e+01
-2.888704684276814305e+01
-4.514506282096783707e+01
-2.685729534505770744e+01
-9.077502619373292703e+01
-5.000779666236005738e+01
-3.354225683619895904e+01
-1.718404973365347388e+01
-3.247409485387093753e+01
-6.351895403109632809e+01
-1.114814887393235665e+02
-4.637857436602496364e+01
-1.549508002756413916e+01
-4.407049044442651109e+01
-6.720468909490598719e+01
-5.023340266498075124e+01
-2.832703645923343316e+01
-3.182362392936744300e+01
-3.766469210326636130e+01
-1.750603164418371804e+01
-1.338825382265864761e+01
-6.397593034972090464e+01
-3.247409485387093753e+01
-4.086436690512535108e+01
-7.537530096517251366e+01
-1.043978993991221671e+02
-3.011468866469940409e+01
-4.073988680073688329e+01
-3.899234561040366032e+00
-5.735718261379959415e+01
-1.315235900794121093e+01
-4.348380841947677311e+01
-1.698449864625773742e+01
-1.096631642521437726e+02
-3.089055476890460739e+01
-6.827924933326188750e+01
-1.260225778198294577e+01
-4.754432672491370226e+01
-4.082350357146734154e+01
-4.011650061428203173e+01
-1.674823994239734759e+01
-1.226599268510328358e+02
-4.084868268990604889e+01
-3.206675831880573924e+01
-5.197357372186787927e+01
-3.008013459864657690e+01
-3.753996099776723128e+01
-1.343108146168252759e+01
-3.120420463819446866e+01
-9.742865027246929799e+01
-4.838596872504902535e+01
-3.696259916004276391e+01
-5.950370008884526385e+01
-4.494867951826827834e+01
-3.097916887335820491e+00
-3.415145094562043226e+01
-1.673872514753452023e+01
-7.469099181721009728e+00
-1.091942495309603771e+02
-6.832190701678150901e+00
-3.874634336978729721e+01
-9.585054917550134945e+00
-2.389876421767564452e+01
-2.780984464528029676e+01
-3.148291480645532658e+01
-1.854899298300890464e+01
-1.857788097522660209e+01
-5.481492873566249102e+01
-3.683627917834528631e+01
-5.303589819829109331e+01
-3.298317307862451742e+01
-3.747617207814152351e+01
-2.019117224902635854e+01
-3.658457746904795727e+01
-5.010910729863539359e+01
-3.966728001356818822e+01
-5.519933177447038020e+01
-2.623987740385023315e+01
-1.146031076666229751e+02
-5.320264375905262000e+01
-3.868251684553992931e+00
-3.446885978909411108e+01
-2.016222744055823313e+01
-1.368529262022331920e+02
-2.016222744055823313e+01
-5.835089965945108759e+00
-8.667727468073927355e+00
-3.418588761214273575e+01
-5.756154472342919348e+01
-4.196751933989919081e+01
-2.988506662473757203e+01
-1.797935207695715221e+01
-3.667018290152665116e+01
-2.186284457429333372e+01
-5.794900976419333460e+01
-3.300933410611563090e+01
-1.933242354155061449e+01
-3.421436572838437229e+01
-3.239854641410866520e+01
-3.850989680933312087e+01
-6.706704836330450803e+01
-5.563905102086735610e+01
-1.210355902713825671e+01
-5.266260466251622319e+01
-2.006743274959541168e+01
-4.041243374157469503e+01
-2.462006329836195206e+01
-1.060630604511488428e+01
-3.368308960801017804e+01
-1.598149394637193765e+01
-5.794900976419333460e+01
-3.973328469497067772e+01
-3.899112879236851370e+01
-1.501154490087874294e+01
-4.789423605977759735e+01
-2.118979512517418584e+01
-5.320264375905262000e+01
-5.003749404799349776e+01
-2.421678340945623376e+01
-1.467303525559195876e+01
-1.301861093375396905e+01
-5.234613418661086826e+01
-1.877073156951795241e+01
-5.655406402835033930e+01
-1.845839372631005659e+01
-1.597712822216575290e+01
-4.566143755644421276e+01
-1.872276245294306207e+01
-4.928402226755220994e+00
-1.939386818778710264e+01
-4.854162685601761495e+01
-3.939275314526708627e+01
-3.372708140496821727e+01
-7.133245173251549431e+01
-3.933605942595766436e+01
-4.138602129204952007e+01
-5.456428788349391823e+00
-4.741556129964307331e+01
-4.355473015472222897e+01
-4.021840138347077698e+01
-4.980142968791246005e+01
-2.833196880769431303e+01
-3.392614419652529989e+01
-4.025911973497689189e+01
-1.181877607270907049e+02
-5.360962647756355182e+01
-3.460625541887747403e+01
-1.550485203434199022e+01
-5.518973349327251299e+01
-4.241139540379622019e+01
-1.775287688854615809e+01
-4.287590553753864242e+01
-8.337792966532951766e+00
-7.380060409112923026e+01
-1.990363356428406405e+01
-8.001863552404916646e+00
-5.242679483517585481e+01
-1.661874379470186369e+01
-1.548571632697148104e+01
-6.351895403109632809e+01
-6.463085187308107038e+01
-1.346436057779187578e+01
-5.107959116459298343e+01
-9.164881529185880282e+00
-4.972886193315261494e+00
-7.152516001573891913e+01
-6.058163459178494747e+01
-3.860293190140549768e+01
-4.528179115600995885e+01
-3.542428532460807844e+01
-2.552678664401234343e+01
-1.327959515989152450e+01
-4.602729225805517643e+01
-4.241139540379622019e+01
-4.405226186176648184e+01
-2.768162747691999570e+01
-2.564935262974528030e+01
-1.621501204769699100e+01
-1.575874167861979913e+01
-4.828026587385312496e+01
-1.711921225921788547e+01
-3.395861716951748122e+01
-4.243581219200062549e+01
-5.299637721669341062e+01
-1.616895776065045354e+01
-7.082463277569161164e+01
-3.618794720753261629e+01
-1.258183935053302704e+01
-3.408631754062753316e+00
-8.158472941815236368e+01
-4.023546214785866937e+01
-4.381590577589599889e+01
-3.249126713515614284e+01
-3.386697307411407110e+01
-4.241139540379622019e+01
-1.023485185982875834e+01
-2.201845591305938044e+01
-4.316876409960475769e+01
-2.908512769624237748e+01
-2.362757942270815192e+01
-4.785291125368300413e+01
-1.071072862288919367e+02
-1.153653428397893919e+02
-5.149220875830664568e+01
-4.184669514756606645e+01
-5.103489441717729846e+01
-4.081010455714756091e+01
-4.528179115600995885e+01
-4.837472365131309004e+01
-1.333935134501629349e+01
-1.338825382265864761e+01
-1.106333159630259360e+02
-6.812567799103624111e+01
-1.555146775882123933e+01
-4.793955674041664849e+01
-1.661874379470186369e+01
-4.046095159703574495e+01
-1.388825382265864761e+01
-3.284406922663476536e+01
-5.085149692671452470e+01
-8.534185770050907394e+00
-3.802787337969039783e+01
-1.978348758922612305e+01
-5.845727795611999511e+01
-6.363579724504240431e+01
-7.120054796087367777e+01
-7.612604222567203038e+00
-4.376676241270239132e+01
-4.653094309309992127e+01
-4.099435755475421672e+01
-4.416464880639912849e+01
-3.219350556738193347e+01
-3.759458680736240410e+01
-1.978348758922612305e+01
-4.896586138348391160e+01
-2.257860321596555764e+01
-5.410605493395155463e+01
-4.838866100078323029e+01
-7.833441745450529936e+01
-6.606402261658863040e+01
-6.826847866707286983e+01
-1.550485203434199022e+01
-3.595453101726472767e+01
-4.318001238440889722e+01
-3.376639410872687108e+01
-4.889065440634446702e+01
-2.994836125756764034e+01
-3.081822981291321284e+01
-6.812149044666480791e+01
-6.646337729464615052e+01
-4.009873202147613824e+01
-1.559197595646142886e+01
-5.097132426298425401e+01
-1.723451182811175997e+01
-5.625156810404020291e+01
-2.524774418412567201e+01
-2.325479821117236412e+01
-4.647864715207775532e+01
-2.135483576295907326e+01
-4.597083662199138132e+01
-1.911676372981802174e+01
-1.574682835654466473e+01
-2.618354049381826698e+01
-4.566339848847222527e+01
-2.769669599451207276e+01
-2.286926758445170549e+01
-4.566960786962507512e+01
-4.149030395804943794e+01
-4.614885350846589063e+01
-2.177067106784848605e+01
-6.996318623466763142e+01
-1.932082289079806969e+01
-1.978348758922612305e+01
-3.883605942595766436e+01
-1.166370155823513244e+01
-2.688282779017157154e+01
-4.210695880223856591e+01
-1.120844532873591390e+02
-5.798604534027231239e+01
-4.695209970787881559e+01
-3.303690095775185398e+01
-6.091107135742390710e+01
-4.528179115600995885e+01
-2.246976182689257229e+01
-1.121244505382724412e+02
-2.164807703633739067e+01
-3.118800497282988005e+01
-4.810046534804892815e+01
-2.384427379615994269e+01
-5.578401256373011563e+01
-2.528863976741418185e+01
-5.456428788349391823e+00
-4.241139540379622019e+01
-2.976583737389879758e+01
-1.955542969649446405e+01
-3.579856921885345855e+01
-2.363611281366629413e+01
-1.791450898518483825e+01
-3.462649984472680842e+01
-2.645268400829685973e+01
-2.935778523409755536e+01
-2.013226809817644636e+01
-2.659956704457392362e+01
-1.877976884955127090e+01
-6.805737900076999836e+01
-3.667368058112788987e+01
-3.659761773637306703e+00
-4.037176485547433202e+01
-7.156781031361131085e+00
-1.306871510860058265e+02
-1.625732063372440805e+01
-1.643715882943052975e+01
-5.041209246357712459e+01
-4.579414555651314345e+01
-3.410180757576318911e+01
-2.327727745698960859e+01
-3.516164153570829853e+01
-2.227134981052981999e+01
-2.177134981052981999e+01
-1.975544655268478067e+01
-1.821703783732695570e+01
-2.119539337269629087e+01
-6.282847264457608105e+00
-1.344464487423335441e+01
-1.244468118077455046e+02
-2.742561597553630648e+01
-1.244325738426303900e+02
-4.566332060267220783e+01
-3.983789205284259793e+01
-8.667727468073927355e+00
-5.971319271819361774e+01
-1.594460398268098089e+01
-1.742146778326056733e+01
-1.049809550437942818e+01
-9.330644298744246612e+00
-4.972886193315261494e+00
-3.128185863472495498e+01
-4.105498407961848528e+01
-2.527926810326149365e+01
-8.182816077606716476e+01
-4.839907834096540995e+01
-1.329322114446204637e+02
-3.119520000908743640e+01
-1.726822498886762958e+01
-4.628827751653768985e+01
-1.418044458171774735e+01
-6.744259523309941073e+01
-5.086403482777471652e+01
-3.582019634264274544e+01
-4.658556792029075666e+01
-1.698449864625773742e+01
-4.805170491213117145e+01
-3.835419121708526546e+01
-7.922040030611155714e+01
-5.223031878675487860e+01
-7.031879483839330192e+01
-2.652367142243155129e+01
-4.249055742483307085e+01
-3.735827587958750939e+01
-1.338825382265864761e+01
-5.404738715422944040e+01
-3.192664082513141111e+01
-2.996430355923001798e+01
-4.540027878436679032e+01
-1.978348758922612305e+01
-3.093147935070047794e+01
-4.851278785090152468e+01
-1.553929149446399904e+01
-6.428663470305363603e+01
-1.110743265279057113e+01
-3.055220652351848187e+01
-4.944211585158741684e+01
-3.876832457626329642e+01
-5.205855159273785659e+01
-1.781769782344421671e+01
-3.807233043736925993e+01
-4.441372004572347976e+01
-4.469729322046750042e+01
-2.569972926678943637e+01
-3.100759254345349092e+01
-3.413157100806013489e+01
-5.015684014110155431e+01
-4.233835799079250251e+01
-1.088415368175697395e+01
-1.944699229280636743e+01
-1.811322160279963711e+01
-5.065533643998955426e+01
-2.495605424064000388e+01
-6.906305784176016971e+01
-1.537875494643210672e+01
-2.029640638497795990e+01
-1.118928350777273195e+01
-4.838263676481051334e+01
-1.698449864625773742e+01
-4.782778685358728410e+01
-2.078462129828469429e+01
-5.250368325207289644e+01
-5.025729977965613671e+01
-5.198874518934989908e+01
-8.017718654531029188e+01
-3.443341598461609010e+01
-9.829185048683025627e+01
-4.587245949923370603e+01
-5.370117419245009671e+01
-5.606716597414452963e+01
-2.716421094666851133e+01
-3.793697731522344441e+01
-1.412432146923386256e+01
-4.908298635843539159e+01
-5.352691434603841003e+01
-1.348577847925956519e+01
-5.341043260972395501e+01
-1.550485203434199022e+01
-3.249176451950610556e+01
-4.300314540246670703e+01
-4.956428788349391823e+00
-5.956428788349391823e+00
-4.503883533725098687e+01
-2.268296062383377887e+01
-1.277278076858375897e+02
-4.705181988583549213e+01
-1.023485185982875834e+01
-5.534265401049789546e+01
-1.978348758922612305e+01
-5.253924811602303180e+00
-2.509578773134850493e+01
-5.336024676036520020e+01
-2.670336500310738259e+01
-3.929982806360563075e+01
-5.409636329001017430e+01
-3.552292552007446602e+01
-4.565369772404969240e+01
-1.023485185982875834e+01
-2.938860043143139578e+01
-5.030572267846063284e+01
-4.520271641517727801e+01
-3.880748514981473818e+01
-2.898249514932181015e+01
-4.367541370436853754e+01
-2.415662406893165581e+01
-3.669907908480568182e+01
-4.780625140247693139e+01
-4.562108958935790781e+01
-1.413456072222280824e+01
-3.274718945447748553e+01
-4.798085442708077153e+01
-5.013942960693086093e+01
-1.080992184772924247e+01
-3.357890740827155440e+01
-3.720459990199934452e+01
-4.700204985478380593e+01
-3.351148780464200883e+01
-3.376639410872687108e+01
-1.173812190994213722e+02
-1.247188849588160480e+02
-6.452649750238738591e+01
-5.683378547115280810e+01
-4.616282898801128454e+01
-2.078841379010203383e+01
-4.277154591264201855e+01
-3.980687162602878004e+01
-1.500485203434199022e+01
-1.782229834377852029e+01
-3.301796077064122414e+01
-7.203014125968992687e+01
-8.667727468073927355e+00
-1.284999868341301976e+01
-4.981366204734161585e+01
-2.171255448073054595e+01
-4.279791501545899024e+01
-8.667727468073927355e+00
-1.023485185982875834e+01
-3.894947783802502528e+01
-1.257054414940360587e+01
-4.919801586358977374e+01
-1.919679956686322697e+01
-4.477803360745459571e+01
-1.978348758922612305e+01
-2.115904853541625030e+01
-3.593068037624678368e+01
-4.148576436028010761e+01
-3.364142025398025737e+01
-2.592572100725745798e+01
-2.528263518024130363e+01
-3.782847264457608105e+00
-7.043878373023525796e+01
-4.161736919446189376e+01
-4.515094386988653241e+01
-4.836257119321183495e+01
-4.024775714090031897e+01
-3.477711426247739723e+01
-5.327252177969107549e+01
-8.489746192702757810e+01
-1.882624775665815520e+01
-5.612406102336731095e+01
-2.355733599603486539e+01
-4.164581015849019963e+01
-1.274684605231919505e+02
-3.965306385072035766e+01
-7.580328444675050292e+00
-7.365024742460653329e+01
-5.197409925841527212e+01
-6.127776608429127236e+01
-2.351453270936621109e+01
-1.501741192588696450e+01
-2.925658283031541629e+01
-5.273540195075941028e+01
-1.114132207768755123e+01
-4.284734476485269283e+01
-3.772219690525929536e+01
-4.783107681628371211e+01
-3.239907195688230956e+01
-3.752626337584187866e+01
-4.824726074483393035e+01
-3.513333732051684422e+01
-4.299569326390462010e+01
-3.917729756358555449e+01
-4.632267418493120203e+01
-9.258359006455985707e+01
-8.667727468073927355e+00
-1.210454963500047043e+01
-4.054720227775585784e+01
-4.701091189188336728e+01
-2.348132750673949332e+01
-2.791672105479007726e+01
-1.504874088514566921e+01
-3.883605942595766436e+01
-1.500485203434199022e+01
-4.163433349152070662e+01
-4.425214331892679809e+01
-2.259095567896719103e+01
-1.440144996740344041e+01
-2.006258870228651503e+01
-2.635747183821019135e+01
-3.148097210938470170e+01
-5.999698277879487307e+01
-3.607813337096479245e+01
-2.702350998316591912e+01
-2.657430561403117153e+01
-2.478263518024130363e+01
-9.289181431697204516e+01
-4.292621594729273227e+01
-5.308402063026949236e+01
-3.686122709873842496e+01
-2.887629182657949656e+01
-1.990363356428406405e+01
-9.215855632552504062e+00
-5.320264375905262000e+01
-6.881770647631739735e+01
-5.962853447077996805e+01
-7.013546669513544884e+01
-6.944984235705254605e+01
-4.480893879032237948e+01
-1.748047222832117598e+01
-2.163583852229049498e+01
-3.962066291331560564e+01
-1.829564627600542082e+01
-8.982147191581670853e+00
-3.466165445459505179e+01
-2.400255338423842488e+01
-3.883605942595766436e+01
-3.729949361296527854e+01
-7.242333253750624067e+01
-1.381615019276088319e+01
-1.023485185982875834e+01
-4.241709670213315775e+01
-5.614931137148918339e+01
-1.338825382265864761e+01
-3.402798019682921904e+01
-3.844121400072044281e+01
-2.020910386234789513e+01
-2.616651852926349875e+01
-1.800654519520929142e+00
-1.190880050484330610e+01
-3.058298249126636037e+01
-3.883605942595766436e+01
-1.951073209055438085e+01
-4.827190957709558461e+01
-7.031823940322471600e+00
-1.698449864625773742e+01
-1.407303810445019820e+01
-2.237305218356697623e+01
-6.485656869029671157e+01
-2.251816750022437574e+01
-2.896716451984630680e+01
-1.978348758922612305e+01
-5.352358870169777560e+01
-2.488410783755031019e+01
-3.640492354042143575e+01
-1.095245745216938715e+01
-4.972886193315261494e+00
-3.569546298036725318e+01
-3.763321160628051132e+01
-2.173243224196823675e+01
-5.320264375905262000e+01
-1.934520770926030409e+01
-1.800654519520929142e+00
-3.892382932524288464e+01
-4.678683995209681967e+01
-3.135753690822270201e+01
-4.655185386628178890e+01
-1.742146778326056733e+01
-2.478263518024130363e+01
-1.947094527610236625e+01
-6.825446517590243900e+01
-3.447089373517491140e+01
-4.716423049783551846e+01
-3.799033342082471165e+01
-6.795547206886203639e+01
-2.158659808300196659e+01
-1.698449864625773742e+01
-4.898254021665370317e+01
-1.500485203434199022e+01
-4.545646550311368372e+01
-2.741672105479007726e+01
-1.023485185982875834e+01
-2.323017364408482877e+01
-1.741931411413758113e+01
-3.680281875055925411e+01
-5.114200979970866712e+01
-3.006157341133392791e+01
-3.977441800315392584e+01
-2.332975998157921182e+01
-1.609356687390578244e+01
-2.880243368481367483e+01
-3.198956191085646594e+01
-3.322616389180232943e+01
-1.297397859260692599e+02
-3.322875904890268828e+01
-4.011710403289495019e+01
-3.860256992395850517e+01
-1.274684605231919505e+02
-4.025609864472540522e+01
-2.400003275601401143e+01
-1.023485185982875834e+01
-4.363452112391532012e+01
-5.320264375905262000e+01
-2.536044515918685960e+01
-1.921646843045666131e+01
-3.493367961148081235e+01
-5.076729456442194532e+01
-3.612443358117371872e+01
-1.490540641713857895e+01
-1.721107572857147971e+01
-1.410067623048231766e+01
-1.043409910749614866e+01
-1.410067623048231766e+01
-4.199823952220126699e+01
-3.659761773637306703e+00
-1.742146778326056733e+01
-5.320264375905262000e+01
-4.546960844948519309e+01
-5.969493412647570096e+01
-4.159952993458931303e+01
-4.590739941809400193e+01
-1.301454584976599733e+02
-1.782229834377852029e+01
-1.220946854553221073e+01
-4.775716429142102015e+01
-4.502351928138310200e+01
-1.699143167471637739e+01
-5.525049779079965617e+01
-4.658487722174194801e+01
-4.714208703128051070e+01
-1.086406803139912114e+01
-2.547779461815153468e+01
-5.084154241307011546e+01
-3.715141651976470882e+01
-4.651279618390044845e+01
-4.300347838760833952e+01
-2.454198331358590579e+01
-3.967641602474871831e+01
-1.361734616273836025e+02
-4.818459675576329460e+01
-1.992282234266003371e+00
-1.422020022689561358e+01
-1.782853637560779703e+01
-1.751796841113890935e+01
-5.807038590670788381e+01
-3.447547973365768570e+01
-1.698449864625773742e+01
-3.166746172463756892e+01
-3.287066349248722474e+01
-3.483179698038136962e+01
-1.263317577224657029e+01
-1.317935495068521234e+01
-1.013669210143108401e+01
-4.012748163569920479e+01
-4.855347410633905270e+01
-4.524927667736463377e+01
-6.444498073653895176e+01
-3.660365366905840290e+01
-2.421678340945623376e+01
-4.836678153111783729e+01
-7.168980021672075509e+01
-7.072519309508605545e+01
-2.776896826632715687e+01
-1.086406803139912114e+01
-3.935737596525915905e+01
-2.514081848619224147e+01
-6.034446143265581952e+01
-2.183323919111620626e+01
-5.235831341863312360e+01
-4.747447949331692740e+01
-3.120818617412779616e+01
-2.697157567539240830e+01
-3.143299217800772283e+01
-5.023878761740921561e+01
-1.800654519520929142e+00
-4.972886193315261494e+00
-3.685140477496335620e+01
-4.822948137486498865e+01
-3.970679674723336916e+01
-1.160355902713825671e+01
-4.019904998860153000e+01
-1.978348758922612305e+01
-4.330836066775835036e+01
-3.307982035614919880e+01
-1.023485185982875834e+01
-3.190550432950852766e+01
-3.294848711354858040e+01
-1.086406803139912114e+01
-3.013773719245634553e+01
-3.456897088005803198e+01
-5.304813200371422965e+01
-4.398243635364947579e+01
-3.634958285146083767e+01
-1.454874088514566921e+01
-1.086406803139912114e+01
-4.638708128214911852e+01
-2.299555159760297229e+01
-4.260499324461019910e+01
-4.620151105405756198e+01
-1.330937935466445055e+01
-1.170577060755605174e+02
-9.149529244849397003e+00
-3.631548400380263075e+01
-1.736666258358170012e+01
-4.691052796394878044e+01
-1.955233910088820437e+01
-4.729092454147971836e+01
-4.115903537055265815e+01
-2.946239139872499635e+00
-7.497243966117402181e+01
-3.275519497642198985e+01
-8.414042758968334113e+01
-1.841805094945602050e+01
-1.792146778326056733e+01
-1.877767647873620760e+01
-2.982316133951095338e+01
-1.281981511746714659e+02
-1.403901487741318732e+01
-1.500485203434199022e+01
-4.415942137355740726e+01
-3.534398946863278468e+01
-1.243367496510102370e+02
-1.785358768085358250e+01
-2.955719531921666032e+01
-2.112027354679934632e+01
-1.797935207695715221e+01
-1.220946854553221073e+01
-1.797935207695715221e+01
-4.802471199544716995e+01
-4.212270547721529113e+01
-3.801703368499540403e+01
-5.187457685898812798e+01
-3.922684439960168135e+01
-1.197196504175153962e+02
-3.369852747522511294e+01
-1.160355902713825671e+01
-1.023485185982875834e+01
-1.782847264457608105e+00
-6.837295452682553787e+01
-1.602003330923195534e+01
-3.162741532727339333e+01
-1.764141812646727203e+01
-1.222267699688926825e+02
-3.983097472588869437e+01
-4.154742752964730101e+01
-1.847935207695715221e+01
-3.801441338776334078e+01
-4.527634066848392536e+01
-4.705576123241685593e+01
-3.052491601322172343e+01
-4.302672601198628399e+01
-3.733931659962975402e+01
-3.871301876225806637e+01
-1.410067623048231766e+01
-1.868155561438796042e+01
-2.669420200507541452e+01
-4.515187303862401791e+01
-5.207905242310481242e+01
-4.558565779767963022e+01
-5.489239130174279779e+00
-4.462355214232550082e+01
-4.462355214232550082e+01
-4.120001739565194754e+01
-2.673933041464785632e+01
-4.891451300486481557e+01
-2.602589551415058722e+01
-4.337562356494242266e+01
-3.572527040946201282e+01
-6.792677540232691058e+01
-1.086406803139912114e+01
-4.551518902200773198e+01
-1.742146778326056733e+01
-1.672466994519869488e+01
-2.925658283031541629e+01
-5.639458489749335968e+01
-7.986725381068879415e+01
-2.011405220733615096e+01
-1.701903029145528023e+01
-4.428687556439015793e+01
-4.078242423955467189e+01
-3.296679381405346732e+01
-8.736927751981228596e+01
-1.160355902713825671e+01
-3.739475378391215088e+01
-1.199349654626644366e+02
-1.180233755423914133e+01
-4.344258025075166074e+01
-4.995656942164667669e+01
-4.509805935982444680e+01
-2.955719531921666032e+01
-2.955719531921666032e+01
-4.525500180972701969e+01
-2.518951999806078490e+01
-3.055914124140842247e+01
-3.590501026927621808e+01
-4.936065733245979459e+01
-4.270115477548418426e+01
-4.549312030904106052e+01
-4.105700440406996421e+01
-2.142847527157200105e+01
-2.637272278692872263e+01
-4.574127239787947019e+01
-4.035737596525915905e+01
-1.800654519520929142e+00
-2.441798371120192712e+01
-5.017879427542859361e+01
-3.920738177275914893e+01
-3.956274279668713945e+01
-3.864393557425431425e+01
-1.978348758922612305e+01
-1.671764569515424625e+01
-1.495462895660035230e+01
-3.572621571989209599e+01
-1.565682725863145563e+01
-2.048719834595464917e+01
-1.239157084020914681e+02
-3.966885663095708736e+01
-4.024153938652437290e+01
-2.955719531921666032e+01
-3.220862692709470565e+01
-2.391512917160867246e+01
-4.102517018543399985e+01
-8.671504605267347188e+01
-4.604182271334766341e+01
-6.837295452682553787e+01
-2.865675806129584657e+01
-5.110342322836666540e+01
-7.888338580377035214e+01
-2.166700525579251391e+01
-4.214089617150653311e+01
-3.724616139390569458e+01
-5.572540011139193439e+01
-1.859702470980824529e+01
-1.673881596087013435e+01
-2.354926844167630406e+01
-3.073522530599035463e+01
-4.389620506512968490e+01
-4.832990263303325662e+01
-1.176232470997646473e+01
-4.360646952614860083e+01
-3.040974248127428581e+01
-9.642451169410264811e+01
-4.007146627750333323e+01
-4.503329244589625091e+01
-1.399804852225963714e+01
-3.817927619776816073e+01
-2.509341178645386705e+01
-2.255318132668870490e+01
-1.742146778326056733e+01
-2.745090524222847961e+01
-2.801957225515434047e+01
-2.342457083207419188e+01
-2.800654519520929142e+00
-4.457102428601260158e+01
-1.978348758922612305e+01
-4.369938856947297268e+01
-2.413870894254021593e+01
-1.454874088514566921e+01
-1.950480169288520216e+01
-7.414648468573750506e+01
-3.457198206162401988e+01
-4.851989961074585977e+01
-4.320002564862027583e+01
-1.978348758922612305e+01
-6.837295452682553787e+01
-4.097128744597696226e+01
-4.460984067328031699e+01
-1.128309445350273421e+01
-1.023485185982875834e+01
-4.123291585093129186e+01
-1.300580550080100579e+02
-5.942989670269949443e+01
-1.742146778326056733e+01
-1.500485203434199022e+01
-1.244327298110876967e+01
-4.712061108122598085e+01
-3.860256992395850517e+01
-4.182625967043741610e+01
-3.013857409538761445e+01
-1.215912733300883275e+01
-4.890804776209202487e+01
-3.860256992395850517e+01
-7.937554395790331796e+01
-2.282847264457608105e+00
-1.023485185982875834e+01
-3.745623868469120055e+01
-1.192697084676095045e+02
-1.451154490087874294e+01
-3.931482652263119348e+01
-4.790741727631220925e+01
-1.033337119428702522e+01
-3.889854036098250845e+01
-7.418181167934872633e+01
-4.775714151350582881e+01
-3.844795223842692167e+01
-1.229176875740230557e+01
-8.174592004433591796e+00
-7.520597295011782535e+01
-3.882584704227406291e+01
-3.259376510033172281e+01
-3.988278916253601381e+01
-2.625669354340322315e+01
-4.716270142075718752e+01
-1.265912733300883275e+01
-4.092255124906490948e+01
-4.643600770328538374e+01
-5.763036531085697334e+01
-1.086406803139912114e+01
-9.167440595684301030e+00
-3.889576451481918440e+01
-1.017924512279894600e+01
-1.800654519520929142e+00
-5.677211375372937141e+01
-3.597256986682917557e+01
-2.834410172109411263e+01
-4.543689036991037966e+01
-2.091587512575231500e+01
-5.591785786833486327e+01
-1.410067623048231766e+01
-1.705379675609701096e+01
-5.829429523327961249e+01
-5.271873985002304153e+01
-1.890213524268719070e+01
-4.434295185451414056e+01
-4.628535349268555166e+01
-3.936818702329723862e+00
-2.908631754062753316e+00
-4.031313400932249635e+01
-5.029150645828951127e+01
-5.727365143601826247e+01
-3.572621571989209599e+01
-8.036441609675073039e+00
-6.995890445533282787e+01
-2.898302668874496746e+01
-1.889957230842257019e+01
-2.900941158930723773e+01
-3.043425112319389925e+01
-2.634613218840373250e+01
-2.405751042816176266e+01
-1.961025534911335200e+01
-2.955719531921666032e+01
-5.885400892621349556e+01
-4.602895279561899144e+01
-2.075007244516289262e+01
-1.803437538401150064e+01
-2.804879404790494135e+01
-1.696645269873741313e+01
-7.951677377189352569e+01
-4.516871058176910481e+01
-4.400555774682634080e+01
-1.015739082567309381e+01
-4.482368040639940432e+01
-3.532852602195124092e+01
-3.764435886996773206e+01
-4.130361315405404810e+01
-5.514625741744232812e+01
-7.174592004433591796e+00
-3.382190454725932227e+01
-1.442046822734069167e+01
-3.423559360347486802e+01
-3.966224258787353563e+01
-2.955719531921666032e+01
-1.080593385701761378e+01
-5.794871613567997315e+01
-5.525489916094190335e+01
-5.122193373676918071e+01
-3.998903912195306987e+01
-1.215829113207973222e+02
-1.950480169288520216e+01
-6.094059343042469834e+01
-4.629213768277061547e+01
-4.507034579561229748e+01
-8.798957032998671934e+00
-6.837295452682553787e+01
-1.716451259616012237e+01
-3.640375829401823182e+01
-3.520013008467503823e+01
-1.158575939685151823e+01
-1.950480169288520216e+01
-2.879928224523915503e+01
-4.180000087179015367e+01
-1.743068127295114778e+01
-1.298363640436240871e+02
-3.860256992395850517e+01
-4.949004369264358161e+01
-6.673828782509180257e+01
-3.659761773637306703e+00
-6.112308868671948403e+01
-1.392451716948322371e+01
-3.576307444250381451e+01
-3.860256992395850517e+01
-3.684467195708397469e+01
-8.296336252514745979e+01
-5.183677922688583806e+01
-2.983727928089120951e+01
-3.008013459864657690e+01
-4.804748686021261506e+01
-1.086406803139912114e+01
-3.783197218027729036e+01
-1.338825382265864761e+01
-4.338672764945836491e+01
-8.122876867013816593e+01
-3.376639410872687108e+01
-6.421719641071195639e+00
-3.630967099879269711e+01
-3.376639410872687108e+01
-2.488410783755031019e+01
-4.157932375661171420e+01
-1.698449864625773742e+01
-4.299541504070644748e+01
-8.641604836756157226e+01
-4.659761773637306703e+00
-8.239726945779615619e+00
-1.500485203434199022e+01
-2.832275559717969671e+01
-3.948940912486342825e+01
-3.808370903546403952e+01
-1.454874088514566921e+01
-1.978348758922612305e+01
-4.603220977843702144e+01
-8.470515131248207297e+01
-3.365852241063041816e+01
-2.998694918396898146e+01
-4.137344057856359569e+01
-2.151846048297883840e+01
-1.222997193749724119e+02
-2.919475113992621829e+01
-5.152913903276882479e+01
-4.146211643793333224e+01
-1.353580574095335578e+02
-3.571737416093699835e+01
-2.361207219055883044e+01
-5.794900976419333460e+01
-3.983605942595766436e+01
-4.226021130002374093e+01
-8.913512065343851987e+00
-1.500485203434199022e+01
-2.128841379010203383e+01
-2.311315233181571926e+01
-2.215907467251766860e+01
-5.659761773637306703e+00
-2.286701650662703145e+01
-5.796283029613870497e+01
-4.063942407434221593e+01
-1.543846481255708269e+01
-7.108327901884788957e+01
-4.162972938817496527e+01
-2.955719531921666032e+01
-3.883605942595766436e+01
-1.928513611571542086e+01
-4.282847264457608105e+00
-4.972886193315261494e+00
-1.024975874828609790e+01
-3.860256992395850517e+01
-1.742146778326056733e+01
-4.205035824414855483e+01
-4.093986424099360022e+01
-2.330529382198103505e+01
-2.885029146686014556e+01
-2.017103176614229909e+01
-3.789445418127208143e+01
-1.782847264457608105e+00
-4.094673928441022781e+01
-7.194022441672325385e+01
-2.260217696464180648e+01
-3.336769398167560041e+01
-2.899633257765290395e+01
-3.665092223266926652e+01
-3.479946906686820540e+01
-1.578749167203890735e+01
-1.295877494937366805e+02
-2.703008087531681269e+01
-1.928513611571542086e+01
-2.488410783755031019e+01
-1.742146778326056733e+01
-3.333795531971774295e+01
-4.009158264275828287e+01
-1.940958036579206336e+01
-7.064047528442145563e+01
-3.311585666444445053e+01
-4.863222387702710137e+01
-6.980814574320045551e+01
-3.682617006108537083e+01
-2.910973220798204153e+01
-1.653799257028164504e+01
-1.023485185982875834e+01
-5.139675112669878843e+01
-1.042695611183903637e+01
-1.950480169288520216e+01
-3.488694078830700107e+01
-4.579583764986598737e+01
-1.289104540248995363e+02
-2.955719531921666032e+01
-1.535104751404088930e+01
-3.659761773637306703e+00
-4.400555774682634080e+01
-1.928513611571542086e+01
-5.414913148158934320e+00
-5.883394011966555581e+01
-2.321468371868458291e+01
-5.592578840098552462e+01
-1.410067623048231766e+01
-2.430135054409013406e+01
-3.758531897382479059e+01
-2.488410783755031019e+01
-4.352879197540205780e+01
-3.814007637029691011e+01
-1.725259629943553819e+01
-2.118704834826453265e+01
-3.933605942595766436e+01
-1.015739082567309381e+01
-6.917365879730674294e+00
-1.252499712784297827e+02
-4.972886193315261494e+00
-4.610748724460344050e+01
-1.929406418140589707e+01
-4.902604147503414111e+01
-1.802551623698376915e+01
-2.955719531921666032e+01
-7.336877981751128175e+01
-1.146264553688471111e+01
-1.015739082567309381e+01
-8.811517607974753474e+00
-3.860256992395850517e+01
-4.341431854536425305e+01
-4.247464369925169336e+01
-5.055969580451688472e+01
-2.902538689195591104e+01
-2.916035433362005591e+01
-2.937261641878980001e+01
-1.233928721257194638e+01
-3.292244082161525398e+01
-5.320264375905262000e+01
-3.135978630798407352e+01
-4.289997941720427832e+01
-1.699153419680521537e+01
-1.971984581542625037e+01
-6.837295452682553787e+01
-3.841536175423071597e+01
-1.023485185982875834e+01
-3.282107662198340137e+01
-1.454874088514566921e+01
-4.758205100616298466e+01
-3.930135253303076581e+01
-5.640287889116702047e+01
-1.023485185982875834e+01
-3.574145743012970655e+01
-2.840312886391284408e+01
-4.295542315854075355e+01
-3.952224935007420470e+01
-2.278348758922612305e+01
-6.401749352841764562e+01
-2.709249485662872559e+01
-2.420050234081486096e+01
-1.219385757406582016e+01
-3.282107662198340137e+01
-1.454874088514566921e+01
-2.955719531921666032e+01
-3.027832025033477947e+01
-1.180233755423914133e+01
-4.572957944930516305e+01
-3.159890408744205459e+01
-3.166594465564084260e+01
-5.050720427883642571e+01
-2.713297162611748448e+01
-2.756238304693331287e+01
-1.180233755423914133e+01
-6.465938497674457608e+01
-1.500485203434199022e+01
-1.928513611571542086e+01
-9.047617086533946917e+00
-1.330760074982583063e+01
-1.782847264457608105e+00
-3.598339174230054027e+01
-1.023485185982875834e+01
-1.180233755423914133e+01
-2.738161556034923549e+01
-1.659969249064558028e+01
-3.659761773637306703e+00
-1.802551623698376915e+01
-1.698449864625773742e+01
-3.906264692583940246e+01
-4.329917898325794567e+01
-4.627066391876979878e+01
-1.509028060362240353e+01
-4.559259938598019346e+01
-1.259829988902903253e+01
-1.950480169288520216e+01
-3.236150817911265420e+01
-1.086406803139912114e+01
-1.609170441503440330e+01
-3.180423896324785460e+01
-3.810099321311494691e+01
-7.462114241941520731e+00
-9.481121239211681484e+00
-9.020989428963215317e+00
-3.247554073151561482e+01
-6.837295452682553787e+01
-1.180233755423914133e+01
-8.020020842084493040e+01
-1.773346105036726783e+01
-1.180233755423914133e+01
-3.483491438146670305e+01
-8.518984756419121140e+01
-5.888167896028711823e+01
-3.860256992395850517e+01
-4.858467778962373984e+01
-1.210355902713825671e+01
-1.023485185982875834e+01
-3.860256992395850517e+01
-1.209860022110664062e+02
-3.885305479876966217e+01
-7.093903983977847361e+01
-4.325147054988443784e+01
-3.080615703523934457e+01
-6.010497136269704299e+01
-2.887098280135240458e+01
-3.085837833783256556e+01
-3.282107662198340137e+01
-4.264694683614406756e+01
-4.241139540379622019e+01
-4.362625183233982540e+01
-3.054145872058183642e+01
-2.955719531921666032e+01
-4.562827723462500984e+01
-4.197817061098788827e+01
-2.259292981054087690e+01
-2.575516153740614556e+01
-2.579160584615816987e+01
-3.487257219695787569e+01
-5.069756070729420117e+01
-6.995890445533282787e+01
-5.154624891614229654e+00
-3.376639410872687108e+01
-6.310388755117715931e+01
-3.178453253536288514e+01
-1.373485185982875834e+01
-5.794900976419333460e+01
-5.225927537522660771e+01
-2.686620466945572616e+01
-1.086406803139912114e+01
-7.999216913252266181e+01
-4.483478588446511282e+01
-2.625979832310926554e+01
-1.500485203434199022e+01
-1.473475931557326746e+01
-5.807076156489820562e+01
-7.162761873794624989e+01
-4.887775310090829350e+01
-5.377440366315586573e+01
-4.181010455714756091e+01
-1.393725413032769609e+02
-1.825815227165364618e+01
-6.932412180698844395e+01
-1.978348758922612305e+01
-3.860256992395850517e+01
-4.064524603577837070e+01
-1.179176875740230557e+01
-1.270602501374632709e+01
-3.319878023942069944e+01
-2.527798667838480995e+01
-8.118796457233901975e+00
-3.040412988998076216e+01
-1.180525107564531240e+01
-3.018204117426953559e+01
-3.537231329049458850e+01
-1.218855165552828197e+02
-2.316509171232854314e+01
-1.086406803139912114e+01
-5.044584473734185792e+01
-3.659761773637306703e+00
-5.535153055683192491e+00
-1.500485203434199022e+01
-3.300654519520929142e+00
-1.845018050115264074e+01
-1.192155844152181032e+01
-4.837580297275322039e+01
-1.213839302053593912e+02
-4.848505762288264975e+01
-5.320264375905262000e+01
-8.907417475179136090e+01
-5.059953084234996368e+01
-1.002381393958711442e+01
-1.323804019309994260e+02
-3.632530238008776280e+01
-5.567434292311226329e+01
-4.170309103220073155e+01
-1.437199663462463306e+01
-6.421719641071195639e+00
-1.800654519520929142e+00
-3.926214359110312557e+01
-4.582169777102676278e+01
-4.302411401543281499e+01
-2.312280875086537790e+01
-1.410067623048231766e+01
-1.410067623048231766e+01
-3.659761773637306703e+00
-5.134142820047003397e+01
-1.500485203434199022e+01
-1.950480169288520216e+01
-1.988784737226849231e+01
-2.784427653066120101e+01
-1.967288503281418244e+01
-7.845061931009090017e+01
-6.583156157179264056e+00
-1.729989060996887673e+01
-7.578412429808676620e+01
-6.837295452682553787e+01
-2.784427653066120101e+01
-4.667350308114370705e+01
-1.623817270781279731e+01
-1.725294203478997090e+01
-4.011290945019085541e+01
-3.659761773637306703e+00
-3.376639410872687108e+01
-1.410067623048231766e+01
-5.143840448078169914e+01
-1.782847264457608105e+00
-1.240281670824730327e+02
-4.520646763982357896e+01
-4.528456821511642261e+01
-3.983605942595766436e+01
-3.486890844784186072e+01
-7.251210830695175247e+00
-1.407520277803854825e+01
-2.784427653066120101e+01
-3.710727923330779277e+01
-7.281114557927541142e+00
-3.141896361497252244e+01
-3.451764646665037617e+01
-4.416156428672508127e+01
-4.474406538767831165e+01
-3.282107662198340137e+01
-4.972886193315261494e+00
-4.167872274361008067e+01
-1.742146778326056733e+01
-5.523435879735215792e+01
-2.556806357848690681e+01
-6.583156157179264056e+00
-7.354894557902119345e+01
-3.150367487753402784e+01
-3.892041433948647011e+01
-3.983605942595766436e+01
-1.708746749045282343e+01
-3.842931206521136289e+01
-3.649684707584370358e+01
-4.790521911749303285e+01
-1.978348758922612305e+01
-4.194700747820908759e+01
-3.840542891225946676e+01
-1.454874088514566921e+01
-2.784427653066120101e+01
-3.512970169816566113e+01
-6.107798060723895617e+01
-3.877652434945647997e+01
-4.703362120545450864e+01
-1.500485203434199022e+01
-4.079349142398971395e+01
-2.456134517753976709e+01
-6.654624891614229654e+00
-2.050214503320340143e+01
-1.950480169288520216e+01
-2.592416977838814063e+01
-3.902344081144467225e+01
-5.872648516014096742e+01
-5.023837232553479737e+01
-3.882411033182222582e+01
-3.434682293819683707e+01
-3.943671957902276404e+01
-2.184616630269598403e+01
-3.894933430254568663e+01
-1.800654519520929142e+00
-2.784427653066120101e+01
-4.514019297983598733e+01
-2.442684038790186563e+01
-5.451915534198502655e+01
-1.782847264457608105e+00
-5.827047199771702424e+01
-2.316509171232854314e+01
-1.623766020868933069e+01
-5.447186449724245705e+00
-7.166591258121922436e+00
-7.251093960749752654e+00
-1.321847327635293468e+01
-4.582483076130724697e+01
-8.768543937093500773e+00
-5.739066768615698777e+01
-8.441599795968929953e+00
-7.251093960749752654e+00
-3.773912588663129952e+01
-2.954072983667860086e+01
-3.659761773637306703e+00
-3.278142711832022371e+01
-3.225383886052000548e+01
-7.611478497704752044e+00
-5.535153055683192491e+00
-4.103250423413462045e+01
-2.024332949797103609e+01
-5.465099163794276649e+01
-2.362602702763692974e+01
-1.086406803139912114e+01
-3.940878340832261983e+01
-4.004219795097661461e+01
-3.735122875495025596e+01
-4.972886193315261494e+00
-4.333176533044934331e+01
-2.869535509608553880e+01
-2.584421150949494717e+01
-4.511485459367703754e+01
-4.909220999252718798e+01
-2.544445512974563428e+01
-1.782847264457608105e+00
-3.659761773637306703e+00
-3.982339484752419878e+01
-1.410067623048231766e+01
-4.134764879689617345e+01
-2.075523570865083656e+01
-4.914085000935075698e+01
-4.781114557927541142e+00
-4.434544981481289483e+01
-1.410067623048231766e+01
-3.913412612884501840e+01
-5.794900976419333460e+01
-2.181323287655999721e+01
-2.090274044926107422e+01
-4.424050672791210559e+01
-3.345184483150124777e+01
-3.376639410872687108e+01
-7.561749736792815213e+01
-4.405495035880160515e+01
-3.745221632135300638e+01
-6.402154401296998287e+01
-1.107104190709991443e+01
-4.716397325577966626e+01
-9.811936056019908392e+01
-1.235047004369316284e+02
-3.501328422204100832e+01
-7.071074377257437504e+01
-3.873389841315014337e+01
-3.224344830586812094e+01
-1.311943376900430280e+01
-2.388611363487324724e+01
-1.680046399268825041e+01
-3.158452734535203632e+01
-4.410179079299372518e+01
-1.698449864625773742e+01
-7.159068713748473556e+01
-2.028513611571542086e+01
-3.435513995001421961e+01
-6.421719641071195639e+00
-3.790592098532573573e+01
-3.245642139630470524e+01
-4.008665701874118525e+01
-2.494534725300237099e+01
-1.263317577224657029e+01
-1.736291119730523747e+01
-3.213799244765813512e+01
-5.739066768615698777e+01
-3.597072960824282717e+01
-1.410067623048231766e+01
-1.086406803139912114e+01
-3.376639410872687108e+01
-2.527670712964554767e+01
-4.868234542992144043e+01
-1.579494257417297476e+01
-1.437047769820527492e+02
-4.336521349743802034e+01
-4.268088126654970438e+01
-9.500963671168296543e+00
-3.192724792285286739e+01
-8.667727468073927355e+00
-1.782847264457608105e+00
-1.038200841888063408e+01
-6.909581864081420122e+01
-5.274348365498883595e+01
-3.933605942595766436e+01
-5.687335263255948803e+01
-3.601779111062104732e+01
-2.756934052262960222e+01
-1.023485185982875834e+01
-1.698449864625773742e+01
-4.908379730216357473e+01
-5.564159898188665920e+01
-3.823460114021523282e+01
-1.426695271805374716e+02
-2.737671390162823926e+01
-2.955719531921666032e+01
-3.586797320152511759e+01
-3.833273618948643957e+01
-2.357660736533578572e+01
-1.507020341947624331e+01
-4.046931891523460934e+01
-1.263317577224657029e+01
-4.908785362287080289e+01
-5.170279046890718888e+01
-1.928513611571542086e+01
-2.725396326157894222e+01
-4.754323407313862049e+01
-6.421719641071195639e+00
-1.978348758922612305e+01
-9.879115954258546139e+01
-2.322382263780929179e+01
-1.695852740928960500e+01
-1.429327041748942051e+01
-4.978157534764380898e+01
-1.213659671792783854e+02
-1.372633274077072656e+02
-2.316509171232854314e+01
-1.180233755423914133e+01
-5.677151102957903106e+01
-7.248559789321028290e+00
-4.446272816217540935e+01
-2.817779179859379823e+01
-1.950480169288520216e+01
-4.251899916885142972e+01
-1.659028060362240353e+01
-1.173485185982875834e+01
-3.506692213602988772e+01
-5.407226219751407825e+01
-1.086406803139912114e+01
-4.520101101070291350e+01
-2.694103151964727871e+01
-2.222382263780929179e+01
-2.562556829197684394e+01
-1.782847264457608105e+00
-6.041561583133839974e+01
-3.420363646665668966e+01
-7.587342682854844611e+01
-8.769929667759288350e+01
-1.454874088514566921e+01
-1.509028060362240353e+01
-3.885020448911670599e+01
-2.172170869105561053e+01
-1.978348758922612305e+01
-5.029320851820354221e+01
-6.767547144603672393e+01
-3.319488325541511387e+01
-4.124504791306622309e+01
-5.539394978274810200e+00
-2.662949242004552985e+01
-1.950480169288520216e+01
-1.928513611571542086e+01
-4.875230285053093127e+01
-3.649008731837345465e+01
-1.387320810153234163e+01
-1.509028060362240353e+01
-1.707941477092265359e+01
-1.220488172563654103e+02
-4.969274415849731952e+01
-2.963428644775271081e+01
-3.957091759133109576e+01
-3.240337543071119342e+01
-6.923525502580919522e+01
-1.023485185982875834e+01
-4.429511327371600515e+01
-5.070443321196225384e+01
-3.879484030108481818e+01
-4.480953394494355280e+01
-8.667727468073927355e+00
-3.864889727955039689e+01
-1.296384074417082743e+01
-3.728074699622380450e+01
-4.259215342339494725e+01
-2.311088654967851141e+01
-1.478889680062388123e+01
-4.972886193315261494e+00
-1.978348758922612305e+01
-1.950480169288520216e+01
-5.605003007608557652e+01
-3.365872814671064361e+01
-2.851152251427854978e+01
-1.742146778326056733e+01
-1.263317577224657029e+01
-2.867569683059837615e+01
-3.853338260895187517e+01
-1.641095510735372187e+01
-7.231791366278307009e+01
-4.875182691604829444e+01
-1.978348758922612305e+01
-3.750450373533705317e+01
-4.972886193315261494e+00
-7.167355237715074168e+01
-9.144063513758425188e+00
-2.960105503361662826e+01
-4.006011464945474643e+01
-1.317285103466147405e+02
-1.420212799875100131e+02
-4.184978128541215625e+01
-4.588741589066517435e+01
-4.475102609584516244e+01
-1.903342850397548958e+01
-5.414555523406555437e+01
-2.342521516269477644e+01
-2.278203827613079469e+01
-4.322498433095034898e+01
-5.409836345395873991e+01
-3.886118159815364947e+01
-1.086406803139912114e+01
-7.045616614091042607e+01
-4.758286045375437823e+01
-3.989365668341824289e+01
-4.170333417843399104e+01
-1.225252804478859758e+01
-2.539717912792591648e+01
-4.104812865386713838e+01
-2.362092348322849844e+01
-1.399975060751569913e+02
-2.752820588372915367e+01
-2.754331255307710791e+01
-4.095998252522244343e+01
-4.517990519180652598e+01
-3.782851838373493081e+01
-1.509028060362240353e+01
-4.507003658789639644e+01
-7.109098191024011726e+01
-1.305915521047309369e+02
-2.925658283031541629e+01
-2.048719834595464917e+01
-1.500485203434199022e+01
-8.848193752788578337e+00
-1.204106154454174415e+01
-1.454874088514566921e+01
-3.659761773637306703e+00
-3.633456970250370688e+01
-7.709364147415772806e+00
-1.928513611571542086e+01
-1.454874088514566921e+01
-1.782847264457608105e+00
-2.567195483843958925e+01
-3.867579819205154479e+01
-4.226560419808167524e+01
-1.308408506241993763e+01
-2.955719531921666032e+01
-5.046488627367064339e+01
-5.073287089669470618e+01
-4.851231616090318965e+01
-2.299174159336950396e+01
-4.042698411537599412e+01
-3.883605942595766436e+01
-1.454874088514566921e+01
-3.850798908759563943e+01
-4.044468126172750999e+01
-3.786894094354236984e+01
-1.698449864625773742e+01
-1.978348758922612305e+01
-3.455298491180561626e+01
-4.156775132564946773e+01
-5.677151102957903106e+01
-1.950480169288520216e+01
-4.500913196781142744e+01
-6.421719641071195639e+00
-4.036583033447779911e+01
-4.382991846490077137e+01
-2.002943397803997527e+01
-2.725339322514387064e+01
-2.283338498530527261e+01
-3.737117621401291956e+01
-4.143760822053567949e+01
-4.523757574606828769e+01
-5.398695842910815657e+01
-5.280500696790565485e+01
-4.510088886098310468e+01
-4.218321918714877938e+01
-4.412568126644136157e+01
-1.950480169288520216e+01
-3.114222887282441832e+01
-2.955719531921666032e+01
-4.731324439367329404e+01
-2.458892646739102616e+01
-4.742455091819597612e+01
-3.360318793922368030e+01
-1.200571637415744846e+02
-3.758073469699182567e+01
-1.742146778326056733e+01
-5.353130053362883700e+01
-8.705947667739280860e+01
-3.570390283333645698e+01
-5.071603929314585457e+01
-6.291067963325565415e+01
-1.338825382265864761e+01
-2.398165518144271147e+01
-4.761721170558323024e+01
-2.478394751827005038e+01
-1.728255064680841713e+01
-4.972886193315261494e+00
-1.782847264457608105e+00
-2.488410783755031019e+01
-4.104437127948433783e+01
-1.216606618809233424e+02
-4.085586840243068707e+01
-3.535600784710744193e+01
-1.240962706132688709e+01
-5.154119003877967486e+01
-1.180233755423914133e+01
-4.754325617241392621e+01
-2.406654952363267697e+01
-1.180233755423914133e+01
-4.020965467204053567e+01
-5.837032256574494227e+01
-5.072034653697356532e+01
-4.005301889999472564e+01
-2.782847264457608105e+00
-4.972886193315261494e+00
-1.705924877160873265e+01
-4.238669264419550586e+01
-4.186990025606310439e+01
-3.883605942595766436e+01
-3.564441184982903366e+01
-5.323630584931372312e+01
-7.239181723491333287e+01
-2.797746669204095937e+01
-3.738020638497004455e+01
-5.839711014427724933e+01
-3.881312486976772647e+01
-4.781114557927541142e+00
-1.553646935444550437e+01
-4.759479604262959640e+01
-1.439593751357932661e+01
-1.928513611571542086e+01
-3.873222501573401644e+01
-4.275213309318246502e+01
-3.679322404137755598e+01
-3.275075600909670470e+01
-3.523460114021523282e+01
-5.323630584931372312e+01
-3.745970334483848063e+01
-4.897432069563106438e+01
-3.801951052362702654e+01
-1.782847264457608105e+00
-7.166591258121922436e+00
-2.114353419313814442e+01
-2.955719531921666032e+01
-4.378982781203276176e+01
-3.323047276232898639e+01
-3.823614875848085148e+01
-3.991882566598462745e+01
-2.831236242525885061e+01
-3.775704558199355887e+01
-2.934678948041830893e+01
-4.527161596617970929e+01
-4.756943524320796968e+01
-3.045395469847731462e+01
-3.970857570225362565e+01
-3.964468944303446563e+01
-1.800654519520929142e+00
-5.339266512577677304e+01
-1.391893748689821209e+01
-6.079013103625861447e+01
-4.575472096037067615e+01
-4.676171425447276420e+01
-7.214807219223740731e+01
-4.719361060510379957e+01
-4.158152866028637362e+01
-3.957589887336363432e+01
-4.852256639218685308e+01
-1.782847264457608105e+00
-5.636068540422974138e+01
-3.356793387492244563e+01
-7.500149112997510770e+01
-1.800654519520929142e+00
-4.405944619095414794e+01
-3.804550630912660836e+01
-1.950480169288520216e+01
-1.542389876944378813e+01
-5.331195142455950275e+00
-1.023485185982875834e+01
-1.782847264457608105e+00
-4.076365691605567321e+01
-4.276524665825357374e+01
-7.430160301662741063e+01
-1.950480169288520216e+01
-1.310355902713825671e+01
-2.271328937393067449e+01
-4.241139540379622019e+01
-3.422716960953196974e+01
-1.606310924238663773e+01
-6.188676960993827691e+00
-4.394089500619939059e+01
-5.331195142455950275e+00
-4.930340878327620402e+01
-2.827203088443601686e+01
-1.294002350214236330e+01
-1.180233755423914133e+01
-1.322205950422944909e+01
-3.659761773637306703e+00
-4.747357486994765452e+01
-3.860256992395850517e+01
-3.448139841116495319e+01
-7.831195142455950275e+00
-5.447186449724245705e+00
-4.536127289758751147e+01
-6.918865249906956194e+01
-5.368980870672930905e+01
-4.811888336360521379e+01
-1.023485185982875834e+01
-2.695822989121761992e+01
-3.129536804410485118e+01
-9.135380923090082206e+00
-5.022229468562323973e+01
-4.823861149305574259e+01
-1.023485185982875834e+01
-1.086406803139912114e+01
-5.024078617362569332e+01
-4.915612031866422171e+01
-4.428206366909748226e+01
-1.500485203434199022e+01
-1.800654519520929142e+00
-3.213799244765813512e+01
-4.372603948144937647e+01
-4.509191044461435638e+01
-4.156697390752624699e+01
-1.264969686227432888e+01
-1.784334414812474989e+01
-2.336311479567430283e+01
-3.282107662198340137e+01
-1.500485203434199022e+01
-1.086406803139912114e+01
-1.004528110564413979e+01
-5.331195142455950275e+00
-4.082019471382930931e+01
-2.697099579083245047e+01
-9.214067259745795013e+01
-4.592300543660044809e+01
-3.860256992395850517e+01
-4.090815870561208811e+01
-1.410067623048231766e+01
-5.472695573013342596e+01
-5.285196907712489178e+01
-6.874466188635489061e+01
-4.241139540379622019e+01
-4.037822351980426561e+01
-2.074242266855787165e+01
-4.720726451409538527e+01
-7.488817435095313613e+01
-1.023485185982875834e+01
-3.860256992395850517e+01
-1.928513611571542086e+01
-4.580729592417048934e+01
-3.601841532792778366e+01
-5.090175834538323585e+01
-3.546957533526057205e+01
-1.742146778326056733e+01
-4.241139540379622019e+01
-4.121895967393102467e+01
-5.037055393985352225e+01
-2.627896478023863835e+01
-2.746405096408394542e+01
-3.883605942595766436e+01
-1.782847264457608105e+00
-1.410067623048231766e+01
-4.079005113243295000e+01
-2.123589321748476877e+01
-3.213799244765813512e+01
-4.122179020286522189e+01
-1.451154490087874294e+01
-4.159409824731760352e+01
-2.649745523423990434e+01
-1.206385389765272151e+02
-1.886174422257635186e+01
-1.086406803139912114e+01
-1.840930475113498943e+01
-4.367445473246744569e+01
-4.830242663622280475e+01
-6.421719641071195639e+00
-7.489527064295322134e+01
-4.241139540379622019e+01
-3.239679312674608980e+01
-1.785665036296163066e+01
-2.377097629586718952e+01
-4.028557339442096463e+01
-4.895713176961367452e+01
-3.659761773637306703e+00
-3.930517856066299487e+01
-3.293133980962682728e+01
-1.928513611571542086e+01
-5.382252027626801549e+00
-6.421719641071195639e+00
-3.812850938858736072e+01
-5.382252027626801549e+00
-3.996619519524467989e+01
-5.916903623933077228e+00
-3.795048909607534426e+01
-6.975659671598353384e+01
-1.667316438905487530e+01
-3.787979193628110863e+01
-3.432184500902930324e+01
-4.060909788866028691e+01
-2.998358337113721461e+01
-2.998358337113721461e+01
-1.950480169288520216e+01
-4.179395017399544088e+01
-3.535235813648651515e+01
-3.776061481354464888e+01
-3.797130403245002128e+01
-6.867845510541247478e+00
-2.946070352682616544e+01
-5.409593234473314283e+01
-6.924755698328456788e+01
-1.990297766526622070e+01
-3.650301323362432981e+01
-2.437439698912400488e+01
-4.011833989836271996e+01
-4.046881356944221864e+01
-7.405598935510870717e+01
-2.831236242525885061e+01
-5.801826537440584275e+01
-5.621348427127944092e+01
-3.595238416902424916e+01
-4.083067731667607347e+01
-3.580954064730961761e+01
-3.221320625220658940e+01
-1.203983369108434118e+02
-3.090255321141601641e+01
-3.319878023942069944e+01
-7.166591258121922436e+00
-3.537082754281399843e+01
-4.781114557927541142e+00
-3.860256992395850517e+01
-3.860256992395850517e+01
-6.399809598292917912e+01
-4.241139540379622019e+01
-4.917428700964200061e+01
-3.213799244765813512e+01
-4.219420518733915060e+01
-1.500485203434199022e+01
-5.236345223366418367e+01
-3.581352910389189503e+01
-1.950480169288520216e+01
-3.213799244765813512e+01
-3.860256992395850517e+01
-2.955719531921666032e+01
-1.183341927844205230e+02
-4.789051158945154896e+01
-1.086406803139912114e+01
-7.431237310779772542e+01
-3.848570366199361104e+01
-1.086406803139912114e+01
-5.580140074391219684e+01
-4.894467634039887116e+01
-3.774898194761431114e+01
-3.965352886124820486e+01
-6.421719641071195639e+00
-1.160355902713825671e+01
-1.950480169288520216e+01
-7.166591258121922436e+00
-2.678597669709512274e+01
-1.346587109273449911e+01
-4.148949126814616761e+01
-3.979178114003902067e+01
-2.805853867464042040e+01
-5.284445819985074877e+01
-3.925342195961057001e+01
-1.384769639088014515e+01
-6.262599293641187614e+01
-4.288440530264266215e+01
-4.359077279005994399e+01
-2.603895938624128448e+01
-2.139955571495280395e+01
-8.134626456793490945e+00
-6.353651392465664571e+00
-2.606150448654979002e+01
-1.800654519520929142e+00
-2.713229786993983694e+01
-1.086406803139912114e+01
-1.782847264457608105e+00
-4.897680271549123887e+01
-4.184978128541215625e+01
-1.691351078215099335e+01
-2.754204444171254806e+01
-4.704551114198989126e+01
-2.053452855534713350e+01
-7.166591258121922436e+00
-1.698449864625773742e+01
-2.054311208155924007e+01
-4.625522596942073505e+01
-4.929899895809859345e+01
-2.247598429765824690e+01
-7.496571312151675670e+01
-4.618820324509820807e+01
-1.727527999064630038e+01
-4.881538651501094250e+01
-8.547895273832970986e+00
-3.667925556839287538e+01
-2.739391283952456391e+01
-5.148583465916838975e+01
-3.172565012507097748e+01
-2.064229583367297494e+01
-4.230898679449477129e+01
-3.785454545533237791e+01
-3.934423392240092454e+01
-4.822063348182392417e+01
-2.054311208155924007e+01
-2.054311208155924007e+01
-4.972886193315261494e+00
-4.136967986076296455e+01
-3.650045862876498148e+01
-3.501682914371791355e+01
-2.010608421677352453e+01
-3.788180213620565695e+01
-5.124115466795765883e+01
-6.135966781978316220e+01
-1.086406803139912114e+01
-4.562837663344123484e+01
-1.338825382265864761e+01
-5.755315223992181473e+01
-4.065893156614626491e+01
-1.164172788409670289e+01
-3.596027706152820258e+01
-3.795076305872923683e+01
-3.568807597455356984e+01
-3.792193868521778199e+01
-1.717424447963899325e+01
-4.300654519520929142e+00
-8.280605856467605008e+01
-2.880799425581630402e+01
-4.178162185045785293e+01
-2.698192985116079967e+01
-2.316509171232854314e+01
-4.045804422850885373e+01
-5.184865413265747236e+00
-3.844585210810208764e+01
-5.594276474088835016e+01
-2.054311208155924007e+01
-1.928513611571542086e+01
-7.166591258121922436e+00
-1.023485185982875834e+01
-3.729049368624522742e+01
-2.929586726956687315e+01
-3.394672511014196203e+00
-5.011634633301551389e+01
-1.829134291587465455e+01
-2.924362229941415592e+01
-2.529666038702473685e+01
-4.972886193315261494e+00
-2.261543114563924917e+01
-3.240346344536095557e+01
-3.627579658249721462e+01
-1.160355902713825671e+01
-3.536995805973627682e+01
-3.702664148758408658e+01
-1.223485185982875834e+01
-3.471641247355849913e+01
-1.531420993118704388e+01
-5.575105871407529889e+01
-7.166591258121922436e+00
-3.401008671394909300e+01
-2.790626923725015729e+01
-1.928513611571542086e+01
-2.665602355814196756e+01
-1.976593832806155859e+01
-1.171009986300937555e+02
-4.227071257467454757e+01
-5.128853168541311902e+01
-4.856111515883590357e+01
-4.645506719559406150e+01
-9.785990295605341061e+00
-4.162685601564138693e+01
-2.939226160051669723e+01
-3.962732198211655543e+01
-2.506281508589313844e+01
-1.950480169288520216e+01
-3.328720113232163413e+01
-3.429643456447152516e+01
-3.508989440543419391e+01
-3.763086252284416844e+01
-9.445188935139390196e+01
-2.882448762473783788e+01
-4.701665606361561345e+01
-1.145812405074038338e+02
-1.928513611571542086e+01
-3.861020990069820868e+01
-4.103560074593484330e+01
-4.934886269886252563e+01
-2.082081401363736362e+01
-5.888380594552882030e+01
-1.874981541035274546e+01
-1.668744703375738681e+01
-1.820636806995279144e+01
-4.995106020978506933e+01
-3.899883163898115157e+01
-2.624643566141831741e+01
-3.488392568988822262e+01
-9.608579133613653767e+01
-1.950480169288520216e+01
-1.338825382265864761e+01
-3.659761773637306703e+00
-3.636891574754474021e+01
-3.954968942208941485e+01
-4.093353063020371962e+01
-2.794830022720062956e+01
-3.906183755765600552e+01
-4.724921559911537372e+01
-1.500300103016320818e+01
-4.404663055031255681e+01
-2.646107400832610423e+01
-5.243157837579595082e+00
-1.950480169288520216e+01
-1.159034627367027426e+01
-4.930765512569967512e+01
-3.626706524073014748e+01
-4.781114557927541142e+00
-5.794900976419333460e+01
-2.691842622417814113e+01
-2.779341326838732584e+01
-3.860256992395850517e+01
-3.810390960130565219e+00
-2.928534293380996800e+01
-1.992476468695798175e+01
-2.936270693943052734e+01
-1.739905091089295652e+01
-5.427720159942474254e+01
-4.634051510584214384e+01
-3.376639410872687108e+01
-3.883605942595766436e+01
-1.800654519520929142e+00
-3.376639410872687108e+01
-1.160355902713825671e+01
-4.160784540989622826e+01
-5.121037041461103456e+01
-1.139989217220702642e+02
-1.500485203434199022e+01
-1.932598548873975730e+01
-3.627721895725495926e+01
-5.156765245327140690e+01
-4.096670322502798456e+01
-3.659761773637306703e+00
-2.368201395200348713e+01
-1.160355902713825671e+01
-3.087662212325921374e+01
-1.800654519520929142e+00
-1.556530043441788536e+01
-8.667727468073927355e+00
-3.813115881607052415e+01
-1.670431506953227796e+01
-2.744646152678064510e+01
-4.184736410555316866e+01
-4.173728069161222720e+01
-2.390198656498301943e+01
-2.074242266855787165e+01
-1.202098942896321532e+01
-1.584688528620575809e+01
-3.938421780498874369e+01
-3.516541525094304177e+01
-5.494168390279295977e+01
-3.860256992395850517e+01
-5.770630721091453097e+01
-5.782847264457608105e+00
-1.086406803139912114e+01
-5.097427085703478156e+01
-4.093965238438293852e+01
-2.745986926163907427e+01
-8.173250511030563814e+01
-4.108707544483422680e+01
-1.963367944790509512e+01
-1.500485203434199022e+01
-4.970592474128832805e+01
-3.860256992395850517e+01
-2.111570558085528049e+01
-3.654850695248173054e+01
-1.500485203434199022e+01
-2.066551883647616705e+01
-3.800884825357091046e+01
-2.416509171232854314e+01
-3.659761773637306703e+00
-2.793524933289200618e+01
-4.052226479703884365e+01
-1.299877070011425246e+02
-2.882039274573327248e+01
-2.041909581131029228e+01
-1.338825382265864761e+01
-1.094388083182074922e+02
-3.452660987198198228e+01
-3.806088836579468193e+01
-1.742146778326056733e+01
-8.667727468073927355e+00
-4.042202676778030934e+01
-1.129351581021573310e+02
-2.737037525891678058e+01
-3.674406672411569730e+01
-4.111174291344993037e+01
-4.687287945235165409e+01
-1.605309349563647814e+01
-4.336566694559203938e+01
-2.859026865901137526e+01
-4.156726039885204216e+01
-3.860256992395850517e+01
-2.831483079220837595e+01
-1.127018721818633935e+02
-4.500449404963313782e+01
-3.659761773637306703e+00
-1.410067623048231766e+01
-6.421719641071195639e+00
-4.010565760513462408e+01
-7.752512049510404779e+01
-5.051401697877476238e+01
-1.210355902713825671e+01
-4.241139540379622019e+01
-1.939050786688153494e+01
-2.675312649911505858e+01
-4.848991989513665146e+01
-4.241139540379622019e+01
-5.794900976419333460e+01
-2.780929586614340820e+01
-3.933605942595766436e+01
-3.412408180149199666e+01
-3.242737392781126005e+01
-1.829949867839115640e+01
-4.074847218104852686e+01
-3.911275762092699892e+01
-3.976104442860561505e+01
-6.421719641071195639e+00
-7.305823728118062377e+01
-7.044874522425195096e+01
-3.745604152044744239e+01
-1.963367944790509512e+01
-3.922440233302695134e+01
-7.399091670921620789e+01
-3.490690475863592468e+01
