-4.926995427453182685e+01
-1.259072898063693344e+02
-1.487098789000632237e+01
-6.304078754914351634e+01
-1.160336527765295216e+02
-4.584046426593172896e+01
-3.097934837801779651e+01
-2.548371613793617030e+01
-3.673324107915264847e+01
-5.115341858563221678e+01
-6.465993909860695510e+01
-1.205231372415923907e+01
-2.408530302538639134e+01
-2.780560721110853706e+01
-4.899500515702984416e+01
-1.607085552931095762e+01
-2.031822981597785827e+01
-1.524504672846516584e+01
-1.603329097926742008e+01
-1.134447883968204529e+01
-2.989827881599628867e+01
-8.501590625529458123e+01
-4.703894421907389045e+01
-1.782014758285033551e+01
-2.185950086757208055e+01
-1.393062169640308667e+01
-2.086370474291936716e+01
-3.804579839875368918e+01
-1.489128325448954371e+01
-6.003465758472287206e+01
-1.174739975736780728e+01
-1.579673511037889355e+01
-3.565217816442866194e+01
-8.669918103370385154e+01
-4.730316763113119549e+01
-2.138300990160232118e+01
-1.311423044192783927e+01
-1.841402928979125520e+01
-2.418323699952606987e+01
-1.114944706374727978e+01
-6.080787809483634021e+01
-3.059321226458476772e+01
-1.386975992554138060e+01
-1.671256192141386876e+01
-7.521032602586240046e+01
-5.426013187363553669e+01
-2.942965464600329994e+01
-1.351224194014742963e+01
-9.114433601970228338e+00
-6.468718463411386210e+01
-1.169468661993651608e+02
-4.875038840781670757e+01
-1.015160841358658672e+02
-5.275246716573956007e+01
-3.865826025340063410e+01
-5.682936327897911610e+01
-5.888145592542899465e+01
-6.052326732537937204e+01
-6.998338450866320670e+00
-4.391357775639554006e+01
-1.167986106801967061e+01
-1.375407559332076346e+02
-5.624461196500826077e+01
-3.183248406762860938e+01
-2.203720926658100154e+01
-9.571324593388974122e+00
-4.357783471784015461e+01
-1.483933998217232819e+01
-4.321526596925131969e+01
-2.544660355877818603e+01
-1.905783309088268140e+01
-2.307655097923427689e+01
-5.912820115895883788e+01
-1.369377237127171156e+02
-2.858271303518909079e+01
-9.369253632169885293e+01
-1.306497242626057869e+02
-1.039000784111033759e+01
-1.001643585856533392e+01
-3.031802075517630257e+01
-2.335916089488469538e+01
-2.803378079179612570e+01
-1.141935335487211489e+01
-2.401632296843018111e+01
-5.465746330408136089e+01
-1.104101923721038858e+01
-8.504834224984044511e+00
-5.360939269542839725e+01
-2.047003979645995031e+01
-4.535765342350433826e+01
-1.733314231777238490e+01
-5.480892462311939539e+01
-5.188634782302670345e+01
-5.204656380003807215e+01
-4.276944403837982378e+01
-1.373782193454007050e+01
-5.854923616911220563e+01
-5.857475103084904333e+01
-4.623713505349559227e+01
-1.250159127066314824e+01
-3.343963443898330468e+01
-1.387218605674407286e+02
-4.656433173448739637e+01
-1.074501310633425533e+01
-5.577995601313723739e+01
-1.139007676992815554e+01
-7.931507195481501071e+00
-3.990550505325538921e+01
-1.160772028266691791e+02
-3.421388884670073338e+01
-8.413606241290506205e+01
-2.127574346837310770e+01
-8.738527390716141952e+01
-5.073432311236790326e+01
-1.210187471612606771e+02
-5.817741142029355927e+01
-2.345154342879775555e+01
-1.113007611241800809e+01
-4.841565707168930999e+01
-3.310765471986862707e+01
-2.042190749201053634e+01
-4.478093375504888485e+01
-1.325169729040243816e+01
-1.203888483779001746e+02
-5.822445613374424767e+01
-7.896949595134360678e+00
-9.250765676375885960e+01
-1.977283804321723437e+01
-1.830342457101656706e+01
-1.281618683975020545e+01
-5.768090945462940766e+01
-2.037142503486351686e+01
-1.924414253264525598e+01
-1.116573008058925254e+01
-1.525721452795890798e+01
-1.251115823511108438e+01
-1.439740058365117292e+01
-2.496321562380864378e+01
-3.293148735004442074e+01
-1.024309425785303489e+02
-2.731577788485832770e+01
-1.306123144553551363e+01
-2.528379086663017361e+01
-4.639854864142020574e+01
-1.580066418203367462e+01
-6.103116645344150015e+01
-5.409409132852094615e+01
-6.983183007571919632e+01
-2.099831735012242717e+01
-9.867796778835469240e+01
-1.284915644744011942e+01
-9.139961494146398024e+01
-9.501663103204116112e+01
-3.740280868345936227e+01
-1.605642102785967040e+01
-3.504147519159726443e+01
-2.668562276392626487e+01
-4.090573698500260491e+01
-3.877720682250628670e+01
-3.239118211454200491e+01
-5.769082711280215392e+01
-1.890968923980261707e+01
-2.479780070823604277e+01
-3.588861601886604547e+01
-3.851317461114995666e+01
-4.464995607335927730e+01
-5.507833559229205633e+01
-4.614959666565283669e+01
-1.138211899985233231e+02
-1.333238103950336395e+01
-9.472878124283857915e+01
-8.897344001383714840e+01
-9.589221166077706471e+00
-4.450018442817020059e+01
-4.044278398987540157e+01
-1.589844659283640915e+01
-5.226740059992933851e+01
-2.162079793384659965e+01
-5.925423684583719108e+01
-2.154798807701020991e+01
-1.804725315917905348e+01
-5.209113353219760967e+01
-6.224770372291671094e+01
-6.502068265320434648e+01
-1.355383694811823503e+01
-3.025850362569659069e+01
-5.006356667108872927e+01
-2.415928134018443529e+01
-5.949993601841492108e+01
-1.638876378024092517e+01
-1.509981305077062430e+01
-8.090546300064596608e+01
-4.779728183285260457e+01
-4.333982579566369253e+01
-5.879893437039063997e+01
-2.300746305400488012e+01
-6.017967633672496675e+01
-4.658325114561020541e+01
-3.621944228057598991e+01
-3.283446619282418055e+01
-1.547001938988020697e+01
-8.430119444212737179e+00
-5.920718034055498435e+01
-1.713023077406039363e+01
-1.869264298336387142e+01
-1.729839185670856594e+01
-3.742464156854726554e+01
-1.364250264027157300e+01
-6.973958243141295554e+01
-1.242069268643555091e+01
-4.095884306535945996e+01
-4.638580784891082232e+01
-1.826817044004559421e+01
-4.264388338687656699e+01
-5.267804624761716781e+01
-2.991716992433473621e+01
-2.562290526673394098e+01
-4.520882537863015926e+01
-1.283452565174427562e+01
-1.160558552460250752e+02
-4.747239203060140511e+01
-6.275676140688798199e+01
-3.007074878229384751e+01
-2.755008042131860435e+01
-2.209391052375510256e+01
-1.378420850431508349e+01
-1.444589065869203282e+01
-1.419131975724309882e+02
-1.417169608212761034e+02
-1.650919855082007004e+01
-8.170940262577074975e+01
-5.637466632115804543e+01
-2.688157078200204353e+01
-4.351624054860759827e+01
-3.207198442844806152e+01
-4.852706433655570351e+01
-2.359306280993302707e+01
-7.685417469017367864e+01
-5.240742171959850815e+00
-2.412775095284711213e+01
-3.952816148669949570e+01
-6.543312203290113871e+00
-1.450316689527436864e+01
-5.438270512729378225e+00
-1.714430967269183270e+01
-6.283083814731918793e+00
-2.353558835310730402e+01
-1.793089903425229181e+01
-1.537906837619016898e+01
-9.700303256434401078e+01
-5.721316681608209365e+01
-9.673517205262580632e+00
-6.046874678611948895e+01
-3.262533616041865514e+01
-4.988748935037710908e+01
-2.537718365056499437e+01
-2.298900732992299112e+01
-1.530405976625042364e+01
-3.984121196668342435e+01
-1.033648985278022181e+01
-1.064273144462187837e+01
-6.406594974673960508e+01
-6.093142802314982731e+01
-4.544413378599953290e+01
-7.542961065086264227e+01
-1.395048825872242126e+01
-1.187837331674315777e+01
-2.681454549712924518e+01
-6.711265131359783531e+00
-3.385458023862603483e+01
-4.092299113279832312e+01
-5.993443902701547898e+01
-7.139384506662496221e+01
-8.395513900759611658e+01
-5.229010202135914653e+01
-2.216799852552670558e+01
-6.518984103256026508e+00
-1.432062549074936086e+01
-4.276749666067885869e+01
-1.675039289760425731e+01
-3.264406728469212737e+01
-3.959904186723264274e+01
-5.383589607556535128e+01
-4.432559160678087551e+01
-1.232797437907462523e+01
-1.486553040962466810e+01
-3.266246973246210672e+01
-2.872165624433121778e+01
-5.125463550800739654e+01
-6.400273493965624283e+00
-2.234061116280204118e+01
-6.187177110223282739e+01
-9.408847840746824431e+01
-1.306252783488270097e+01
-1.499613258943582750e+01
-9.714978746256706543e+00
-3.692423417276070552e+01
-5.327231291362824805e+01
-1.480821163584469069e+01
-1.448172589875373895e+01
-4.412540954274317073e+01
-3.254307067028304346e+01
-6.428892897510695548e+01
-4.380424688976496128e+01
-9.153248578274023828e+00
-5.873174694993481104e+00
-8.692347025699370988e+01
-3.807656280238719404e+01
-8.840143684207964370e+00
-4.004443778816859378e+01
-4.528807474167619773e+01
-2.160646249813252595e+01
-5.225006710827237555e+01
-1.436577147032062740e+01
-6.158646887425292249e+01
-9.814416764164992202e+00
-8.237627740971216639e+00
-6.642322422138222215e+00
-1.352535163942883756e+01
-2.404046180811621980e+01
-7.351180225834376358e+01
-4.206910821071074480e+01
-3.625313907383456780e+01
-2.001621054855633020e+01
-6.759534495106277063e+01
-6.500482912241646716e+01
-4.639219168312026653e+01
-5.832924728892197663e+01
-9.372855851336409216e+01
-1.151606823670270217e+02
-5.514619332951121322e+01
-5.557486912719080152e+01
-1.506596667412829937e+01
-5.542059622084211412e+01
-4.589066008074711078e+01
-7.269202779069510711e+01
-7.217048066741437395e+00
-1.857382990649823284e+01
-4.236321242395655418e+01
-1.656859362321067053e+01
-3.472034395153735886e+01
-5.482318444362735477e+01
-1.047958348571665965e+02
-4.868917519273148287e+01
-2.601848966765530946e+01
-2.789587051650259042e+01
-3.110335587398872192e+01
-3.466123164128772061e+01
-3.315925260792594997e+01
-3.537254337214207567e+01
-5.788456661012038751e+01
-4.962150456765434114e+01
-5.619677400565390002e+00
-2.578145674784953911e+01
-3.245656015274355610e+01
-1.306542294819018935e+01
-5.020892542861678010e+01
-2.839865137114931670e+01
-4.978903862988348550e+01
-1.895029942613849983e+01
-1.323357589727949879e+01
-1.134212984651220779e+01
-1.274585697184581647e+02
-1.228283836363110311e+02
-9.687461693993181910e+00
-1.362429279969466300e+01
-2.048538157179969232e+01
-4.797842317103258125e+01
-6.054700757013836920e+01
-1.859201098677202069e+01
-1.235987356221185820e+02
-1.144173933131462029e+01
-4.569266651024273784e+01
-3.995058944513635169e+01
-7.919924135424788858e+01
-1.310995466290206934e+02
-1.142601439567029509e+01
-1.292022034060394731e+02
-2.520973424009076069e+01
-4.017744168734100185e+01
-6.530181448887249474e+01
-4.931742188275280547e+00
-5.382621524605106345e+01
-1.032907355636936231e+01
-8.211301838602480530e+00
-9.143756710820304079e+01
-5.555823527372736237e+01
-6.637311499276327353e+00
-4.058621487758210833e+01
-4.229355253059997821e+00
-5.782814999557754021e+01
-2.784425583112659552e+01
-4.681551848229115365e+01
-5.409055652374070178e+01
-1.150154306875282906e+01
-4.877068430730991366e+01
-7.360735549535751154e+00
-1.461945962287429701e+01
-4.830331754886509543e+01
-5.786037213299207593e+01
-7.299674851341237947e+00
-3.262579296047080391e+01
-3.956175446896108383e+01
-2.789006262990450935e+01
-1.003757340519540691e+02
-2.442550426245271922e+01
-2.522349599386117447e+01
-2.740945492148440721e+01
-2.714592182970839573e+01
-1.123366833972627532e+01
-8.332469842520646708e+00
-5.446718982176829371e+00
-1.461390297449830200e+01
-2.434990216652800399e+01
-2.311072630769171354e+01
-6.856049249598069650e+01
-3.298880165987170443e+01
-5.957879867482247960e+01
-1.876720460863467821e+01
-2.717061683881135536e+01
-4.132109127433329121e+01
-2.203271473358226018e+01
-2.340633351010509955e+01
-5.436832277898150068e+01
-6.322227934288757467e+01
-3.580779382156859469e+01
-4.164260889870435278e+01
-5.535994062016914796e+01
-5.332805358673270746e+01
-2.504835520543388938e+01
-7.971718438207791912e+00
-3.418923755781446516e+01
-8.809759822492233639e+01
-4.516984608925363176e+01
-4.244689754995918207e+01
-1.374768044354484431e+01
-3.389074068394675976e+01
-7.354226192952641838e+01
-7.955332613864543490e+00
-1.289607091155789398e+01
-3.527544537857590967e+01
-2.992265631911715573e+01
-2.996197647691384702e+01
-7.710621274544394055e+01
-1.304973737381288572e+02
-1.159602771624488859e+01
-9.733345417677847422e+01
-6.403990139646961666e+01
-3.114462261534846377e+01
-1.277526682111593175e+02
-1.136308709460625366e+01
-1.578517192343708864e+01
-2.018537421081830630e+01
-1.704011978605854694e+01
-5.219428504926763424e+01
-2.358692175815654579e+01
-4.443554650510856163e+01
-2.514513884226428786e+01
-2.567395298048066010e+01
-1.556770553755848852e+01
-7.286031180038672517e+01
-2.043155915980003101e+01
-5.415323634942649988e+01
-3.395263447328365913e+01
-7.694733127773184300e+00
-1.323379735477738528e+01
-1.838095378242420352e+01
-2.543625577501145685e+01
-1.404700708259680653e+01
-5.596295723842383296e+01
-3.803148381700882652e+01
-1.984555468943799994e+01
-9.445034570977993482e+00
-9.140425451725413097e+01
-4.292999326783368730e+01
-1.579774033313076487e+01
-4.405631407900763463e+00
-2.820643004297761891e+01
-3.300970503373766718e+01
-4.257685067025938963e+01
-3.445555181344896312e+01
-2.819408384101091869e+01
-7.751405077848208691e+01
-1.513485311196847860e+01
-3.406138006202066748e+01
-1.579036695489382325e+01
-3.759502244592293607e+01
-9.842602233681180479e+00
-1.343344085340118177e+01
-4.753140121143520958e+01
-2.141079864927475640e+01
-2.379995980244294529e+01
-2.193360199705001179e+01
-5.750400299124588344e+01
-3.043365697730635944e+01
-1.782409273643025927e+01
-7.547982431190599861e+00
-4.843510012123833519e+01
-1.356063577682202492e+01
-1.382057225648649101e+01
-5.685229190319624593e+00
-6.970398282764426767e+01
-7.047391505667074796e+01
-2.575546161579756088e+01
-5.174025923249671166e+01
-6.210372684815276045e+00
-1.351101389686574272e+01
-1.475998303422971247e+01
-4.938020570902597228e+01
-1.292770537235991668e+01
-2.434119126652655396e+01
-6.836504022711284279e+01
-2.741916565891329682e+01
-6.479164939780365451e+00
-3.030283090319345618e+01
-3.432613252753992583e+01
-5.807772406402827414e+01
-1.326572276071328531e+02
-1.078076535909448097e+02
-2.765771540239017767e+01
-4.710198666123092437e+01
-2.263293958030955366e+01
-1.567497631166761352e+01
-4.686329141240736362e+01
-2.777317085538814467e+01
-3.220728148366820420e+01
-5.649082710527353868e+01
-5.015616181427628817e+01
-3.483151979166068202e+01
-2.996168098350581843e+01
-5.535864503587045959e+01
-3.747669559227190206e+01
-6.717048066741440060e+00
-1.686486282422323768e+01
-1.144272618540134800e+02
-1.722542088806542893e+01
-1.327254170301891634e+01
-1.186789928443797493e+02
-2.033646281919940080e+01
-1.513686534775851733e+01
-2.570449442017335784e+01
-1.523080279724702635e+01
-5.275284332599531467e+01
-2.956753064215477522e+01
-1.070464502076786850e+01
-3.738132207425535114e+01
-6.617048066741439527e+00
-1.621975199979344495e+01
-2.384360095643735633e+01
-4.340483119437332959e+01
-9.448579012033547997e+01
-4.698838936344647266e+01
-9.002706506380346241e+01
-3.202251527918431151e+01
-1.266444479546517954e+01
-1.044171288834792790e+02
-1.587746987438452884e+01
-1.226259816034418151e+02
-1.941604613663698586e+01
-1.372014119401409538e+01
-2.101997028172343818e+01
-3.593900868043498065e+01
-5.589811228688929390e+01
-2.852998015806123533e+01
-1.319622062667536397e+02
-1.428245390811293447e+01
-6.979656428919609823e+01
-2.187650978308993999e+01
-1.865256691762279573e+01
-3.938695780848239991e+01
-2.682391173580380794e+01
-2.280048379446782292e+01
-5.983913938995912218e+01
-2.575868694769989276e+01
-2.356107109003336220e+01
-5.566174843295249275e+01
-1.987493301696508041e+01
-4.999127206562241099e+01
-2.651788516122732986e+01
-1.405995323376416479e+02
-4.496611501036257152e+01
-5.650281769308458024e+01
-1.987948907678779520e+01
-1.632295375449393049e+01
-2.762098466519879025e+01
-6.959769569038772374e+01
-1.258404698022334145e+01
-2.170896358454685782e+01
-2.422926922267021510e+01
-1.714133537558465648e+01
-5.454525648809691774e+01
-1.215643830701975858e+01
-1.317062085797235227e+02
-1.690614177832452114e+01
-7.850843759283224088e+00
-9.851371075045818770e+00
-2.267083766620369190e+01
-1.515429143676876578e+01
-1.458245390811293341e+01
-1.386593656780956110e+02
-1.710073687432056033e+01
-1.944748233261663373e+01
-2.667871970379449209e+01
-5.855301156353378644e+01
-1.448245390811293376e+01
-3.057416670614377807e+01
-3.871012286833803984e+01
-6.728702752935555509e+01
-5.693670992822472954e+01
-1.785396220993848004e+01
-3.595313907383456353e+01
-7.218667611774210968e+01
-6.843925022758335786e+01
-2.997928556048259807e+01
-1.561339197048463845e+01
-1.991298795085904061e+01
-4.808500061657018421e+01
-2.597719906824884717e+01
-1.565938435980386956e+01
-2.074555330404571407e+01
-1.075890697045906705e+02
-4.254759055566478310e+01
-7.926000887559304431e+00
-2.926049281334445951e+01
-1.687057595767004514e+01
-1.907807107715690265e+01
-1.218534508807035621e+02
-1.031798700040219785e+01
-1.966320283664841284e+01
-2.690648309992689136e+01
-5.210663990851133320e+01
-2.147573645602621184e+01
-2.006728734965801308e+01
-4.744495171216582463e+01
-2.944213948081971566e+01
-1.705347801488951021e+01
-6.872908220482078434e+01
-2.073810888727887303e+01
-9.976545779817790560e+00
-1.382342049748828003e+02
-9.046928596505613029e+01
-1.219286001120025276e+02
-3.591891199784959809e+01
-2.444680055009492037e+01
-3.595313907383456353e+01
-2.897483277193030560e+00
-3.730434508044191233e+01
-2.330604782808506670e+01
-8.583923400933336723e+00
-2.569070648631929643e+01
-2.261294943470501195e+01
-1.608988383262327204e+01
-2.764962242427517225e+01
-2.654979668343412413e+01
-3.612661733816467802e+01
-5.029008843797348050e+01
-5.558006050727917824e+01
-4.905617973139309385e+01
-4.911560957090176061e+01
-2.624820261762137363e+01
-4.794499318049399506e+01
-2.715326955354634109e+01
-8.710969784641854119e+00
-4.621923757800558974e+01
-3.000228396302324896e+01
-1.302492844106638614e+01
-1.093045845553582467e+02
-1.395709611831961894e+01
-6.255541562016732726e+00
-8.210919978445421208e+00
-4.938330684083316413e+01
-3.846179695683443356e+01
-2.794019505452433805e+01
-1.232228453890092510e+02
-6.463274627233563763e+01
-5.523673979383377031e+01
-1.453261867697535763e+02
-1.419097624746461328e+01
-5.525623497253475591e+01
-1.031798700040219785e+01
-1.290216454187843738e+02
-5.858661299559723545e+01
-3.307111719698298913e+01
-4.474215578632203716e+01
-4.546908357109949606e+01
-1.676486282422323626e+01
-1.994525552467538176e+01
-1.338500186486924370e+01
-3.831097184157092528e+01
-1.316374915658074087e+02
-2.474363495827651249e+01
-5.286024320909606899e+01
-1.470825318470101806e+01
-1.421554644632341535e+01
-2.205872809000832646e+01
-3.132241046605401280e+01
-3.493905252632227132e+01
-3.544018908157391934e+01
-6.005302481724545771e+01
-7.213047593923842271e+01
-3.280113862974032912e+01
-1.335132346579672458e+02
-1.358051939821657861e+01
-2.155147305886058362e+01
-2.547169654473671585e+01
-6.771431041749599444e+01
-1.113264143784210916e+02
-2.031715026177908356e+01
-1.031798700040219785e+01
-6.517048066741439882e+00
-3.860682249285058276e+01
-7.754490289524854063e+01
-1.348523326238324849e+01
-1.511450230326525990e+01
-5.841842381391874994e+01
-1.588659958820558060e+01
-4.788371689881483917e+01
-3.135117233973071293e+01
-6.953205267447835070e+00
-3.599310259373829268e+01
-6.095050209852338696e+01
-4.763525770297825090e+01
-3.470841924671555034e+01
-4.760751548699824554e+01
-6.754612123581750893e+01
-1.300297708168003652e+01
-5.902871002751385276e+01
-4.895958541691241805e+01
-6.526536257764294469e+00
-4.667239382203405285e+01
-2.531002169537735824e+01
-4.485152583592842035e+01
-1.251370064619320743e+02
-4.566853363173753877e+01
-1.375835505838784556e+01
-6.723410346874487686e+01
-3.725062935466489478e+01
-3.459299064444228833e+01
-6.634660980665108809e+01
-7.677430120975662931e+01
-4.481698549089139050e+01
-2.219221250484264019e+01
-1.258304526078440055e+01
-4.794499318049399506e+01
-5.663329466751572028e+01
-3.012071177611007400e+01
-9.690265769819470165e+01
-4.541359962300762732e+01
-1.926034807235653545e+01
-4.252916315269942515e+01
-4.701716669835326101e+00
-2.981227848413880110e+00
-5.000551035076558293e+01
-1.393970999986990478e+01
-1.197300960437776141e+01
-3.829744488899496702e+01
-7.520214654176481162e+00
-9.566414210137710938e+01
-3.881790449401605514e+01
-1.852794085235754196e+01
-5.006756772218618323e+01
-9.585707992914954900e+00
-3.472674597165692489e+01
-2.017934982482600503e+01
-3.420847176600908313e+01
-2.909990578653620119e+01
-8.019484912027425594e+01
-5.522760684187633728e+01
-9.725238474549125556e+01
-5.083800903608339894e+01
-4.771244945848179952e+01
-2.402133091964523004e+01
-4.784982951492951742e+01
-2.178213605005610631e+01
-4.082044250414747921e+01
-1.597978437543798869e+01
-6.624603336588721447e+01
-4.462952235487593811e+01
-9.597456344946827755e+00
-1.094259218162399350e+02
-2.987376312105203269e+01
-5.190076113849468697e+01
-2.171756534950503337e+01
-2.838579519875473167e+01
-4.276104115960770002e+01
-1.023910185281461516e+01
-7.892200578019205182e+01
-6.169878305093589432e+01
-5.297114381680364659e+01
-9.342457112778861017e+01
-6.292399658036744725e+00
-3.281703923140245394e+01
-2.596576640524337876e+01
-1.289734748593734253e+02
-8.958170776217654563e+00
-9.645437287241408342e+01
-1.388675457259368962e+01
-1.914196293606030608e+01
-2.106222112104409661e+01
-3.209733539647066891e+01
-3.626641392562333976e+01
-6.888068827371391478e+01
-1.438245390811293412e+01
-2.714852810737852806e+01
-1.242165547065392843e+02
-4.902817899790768053e+01
-2.357100706757985975e+01
-2.236657842192723677e+01
-1.076585458415223684e+02
-5.545908794842605971e+01
-5.205009759153282545e+01
-7.560923462356234026e+00
-1.298868061121649653e+01
-3.232484376316033092e+01
-9.738665792924382458e+01
-2.190097013830143524e+01
-1.467864188081455552e+02
-4.547748751317544702e+01
-1.835169558012028190e+01
-1.428571663047908835e+01
-2.792166985077554031e+01
-6.708180509362078681e+01
-5.165757521370195349e+01
-1.445497846647526430e+01
-5.454181900429865060e+00
-1.581545494104380190e+01
-1.093878588370434386e+02
-9.103306682037679565e+00
-3.778650798856681803e+01
-1.871966619736195625e+01
-1.379147864403637946e+01
-2.344752391163596883e+01
-1.196703029208805802e+01
-5.785145250665307515e+01
-6.292838834956755534e+01
-1.278309855842639848e+02
-9.801952119774878724e+01
-2.956201963189243997e+01
-7.768039700794814095e+00
-1.402841002095443379e+01
-3.811288856931009406e+01
-4.116657187879355462e+01
-6.057166435971723217e+01
-1.804020757765830751e+01
-3.726013560202505914e+01
-1.259451243567530909e+01
-1.597770095496715470e+01
-4.784956908414079635e+01
-1.114483843760458903e+01
-2.565383773613712748e+01
-8.194153293853702280e+00
-3.482653224443141937e+01
-7.840348664533600243e+01
-6.981322174056320051e+00
-1.853459794970644126e+01
-7.137484994437381935e+00
-6.818089241328020478e+01
-5.091225429064880359e+01
-1.478949789730291720e+01
-1.251928382984261532e+02
-1.826321271378359867e+01
-2.930193489844720034e+01
-7.175245667469008382e+00
-1.377541947755046081e+01
-4.093428912952533949e+01
-4.510201795285777848e+01
-1.841659638617988648e+01
-4.844894575148938998e+01
-9.895554825968005730e+00
-2.457578610907605920e+01
-1.244878950529571142e+02
-1.706486282422324052e+01
-1.353795016475668156e+01
-6.045267021395792284e+01
-1.448245390811293376e+01
-4.164371704896445436e+01
-5.799740393413096484e+01
-6.965569072283851249e+00
-1.340477859677372585e+01
-5.695179531932222261e+01
-3.751020202359784150e+01
-2.221951601881850280e+01
-7.274550457369014111e+01
-8.379788032165203404e+00
-3.236000361335451458e+01
-3.482674597165692632e+01
-7.602154269550479349e+00
-1.284966999799460297e+01
-2.885705360491894922e+01
-5.476225621604972815e+01
-1.378379878646980572e+01
-4.724705197880652463e+01
-4.572279073678265604e+01
-1.235496048471247263e+02
-1.983081253577678282e+01
-2.997092514490958592e+01
-4.649669987075469635e+00
-2.062326467488576398e+01
-4.506528567970677557e+01
-1.338240652475981030e+01
-1.858350075043640359e+01
-4.363851931415162255e+01
-8.786862320117622360e+00
-8.045410804450932929e+00
-1.581136891480129947e+01
-4.253992601491501802e+01
-2.083515068277376159e+01
-2.406688417243998401e+01
-2.396631779646415694e+01
-1.416725023019333207e+01
-2.981227848413880110e+00
-2.536420606144006840e+01
-1.421779646469201097e+01
-1.472528361853349921e+01
-1.648687761065812296e+01
-5.325592951212335890e+01
-5.858661299559723545e+01
-1.243855926583455584e+02
-2.577564663803944711e+01
-5.484892098510888303e+01
-7.009402092024904718e+00
-1.272737859318956843e+01
-2.506242436916906158e+01
-6.365088294542950820e+01
-3.563282835962376538e+01
-3.820823382649117406e+01
-1.317275899768130287e+01
-3.912326498336297931e+01
-3.317005989299777724e+01
-3.665719048022474169e+01
-2.732486840977835030e+01
-1.294577600387430927e+01
-1.197447755960103777e+01
-3.865548319766232055e+01
-6.102005172214033379e+00
-3.091812663198412992e+01
-3.356958129912252531e+01
-2.505534481958258652e+01
-5.584619279645261258e+01
-5.920167841157596911e+01
-3.021070072911404125e+01
-2.754941121825044448e+01
-9.254369158671671869e+00
-1.436571842349191641e+01
-1.651340686326308216e+01
-2.207382481736809865e+01
-5.634349072431294303e+01
-1.001413777632517466e+01
-2.562843663276867545e+01
-5.618325523337966843e+01
-1.483941415599434421e+01
-1.958033707891584996e+01
-1.243693210544890881e+01
-5.067330010874391633e+01
-5.185479578795666455e+00
-4.670634192395043982e+01
-3.040912451205531752e+01
-3.756374494665930541e+01
-4.672216050969282009e+01
-6.638456888904531183e+01
-2.588179780262815655e+01
-2.621260039153687771e+01
-1.344862819082196204e+01
-5.503625531626401823e+01
-1.964359364658540130e+01
-2.316971990887406108e+01
-5.443054439921021981e+01
-3.700749636561323541e+01
-6.748179600621887175e+01
-1.180493765774922821e+02
-6.657003953040286248e+00
-1.280237764578472195e+02
-3.043753487858180051e+01
-2.832253919569753009e+01
-5.214149829900024002e+01
-1.878272885972580042e+01
-4.177224312625942559e+01
-1.387824704258774773e+02
-6.002540635744571063e+01
-7.137910546300236803e+00
-9.226990161720908645e+01
-2.964230173524729040e+01
-1.459835811784248882e+01
-1.576474046522752737e+01
-1.054128329318363058e+02
-7.557592485661674075e+00
-5.572834640712556364e+01
-1.625898000752430050e+01
-7.398082855480981834e+01
-5.524107113240625644e+00
-1.787665798365478054e+01
-4.951263825236546268e+01
-2.260041073170681614e+01
-3.126601636003514528e+01
-3.897918308564059942e+01
-2.457512574416281481e+01
-1.227528725582242508e+01
-1.753712353825980941e+01
-2.546013396465632184e+01
-5.849182284883544014e+01
-1.060021773611586156e+02
-2.917599477577633138e+01
-8.781284493577491190e+00
-5.818936488162451326e+01
-1.034896539632328327e+01
-1.228227322462238504e+02
-5.808590106895790228e+01
-5.004437788862085768e+01
-5.832936611122503479e+01
-4.353030692760299303e+01
-2.347622615169139948e+01
-2.318080435396818473e+01
-1.706808815148797009e+01
-5.273639404311730061e+00
-2.359759921450563525e+01
-3.872709328670253370e+01
-9.027446549504281492e+00
-9.810792265356934649e+01
-2.510410761265612933e+01
-3.779910534249661680e+01
-2.936562835560108198e+01
-3.086259605411186868e+01
-1.570506797490346429e+01
-7.235800194485880077e+00
-1.118821513697696268e+01
-5.311658246948054440e+00
-5.013824485231746309e+01
-2.290083493426470795e+01
-2.955962727354338426e+01
-1.120841554367520132e+02
-1.996092214823076105e+01
-7.921666256824303787e+01
-5.217672507729325559e+01
-4.910379095542974248e+00
-8.081519650110499242e+01
-1.163900129500577307e+01
-1.139363788252187106e+02
-3.968403752431072462e+01
-5.072853277881872458e+01
-1.225483661216743769e+02
-4.709195245867913115e+01
-1.339827946607876541e+01
-4.305989621302801851e+01
-7.181545317359987024e+00
-4.572911091058931987e+01
-1.371773095905233042e+01
-2.477491738378573771e+01
-2.623575896166389754e+01
-8.802267381454518258e+00
-3.297762796155996057e+01
-5.102897637511685502e+01
-1.432813742126512402e+01
-4.982673838109514008e+01
-1.031715457800176416e+01
-1.219975445028682799e+02
-1.113041404968326376e+01
-1.133511959801635349e+01
-8.316510130393950817e+01
-3.870804079268634723e+01
-3.780586339585817512e+01
-4.777095108865570694e+01
-6.859383420982304358e+01
-3.275407055539339041e+01
-3.660829069980074735e+01
-3.882987192853565972e+01
-6.825288754429448090e+01
-6.215465690208862526e+00
-2.736930368335110586e+01
-5.154239947575844383e+01
-1.414248869662838537e+01
-5.135123630516173421e+01
-5.458222306459128959e+01
-5.293578030808300916e+00
-1.849474861033677797e+01
-2.481058285602366809e+01
-6.458113338597409836e+01
-4.631485035132870109e+01
-2.231083078504086359e+01
-1.458245390811293341e+01
-5.391819240803531699e+01
-2.450072754948035225e+01
-1.313567994958973628e+01
-5.047083195155092028e+01
-1.488938224249275599e+01
-1.391187312350903404e+01
-1.785152806069935139e+01
-6.175462357172136052e+01
-9.367613576534996866e+01
-2.912390614555425117e+01
-6.662208071837800283e+00
-2.077785740134743975e+01
-1.323907355343615322e+01
-5.028635842777479326e+01
-2.986375139782975197e+01
-7.240261945811786859e+01
-5.529994451011124568e+01
-1.682942467277548459e+01
-2.150990192443713056e+01
-4.837034089457722530e+01
-6.908168024048445943e+01
-2.506345930473547057e+01
-1.167889179598749365e+02
-1.254289979000681541e+02
-1.765594091926282871e+01
-5.474960582505171658e+01
-1.504938566570005776e+01
-1.219379196401131651e+02
-3.417924848306996921e+01
-4.319902162465789530e+01
-3.330671707047785191e+01
-6.782645749402846036e+01
-3.328798911727749044e+01
-5.480534572636809543e+01
-5.066257890040999712e+01
-1.223509880312922249e+01
-9.416279269741629321e+01
-1.352352821482363332e+01
-8.986572741844439349e+01
-5.205174873466550167e+00
-4.498126187363232020e+01
-1.379801713300072308e+01
-3.412188880666730029e+01
-1.426430437516466156e+02
-5.260014789681206082e+01
-1.309354535435432076e+01
-9.212825434263919533e+01
-9.137369276038013766e+01
-6.582262280060983528e+01
-1.373591305502578130e+01
-4.683397070901639836e+01
-3.309229901937603557e+01
-2.620362915878878241e+01
-5.425833839776980483e+01
-1.636027846429198007e+01
-4.623323696260668925e+01
-4.747580771554490298e+01
-2.795649479362209888e+01
-6.320711488071690809e+01
-1.371078163438804154e+01
-5.244675113084419138e+01
-2.347622615169139948e+01
-4.800946620411610866e+01
-5.942342604614164259e+01
-2.088312521034943714e+01
-5.197666893878517413e+01
-1.440644157009668014e+01
-1.179848414722355017e+02
-2.752098466519878883e+01
-6.564263803581303591e+01
-1.537884675171742899e+01
-2.993278161728571618e+01
-1.566835535344507946e+01
-8.891858983777595427e+01
-5.224793779355827894e+01
-3.955846334297833522e+01
-4.615519837499070377e+01
-1.358341751391402674e+01
-4.374701728557523950e+01
-2.495679634786230494e+01
-4.056548727624289086e+01
-2.487328336542307738e+01
-8.160557040230409598e+01
-1.377560547638948094e+02
-2.424006663694983033e+01
-1.563766009487964581e+01
-1.967268711420517491e+01
-1.775194090817594628e+01
-5.046313326378495390e+01
-2.733068732669303103e+01
-6.333671529999044481e+00
-4.434447191631409169e+01
-6.679127963998226392e+00
-2.565642387564497540e+01
-2.755925985829705382e+01
-1.549973035669006372e+01
-2.405790091234959860e+01
-5.336867340903849311e+01
-6.321372157142435810e+01
-1.396946533035388711e+02
-2.126913318173753353e+01
-3.730831985031716425e+00
-4.154583995944831543e+01
-1.815201867238429401e+01
-4.089817187501758156e+01
-5.085737673956915472e+01
-1.403992998563238643e+02
-4.155780462295786748e+01
-2.796144761192732275e+01
-5.911936280017079071e+01
-2.337975656442196382e+01
-5.424508371294531628e+01
-5.042156456452352131e+01
-1.734381394639228091e+01
-5.637449432026909335e+01
-2.928090245020336013e+01
-3.897784562835946787e+01
-4.987009291981913606e+01
-2.632957668632302983e+01
-1.663289092516430401e+01
-4.226798692494434562e+01
-1.377312838296989526e+02
-7.073697779280899489e+00
-9.769558668239355370e+00
-3.339410297964878538e+01
-3.291680330197026194e+01
-1.049043717899924104e+02
-7.561565215826748343e+00
-2.172276539440256116e+01
-8.063530347633276918e+00
-6.550144114507318704e+01
-2.655567611722579358e+01
-1.500265644331139185e+02
-1.202064413788384734e+01
-5.991689799148362283e+01
-5.898036085124851979e+01
-3.154008841803890917e+01
-1.953510073024632376e+01
-1.482507679109910725e+01
-7.307384313294205924e+01
-5.263806972596209732e+01
-1.174463510656246967e+01
-4.487754477493784577e+01
-5.089178538766189774e+01
-5.279799139231013783e+01
-9.891789447314103256e+00
-1.006657164353005669e+02
-2.652267980587735963e+01
-1.447706342019086456e+01
-3.673660591799053066e+01
-1.195865932268000975e+01
-6.438250647602382415e+00
-3.909293251274697667e+01
-1.042926302487751258e+02
-9.564984452890261224e+00
-6.598077650245016912e+01
-2.277878931451837730e+01
-3.645412148166668942e+01
-5.110987671383681885e+01
-1.693401424256562748e+01
-1.148075523420826372e+01
-3.228383933681448070e+01
-5.034770931360097990e+01
-2.776695901833628000e+01
-1.376825420581523929e+01
-8.333286059479988239e+01
-9.902899047669309596e+01
-4.791334678398919777e+01
-3.646869464463223665e+01
-2.535734118542196214e+01
-4.928060919476058643e+01
-2.791089148770509709e+01
-8.849617799596421719e+01
-1.147382593449423105e+01
-5.673371650556121892e+01
-1.025396822105582260e+02
-7.896213595227559168e+00
-1.189863931588153463e+02
-7.807977115485257968e+01
-5.007316971431670538e+01
-1.561137908434084665e+01
-8.530999493093429464e+01
-3.200450392360312435e+01
-6.580235217447260254e+00
-4.294424091247501707e+01
-1.403326417116470992e+01
-4.319025545742002947e+01
-8.602469713039898380e+00
-7.521440311196283091e+00
-1.472265617745265232e+01
-1.566263221568769382e+01
-4.553411454972813743e+01
-2.827178094213224213e+01
-8.792753370274814984e+01
-4.930612110419085070e+01
-6.515356177894805967e+01
-5.583609249879140179e+01
-2.860829161897612849e+01
-2.441784421515802705e+01
-4.234593609164886630e+01
-1.212306790571300397e+01
-3.464398323802670632e+01
-1.069394004505869589e+01
-1.673722343918757360e+01
-2.551481469783838207e+01
-1.678690115026407526e+01
-7.009342165026202665e+00
-3.787539774639314771e+01
-5.189670096254823051e+01
-1.632985899484253878e+01
-2.329375964366429486e+01
-3.364172541418844986e+01
-6.802121742037055441e+00
-2.981227848413880110e+00
-1.450844429329983498e+01
-5.395681781374074149e+01
-7.411962744859201280e+01
-2.382779832008773724e+01
-4.164177794799469012e+01
-1.864110899521717712e+01
-4.429175271868928121e+00
-2.438343775557020621e+01
-8.385135038561880094e+01
-7.817105056047330436e+01
-8.880223366056159762e+01
-6.109451711243436023e+01
-1.266470792101684673e+01
-2.254924780258680173e+01
-4.217470456061468553e+01
-1.456218864933951522e+02
-1.109698142160538836e+01
-9.213368636926885813e+01
-9.445292099387967255e+01
-5.158857816208376335e+01
-8.434911859022459169e+01
-2.316971990887406108e+01
-7.655321252298132428e+00
-1.474602995790689874e+01
-1.244585479577100706e+01
-1.621463298126857211e+01
-5.001354668538926518e+00
-5.014039931291068797e+01
-1.413971348033756747e+01
-1.399656931417551675e+02
-1.323442389843003575e+01
-4.861679318349649748e+01
-8.883403478712060064e+01
-5.305816670569863902e+01
-3.940901405713776740e+01
-5.170976659726227354e+01
-2.667354831013630800e+01
-1.758761150958693165e+01
-2.986262042084468504e+01
-1.943397849458380833e+01
-1.273526025860300592e+02
-1.802744513291313311e+01
-7.919888790228512221e+01
-5.652411507803134327e+01
-1.132579881171043183e+02
-7.063664849985165972e+01
-5.525037152617355218e+01
-4.530600711485914189e+01
-1.181117817824774008e+01
-1.465940261905805109e+01
-1.158817353498099294e+02
-3.695854648908413509e+01
-4.274038406942818824e+01
-2.612168314530530111e+01
-7.498950423463137227e+00
-5.762374886396862905e+01
-8.003721856166674087e+00
-2.095985375296975306e+01
-4.546622476028510107e+01
-5.180698932919902688e+01
-7.015216842983831214e+01
-2.861406933813947617e+01
-7.159909203076065864e+01
-1.551544983326223992e+01
-2.738797342273534241e+01
-4.031117218488439846e+01
-4.064940236451240452e+01
-7.236596359810562262e+01
-8.023202678051285730e+00
-2.200287225524450818e+01
-3.470002746245779690e+01
-4.178650179620356653e+01
-5.905757910856923587e+01
-8.783650648954610674e+00
-2.226992714338103596e+01
-1.134312273702830964e+02
-1.432080845628208365e+01
-1.091305993643015704e+01
-1.571737139529681393e+01
-5.872120074521227906e+01
-7.652928421760597288e+00
-4.994636096677115944e+01
-5.300905865016137142e+01
-4.033236484057078997e+01
-6.925139878605793164e+00
-4.241002886544608685e+01
-1.678150053912891693e+01
-1.198257203910569579e+01
-1.276927739240875148e+01
-1.094919505023971240e+01
-5.254741000023835795e+01
-1.488392309611123387e+01
-4.536430869945581179e+01
-5.818253578787341240e+01
-5.276858627674100433e+01
-3.891073266868137637e+01
-3.430361779135794364e+01
-3.193472964764499622e+01
-1.766938258289296471e+01
-2.694395481605885578e+01
-1.666987271916116597e+01
-6.491456604280270426e+01
-1.374616441440531389e+02
-1.208888478474625856e+02
-6.927539317996596502e+00
-2.253625261293102255e+01
-4.519110610775875614e+01
-1.270890597874342944e+02
-1.448867687698995077e+01
-9.388481868183152557e+00
-5.295517896395677937e+00
-1.222307319559649663e+01
-1.015302573127616057e+02
-5.076297206640178672e+01
-1.467289572887950442e+02
-5.775484086385689153e+01
-2.439062568002855613e+01
-5.893982093042683346e+01
-5.820193870275202386e+01
-8.264512899428737569e+01
-2.893786179090976063e+01
-4.760834539482766559e+01
-8.309750477424215376e+01
-2.817979556756186810e+01
-8.056042186118771653e+00
-7.108740813669682801e+00
-2.597594751921654321e+01
-1.952985457863678320e+01
-4.544416385735112840e+01
-6.733301490678731227e+01
-6.153510483461822389e+01
-1.529850299224296784e+01
-4.514965502697661037e+01
-3.005599699556180582e+01
-6.757000720236459301e+01
-3.456810814135557308e+01
-3.772142589355270559e+01
-6.331989995210140165e+00
-5.336447264360428733e+01
-5.231317523825102001e+01
-8.276337370470566057e+00
-6.052105260008629983e+01
-6.068254003827293630e+00
-5.241329427217650050e+01
-4.733337621464283984e+01
-4.996466126248282080e+01
-1.465248700117822622e+01
-4.757631669147910358e+00
-1.705288811108961156e+01
-5.452064711998825253e+00
-6.172153806916963958e+01
-3.013592059916215860e+01
-1.683242037504444966e+01
-4.917193785662406924e+01
-2.271762049574742548e+01
-2.411430824821361796e+01
-1.006056773470283190e+02
-3.896002292728453398e+01
-1.144998796865366302e+02
-1.239493402704801923e+02
-5.168791970623091458e+01
-6.984637579876799407e+01
-1.459338534808322052e+01
-8.126427658803464738e+00
-3.820688143945104542e+01
-5.372639839130160055e+01
-1.160291435191944132e+01
-4.080056611461903060e+01
-2.687339371080240724e+01
-5.297815821960595883e+01
-2.347622615169139948e+01
-2.077730234559993505e+01
-2.829025400182462846e+01
-1.802245733943560424e+01
-4.752716805866351990e+01
-4.910319479207870330e+01
-1.220562818291284799e+02
-1.214439193826708774e+01
-1.187284933504763806e+01
-8.150787380449653341e+00
-1.615460853880856718e+01
-3.792169135410769343e+01
-7.288028317883077989e+01
-1.234168856146394546e+02
-4.240372457025848973e+01
-4.566500114063659410e+00
-4.195927110075605526e+01
-1.558649657526604670e+01
-3.729725576321906999e+01
-2.966245370921926039e+01
-8.803043064956503017e+00
-1.474237750594386220e+01
-4.228236507669728184e+01
-5.055605468028672078e+01
-6.205265361262350865e+01
-9.323776077622171954e+01
-2.675338512054851137e+01
-3.158422906654631745e+01
-1.193589592922481479e+01
-1.043979647467427974e+01
-2.233533012734535461e+01
-4.920560826024595968e+01
-4.189259875380462006e+01
-1.695052212853588003e+01
-1.786957753984579256e+01
-5.659260527216683556e+01
-2.660974242549619007e+01
-3.612773602348828916e+01
-1.046770337306602272e+01
-2.533574556181577719e+01
-3.912328446981327801e+01
-1.300353387437649531e+02
-1.223087038422437978e+01
-1.970277820525506485e+01
-2.347622615169139948e+01
-2.851492382205912079e+01
-1.476922177088803956e+01
-6.754612123581750893e+01
-3.576550883417819904e+01
-2.909745790401211352e+01
-2.279694558873935151e+01
-4.083093384540806881e+01
-1.963841659199842837e+01
-5.529668617242362672e+01
-5.784777193005751172e+01
-1.446095481712450592e+01
-5.901963243186946073e+01
-5.059096174380963262e+00
-2.534326281047619744e+01
-4.754473447737478153e+01
-4.350091859047788034e+01
-2.725178705585095784e+01
-4.192789126504863617e+01
-1.990570724360161847e+01
-5.272271571281152092e+01
-5.290021374260594200e+01
-3.224364036437590642e+01
-4.641210216858313231e+01
-2.487244197814199964e+01
-3.476936058859172363e+01
-1.184198887509152343e+01
-9.409632603822991825e+00
-2.390268652547126038e+01
-2.347622615169139948e+01
-2.830156751947747651e+01
-2.729055422434079858e+01
-4.989740852826089679e+01
-7.523143065676642038e+01
-3.851405009132886192e+01
-7.140931493382356621e+01
-2.238170641351842960e+01
-2.495564724894753539e+01
-4.382479739547154907e+01
-1.402973150708475600e+02
-3.560328772783442020e+01
-7.187881823299047568e+00
-8.150787380449653341e+00
-9.328955034795605172e+00
-1.359457364670602075e+01
-2.358517776768054119e+01
-9.482555193090590251e+01
-4.697610614250331906e+01
-1.587335598404607850e+01
-5.164237516726158361e+01
-5.774069859377382130e+01
-1.066045213833536032e+01
-3.684184079366818310e+01
-2.789034948657920765e+01
-4.768894853024984570e+01
-2.904580486644976034e+01
-9.608719982665444803e+00
-2.347622615169139948e+01
-1.699891514477214471e+01
-5.076301036148299062e+01
-1.235502781506203540e+01
-2.360440203759018729e+01
-5.953926533545069333e+01
-1.815440411422260425e+01
-5.841842381391874994e+01
-2.807912068592008126e+01
-1.070251763816516544e+01
-2.210856021181831110e+01
-1.285064593309593022e+02
-1.405370834042593664e+01
-1.482507679109910725e+01
-4.855842826098351850e+01
-5.463897313918415932e+00
-2.903526239264286346e+01
-5.058219043672473703e+01
-7.005962862606581609e+01
-1.269853356681013068e+01
-9.761965379734734327e+00
-2.573160594877052887e+01
-1.217456337106071018e+01
-3.449215822204187987e+01
-2.069412022276401331e+01
-2.934356657387861134e+01
-1.725124476500771209e+01
-5.149868793213516938e+01
-1.759093456420861301e+01
-3.767783202862030834e+01
-8.699406015282797000e+01
-3.449215822204187987e+01
-4.785904652886816990e+01
-1.418672461838078291e+01
-1.243271192802517788e+01
-5.168107953619352912e+01
-1.217981915002877891e+01
-1.264123390664939173e+01
-1.206930375594109428e+01
-3.498805586521800848e+01
-1.939938869396128851e+01
-1.790700907586511903e+01
-6.398486605159271789e+01
-1.406353855488152149e+01
-1.207161428115342261e+01
-1.801784046712119647e+01
-3.448558992545232371e+01
-4.482036508319890089e+01
-4.026955883790819257e+01
-2.681483062823378916e+01
-5.441673670863358581e+01
-8.817278578539413658e+00
-7.707514305767806206e+01
-8.817278578539413658e+00
-4.989678361442990706e+01
-6.480423486741977435e+00
-1.352863674777304936e+01
-2.625831699807390507e+01
-3.495807837799478079e+01
-5.953364818520005741e+01
-1.438407649186583726e+01
-1.222336618130159849e+02
-3.787307401035803878e+01
-2.972500776168369185e+01
-3.060274783295604450e+01
-6.864639140911370063e+00
-5.029772091935871003e+01
-5.772709268561886375e+00
-5.126208921157571297e+01
-6.429267182255993873e+01
-5.905336634602885226e+01
-8.857371974244659896e+01
-3.621994266184982791e+01
-1.492756545724366823e+01
-6.490274455189978653e+01
-7.304084008150911700e+01
-2.150673386776015406e+01
-4.543828232769271125e+01
-2.892271319056474255e+01
-2.756983537582668120e+01
-1.037006362374920698e+01
-2.462868022329353224e+01
-5.063046215654195237e+01
-2.500180968061212639e+01
-1.127055448914998976e+02
-3.510505984046475447e+01
-9.004027035690679526e+00
-1.095099269690359911e+01
-1.301122176639736061e+01
-1.353431075138049948e+02
-3.955913255498118986e+01
-9.459779535565516539e+00
-5.574573450907865890e+01
-6.613451458883527323e+01
-8.398969877657967231e+01
-2.182070491280394364e+01
-2.343889540810413763e+01
-1.160931124248497959e+01
-9.435364640787891943e+00
-3.935826470469888960e+01
-1.232586318176388005e+02
-2.343889540810413763e+01
-1.213953508508253520e+01
-3.497759474594563756e+01
-1.456448833574832236e+02
-1.069392816774893085e+01
-9.251476983488181816e+00
-1.203035387889945618e+01
-4.823916520093683857e+01
-4.731433240127832818e+01
-8.887014872560179413e+00
-5.976390190067449737e+01
-1.601516703489318161e+01
-9.667759083840810774e+01
-2.680517704943125779e+01
-2.871867836685301612e+01
-1.892969939278550129e+01
-3.179827360684742743e+01
-1.516257132127671881e+01
-7.693687109119654366e+00
-2.434201437869734264e+01
-5.281211340647157471e+00
-2.294648077701566535e+01
-6.035519955910057632e+00
-3.236698571333615604e+01
-6.753545437447408517e+01
-8.121877772858884725e+01
-7.468489955525294022e+01
-5.279817182686610977e+01
-2.571177336761450505e+01
-3.704334817977308347e+01
-6.082796893837728902e+01
-1.122347669776877268e+02
-1.358017998633544288e+01
-9.471030724072972973e+00
-1.167870314914693530e+01
-8.713267339871021022e+01
-4.093595025454253289e+01
-2.401457715015156680e+01
-6.585817569104515989e+00
-6.906080840363496520e+01
-6.149347907443902983e+01
-5.220931709503976492e+01
-6.183651591261702940e+00
-2.927365903657138801e+01
-6.694210244209983784e+01
-9.817848395839547493e+01
-5.073006483016241930e+01
-1.039677127388540754e+02
-6.703319676944675010e+00
-1.188053324336044199e+02
-3.988452639709175074e+00
-6.715981967475488545e+01
-1.872724698497691165e+01
-3.068574385770918411e+01
-5.045941007228557140e+01
-4.995427273261020673e+01
-1.501492102228105274e+01
-9.744541946721682280e+00
-6.706591428706637714e+01
-8.732828787599312648e+01
-5.116274529801403048e+01
-2.735627845135957870e+01
-2.343889540810413763e+01
-8.213629379101421080e+01
-6.662837204138268987e+01
-2.411576156667202042e+01
-4.118811006828776300e+01
-2.913220444509382290e+01
-3.521809261161106264e+01
-3.394933653050058098e+01
-1.171336549501482835e+02
-1.253049194319015101e+02
-2.599072014463756730e+01
-1.708435551810690001e+01
-2.961641722724215597e+01
-4.003170199422941522e+01
-9.692412543899804689e+01
-3.078379360606097492e+01
-5.094155958169925213e+01
-3.552590715528101128e+01
-2.510872432343348493e+01
-2.761713093253999673e+01
-2.584267122999182931e+01
-3.502648433422914565e+01
-2.629361859424480485e+01
-4.085154227797006854e+01
-5.879231385083201644e+00
-2.370905508134390161e+01
-3.080274783295604379e+01
-2.279840265571105817e+01
-1.158532454451137639e+01
-5.479132024994997607e+01
-1.092234617637303131e+02
-9.388533680372896484e+00
-5.038252113279008881e+01
-1.743108511498705582e+01
-4.629262204673882053e+01
-1.063314063480883576e+01
-1.004303200118704922e+02
-2.332377201912463605e+01
-4.528954662058200142e+01
-5.432294571875964095e+01
-1.344250601755744690e+01
-1.617490825423764988e+01
-5.408416927672814012e+00
-5.100508270111225428e+00
-3.636608248318204772e+01
-9.345825899833404549e+01
-4.755641232698248189e+01
-5.337386078906060050e+01
-3.210110302142066985e+01
-2.601452745165159897e+01
-2.503835355796379503e+01
-3.115062077970323884e+01
-3.885541172823368328e+01
-2.879078449059388234e+01
-5.167438384852474798e+01
-5.600000000000001421e+00
-3.680561613033982837e+01
-1.341874262284308728e+01
-5.408061049613721849e+01
-1.199059650156197421e+02
-1.925378841586182332e+01
-1.187929478714780629e+01
-1.356398272398867633e+01
-4.970831368817518126e+01
-4.309226007747789566e+01
-5.863294503563527371e+01
-3.702808026398898278e+01
-9.509632603822991470e+00
-7.455109293058922049e+01
-2.267895732430810796e+01
-1.146396243679171931e+02
-6.068360772998867247e+01
-1.836107047692832950e+01
-4.869197812412897264e+01
-2.864763425437722688e+01
-4.978515111039681784e+01
-2.343889540810413763e+01
-8.993838088697251010e+01
-5.949457162484815598e+01
-8.171190488015781739e+01
-3.609532473612623704e+01
-4.728784323922448607e+01
-7.419996195456496935e+01
-4.284262845406035325e+01
-7.837300552278743559e+00
-4.181808215902054826e+01
-2.246612437603916135e+01
-1.171562946787107506e+01
-4.849845816263529485e+01
-1.544142006878854723e+01
-5.020308049555403329e+00
-3.197318871788762706e+01
-4.981507568234793837e+01
-1.476947690136267077e+01
-6.446577113771542145e+01
-5.079508988839010897e+01
-5.915509442089278735e+01
-1.707502506993177249e+01
-4.843833990492107944e+01
-1.267041303293832755e+02
-1.924665234407363457e+01
-3.570053026979716293e+01
-3.579836151851031900e+01
-6.344653150851912926e+01
-4.227270999728932566e+01
-5.998055122019108865e+01
-4.333861816565142533e+01
-4.342902882049240532e+01
-9.117278578539412592e+00
-2.571903110770190892e+01
-5.372299027304595143e+01
-3.875950441496508603e+01
-6.599467926063292111e+01
-8.218227415689614901e+00
-4.586236037840392044e+01
-5.221034209925367975e+01
-2.800994222316784033e+01
-1.938414751582356388e+01
-7.105339560725160197e+01
-1.133796155116314530e+01
-6.059210359837928550e+00
-4.906863432608198394e+01
-4.797166541563061770e+01
-6.969682732321559548e+00
-1.475155631681852419e+01
-7.454241609396056845e+01
-5.918429824140978468e+01
-3.078736640854826234e+01
-9.224275189779876882e+01
-5.369271717884129380e+00
-2.819141615072746632e+01
-7.900600612455663452e+01
-3.082515596037459815e+01
-4.828475102685599651e+00
-5.928985497344611844e+01
-8.488190793921289412e+01
-1.221043269118637298e+01
-1.098891270405617604e+01
-3.301736781848632063e+01
-2.920576959271002337e+01
-2.099699959434030561e+01
-5.983719296195320680e+01
-5.591250615326303119e+01
-3.982352048404796818e+01
-2.126976214379127228e+01
-1.274641204562894217e+02
-2.258486768490949714e+01
-3.517236517079298608e+01
-3.959891417177344941e+00
-1.172486627503697676e+01
-7.177271738771566767e+00
-1.555050162949180326e+01
-1.384577674556949667e+01
-5.530586448107687403e+01
-4.533962147092294970e+01
-4.292871463609703397e+01
-1.780889255743692701e+01
-1.505562086251959286e+01
-2.310014163885998428e+01
-3.956703331310870198e+01
-1.277874831424744428e+01
-2.099881956288203000e+01
-1.004784813185408865e+01
-5.635340581926315195e+01
-1.746828064897397326e+01
-1.552421520226431895e+01
-7.000646876876196245e+00
-1.357468334826169496e+02
-1.260317605477996672e+01
-3.168939054866514837e+01
-2.256938959897209429e+01
-4.866783560255134233e+01
-2.290871320756260587e+01
-1.531765445280307070e+01
-1.031855857470675630e+02
-1.957263717914152679e+01
-5.128073555445266862e+01
-2.400169670759973073e+01
-3.530768415418609152e+01
-7.625753898651340990e+01
-6.798852814342295403e+01
-1.846098898345541883e+01
-2.324021387142859751e+01
-4.927713101072941981e+01
-9.809907994466477987e+00
-1.695053635196610031e+01
-1.931270059113180082e+01
-4.382082017378274941e+01
-9.096276540920486298e+01
-2.382464010758040374e+01
-1.267979935165629115e+02
-9.653514101989613039e+01
-3.067957594386505704e+01
-5.188452044730235713e+01
-1.249907727838738225e+01
-8.056042186118771653e+00
-1.018344877185717081e+02
-6.495897695234994274e+01
-5.525342092499512248e+00
-2.599783773655502017e+01
-2.064176078065901265e+01
-5.029655192831617683e+01
-4.176065930069206900e+01
-3.546509283577293559e+01
-2.615077863151812565e+01
-2.120581309963340999e+01
-9.940874264856736531e+00
-6.023633289320893169e+01
-3.469215822204188271e+01
-8.794482029877845264e+01
-2.616282948506666273e+01
-5.141642371310484805e+01
-4.194067900370680668e+00
-1.364248850728464291e+01
-3.179419681156359800e+01
-3.036790597412781523e+01
-2.141461665570414752e+01
-5.576739573455141041e+00
-1.142785643772693938e+01
-5.291448328371856746e+01
-1.188275569961880862e+01
-1.385124232600873562e+01
-4.912963155062718101e+01
-2.156166573281881682e+01
-3.339761454391477002e+01
-9.091000516741260640e+01
-7.475103952078547387e+00
-2.630077566649156395e+01
-1.268110057977328076e+01
-3.509031149948136630e+01
-4.655721905458808152e+01
-1.423386631039251427e+01
-3.659657415836260697e+01
-5.954490443551833323e+00
-1.664382321754262506e+01
-1.292770537235991668e+01
-1.448811972303008666e+01
-3.566536495503054027e+01
-7.660206535427984420e+01
-2.799330067902874575e+01
-2.608712315825278694e+01
-5.580006075983448710e+01
-8.209990274607410754e+01
-1.850279964267451405e+01
-5.288422168476800778e+01
-1.343919178057322483e+01
-5.060743628792783966e+01
-1.251138535247452843e+01
-5.468605545904967613e+01
-6.030720800504187196e+01
-5.387011066603469089e+01
-7.100345694793701057e+01
-4.673163968228637799e+01
-2.054916022227059713e+01
-6.295657794712283817e+00
-5.940727819823037770e+00
-5.260282085568548638e+01
-3.220685253593396880e+01
-5.236214125218752002e+01
-1.523386253325656270e+01
-1.706577063944143191e+01
-2.064176078065901265e+01
-3.689144594784612252e+01
-1.930901497238360776e+01
-3.768343312028359549e+01
-6.196826343622840483e+01
-4.471783683254926700e+01
-5.145004976758927739e+01
-8.659024537269515065e+01
-5.050367550167287334e+01
-1.217903593687181001e+02
-3.388831740782335800e+01
-3.537236517079298892e+01
-3.071375242222533686e+01
-4.994881366386655941e+01
-2.856923106394740941e+01
-9.709632603822990760e+00
-6.923298151915213694e+00
-2.529786388018180432e+01
-5.830422628074634872e+01
-3.188332724328959955e+01
-5.619459760861121822e+01
-4.869295688995195093e+01
-1.403193582582434651e+01
-7.773359031681147258e+01
-3.479215822204188413e+01
-3.607197564878181595e+01
-3.958510568295380949e+01
-1.393701405908648638e+01
-1.406331360721680745e+01
-2.229278811388562787e+01
-2.815831741042416070e+01
-5.100508270111225428e+00
-5.165946231867916083e+01
-8.117345104463191774e+01
-2.317903946334635634e+01
-3.776931172807260850e+01
-4.148493023039419114e+01
-5.072810889260361833e+00
-3.813833333215151100e+01
-4.704866157394148019e+01
-2.133130383424776610e+01
-7.283464604107661167e+00
-1.043718242680667458e+02
-3.862585695096230864e+01
-7.817635262498593818e+01
-6.432480700710785371e+00
-1.390608420059736545e+02
-4.483827097155155172e+01
-6.861257808043316686e+01
-7.075730589952178207e+01
-1.841279318523088548e+01
-5.845123211681008790e+00
-1.482564259498668058e+01
-2.016122729841105610e+01
-8.255475825932225575e+01
-4.788460875490960689e+01
-2.122820541753588230e+01
-7.355445949954258822e+00
-8.728094243009661568e+01
-8.974208246937615741e+01
-1.024784813185408794e+01
-1.296600241998324634e+02
-1.750547703997250082e+01
-3.040274783295604522e+01
-4.356996292072199140e+01
-5.587878390839383513e+01
-5.459495265981044732e+00
-1.035117876533394679e+02
-7.118079998325326230e+00
-2.846021767110971012e+01
-9.185447203667571614e+01
-3.324840727601646506e+01
-2.718576923762712383e+01
-4.311234703282020320e+01
-8.218227415689614901e+00
-5.765336065773853846e+01
-5.678528871401490363e+01
-1.802949165240134377e+01
-4.238955440096025029e+01
-3.157964684436204550e+01
-3.983996140405609765e+01
-7.264417004374428188e+01
-2.906112097830832752e+01
-1.225684151708297875e+01
-4.736602326935282292e+01
-1.254981831521794078e+02
-1.011317657068925371e+02
-3.063529262888920357e+01
-2.949171232579672619e+01
-3.303236900308709778e+01
-3.107277548766516162e+01
-2.812152066595967526e+01
-1.088071140035894224e+01
-2.350902036746431989e+01
-1.257795759743893171e+01
-4.461420149038229965e+01
-1.208389655395884432e+01
-2.152390259750217893e+01
-5.566114609109214939e+01
-4.427750465445357975e+01
-6.824227884925920762e+01
-5.060352365374118477e+01
-2.992969800486771348e+01
-1.169973997406776647e+02
-5.091911205058070777e+01
-2.660048096423605912e+01
-1.629331983740739886e+01
-1.389381465649772629e+01
-3.123529262888921210e+01
-2.823023609691661662e+01
-3.637601814234223241e+01
-2.576631382239679269e+01
-5.101614184626504311e+01
-2.734479350250323293e+01
-6.319782318124116216e+01
-2.970015727294677532e+01
-1.133612208003344257e+01
-8.796924164130010126e+01
-6.163577955417638066e+01
-3.996692176664470253e+01
-2.671360778866748120e+01
-5.459665023431714559e+00
-2.078888794605090595e+01
-1.115196518145348534e+02
-5.026758350803741138e+01
-2.971105700574551989e+01
-1.337940704487507126e+01
-1.021433815215616292e+01
-6.500590014986434184e+00
-1.045090208789411292e+02
-1.748454120444985094e+01
-2.620208984319244649e+01
-1.122232846794606331e+01
-1.479547513424881622e+01
-4.893828580107513915e+01
-8.027684550264481800e+01
-2.713627477786567965e+01
-2.573696953470493654e+01
-2.806618373630369945e+01
-6.354173609583585858e+01
-4.393677297738962295e+01
-3.780099952199026347e+01
-2.244668265358162529e+01
-1.968975967547025618e+01
-6.203532300588383563e+00
-5.841842381391874994e+01
-6.019548588976935122e+01
-4.019765922990785612e+01
-8.746683150859652756e+01
-2.380687200154825689e+01
-7.356426455841197765e+01
-1.977408450402835527e+01
-3.072158835570823854e+01
-4.859145067108768501e+01
-6.251722953463221444e+01
-5.881025224211171576e+01
-3.944819515127333887e+01
-2.822618793796030090e+01
-1.365056081884701555e+01
-9.240486826143059318e+01
-2.660048096423605912e+01
-5.052230592816278687e+01
-2.987001978344550679e+01
-1.387438858369869976e+01
-2.981317852250569800e+01
-1.771292731415608301e+01
-1.239772971021572943e+02
-2.941198263458723261e+01
-1.279008478063659027e+01
-4.224417904699241433e+01
-8.026432129337354837e+00
-2.279588257604057944e+01
-1.499609009636492374e+01
-6.286920440409203081e+01
-3.761354222004311509e+01
-1.824440410722667849e+01
-4.517653375678652594e+01
-5.071210888941690698e+00
-4.333257583036801464e+01
-6.157103483710726799e+00
-5.672474811107930392e+00
-1.311493028665037208e+01
-1.669014212065324543e+01
-1.739434999031578144e+01
-4.899114632964587202e+01
-6.459384326964402590e+01
-1.418307211023249579e+02
-8.510709516087753457e+01
-2.918852061292998812e+01
-4.113601237433776703e+01
-8.296122589834934047e+01
-3.039966620347113491e+01
-2.352237750765935687e+01
-2.957838854626394465e+01
-5.084414783089313161e+00
-4.713781739917400415e+01
-2.503835355796379503e+01
-1.533956815505741211e+01
-1.277256946622911045e+02
-6.151649860192021180e+01
-7.583779414760383020e+01
-3.989245941149160046e+01
-5.894959167885586027e+01
-3.118819408015746220e+01
-5.906024594416945206e+01
-7.304649520449882516e+01
-1.333469564290465925e+01
-2.168929982668588607e+01
-3.733250284889157911e+01
-2.703647115473098594e+01
-2.481425894569298762e+01
-5.736545618196745977e+01
-1.121935795123474691e+02
-1.133495234212562686e+01
-2.747355554720142479e+01
-1.259330423112284869e+01
-1.420998251059028306e+01
-3.528451224732536673e+01
-2.103807486641932556e+01
-1.468204799793266346e+01
-4.084836264097212677e+01
-4.636689682968809478e+01
-1.379039421626626272e+01
-5.980377444177280921e+01
-1.521630796027349319e+01
-1.467468445168937663e+01
-1.229721039296715013e+01
-1.625156281811495163e+01
-4.364225115982440428e+01
-3.536963432660818540e+01
-2.767449343327364630e+01
-1.526455357872694307e+01
-5.339293099055176128e+00
-4.306301008014406051e+01
-7.037945111137274523e+01
-1.676189272536281294e+01
-2.532514908353381955e+01
-8.167765567180175879e+01
-1.180241604184023885e+01
-3.415645488259825413e+01
-1.239211527443727867e+01
-2.529263210748629831e+01
-2.730552202335488587e+01
-3.302458303943365792e+01
-5.867842033953021286e+01
-5.102416273644574396e+00
-2.231141116545872194e+01
-1.043718242680667458e+02
-5.079054270202949795e+01
-2.676584000785201667e+01
-4.867874212204810647e+01
-3.784121911065302157e+01
-4.960396993706998359e+01
-5.227207177111866798e+01
-1.346457451480773670e+02
-1.097127256302286185e+02
-3.679081251167013988e+01
-2.657093909332347437e+01
-2.229212265879665722e+01
-5.400353807486384028e+01
-2.428141451060850997e+01
-2.892132311153067903e+01
-4.913988096616732548e+01
-1.419239699248078637e+02
-8.183897290891724197e+01
-4.360081159198515621e+01
-6.940343821678824909e+00
-2.486999917358235379e+01
-6.235619292678101999e+01
-2.977799027969254198e+01
-4.539388239118103741e+01
-4.749689580939327271e+01
-7.352212336527693992e+01
-2.896746007745227303e+01
-4.519063729830179454e+01
-9.191622555391518290e+00
-2.024372085947059929e+01
-6.003192176134693803e+00
-4.897842160810785117e+01
-2.928597991491925256e+01
-2.560169272612183278e+01
-4.533467812934202357e+01
-3.779158890480903210e+01
-3.953963422309323050e+01
-2.828887717474886188e+01
-1.049358229340339363e+02
-4.795727854914007438e+00
-9.659245251309170044e+01
-5.889863076266978226e+01
-7.804176487537090168e+01
-5.889728927746238440e+01
-8.027684550264481800e+01
-5.085197967661018481e+01
-5.398858819302061818e+01
-2.489138646321620740e+01
-1.154903616566074120e+01
-3.747274897605985444e+01
-9.662432729819870758e+01
-4.081419039538808136e+01
-5.032427077226942913e+01
-3.511799326068470606e+01
-1.201486277198572949e+01
-2.628132479359558005e+01
-8.691860287628170312e+00
-3.866545126141846822e+01
-7.079163867863663029e+01
-4.288968107289867504e+01
-1.131587037042559984e+02
-4.464911207928305004e+01
-1.783473196207249600e+01
-5.236311021154775602e+01
-4.634954411107109706e+01
-1.892779583800071208e+01
-4.042669202601528156e+01
-2.696366121579874431e+01
-8.888422672441180339e+00
-2.062630848019433216e+01
-2.402745255342711417e+01
-5.050178391580408288e+01
-2.467847307863640083e+01
-5.472329940744494081e+01
-5.813189787150940191e+01
-2.626680940525796260e+01
-1.030538033503356701e+02
-3.530790621549044772e+01
-4.719831254817303545e+01
-3.501119617800907236e+01
-3.722284801968867640e+01
-1.726748388704190518e+01
-4.513218619339992443e+01
-1.187641590599949204e+01
-4.682129086226558101e+00
-1.439056415614507500e+01
-2.674483730157266592e+01
-5.222201117736094744e+00
-8.323853827223553026e+01
-2.278051542194170409e+01
-4.704311262582549347e+01
-5.747079653903592344e+01
-7.726409598265178147e+01
-2.886468841597489288e+01
-1.062947033872313440e+01
-6.355999664541581495e+00
-6.577377482677194109e+01
-4.479813040775101030e+01
-1.008730567959579716e+01
-4.802434771818869308e+01
-2.516787128999348155e+01
-1.014453328592493442e+01
-2.128930825776133418e+01
-1.397466065875286176e+02
-4.726403458518097978e+01
-2.601535553554143831e+01
-3.827292108176654750e+01
-6.933679042191084818e+01
-6.491141953227677952e+00
-2.668373013154788609e+01
-1.848522639748554752e+01
-6.518818624759623503e+01
-3.335874586144448273e+01
-3.589898181285946066e+01
-3.702853188562359321e+01
-2.656559691795026268e+01
-1.776658305882772737e+01
-1.054166999070126742e+01
-1.986338822129562942e+01
-4.178808613129856298e+01
-3.102909022096143232e+01
-1.076840272934060749e+01
-4.591446734865087365e+01
-2.857010791910758485e+01
-6.007462862323217223e+01
-4.418388819136225720e+01
-5.841842381391874994e+01
-5.956623620783827455e+00
-8.027684550264481800e+01
-6.068307971050716532e+01
-2.791341796953987853e+01
-1.410664799540795755e+01
-6.505384694406216362e+00
-1.106614602677166737e+01
-3.818234139239655178e+01
-4.205505297152982536e+01
-3.490925166911597444e+01
-7.771679336390498349e+01
-4.181683199422447217e+01
-2.052232447939549331e+01
-6.186841745266436732e+01
-1.943859492293499969e+01
-2.707377120043873475e+01
-8.635877964580833677e+00
-4.418736820285317890e+01
-4.153579939634185791e+01
-2.385921772320192602e+01
-1.323187307802833779e+01
-9.828343284221306320e+00
-4.675740449186839953e+00
-2.355590163291628159e+01
-3.549717577335206187e+01
-2.909280887122926629e+01
-2.727488641753370757e+01
-1.669576218580639448e+01
-3.612357154550476679e+01
-2.773524240066403834e+01
-1.193776587047958593e+01
-4.508356919536889507e+01
-1.737623482728605850e+01
-6.077152616802199248e+01
-1.566650388537303762e+01
-5.062783668821902694e+01
-4.220584857679146928e+00
-1.290541199594257193e+01
-1.916137924038115870e+01
-1.256534906967642584e+01
-4.838606758282443820e+01
-1.128203806908391016e+02
-1.243892645137667614e+02
-2.347622615169139948e+01
-6.356282656690064314e+00
-8.027684550264481800e+01
-6.683134648509621023e+00
-3.549717577335206187e+01
-1.544493448560095494e+01
-1.991022095631895539e+01
-1.796061374154687584e+01
-5.683476306363162678e+01
-7.324908609876951004e+01
-1.562660154733149298e+01
-6.921837579948217467e+00
-4.928827360450026873e+01
-1.671395798740295291e+01
-3.105884080413179049e+01
-7.413228936435626792e+01
-4.974161182385470426e+01
-9.753502082736119405e+01
-1.034978328224489132e+02
-8.379915535502122736e+01
-1.554945561712761481e+01
-3.328919042031009212e+01
-1.100983376474879378e+02
-5.207977499912091446e+01
-3.231336148622433058e+01
-1.452814718390203730e+01
-3.970163757078324807e+01
-8.185435855591757104e+01
-1.108730851794767602e+01
-1.137336097792725198e+01
-5.003640737439762631e+01
-2.872798280079695132e+01
-1.024020215713766468e+01
-2.011671301766906694e+01
-2.819266628991218226e+01
-1.276505566178770934e+01
-1.021791096709311830e+02
-5.076299762143229088e+01
-3.341640801477561951e+01
-7.232954542815360810e+01
-4.644251415085471280e+01
-4.775100925813659103e+01
-1.224724918809121910e+01
-2.130334944423386645e+01
-1.567991402860397265e+01
-5.707969919854140528e+01
-6.848616034467451819e+00
-4.988027508745340555e+01
-3.877386102053262817e+01
-2.355992749502275174e+01
-1.739322030234393424e+01
-2.608944938015999071e+01
-4.833353332818123249e+01
-8.103437911364575541e+01
-2.388884626993430516e+01
-1.103073536763043450e+01
-3.314141613993719204e+01
-1.592057005461023600e+01
-3.187962203649514947e+01
-4.826314305079575817e+00
-5.005895158846075077e+01
-2.915918285646764474e+01
-5.824038831220823553e+00
-2.499713823048810468e+01
-1.569931541143779619e+01
-1.112641411055839455e+02
-1.198950814617786520e+01
-8.129363708736141803e+01
-5.327446064704374606e+01
-6.822281016986515567e+00
-1.698521384528403289e+01
-6.194468674179982770e+01
-3.850785854780431094e+01
-9.578281836751274625e+01
-5.926947192838495937e+01
-1.772324181865950266e+01
-1.076728492051461501e+02
-4.836279925084102871e+01
-4.498966938961690687e+01
-3.681512706889201780e+01
-2.791341796953987853e+01
-3.576612634489180209e+01
-8.027684550264481800e+01
-3.575595771281612656e+01
-4.962911575903893890e+01
-3.215772196359411339e+01
-8.470462669296961167e+01
-3.056052770224236781e+01
-8.434170894901855320e+01
-8.281272458931874780e+01
-4.193378988955326747e+01
-6.148619832556069476e+00
-2.607950206173410024e+01
-2.738626568114643334e+01
-4.883373201676800335e+01
-5.884902801142716555e+01
-1.128559267729624764e+02
-8.657277926761923936e+01
-2.311754214951377051e+01
-3.999599300897524756e+01
-4.614351823207054792e+01
-2.268675248269883582e+01
-5.112266982077829880e+01
-6.037583920703373508e+01
-3.088835347876395687e+01
-9.269925216202649310e+00
-7.249773460983209361e+01
-4.406594078588630481e+01
-3.675675730908329797e+01
-4.605309949708368578e+01
-5.348264076738884398e+01
-1.657198415215363951e+01
-5.443138931284719817e+00
-8.335388069482728923e+00
-1.118963386433494733e+01
-1.423208642483452380e+01
-4.568881637412570029e+01
-1.209259062235738753e+02
-1.514141840452876586e+01
-1.258036627086343202e+02
-1.684834251285538897e+01
-9.277534774340868040e+00
-6.077421125954423786e+01
-2.214735817644202598e+01
-8.541977689088560055e+01
-7.447663515394616240e+01
-2.700676332711164562e+01
-1.964772795048894238e+01
-2.572237301477614224e+01
-1.431777019373807214e+01
-3.437834955590804498e+01
-1.435478950290189992e+01
-3.033550130758143837e+01
-3.613787069358674842e+01
-6.744928726537472663e+00
-3.110226666631135117e+01
-1.330695516799387406e+02
-7.176960494335887120e+01
-2.226848817238951384e+01
-1.356206783081734812e+01
-6.460158196058328528e+00
-5.759625243525034932e+01
-2.628923842131447941e+01
-2.895736131537586644e+01
-4.498530039823921811e+01
-1.397262554676017920e+01
-8.003005413692460479e+01
-1.698175418128450076e+01
-9.800736676720651630e+00
-3.980946396292989675e+01
-4.681152279969627727e+01
-4.749922257081320964e+01
-4.278901651907648329e+01
-2.953909152263939575e+01
-4.233076362130165649e+01
-2.709834026337849622e+01
-4.170659579394406791e+01
-9.695884647268739442e+00
-8.115669259563378546e+01
-4.817179850739909597e+01
-4.101657276683922504e+01
-5.325304739500286644e+01
-8.075432859966959143e+01
-6.878016098110585119e+01
-4.424722035048914037e+00
-2.621154106925186511e+01
-2.511803578371397094e+01
-2.574443365032646369e+01
-8.137509465469472048e+01
-2.814077728749989049e+01
-6.075803375874982493e+01
-4.198919051599183661e+01
-1.284379463539230528e+02
-2.216346045058733694e+01
-4.392735104434021309e+01
-1.007082207715760092e+01
-1.530922294445431575e+01
-4.114998499498357631e+01
-9.117278578539414369e+00
-2.577409000043524401e+01
-3.323929062248886623e+01
-9.586134822416404688e+01
-2.066199664343113085e+01
-4.372814106880376528e+01
-1.014160729263572023e+02
-4.777791498075539778e+01
-4.028792079017244987e+01
-4.098710447499703946e+01
-4.196497014886591614e+01
-6.476421721681164811e+00
-1.740223317745953224e+01
-2.522986381837658243e+01
-8.428822640281671497e+00
-6.782271058941910269e+01
-3.384544662831683581e+01
-1.726034867845389797e+01
-1.487584572612070843e+01
-5.114293342380109664e+01
-4.927070546693725106e+01
-7.332546289146659291e+00
-6.855982198741365607e+00
-1.634445765071505008e+01
-2.413700550530120381e+01
-4.673841153202718601e+01
-6.555876141670459845e+01
-3.701463690662208705e+01
-4.865923303424319357e+01
-2.061250494109746256e+01
-3.858151330629021381e+00
-6.093334417956576488e+01
-4.368431102622731999e+01
-1.255142834012123210e+01
-3.618135936022466126e+01
-5.950250130934864501e+01
-8.256483997261200614e+01
-1.031708424637786550e+02
-2.184507244850718166e+01
-4.916059740928191957e+01
-4.610383735313790510e+01
-2.739559464097393260e+01
-2.836943721113986427e+01
-4.811627055089108751e+01
-1.681955239292117454e+01
-1.487584572612070843e+01
-4.095086140122666052e+01
-4.403029698030022132e+01
-9.509632603822991470e+00
-7.487781215355244058e+01
-5.914770079432246064e+01
-4.277152812415710770e+01
-3.933255758670863145e+01
-9.422024375845371935e+01
-1.748106752528648045e+01
-6.921095088341980173e+00
-9.916588194460498329e+00
-3.846436527599648514e+01
-4.715581317298821062e+01
-5.776147680126292272e+01
-1.014530574682533626e+02
-2.425975711092543463e+01
-5.075807645923988787e+01
-7.737447399369338896e+00
-1.491474749053423032e+01
-2.816860478873943663e+01
-2.881972941584813697e+01
-8.421530577583065735e+01
-4.431286826690642044e+01
-2.305423056601711096e+01
-4.834501883162961633e+01
-1.802800105980750445e+01
-1.705965327558389077e+01
-2.571029704261236049e+01
-4.054672853838833646e+01
-3.487660842839402875e+01
-3.140572753641815495e+01
-7.118713884886636833e+01
-2.219593286349383021e+01
-1.396553498357571854e+01
-2.600767292328956515e+01
-2.914587333357778931e+01
-1.765591697510197733e+01
-1.488151362574038394e+01
-6.300625447562195802e+01
-3.521202860040950355e+01
-2.956652552362422881e+01
-5.278171962157241381e+00
-6.959765839304356660e+00
-5.336081663922326612e+01
-1.070774574097517160e+02
-1.507607598660741388e+01
-6.102403082860202055e+00
-3.364686342100426941e+01
-1.797998717119288870e+01
-1.205439751131907578e+01
-2.894996328495886573e+01
-3.019497357031715978e+01
-3.595313907383456353e+01
-2.757996034300037991e+01
-1.043174531581539810e+01
-2.582526680164173882e+01
-8.738332935778166188e+01
-2.438263802538755343e+01
-6.621220727427846953e+01
-4.539176814497744772e+01
-1.251126255225419897e+02
-1.079306096063324674e+02
-7.818684679413711081e+01
-2.536301210870017542e+01
-3.509557316690317208e+01
-2.443133825822502914e+01
-3.447457853834257691e+01
-7.989158152464993634e+01
-5.001476908915712727e+01
-2.983158091035893733e+01
-3.165297967655513034e+01
-3.088595467387182580e+01
-1.753326310179921421e+01
-4.492761735432792136e+01
-6.029871379848498236e+01
-2.713580269146275370e+01
-2.176641979557167517e+01
-1.338584880637543506e+01
-3.276732646810139471e+01
-7.237277669082470055e+00
-6.906565233346333343e+01
-5.125802500408914852e+01
-8.489534691914354880e+01
-1.264958037897994103e+01
-4.833471226453082181e+01
-9.317226292955672307e+01
-2.172772172656546630e+01
-1.112995796990841910e+02
-1.017317942022004473e+02
-6.289263803949897813e+00
-9.924391085336145579e+01
-5.443176243407858550e+00
-1.766561980234159535e+01
-4.783529261506785701e+01
-3.992740111208486553e+01
-3.886379252565594555e+01
-3.745157598206276361e+01
-2.398849625389847873e+01
-4.976717813474434138e+01
-3.539808259369931420e+01
-1.546547744185525985e+01
-8.787595299765224865e+01
-3.883568089012947411e+01
-7.139761696854039030e+01
-3.009687937478580722e+01
-2.470670620163877018e+01
-6.049248175066217215e+01
-1.897148814966912056e+01
-8.517278578539414724e+00
-1.739618896291544559e+01
-3.180869162996573962e+01
-2.798557687800202842e+01
-3.269174048987692061e+01
-3.192268465613085482e+01
-4.998666927508033808e+01
-4.575941556178780445e+01
-3.355562406412782650e+01
-2.603445082830894819e+01
-1.758711691485067874e+01
-7.172305711786786553e+00
-8.880051730527085851e+01
-1.900174591735195762e+01
-4.153375875117851024e+01
-1.709313279354136483e+01
-5.549722440469816576e+01
-4.730168064132010386e+01
-3.475592795294952797e+00
-1.137383996560028088e+01
-1.139996615058523872e+02
-9.775826200893631324e+01
-2.697432283804939601e+01
-1.974967725033082999e+01
-4.576370156579892523e+01
-1.082627082587094378e+02
-6.749592862674607119e+00
-8.532221074252981907e+01
-3.164828170500727822e+01
-1.226048649151801939e+01
-2.274587706716638635e+01
-6.175183222564105279e+01
-1.561516355205845130e+01
-3.966707759721220583e+01
-2.816860478873943663e+01
-2.437149469273422042e+01
-2.719129498999105010e+01
-4.773599102959538243e+01
-2.676946242295467115e+01
-4.886627453157548473e+01
-6.308351094130426873e+01
-3.522870301091657552e+01
-4.895643492034442090e+01
-4.591073708780587026e+01
-8.417278578539415079e+00
-3.377921290969693757e+01
-1.008834357756711455e+02
-6.530247381124098638e+01
-8.837494022498563595e+01
-2.824529007623173982e+01
-8.820801552482338437e+00
-1.551116369273498563e+01
-1.063362241942072188e+02
-1.140701506902348683e+02
-3.949721035401862679e+01
-2.613043917343726363e+01
-2.940621704368103906e+01
-2.011279225470662979e+01
-8.053562184447271122e+00
-1.316950660221533020e+01
-4.396252072928297849e+01
-1.193960448268340535e+01
-4.620102891522024180e+01
-2.446002673126216465e+01
-2.116388386100090457e+01
-3.922119305102147280e+01
-2.457793680566973649e+01
-5.608232350482641948e+01
-5.932319816839576276e+01
-3.077226629404673375e+01
-5.114412783763464887e+01
-6.605925982369471683e+01
-6.046493040460459767e+00
-1.812800105980750587e+01
-3.529300709132209946e+00
-5.067336332234290808e+01
-1.413706259609961258e+01
-7.995725241256883464e+01
-2.618228016864532393e+01
-3.057363202923628975e+01
-8.471453251121404548e+01
-1.226036536534094346e+01
-1.584406605319026973e+01
-2.319365688857854124e+01
-2.138633718306552822e+01
-1.094840753880590114e+02
-9.464770627741803111e+00
-6.326567911723095960e+01
-2.470150141427773960e+01
-4.240135205633780657e+01
-2.905445771497330298e+01
-2.123166519210476366e+01
-4.924341888898574382e+01
-2.429403893761936573e+01
-4.698772949975199964e+01
-2.424959703132752864e+01
-5.866368022011644712e+01
-3.868908434440362498e+01
-2.261205025620136411e+01
-3.958760295015508746e+01
-6.167759606115737370e+01
-1.377219498181896142e+02
-3.190839817761520703e+00
-1.400421817765512955e+01
-6.737972848354768729e+00
-1.413706259609961258e+01
-1.205471756288502583e+01
-4.783727494642188560e+01
-8.371411161530735612e+00
-1.317279703573503298e+02
-2.298052719620184803e+01
-1.063423408144233377e+02
-5.546221210507714972e+01
-1.369092989539529981e+01
-7.746830972281560435e+01
-2.060052984175447222e+01
-9.184229547720116216e+01
-4.918853069560984892e+01
-5.778892091534765996e+01
-3.539237404536255838e+01
-1.296156879115737866e+02
-6.391133142776689624e+01
-6.279822427557075315e+00
-2.952542382794531406e+01
-2.969733169748040424e+01
-1.616036972787767922e+01
-6.438088435723634007e+01
-5.060751222265331251e+01
-2.334695217053718963e+01
-4.069638342398128117e+01
-5.294614800780134090e+01
-1.769285964020615154e+01
-1.004506027351377817e+01
-2.794029543642744784e+01
-7.568193474758042782e+01
-2.552995922014774521e+01
-8.757287346667597205e+01
-4.783727494642188560e+01
-7.864289768940099634e+01
-9.015501865064464937e+01
-2.331530257726771538e+01
-1.106028510349821303e+01
-2.591271145324683545e+01
-3.652405952462618899e+01
-1.315298630906112862e+02
-4.119774239076135558e+01
-5.759674268499044558e+01
-2.800803871645643994e+01
-1.339827946607876541e+01
-3.542656795090248067e+01
-4.103747977175770245e+01
-3.367399445307130179e+01
-1.072681803580327653e+01
-4.628206253559944372e+01
-1.106027060630727554e+01
-8.843988955744659108e+01
-4.726068227417986378e+01
-1.035769238215301868e+01
-1.239753933225768634e+01
-3.470841924671555034e+01
-1.694082133140926061e+01
-6.817048066741440593e+00
-9.500308476249367473e+00
-4.230192673483025345e+01
-3.387642260309149833e+01
-5.988152829269566979e+01
-1.578244914009421862e+01
-1.818703179832408523e+01
-5.401353548975756524e+01
-5.212270037314498694e+01
-6.096744387181914959e+01
-3.010314631693019294e+01
-3.589732901502524776e+00
-1.445771812872993323e+01
-4.169881628550145081e+01
-2.377464754254240376e+01
-6.999184957234580118e+00
-4.203461973510388816e+01
-8.998575282758286775e+00
-1.175878608463182928e+01
-5.492376920345961366e+01
-5.868759931314883005e+01
-6.440099656610419387e+00
-5.003372363362154118e+01
-5.701879262933446313e+01
-4.974902840227987610e+01
-1.799242598561055573e+01
-3.979721035401863105e+01
-2.168326082536089672e+01
-7.819978119756937573e+00
-6.680852590509594791e+00
-1.831867788315178203e+01
-7.017303228994854258e+00
-1.634133388275948917e+01
-2.847138172003296219e+01
-2.741025224060757282e+01
-1.737907442271840353e+01
-1.946688862075201953e+01
-4.581845663235543498e+01
-1.400232168547344536e+01
-5.206795209335771801e+01
-1.072974431472235892e+02
-3.771213508313877583e+01
-9.093198068913872945e+00
-5.118790891872056648e+01
-4.754432517991028107e+01
-1.415581307707959091e+01
-4.468030808022176359e+01
-2.946122445647878507e+01
-2.535806078671608788e+01
-2.594568385589057513e+01
-5.499628774530798125e+01
-1.865491686946555205e+01
-7.887499438687499698e+00
-1.373431319515817250e+01
-2.847138172003296219e+01
-2.814722272350796217e+01
-1.670746747509486241e+01
-3.135272107024452737e+01
-1.056168413882775781e+01
-4.846769027494337934e+01
-2.791341796953987853e+01
-6.120427765730693892e+01
-2.653809526755508585e+01
-1.033524704626576352e+02
-8.138585678009965463e+00
-4.424179532365947409e+01
-4.030462607123381247e+01
-2.193213559377678123e+01
-2.405044685472238797e+01
-6.451738258529175596e+01
-3.249250299851205170e+01
-4.781301548955443792e+01
-4.838606758282443820e+01
-4.246514721718421725e+01
-3.906895491696521105e+01
-7.054203741651579662e+01
-3.918616931131276715e+01
-2.699601159116330606e+01
-5.337521559202505728e+01
-4.072252565291712756e+01
-4.233271240382836709e+01
-7.822260579451733697e+00
-7.530352956450666113e+01
-5.306691263677345205e+01
-5.638162260338958731e+01
-2.765006190126484853e+01
-5.003372363362154118e+01
-1.023258387420455904e+02
-3.470841924671555034e+01
-4.374857106596321188e+01
-1.502440704292028784e+01
-5.505886216968928437e+01
-1.019965546690371525e+02
-2.347622615169139948e+01
-1.759346737788878912e+01
-3.810416363187612632e+01
-1.374551692080770771e+01
-9.021940557641970315e+01
-2.442016816432440507e+01
-5.296569983788968727e+01
-6.926405091540961401e+00
-2.791341796953987853e+01
