-3.287079658307608554e+01
-8.927903996044101120e+01
-3.648480555959385896e+01
-4.767088961428243721e+01
-6.595419995121677914e+01
-4.993736038771422159e+01
-9.800461115033388637e+01
-2.807192859315230749e+01
-4.997740063575290748e+01
-2.970545947977250378e+01
-8.382667091939174497e+01
-2.767042732809388994e+01
-4.093489253552836971e+01
-9.165459157735928386e+01
-5.877024909232000738e+01
-1.101678515374534015e+02
-7.185014686653620686e+01
-8.885056571554339655e+01
-6.237465064413380134e+01
-5.730091512936459708e+01
-7.181342712542497964e+01
-8.425476375984668209e+01
-1.086231057360307375e+02
-4.044731284058166665e+01
-4.552966935576047547e+01
-8.835506272229972069e+01
-7.028352406372549410e+01
-1.309463797461607442e+02
-3.779387135985020052e+01
-1.189257065018550747e+02
-2.669704547493036983e+01
-3.842984719827541085e+01
-3.824784536117472555e+01
-1.413952566010503631e+02
-5.057005281251105799e+01
-8.181556509998972615e+01
-4.714529859872485673e+01
-3.859235599133564421e+01
-3.825251296149933466e+01
-6.992956728168279312e+01
-3.688877600385395539e+01
-3.713249338081179474e+01
-1.781371887835175016e+01
-3.715877715758122690e+01
-3.626318772763618625e+01
-2.909196906103505498e+01
-1.868480669844479536e+01
-1.743041332057275028e+01
-2.439225630092729347e+01
-2.739396643571113898e+01
-5.796892852002238783e+01
-3.352475295792063292e+01
-2.792884899245403219e+01
-2.567091124104807065e+01
-5.994522236956157712e+01
-5.055496789597599872e+01
-4.287977175183291934e+01
-7.796633345602728582e+01
-2.398128824182752084e+01
-2.135113845988457371e+01
-7.611510641823642231e+00
-3.292761371124184677e+01
-4.381617801669494838e+01
-2.216887932222120838e+01
-2.051239141975096558e+01
-1.029348218095089074e+01
-3.901068142242116465e+01
-3.939156572261396150e+01
-1.247439417131510631e+01
-1.083880696736739502e+01
-8.807193432120233467e+01
-2.651055929795743893e+01
-1.836978466557688705e+01
-1.602369163003118757e+01
-4.012246014437056374e+01
-1.017634809464784524e+02
-5.186308576675354232e+01
-3.054423906561733304e+01
-3.052452692125295641e+01
-9.627153414598065240e+01
-4.161683112024570619e+01
-4.985943759467881620e+01
-2.776297404296678906e+01
-3.802506813464660240e+01
-1.338154268920745515e+01
-3.965670385087890537e+01
-6.308986165999390039e+01
-9.460885541213894356e+00
-5.834455692631836854e+01
-5.562248050944621269e+01
-6.173537090209627820e+01
-3.778190579765398383e+01
-1.259909652414132069e+02
-3.318361357217201402e+01
-1.724004869960607422e+01
-2.248274621053801781e+01
-2.550920831455973214e+01
-2.486207374165223172e+01
-2.862058160357885583e+01
-3.075470848280493996e+01
-1.142988274664669390e+01
-1.656697674438921197e+01
-2.967965390596604180e+01
-2.108387254337877437e+01
-5.707601534602372340e+01
-1.413903465472774634e+01
-2.374968413129375477e+01
-4.603737026566533075e+01
-2.037739599232212839e+01
-2.376709396806155539e+01
-2.934880691974256095e+01
-2.026706946041687729e+01
-1.136579876135964540e+01
-6.557953943733213009e+01
-1.945641967595718569e+01
-9.172412880954874836e+00
-4.701753286923965902e+01
-1.452268278085871778e+01
-4.354934823179693382e+01
-8.025653813853530494e+01
-4.157159067404927555e+01
-2.105846039969091166e+01
-3.542528283922695920e+01
-1.094701291846719045e+02
-1.191704864550640686e+01
-3.456375059640047454e+01
-5.120019803852395768e+01
-1.406777602782421432e+01
-7.127451013099076249e+01
-6.494500103105937505e+00
-3.198065143527054488e+01
-1.075444607302339222e+02
-2.357317274058681278e+01
-3.572999788256870346e+01
-3.664023953579369675e+01
-1.560092497764631680e+01
-7.977017427728389620e+00
-1.972393422631627047e+01
-6.811030532851887642e+00
-2.080681391809542902e+01
-7.656358005676412226e+00
-2.654311151712276740e+01
-2.995371735641048971e+01
-2.619318644461741741e+01
-3.235515248080912443e+01
-6.583552035044594675e+01
-5.597299393417204527e+01
-3.115379328789056501e+01
-2.952527783079294466e+01
-3.158097562280315884e+01
-1.401924880523160866e+01
-2.829231404039852293e+01
-6.744346170305166766e+01
-3.407602223715958445e+01
-1.581519736902430040e+01
-2.210727207103594694e+01
-5.983846790099573099e+01
-2.827220910760143369e+01
-5.660996198702112991e+01
-5.412810946855242378e+01
-1.048109898495440575e+02
-1.233589268773740457e+02
-1.607428093985013007e+01
-6.790646817996491791e+01
-3.632200084852287603e+01
-5.199348955292988705e+01
-2.186963255384851124e+01
-7.107881997248336248e+00
-6.699773074340224355e+01
-4.951909796880249814e+01
-4.809655000712900375e+01
-6.770924745289065960e+00
-1.039915630544360141e+02
-1.007342295906520491e+02
-9.007910677421460122e+00
-3.337310404125472729e+01
-2.074323624814168454e+01
-3.966552723235942324e+01
-9.878522248278352436e+01
-2.837057453365130755e+01
-1.156818076396216632e+01
-9.237749157658936383e+01
-3.188089647140566640e+01
-3.797714213884147938e+01
-9.228205068383923049e+01
-4.176079520508589837e+01
-7.959490648439969007e+00
-6.109778824753953330e+01
-4.392489581648911923e+01
-4.971282186988013052e+01
-1.944482412016144934e+01
-1.459774574475776632e+01
-4.581216121414741593e+01
-3.897335118270288490e+01
-7.180307689107418412e+01
-2.163874748113917690e+01
-3.018909725062695060e+01
-1.276745221653473905e+01
-1.119624034661680554e+02
-1.928621391430968446e+00
-6.002095064206790198e+01
-1.044457448494817697e+01
-4.012106104219964919e+01
-6.049692524689380946e+01
-6.610652733706911022e+01
-7.308099935355556021e+00
-3.739115800607777373e+01
-5.135690648394546542e+01
-1.565902715807702883e+01
-9.958816048646590957e+01
-3.562403304934069581e+01
-4.028571544744013266e+01
-2.033349530956752105e+01
-1.070961864333958289e+02
-3.034673479863013767e+01
-1.980032370188319035e+01
-4.210602292516539791e+01
-9.442391181945257017e+01
-1.013282752657921577e+02
-4.081541284146606330e+01
-2.937585226932487004e+01
-1.361850728668636634e+02
-3.224854749306012991e+01
-4.436932729189953761e+01
-2.576822075402012757e+01
-3.062494585948459047e+01
-1.858823561127222135e+00
-3.415291115592495430e+00
-1.334952952265128090e+02
-3.788317542519713044e+01
-1.424548865941936526e+01
-2.844274863346439020e+01
-1.106426319547858839e+02
-6.253520710166156960e+01
-2.938086180888389265e+01
-2.482107018225990913e+01
-5.488952263950206145e+01
-2.527320502596133611e+00
-2.905535399923167894e+00
-3.664152258901756198e+01
-1.796477226890853274e+01
-4.066320277380582127e+01
-2.394402262298374851e+01
-6.688218440844952539e+00
-4.413279798245120844e+01
-3.536800478125982039e+01
-3.243269420650755741e+00
-1.142415186059079701e+01
-2.166945228540311419e+01
-2.477304300433604212e+01
-1.076447996223974855e+02
-6.195420880410059539e+01
-3.638807198204690962e+01
-1.594653969392078174e+01
-6.359635085075338168e+01
-2.977154561923781984e+01
-3.172918057187035146e+01
-3.355285931844280611e+01
-5.610510531648922949e+01
-6.523698773365947545e+01
-2.834915780630448268e+01
-1.367352779337289448e+01
-3.582366191885317619e+01
-5.288752120371600540e+01
-2.334603260010058534e+01
-1.719676085227050422e+01
-9.580380890160056140e+01
-2.692003190710034843e+01
-1.691688536312634383e+01
-2.107941408843087672e+01
-1.091491080876029969e+02
-2.325698922801716506e+01
-2.139684774700888426e+01
-3.534782079484404704e+00
-5.889979906235538465e+01
-5.576273156265806108e+01
-5.692634148157059570e+01
-3.544943634718998737e+01
-1.160203007894710048e+01
-8.751987705080818358e+00
-2.093718752415320239e+01
-5.761638242041974678e+01
-4.999672751636288837e+01
-1.174263094946545039e+02
-1.004978620453716189e+02
-2.418059785431641373e+01
-7.490993765753194111e+01
-4.249946900589641530e+01
-3.436024436328980869e+01
-3.846158928066786586e+01
-2.937954855591758374e+01
-1.394228322488272553e+01
-6.843679179649548416e+00
-1.097406116499644497e+02
-3.228662575411459557e+01
-4.834535276357696887e+01
-1.208644757353158283e+01
-3.241144942136858020e+01
-7.560198508396840111e+01
-1.234200358310211421e+01
-1.747345559337289345e+01
-7.836948176994739867e+01
-1.575570011006167270e+01
-3.176845239571504820e+01
-1.297813785466267156e+01
-1.498150478811415987e+01
-2.795896829896641833e+01
-5.027887727304644727e+00
-7.921849899810615625e+01
-1.253875527437151582e+01
-3.123765713460970517e+01
-2.715913669260007524e+01
-1.124449732969079037e+02
-1.350030948626431915e+00
-1.509977138744201852e+01
-3.351707915180139707e+01
-3.423404135004494719e+01
-9.297538678667583767e+00
-6.547487395317754988e+01
-1.448634481016268616e+01
-6.904783016279147034e+01
-3.454097810094107324e+00
-2.300036025783004234e+01
-1.432023758096636534e+01
-2.601366280582414348e+01
-5.375443246690134913e+01
-3.515255437048471521e+01
-1.362256878471188486e+02
-3.824973189055256739e+01
-3.436024436328980869e+01
-6.972969504154987064e+00
-2.182637323327526602e+01
-1.031246433958773991e+02
-7.250402909985592714e+01
-4.409989689148322611e+01
-2.199728062742271817e+01
-2.012533061524099409e+01
0.000000000000000000e+00
-5.514738690638584018e+01
-2.994054005044396050e+01
-4.081541284146606330e+01
-1.836698502544647837e+01
-4.588597638979933890e+01
-4.271178452113545632e+01
-4.054777333388252458e+01
-1.903853831320941126e+01
-8.606824193337834217e+00
-2.753473126328694676e+01
-3.562155486515972314e+01
-1.386598820066543958e+01
-6.675586534773988490e+01
-1.764509793089825962e+01
-3.630267665919210884e+01
-4.155824981319813816e+01
-1.158562803544023190e+01
-7.518462010238925686e+00
-8.721486616564400052e+00
-1.767922883757540120e+01
-1.449890893406083769e+01
-6.608961749036367905e+01
-6.174585603149763102e+01
-3.991022097040800531e+01
-3.696246065685639337e+01
-8.540592765626451310e+00
-1.970057110521322485e+01
-3.454097810094107324e+00
-1.727827941381507415e+01
-7.250402909985592714e+01
-6.900917263627404452e+01
-3.310953873061080799e+01
-1.886335874197238027e+01
-1.913383884220871423e+01
-5.013454128087210648e+01
-5.249801893533125963e+01
-2.393836686353388998e+01
-2.542674314589777751e+01
-2.222211508605471053e+01
-1.020272797674767773e+01
-5.375939963712649217e+01
-2.460148935060557562e+01
-4.013806752825676938e+01
-1.062556808778639379e+02
-3.228662575411459557e+01
-7.358285270786630861e+01
-4.155824981319813816e+01
-9.459106658436637005e+00
-3.219466207737494301e+01
-9.368234911376474372e+01
-4.114158685988864761e+01
-6.569861890647942460e+01
-2.671297971059041032e+01
-1.536326593132654672e+01
-1.249434405960935948e+02
-9.560389369114513869e+00
-1.242607844900756753e+01
-1.099845443087766128e+01
-3.436024436328980869e+01
-2.484664377818519654e+01
-8.538317413348789131e+00
-8.205708093250325419e+01
-3.228400367670910498e+01
-9.297538678667583767e+00
-4.650864292772808994e+01
-2.858752350503778183e-01
-2.235367954380692623e+01
-1.050901089080547735e+02
-1.260871047091074182e+01
-4.521982423649966876e+01
-2.244051156705140215e+01
-1.836698502544647837e+01
-2.121508825483909888e+01
-3.748184190396981563e+01
-1.970057110521322485e+01
-5.999999999999999778e-01
-1.085930970670632973e+02
-8.366428635788433610e+01
-5.079439491480792768e+00
-4.600990991393742036e+01
-1.432023758096636534e+01
-2.099148277251813610e+01
-3.679863947674434144e+01
-1.290160092303343049e+02
-4.394267100277831872e+01
-5.529888383271716279e+00
-7.269787103287276508e+00
-7.269787103287276508e+00
-1.970057110521322485e+01
-7.269787103287276508e+00
-4.592216338255559549e+01
-2.393836686353388998e+01
-2.618005312492207537e+01
-4.686016998825920865e+01
-2.674066158147891770e+01
-2.674066158147891770e+01
-2.618005312492207537e+01
-7.269787103287276508e+00
-8.956319485969348904e+00
-4.212057944843807888e+01
-2.937106302758089882e+01
-7.054924612048895938e+01
-6.313874568443890922e+01
-6.049807761936493478e+01
-1.799999999999999822e+00
-1.764509793089825962e+01
-1.374850254201919597e+01
-1.546298730750637773e+01
-1.346413939924124215e+01
-1.796477226890853274e+01
-2.383700751394074757e+01
-2.858752350503778183e-01
-2.763125632014534716e+01
-9.563054282131941974e+00
-1.957192183097519589e+01
-5.249801893533125963e+01
-1.562857537205497360e+00
-3.436673471390866297e+01
-2.584602228368874322e+01
-2.879390026111122225e+01
-3.874552864266608765e+01
-3.454097810094107324e+00
-1.681730419294161294e+01
-7.004961961812725235e+01
-4.483606562903555215e+01
-1.432023758096636534e+01
-4.565631884451109102e+01
-9.216094640687904516e+00
-4.659938238386416032e+01
-2.063475755648164167e+01
-1.198808950731320522e+01
-1.255160690916369859e+01
-2.984864313086401211e+01
-3.099369882029434820e+01
-2.618005312492207537e+01
-3.537589216378793822e+01
-1.881229776532460818e+01
-2.471398263552204355e+01
-1.432023758096636534e+01
-1.483750108811745783e+01
-3.181762245126275346e+01
-1.836698502544647837e+01
-3.714999547183231954e+01
-2.210530765136066478e+01
-2.814297645388962721e+01
-6.769585853720698765e+01
-7.548549220860806486e+01
-3.351707915180139707e+01
-6.683135724339064154e+01
-3.579339681918050520e+00
-9.659036196881521619e+01
-2.237858556541316091e+01
-9.459106658436637005e+00
-1.438434673265722807e+01
-2.050929353974075298e+01
-6.797485865848338449e+01
-5.321611726389356534e+01
-1.110230961385755677e+02
-2.618005312492207537e+01
-1.393691369658304247e+01
-4.151438930475974587e+01
-4.217488126389594782e+01
-6.362638934315499029e+01
-3.226214042210063582e+01
-6.818121709400419661e+01
-3.501139304528555840e+01
-3.799833442407528850e+01
-1.742338871601109673e+01
-1.507859807982544709e+01
-5.999999999999999778e-01
-4.686209859548806378e+01
-8.275197691936970301e+00
-1.502547358731037619e+01
-1.083910405618140373e+02
-3.014158606768926063e+01
-9.515428422657697638e+01
-1.662542964793391675e+01
-1.485026250675103299e+01
-1.199999999999999956e+00
-2.615472374278986933e+01
-4.501104408739470131e+01
-2.200678178118344519e+01
-4.882153721857240924e+01
-1.591708041683598474e+01
-4.267088581496009425e+01
-9.459106658436637005e+00
-1.927643437072384813e+01
-1.085102087360320553e+02
-1.836698502544647837e+01
-5.765328594291966979e+00
-9.667190216690412896e+00
-3.605316777850098475e+01
-7.250402909985592714e+01
-5.435061558719133501e+01
-8.254935971315134680e+01
-3.454097810094107324e+00
-9.560389369114513869e+00
-1.789029610778692714e+01
-1.524988037089988602e+01
-1.020272797674767773e+01
-2.851958632450787690e+01
-2.744098901444925076e+01
-2.981938708483243872e+01
-3.305193584856877465e+01
-1.311238939593100383e+01
-3.205719511313451875e+01
-2.834514891611133347e+00
-3.578835597859471562e+01
-8.787247108290735298e+00
-4.358787612862546723e+01
-1.742156191900732409e+01
-1.146643043634060710e+01
-3.843650299026037231e+01
-3.016441138790962384e+01
-2.709513064808194827e+01
-8.800505954481951676e+01
-2.569658784905896098e+01
-5.494269977298273488e+01
-9.744184343598702469e+01
-6.077517648432470310e+01
-5.346248930850426007e+01
-5.679916704426386787e+01
-6.435622505168720409e+01
-2.941557250781134059e+01
-7.684341410992179533e+01
-1.011430051656638938e+02
-3.436024436328980869e+01
-4.360523898434960444e+01
-1.390507928326244880e+01
-4.686016998825920865e+01
-4.210627060214674344e+01
-1.621142067862449565e+01
-3.129399561738650348e+01
-8.254935971315134680e+01
-4.001017326732174695e+01
-8.231231124261904597e+01
-2.139266127307704934e+01
-9.523298388126963943e+00
-5.262445792025978619e+01
-6.599555510146612392e+01
-5.807785641771165785e+01
-3.338443658876382614e+01
-8.140952304079081614e+01
-3.630267665919210884e+01
-1.156942885984802061e+01
-2.858752350503778183e-01
-1.071779330908400283e+02
-1.154582561978075361e+01
-2.257300627846621310e+01
-6.518074379068627877e+01
-2.907799458142226712e+01
-9.926077994126680792e+00
-1.351067698201191725e+01
-3.548520258291407714e+01
-1.568764399618165051e+00
-1.780745231367948378e+01
-3.415291115592495430e+00
-3.233276879024803208e+01
-8.945588847440658853e+00
-4.158199807334653997e+01
-1.272769266002066502e+01
-6.792587644830194904e+01
-9.379979611231476611e+00
-3.405582422796942410e+01
-1.529059255483467217e+00
-1.385611528239122370e+00
-5.370545025671986394e+01
-4.010726785670214412e+01
-7.845764891650686934e+01
-6.632525817693379899e+00
-8.571239784832652475e+00
-1.524936338777303391e+01
-1.907362213092133274e+01
-3.237487952135739278e+01
-5.060100084439217483e+01
-8.956319485969348904e+00
-8.284544140165371573e+01
-1.780745231367948378e+01
-5.912065524409032946e+01
-4.425800925795967800e+01
-4.071401753392821377e+01
-1.322036118487673306e+01
-1.303643503754038235e+01
-1.316898617326557144e+02
-1.944482412016144934e+01
-5.532665075914549391e+01
-7.269787103287276508e+00
-4.593227888615297161e+01
-5.707463655721188189e+01
-3.017991104728623242e+01
-3.138520764794484208e+01
-4.568277000546191857e+01
-5.702479128876361614e+01
-2.888085002029580295e+01
-5.482791261139332306e+01
-4.057317011206147583e+01
-8.806785486657608075e+00
-3.273460557949216820e+01
-4.870537463541070622e+01
-5.934040774349823977e+01
-3.454097810094107324e+00
-1.691698205122407472e+01
-4.652449964754694633e+01
-3.320286289999869211e+01
-2.248230056071279392e+01
-7.605254938217201754e+01
-5.620187220394643646e+01
-7.507088597825313236e+00
-2.240276417245829066e+01
-2.999124450791462593e+01
-5.076336086228516820e+01
-3.480025856972507370e+01
-1.226859682338322521e+01
-3.374532420597185478e+01
-2.436345949776876552e+01
-6.244992683653420329e+01
-1.831053061162392481e+01
-1.831467795560979894e+01
-7.011006608573958943e+01
-4.282414327681321708e+01
-6.033285766246716264e+01
-3.940721711604717115e+01
-2.213100850884669768e+01
-7.656754620741797623e+01
-8.586811224619518157e+01
-8.173093542334079586e+00
-2.960200450567977271e+01
-2.305535399923168249e+00
-4.681615494830293045e+01
-7.046801058842862631e+01
-3.415291115592495430e+00
-6.418366613012659627e+01
-1.092843081334932265e+02
-2.143708366452899838e+01
-3.586281328373934230e+01
-2.858752350503778183e-01
-1.970057110521322485e+01
-2.928601376900007125e+01
-6.427212719604399638e+01
-5.293187413515298090e+01
-6.313223223505357851e+01
-1.524936338777303391e+01
-1.624580797944571131e+01
-2.847096110293826143e+01
-7.580296036660234904e+01
-3.903502619177252608e+00
-1.905485004364719970e+01
-6.648295492025144426e+01
-1.022299266998542464e+02
-1.740981324308704714e+01
-4.037891460179325520e+01
-2.102895059849294057e+01
-2.693839038738839164e+01
-1.064327829489042720e+01
-3.630267665919210884e+01
-3.405956124374056060e+01
-6.577923374657423494e+01
-6.217741575868680570e+01
-1.933347502576756938e+01
-4.377064435917814933e+01
-6.575292483147256917e+01
-1.633231279732386199e+01
-9.560389369114513869e+00
-4.241015884842869355e+01
-1.119624034661680554e+02
-7.706656396880002546e+01
-3.401110684473836443e+01
-1.388979580868381269e+01
-4.784467725453544773e+01
-2.739955078340236838e+01
-4.155824981319813816e+01
-4.182924363180073613e+01
-4.568277000546191857e+01
-6.511797919264392931e+01
-4.372070226366606960e+01
-1.084127406770962310e+01
-2.850113775253101878e+01
-5.537045237935422648e+01
-3.428837542281014805e+01
-2.544254428935644086e+01
-3.749859312801910960e+01
-1.780745231367948378e+01
-1.036640539733495103e+01
-6.623777169272321430e+01
-1.372624998141840802e+00
-6.028876634868105100e+00
-1.373988821963916607e+01
-1.089465634705531301e+02
-7.920260757468393820e+01
-1.724769648840946346e+01
-1.185372209917528608e+01
-6.692342435131186562e+01
-7.719686977768176916e+01
-2.812896182138043244e+01
-3.329564184639195901e+01
-1.253875527437151582e+01
-3.234070005688800364e+01
-9.019026730703846084e+00
-2.229517606505002192e+01
-9.551118498080985830e+01
-1.623243214002018675e+01
-9.368636075148957332e+01
-1.720980094535593707e+01
-3.254201009224747310e+01
-2.437420891276405044e+01
-1.432023758096636534e+01
-1.208766754496464202e+01
-3.375714407348195323e+01
-8.687455767541312923e+01
-5.602930079744582770e+01
-4.998808376858881530e+01
-7.422099455031104753e+01
-6.254526217153901513e+01
-4.523933489736383251e+01
-4.504913752586556797e+00
-4.593227888615297161e+01
-2.130345100917085333e+01
-3.185377169955588172e+01
-4.440149234257000188e+01
-3.004796877237755481e+01
-2.858752350503778183e-01
-5.671607364763944759e+01
-2.674066158147891770e+01
-1.629679196508944727e+01
-9.523298388126963943e+00
-3.388332273458481581e+01
-1.453301796874261065e+01
-1.086199906926411245e+02
-6.847244591868901864e+01
-3.756434334415507692e+01
-1.381704920334977515e+01
-1.970057110521322485e+01
-3.510802762678692091e+01
-2.688668352738306666e+01
-2.397233371664300705e+01
-2.580511630394215672e+01
-9.701977595100819940e+01
-3.336177299073364821e+01
-9.891645851273096923e+01
-3.436024436328980869e+01
-3.295099752288092532e+01
-8.388646044026073056e+00
-1.339781566048757000e+01
-4.636609729698240301e+01
-3.412859141862784185e+01
-1.057821490549099224e+02
-1.432023758096636534e+01
-4.196609016633133393e+01
-3.436024436328980869e+01
-5.264350668522077115e+01
-5.744002558465180641e+01
-3.023639699776652279e+01
-1.845698150735345067e+01
-1.199999999999999956e+00
-3.308978882721319792e+01
-1.387879442148738285e+01
-6.982665210848477955e+01
-1.432023758096636534e+01
-1.128624656267103621e+00
-9.744184343598702469e+01
-2.214985617824853037e+01
-4.831010351409950232e+01
-4.362131914161462731e+01
-7.700005138338563704e+00
-7.535477269641610576e+01
-1.310073741949173041e+02
-1.434533478466397760e+01
-2.578496079398282603e+01
-1.432023758096636534e+01
-1.970057110521322485e+01
-1.360439616371318117e+01
-9.514530186426632952e+00
-7.254268277596597159e+01
-3.436673471390866297e+01
-4.126199552195456732e+01
-4.385816958527122722e+01
-1.067539525002239387e+01
-4.475232926908297060e+01
-7.138130629691265483e+01
-4.008914946825204595e+01
-1.280995720176158770e+01
-6.185246830051722355e+01
-5.207119141132027806e+01
-2.513649637064097320e+01
-5.157610246796773623e+01
-4.212327145162742426e+01
-1.494934000968758347e+01
-2.185043473520475033e+01
-9.826038563203726994e+01
-7.395439838466502636e+01
-3.534980696168369718e+01
-5.493574091888089583e+01
-2.420302268364003240e+01
-6.189388879795338738e+01
-7.450976614975682821e+01
-9.163064565540954831e+00
-2.550592409047626319e+01
-1.970057110521322485e+01
-1.196044832107054745e+01
-2.604790150277428040e+01
-6.290214975025465094e+01
-2.277612551528847362e+01
-8.012269752809499934e+00
-5.051906988907831675e+01
-1.370236058407614266e+01
-1.033951009289864373e+02
-1.057371072381945964e+02
-1.524936338777303391e+01
-1.724769648840946346e+01
-1.360439616371318117e+01
-1.725395854812413532e+01
-6.290214975025465094e+01
-1.771473161654063233e+01
-3.138000371712839964e+01
-8.895784878532774442e+00
-6.873496685001680540e+00
-1.035729062363893860e+01
-1.035729062363893860e+01
-5.999999999999999778e-01
-2.380135457343974537e+01
-2.482107018225990913e+01
-1.970057110521322485e+01
-2.949066935091811459e+01
-3.454097810094107324e+00
-3.102338906374906813e+01
-1.344929444734911250e+01
-6.847898913463407666e+01
-4.864058813232820455e+01
-3.229706640317801458e+01
-9.357704919069097116e+01
-3.588283067221887723e+00
-7.989953491195251445e+01
-3.453747050603595881e+01
-4.388000933244581958e+00
-4.057317011206147583e+01
-2.976066978814193575e+01
-9.956557055733622263e+00
-3.991220884695876236e+01
-2.618661884475337587e+01
-2.858752350503778183e-01
-3.356714633735301589e+01
-1.200873051525528297e+02
-1.205850964211401610e+01
-3.317208472540526287e+01
-1.441884608290949288e+01
-6.452627175476099808e+01
-3.658569025632355221e+01
-9.459106658436637005e+00
-9.918145684567862475e+01
-2.006884918527539696e+01
-2.316410115481884446e+01
-6.037330307245307637e+01
-2.302215603869247218e+01
-5.819695242532193902e+01
-1.035729062363893860e+01
-1.970057110521322485e+01
-1.323095988096072873e+01
-2.700787190717935005e+01
-4.845540648380810467e+01
-5.819695242532193902e+01
-6.856101323825768645e+01
-2.482107018225990913e+01
-2.858752350503778183e-01
-8.315402106178476060e+01
-1.080615230617180167e+01
-6.572738494843174806e+01
-1.944482412016144934e+01
-1.118119949351534785e+02
-9.459106658436637005e+00
-5.584389822901994904e+01
-2.369722982866980132e+01
-1.418831735695438923e+01
-5.021632990972281618e+01
-3.513857515720928859e+01
-6.207605640909362421e+01
-9.523298388126963943e+00
-4.479503389313377681e+01
-5.441644445725930979e+01
-6.444814739115292923e+01
-1.568764399618165051e+00
-6.623296612052558885e+01
-6.562938213303694113e+01
-1.773532096072863595e+01
-9.803497777909923627e+01
-3.370191950665610392e+01
-2.858752350503778183e-01
-3.921521351728949156e+01
-5.755867656185088777e+00
-7.010087359345388514e+00
-3.453489328423882654e+01
-1.011899940060852288e+02
-8.408815046567869445e+01
-2.727631415750168031e+01
-3.266902406093492317e+01
-9.705900771590917131e+00
-1.123961987195056267e+01
-2.405943883688867757e+01
-9.003840561696418376e+01
-8.628051423348390259e+00
-3.137717798012512915e+01
-5.807785641771165785e+01
-1.914878202726577427e+01
-1.834548172929100929e+01
-1.765828253384511370e+01
-1.048491745651102747e+01
-1.233821438449490770e+01
-6.201026428492224341e+01
-2.726011819902873157e+01
-1.658096589779641405e+01
-3.144289961624443208e+01
-1.322818136045092956e+02
-4.878828207479531187e+01
-2.174807265068416129e+01
-1.529151844859525866e+01
-4.161090181934126520e+01
-3.098481451992982727e+01
-8.589406659708484426e+01
-1.175754400416360745e+01
-2.549669586291724954e+01
-4.733685760643793117e+01
-7.971346486359692562e+01
-2.251162053664007345e+01
-4.557904409037053028e+01
-8.037684620557675430e+01
-3.020479187986238756e+01
-4.405978468851414220e+01
-2.877466050633662675e+01
-9.340641482846571364e+00
-3.305397439829327766e+00
-8.624998659635846110e+00
-5.688639416046303410e+00
-9.206811402886721396e+01
-1.560255225529261480e+01
-1.128624656267103621e+00
-2.936752679604076022e+01
-3.613856698011258572e+01
-3.460553338675926938e+01
-1.420373729144856867e+01
-9.459106658436637005e+00
-4.501104408739470131e+01
-7.380668141670787463e+01
-1.733421097313181036e+01
-8.778841577233434634e+01
-6.029863960885379903e+00
-3.379544171073397507e+01
-2.755248809724359660e+01
-4.196609016633133393e+01
-4.963346528071897978e+01
-2.332113448687024260e+01
-1.380711486289945000e+01
-2.687238938124880150e+01
-5.473643473862584585e+01
-7.645833440878514864e+01
-3.087795085960050656e+01
-4.144471359049508408e+01
-9.459106658436637005e+00
-2.817098138221843939e+01
-1.506302407025212986e+01
-1.472014334095489119e+01
-1.734905583800260942e+01
-1.456091194149716017e+01
-3.446165042475143281e+01
-1.796691829758337278e+01
-1.502674046299201116e+01
-3.871611492737757487e+01
-3.911442755083623979e+01
-1.432023758096636534e+01
-4.486540039835631433e+01
-5.807785641771165785e+01
-6.130460582759960175e+01
-3.454097810094107324e+00
-1.339324899073432817e+01
-1.029446763002638754e+01
-9.339570373092290367e+01
-2.277837988101664735e+01
-1.462023758096636605e+01
-4.833670078130405301e+01
-7.416058239240761907e+01
-1.132877149556101060e+01
-3.748989364628734222e+01
-2.910443528687084580e+01
-2.959629791736372084e+01
-2.379025901652579478e+01
-7.676055783441059077e+01
-5.374595099722106539e+01
-7.878344082136483451e+01
-6.080060542649275312e+00
-4.057317011206147583e+01
-3.436024436328980869e+01
-2.482107018225990913e+01
-2.643624144615860061e+01
-5.793363951898489006e+01
-9.906884613284366026e+01
-5.535518564751950521e+01
-3.558507611166316309e+01
-9.713657851099443974e+01
-2.846468622940458815e+01
-6.802129201990385354e+01
-5.950387554367557286e+00
-1.193884692727830021e+01
-1.554530689692508538e+01
-7.159029571099705436e+01
-7.170757026976112058e+01
-3.216893560921481310e+01
-1.609731660087096117e+01
-2.910443528687084580e+01
-1.970057110521322485e+01
-2.990645096201883746e+01
-3.987435047330679883e+00
-3.327565976482900822e+01
-1.003043299324788862e+01
-3.880598566359568480e+01
-2.791696668025356942e+01
-2.102125919263997034e+01
-1.099845443087766128e+01
-6.519836677254559731e+01
-2.858752350503778183e-01
-2.920317631202955866e+01
-2.618005312492207537e+01
-3.734173447901082454e+01
-5.796140672349699230e+01
-4.045809929031618424e+01
-7.031176917041464947e+01
-8.286052635392088916e+00
-1.944482412016144934e+01
-3.254324781945524592e+01
-5.563625807381444588e+01
0.000000000000000000e+00
-1.862840128823419761e+01
-6.144855498478245437e+01
-2.265713213793782188e+01
-5.897276102732763547e+01
-6.423838419421757351e+01
-1.223496721514045902e+02
-3.040140529054415452e+01
-1.480167390660937876e+01
-1.491171637047990473e+01
-8.154188452180567026e+01
-3.921620579255296946e+01
-7.293256061588573402e+01
0.000000000000000000e+00
-2.939219668563828947e+01
-1.680639489156513022e+01
-1.502674046299201116e+01
-3.436673471390866297e+01
-9.638906136271607750e-01
-2.618005312492207537e+01
-1.568764399618165051e+00
-5.699050438594615287e+01
-9.918695717596857975e+00
-5.422742695570867255e+01
-1.568764399618165051e+00
-1.633231279732386199e+01
-1.951835473807844679e+01
-5.014427001092943925e+01
-1.451548740286551542e+01
-3.580365889781003830e+01
-3.160267692144460838e+01
-5.292533234698654887e+00
-9.918117799418786262e+01
-1.072556944697297467e+02
-5.108050912822861989e+01
-1.690563546389569893e+01
-3.631368134445310147e+01
-1.756728414451519882e+01
-2.647147643516748516e+01
-3.249019924754205846e+01
-1.253875527437151582e+01
-7.705097921113993209e+01
-2.534788626140284862e+01
-7.337474387134452058e+01
-4.343764752595839695e+01
-3.814421736840899513e+01
-9.459106658436637005e+00
-1.128624656267103621e+00
-1.253875527437151582e+01
-3.259606602666754327e+01
-1.502674046299201116e+01
-5.796140672349699230e+01
-1.933714444423301160e+01
-3.288032607700746723e+01
-9.288882832647415100e+00
-5.796140672349699230e+01
-2.394830120398421869e+01
-2.240276417245829066e+01
-2.752689011321742996e+01
-6.763981198130250050e+01
-3.713342277753032761e+01
-7.953665071507336393e+01
-4.609747138218610019e+01
-2.860466184046696725e+01
-6.788344122914242007e+01
-4.651857726817842575e+01
-7.229861541219020182e+01
-1.536232394380010469e+01
-2.106818939572717042e+01
-1.922997892242791096e+01
-1.616704751168284560e+01
-4.931591374593256205e+01
-1.071095140411122237e+01
-1.636340752729814696e+01
-1.699263247839467539e+01
-4.587772074337134143e+01
-1.504339579402878080e+01
-3.842045784157787836e+01
-1.871686422757991863e+01
-1.249110482762114742e+02
-3.228662575411459557e+01
-5.708495268161278346e+01
-2.482107018225990913e+01
0.000000000000000000e+00
-5.382892663551319856e+01
-2.674066158147891770e+01
-1.014768960300201996e+02
-5.898175835580426707e+01
-2.977383599954313809e+01
-5.438797275356288452e+01
-6.994213570458960305e+01
-4.001017326732174695e+01
-6.122089887063244973e+00
-1.128624656267103621e+00
-2.739955078340236838e+01
-6.098221456319810585e+01
-3.436024436328980869e+01
-7.433475470867591639e+01
-2.739955078340236838e+01
-2.165169815174144219e+01
-3.337247705789489061e+01
-4.057317011206147583e+01
-4.929199608611564543e+01
-2.031887424105987350e+01
-6.829234380893807632e+00
-2.674066158147891770e+01
-1.390507928326244880e+01
-1.526386315230773327e+01
-5.084434355080750123e+01
-2.266151401918492425e+01
-3.452821030220155762e+01
-5.803321086654105443e+01
-2.950501513783334318e+01
-1.099845443087766128e+01
-6.517727939826190209e+01
-1.799999999999999822e+00
-3.499607534730438374e+01
-3.946110199536470020e+01
-3.436024436328980869e+01
-1.200289473867825585e+01
-9.744184343598702469e+01
-1.099845443087766128e+01
-8.657857523497936469e+00
-8.638177540167983892e-01
-4.274176773676644103e+01
-8.016252737429915953e+01
-4.075875335733099547e+01
-7.415461877468280250e+01
-2.492272018780163023e+01
-2.060036896716298571e+01
-4.822295030412586669e+01
-4.051785107015668785e+01
-1.633231279732386199e+01
-1.174740446849658859e+01
-4.636100668233370214e+01
-2.032020149514908525e+01
-5.273212800768066089e+00
-6.725875000999599251e+01
-7.648043058677835404e+01
-2.618005312492207537e+01
-1.714040773789226435e+01
-1.502674046299201116e+01
-4.262527045744999299e+01
-2.027178415618104879e+01
-2.960459491692396483e+01
-4.300046866172059623e+01
-1.764509793089825962e+01
-7.150833256435241481e+01
-9.027101057716515697e+01
-2.374558250479790189e+01
-3.895650550713130400e+01
-1.390507928326244880e+01
-1.205974547128996655e+01
-9.354081330890062773e+00
-5.081800041666917167e+01
-1.568764399618165051e+00
-2.895216297606218703e+01
-3.778730047041271689e+01
-1.504339579402878080e+01
-3.029210716693019023e+01
-3.359367841818129818e+01
-4.458096257429232168e+01
-1.370350043454661737e+01
-1.331252972704893978e+01
-4.561685389692989645e+01
-5.915135778437419134e+01
-5.594816643842282389e+01
-1.099845443087766128e+01
-6.122841063688243679e+01
-3.739373516825389032e+01
-2.935037347622179382e+01
-4.549963468431182889e+01
-3.454097810094107324e+00
-1.027088024922502143e+02
-3.026715639857160056e+01
-2.482107018225990913e+01
-1.963576023328741371e+01
-3.454097810094107324e+00
-3.486749372393508395e+01
-5.858545640109972652e+01
-2.923134489516803214e+01
-5.129357929194188159e+01
-2.628624656267103177e+00
-9.315174185460151079e+01
-1.487275948111017065e+01
-3.789382707439393982e+01
-4.556614405677719049e+01
-9.569083486246574921e+01
-7.808271515524872086e+01
-7.311958415092778552e+00
-2.334215946564328803e+01
-1.504339579402878080e+01
-6.654257154125508578e+01
-4.187113453242442773e+01
-8.744922538189484840e+00
-4.314304447360878925e+01
-5.375443246690134913e+01
-7.681556819658058544e+01
-2.896800683932391607e+01
-2.875803240644738423e+01
-7.239745584940846079e+00
-7.924472164674085661e+01
-2.618005312492207537e+01
-3.354844799431639046e+01
-2.739955078340236838e+01
-3.845122701451845870e+01
-6.455359075919442802e+00
-4.893000058211588055e+01
-7.645833440878514864e+01
-5.249801893533125963e+01
-4.680939091630500570e+01
-1.323279919018265716e+01
-7.644402299110072363e+01
-6.436473188347588525e+00
-6.401841157120692571e+01
-4.800228861392771051e+01
-5.760212225535073571e+01
-3.125727036147725713e+01
-1.780869747846012174e+01
-4.108797168246989884e+01
-2.393836686353388998e+01
-4.511575196616995953e+01
-4.663562559873565938e+00
-3.915253419351407871e+01
-6.847898913463407666e+01
-9.459106658436637005e+00
-7.645833440878514864e+01
-3.483164747009770679e+01
-6.667767828674892883e+01
-5.611009564699111962e+01
-4.977785477648519930e+01
-3.759757804009847604e+01
-3.492044092724509596e+01
-9.459106658436637005e+00
-7.291240191514637559e+01
-1.497724424266341892e+01
-2.618005312492207537e+01
-2.245945083093399219e+01
-2.783968350881957221e+01
-1.653089128203684766e+01
-5.035076479375124592e+01
-5.392597294052430357e+01
-6.194353095571333512e+01
-1.970057110521322485e+01
-1.328851327559066142e+01
-6.114678187740192783e+01
-4.650864292772808994e+01
-1.432023758096636534e+01
-3.180259447259973982e+01
-4.269551911220560925e+01
-1.459927757579539076e+01
-1.922792560412914398e+01
-9.341275222331443473e+00
-1.572243792537064166e+01
-3.945349126871228407e+01
-1.253875527437151582e+01
-1.435306600958732304e+01
-3.298637466396879603e+01
-1.734905583800260942e+01
-3.436024436328980869e+01
-1.786891220495808597e+01
-7.266745275195042097e+01
-9.825982335906241261e+00
-2.126614669638931332e+01
-1.575242200244968416e+01
-7.906765810836509445e+01
-1.321374874552415690e+01
-2.495678739654219935e+00
-1.764509793089825962e+01
-6.152733863901126909e+01
-4.926537631027476039e+01
-2.669651911666378652e+01
-1.306467653363704251e+01
-4.983099483932939222e+01
-1.826902060508351511e+01
-2.778951103172247983e+01
-1.426878845979093668e+01
-9.901218348486200682e+01
-9.056212037665485326e+00
-2.194138714867401774e+01
-3.393390659280773747e+01
-6.103056435997226714e+01
-2.932039082968508836e+01
-5.695024472555932249e+00
-3.088899318576265074e+01
-2.318640249685205390e+01
-3.976526221641433523e+01
-1.472232032767160526e+01
-3.952523415932078166e+01
-7.607325470764837405e+01
-6.775243491533730378e+01
-7.874309742725451144e+01
-1.970057110521322485e+01
-1.020002808726267318e+02
-1.817331201407693442e+01
-1.741601505004408779e+01
-2.206450247176409363e+01
-3.488456482458503416e+01
-1.892442229830184530e+01
-6.104234935306198651e+01
-2.169207266317815908e+01
-2.181567851788530987e+01
-5.566299737116491286e+01
-8.370748366609339541e+01
-2.988410331160208244e+01
-2.870825893017649122e+01
-1.321163574787789585e+01
-7.919076729849976459e+01
-3.698827827727097173e+01
-2.120575329365530237e+01
-1.443396818764898271e+01
-6.871937762111406300e+01
-2.358786557069103296e+01
-9.515878004585130157e+01
-3.939125449436917847e+01
-1.944482412016144934e+01
-1.262697256534024426e+01
-5.665697589337622730e+01
-1.236631307115997558e+00
-3.584720617089434569e+01
-5.572625419313251882e+01
-1.007892118576856966e+01
-1.568764399618165051e+00
-2.522788359906112721e+00
-5.102630215102212219e+01
-1.468557330632030578e+01
-1.432023758096636534e+01
-2.393836686353388998e+01
-3.067031409600322434e+01
-2.739955078340236838e+01
-2.963650756031004718e+01
-3.422895765754650199e+01
-1.813540350792243672e+01
-4.593227888615297161e+01
-3.446828682047019043e+01
-5.713978545881104765e+01
-3.454097810094107324e+00
-4.979015613950929975e+01
-4.254332951433483601e+01
-7.139901843739529852e+01
-4.155824981319813816e+01
-5.221211138704613575e+01
-2.618005312492207537e+01
-1.185306471321154476e+02
-2.363768374398463479e+01
-3.591819223455087950e+01
-2.858752350503778183e-01
-6.704950260043050037e+01
-6.324145647281871874e+01
-1.823319249670094955e+00
-8.902064512480725611e+00
-1.253875527437151582e+01
-1.918634261973092237e+01
-9.219204608128546852e+01
-1.568764399618165051e+00
-8.377061073644493661e+01
-6.128759240631217153e+01
-4.001017326732174695e+01
-9.297538678667583767e+00
-3.490180088822407356e+01
-3.915302389648991976e+01
-3.341911473143844802e+01
-2.142052140240674518e+01
-1.035729062363893860e+01
-1.764509793089825962e+01
-2.805726149662223534e+01
-1.568764399618165051e+00
-1.551720273554671081e+01
-7.090246817201463614e+01
-5.397363128085028450e+01
-2.916892929307670101e+01
-5.764450363706258962e+00
-2.482107018225990913e+01
-6.074355007070113288e+01
-4.607805599743905844e+01
-1.568764399618165051e+00
-2.049420092600534105e+01
-2.758467370109990213e+01
-3.962774315002616277e+01
-5.991917628490941183e+01
-4.001017326732174695e+01
-7.026374888284411213e+01
-4.036941043179010791e+01
-4.223831553317138798e+01
-5.839895781942155395e+01
-7.092213813886725404e+01
-3.514297238774826582e+01
-4.729512969128815314e+01
-1.531706383854503883e+01
-2.711073175564481375e+01
-9.401213564111591481e+00
-9.003645417578747256e+00
-4.360901062139331685e+01
-1.057079244338612689e+01
-5.816446331461181529e+01
-1.633231279732386199e+01
-4.094465748113111658e+01
-7.771303415278723037e+01
-6.521276990946812191e+01
-3.618328093013990809e+01
-2.674066158147891770e+01
-2.163128864383440320e+00
-7.268695673859832596e+01
-1.890269213776718260e+01
-5.201986183935361652e+01
-6.987871951190896880e+01
-8.181123849651191904e+01
-5.159407747343983175e+01
-9.772895509290263405e+00
-2.724734071574211569e+01
-7.674849943918800932e+01
-1.219720269257730694e+00
-3.326196683783341967e+01
-5.488169737064965403e+01
-3.785012696563541823e+01
-7.099489122471108260e+01
-2.309514260508593253e+01
-2.516141268387966790e+01
-1.638597244616556381e+01
-2.212067844838148289e+01
-7.553859962651523929e+00
-5.095851214434938825e+00
-6.131886793625112020e+00
-4.415957139406744147e+01
-3.352738460500969353e+00
-7.278462261434135883e+01
-1.671517152457266775e+01
-2.887678380002793688e+01
-5.358454936525932055e+01
-1.180794045517397528e+01
-3.391199220273393422e+01
-2.355873756987429601e+01
-4.552359031603629091e+01
-5.498168025663429148e+01
-5.719191883986012925e+01
-5.269167058059174025e+01
-6.346752386394327772e+01
-1.277671395978005364e+01
-1.652588015388564102e+01
-1.421444450103460966e+01
-7.590357790190422804e+01
-6.824194066410174742e+01
-5.069893353402341063e+01
-9.574565039928761223e+01
-6.246553554485571880e+01
-3.099091487999304206e+01
-3.529590826085228628e+01
-5.974444799973885978e+01
-2.036461924979140292e+01
-4.422802603813487110e+01
0.000000000000000000e+00
-3.373881269853774967e+01
-1.796918106911416402e+01
-5.819219155333693294e+01
-4.172935709885037170e+01
-3.044645083608002167e+01
-1.115886947235478210e+01
-9.519642645114004154e+00
-8.999999999999999112e-01
-5.188380727250595470e+01
-5.637660878413640830e+01
-8.511331553949128548e+00
-4.606535551921258076e+00
-5.051033009130654960e+01
-1.344993101729330043e+01
-1.930615818364635672e+01
-5.242186830926858931e+01
-1.099845443087766128e+01
-5.933478776817769074e+01
-9.262407249907246509e+00
-4.673453770012962138e+01
-1.311585624263668670e+01
-4.719271509361406203e+01
-3.949631406523218402e+01
-2.405414529405687318e+01
-1.509977138744201852e+01
-7.160307744720866197e+01
-4.658801860463270117e+01
-7.513854190078365036e+01
-3.623283506087706485e+01
-9.313257967974324814e+00
-3.065347030510505988e+01
-1.041494362196492851e+01
-1.683424425303040906e+01
-5.023128632490583101e+01
-6.455282447166287341e+01
-9.257340042921452516e-01
-4.445161270772326390e+01
-1.037151988992122753e+01
-1.764509793089825962e+01
-6.188395445750303736e+01
0.000000000000000000e+00
-4.223437806640927761e+01
-3.090308103906058435e+01
-3.244389959610137542e+00
-4.719212780072033553e+01
-6.150845204412135558e+00
-1.181356448567334816e+01
-3.235212891101713950e+01
-1.086088481023521624e+01
-1.482086434548134690e+01
-5.635227753357465019e+01
-1.836698502544647837e+01
-3.352738460500969353e+00
-2.118104256219913495e+01
-4.307914362838290856e+01
-6.743121751414184928e+01
-5.289207979876907473e+01
-4.512881693830717467e+01
-1.640545587896782953e+00
-2.822001197210573054e+01
-2.977745904839344959e+01
-1.040572342354856517e+01
-3.469500988601648572e+01
-5.178049038870639720e+00
-1.253875527437151582e+01
-4.001017326732174695e+01
-4.824220649922344251e+01
-5.416033539091601767e+01
-3.822423290187503397e+01
-1.379254710818772622e+01
-2.392342502299913320e+01
-7.412052184227616181e+01
-2.736851673537715612e+01
-2.191320511455042919e+01
-6.978311529024196602e+01
-7.429522663753822975e+00
-9.306282925054388144e+00
-1.034524561276716383e+02
-2.783712775801592443e+01
-4.155824981319813816e+01
-9.397338232542621128e+00
-3.305517989305583626e+01
-5.937729030032159727e+01
-3.945773417833574115e+01
-2.374558250479790189e+01
-1.191107954001495806e+01
-5.457256649201077181e+01
-8.924411444366603519e+01
-1.376928271692151284e+01
-1.191107954001495806e+01
-7.264757038881589324e+01
-1.508743268495974732e+01
-1.952427126800967017e+01
-3.298853022382863287e+01
-5.175463584611715362e+01
-2.673043389898499456e+01
-3.403490013053472296e+01
-1.453515439254298691e+01
-8.463212281763579981e+00
-1.260141237543141379e+01
-3.539868226575252130e+00
-2.994993011855674325e+01
-6.133351277576441163e+01
-3.044173983390004778e+01
-1.313473410433721433e+01
-9.369301085339412083e+00
-7.348854204009421665e+01
-8.404327052853439284e+01
-3.454382994483850666e+01
-1.509224361989457108e+01
-9.197202692577306493e-01
-4.113122900090201739e+01
-4.618778845939252164e+01
-3.763535434431155124e+01
-2.841206240000826710e+01
-3.352738460500969353e+00
-2.968668485292850434e+01
-5.949947768239750445e+01
-7.806932735381070643e+01
-6.810120736331980140e+01
-3.501489731381126802e+01
-4.019973491252269326e+01
-2.697880001157098917e+01
-3.043132796264773532e+01
-1.054989017785163554e+02
-1.920231706783302172e+01
-4.518935292498458978e+01
-4.512881693830717467e+01
-1.200837835304577972e+01
-7.125065821534678889e+01
-3.991220884695876236e+01
-1.349521364235791410e+01
-2.858395240581226560e+01
-5.127265089136231069e+01
-3.306051073556214703e+01
-5.145511215334142463e+01
-1.886673941960772183e+01
-4.681110065903237683e+01
-1.191516506455442403e+01
-2.276199629018093873e+01
-2.947486203091816037e+01
-2.263252402937078145e+01
-7.275684677261118338e+01
-3.153974641980610727e+01
-4.064776734166530048e+01
-4.223811726290971791e+01
-2.533131521858620516e+01
-5.288392580789497543e+01
-5.348217219165324110e+01
-3.028665832261776814e+01
-4.695046134033061236e+01
-3.190523529910158373e+01
-1.600700678752724926e+01
-2.015680999444399646e+01
-3.133596816266747354e+01
-2.119414627407607554e+01
-5.444891933897830683e+01
-7.989881735570021704e+01
-2.653530748284695306e+01
-4.572145057350412856e+01
-3.254966076607623648e+01
-1.060377927014561728e+01
-1.024238911421959841e+02
-3.442365329143334662e+01
-6.166471335525839947e+01
-1.317376740550759484e+00
-1.346194777029907819e+01
-2.544501002180652449e+01
-3.269162680859330550e+01
-1.184694422192882080e+01
-2.728485286105084384e+01
-2.453810148535105284e+01
-4.835896631186013650e+01
-1.666123331879539649e+01
-2.100000000000000089e+00
-9.197586267990285336e+00
-3.629672864332479776e+01
-1.949936496559706001e+01
-2.721931252964179038e+01
-7.586847259156721179e+01
-1.139230980036570884e+01
-2.800231304008531907e+01
-6.534732861002414950e+01
-4.595064520711802203e+01
-5.807785641771165785e+01
-3.848242792760901665e+01
-3.126762970302703337e+01
-1.295961044628930381e+01
-9.630106847389582114e+00
-1.998889747249173254e+01
-2.015326572910199587e+01
-3.146861087996560258e+01
-4.387122762960780165e+01
-1.707854620136317436e+01
-9.201865816737200277e+00
-4.219398639623243952e+01
-1.123222882143598866e+01
-4.094827624619308182e+01
-1.359070231197920187e+01
-1.588961272637936339e+01
-3.133492488704833079e+01
-4.038034012052769128e+01
-4.843349692949539786e+01
-1.316973370556782008e+01
-1.488130993060559781e+01
-1.999560839439863358e+01
-1.149660679742108549e+01
-2.047290133740084883e+01
-2.343619082816826094e+01
-3.341836026439688112e+01
-1.566571509169202692e+01
-3.562349700185317403e+01
-1.863985942699767762e+01
-3.296418934559927294e+01
-2.287607205885691286e+01
-9.814356975273435424e+00
-1.821783722420166285e+01
-9.470052194388413724e+00
-3.608465042482372809e+01
-1.614033972669993133e+01
-5.248161717684470773e+01
-4.776812791280572412e+01
-2.415706345341922656e+01
-6.773303155436025236e+01
-3.505721326172282915e+01
-2.485781209285397608e+01
-3.600641125686875910e+01
-5.847721146767431577e+01
-5.324080212731396955e+01
-3.347789539099576217e+01
-9.369301085339412083e+00
-5.361653508918209354e+01
-4.468753271882926015e+01
-5.062687180992409886e+00
-3.848314507659519990e+01
-3.701365989626852127e+01
-5.950116270831009047e+01
-2.856504706882698130e+01
-6.820736542633459010e+01
-3.681889360923944565e+01
-1.652893090389618180e+01
-2.852047697048329411e+01
-4.201928372918480648e+01
-5.707409145496789193e+01
-3.322129609353243751e+01
-2.134749740257765538e+01
-2.340393076781774884e+00
-2.787181426081841806e+01
-6.056814004645477922e+01
-2.984343852960288146e+00
-4.222670039681339027e+00
-2.488250972203598366e+01
-6.523021214908597187e+01
-3.629219877535939531e+01
-3.595900492575511009e+01
-5.329952670836227213e+01
-7.259641996324623392e+01
-1.894788420188291056e+01
-3.822070775244534957e+01
-3.307647820114527093e+01
-1.814376737970894737e+01
-3.065674797672269491e+01
-5.024043337825337829e+01
-2.550188062860426186e+01
-4.278459289695526913e+00
-2.278150402068994751e+01
-4.497475010885567315e+01
-9.833433837090360896e+00
-7.826285291340626316e+01
-8.477323430466713106e+00
-3.260702648012751581e+01
-4.406810816467110925e+01
-7.956481482817200401e+01
-2.974611071877943402e+01
-9.166335395681590725e+00
-1.712133959688923568e+01
-2.376573179068179442e+01
-1.411842887184866768e+01
-7.723749179443676383e+01
-3.888618589107793611e+01
-2.900754337718386822e+01
-3.012025633331002084e+01
-5.078169744203185587e+01
-7.212629889322352028e+01
-5.906994378790964362e+01
-1.476956193171149856e+01
-1.318472413822514788e+01
-4.420536952920932094e+01
-7.802217966333144794e+00
-8.238740792931015022e+00
-8.332741580094596756e+00
-1.226068541633983955e+01
-3.333637251929246759e+01
-4.454251800640754766e+01
-3.243069156156295918e+01
-2.441372145159086671e+01
-5.754939213153703292e+01
-1.619567170098741116e+01
-3.633022278710479469e+01
-5.215474573289500881e+01
-1.898733183178963912e+01
-6.001997437806375402e+00
-4.171694900333601197e+01
-6.328414029377415773e+01
-3.286264404103785353e+01
-3.401239918089938641e+01
-1.829059255483467261e+00
-3.094588246406610210e+01
-6.258920297782044884e+01
-4.070392169377308988e+01
-1.240620885757891934e+01
-4.338703334870312744e+01
-1.432761331288261530e+01
-2.421652656643203372e+01
-4.980585254550374685e+01
-1.618254242257426156e+01
-1.598566752311410788e+01
-2.712378488325170167e+01
-4.491626866790669226e+01
-8.646674507517804642e+00
-4.679330415798882825e+01
-1.799343038576072473e+01
-3.542121148391642294e+01
-8.000848196697697290e+01
-3.177869900109445567e+01
-1.002884985368084791e+01
-2.354887159504184524e+01
-2.280522825187346925e+01
-1.871878532877164503e+01
-1.598566752311410788e+01
-7.303611414581999384e+01
-9.097051983141059850e+01
-1.020252275794452146e+01
-4.647857268163643596e+01
-1.633427800154348475e+01
-1.717344049162861097e+01
-1.915650505796870462e+01
-5.053701590042582836e+01
-1.432107364734765476e+01
-6.691873856786627073e+01
-4.207173712993900239e+01
-5.381496845357872161e+01
-1.727808487363369494e+01
-4.994580824973205324e+00
-2.026515680028418487e+01
-1.718994966492906329e+01
-4.248964082048633628e+01
-9.291774405368732559e+00
-6.801989317890074105e+00
-4.227818598666094552e+00
-4.013036090398730238e+01
-2.070601896705758804e+01
-3.330950617773986977e+01
-1.157001252963359228e+01
-6.977756909395517404e+00
-8.827187932983653695e+01
-7.231460059608321167e+00
-2.612530236400551331e+01
-9.472673395692723375e+00
-1.284746716797801369e+01
-2.120350930352216778e+01
-1.980573559986312304e+01
-2.661113677283016088e+01
-1.249212331438982915e+01
-3.008036538452276787e+01
-1.815993884014540427e+01
-2.665344000444615702e+01
-8.351853734868226908e+00
-4.802147238951754815e+01
-3.418676019886649442e+01
-5.375921216820749748e+00
-7.017652446252732545e+01
-4.365491510354161875e+01
-5.282273684133070191e+01
-5.012946351752248120e+01
-4.018182160639712919e+01
-1.693191916574469147e+01
-2.635687207797537823e+01
-4.865714147213771668e+01
-5.000990910864722849e+01
-3.849160654933992021e+01
-2.260345044402077974e+01
-7.601529121455700988e+01
-5.389586307659468645e+01
-5.649141365019347916e+01
-3.192042795643690312e+01
-4.279476705715521945e+01
-2.084575272165464099e+01
-6.474802261752157051e+01
-2.442446506166621134e+01
-1.533231536154474561e+01
-5.498568308180294650e+01
-2.696092346415424501e+01
-2.471385951988058949e+01
-2.011888757037162634e+01
-2.254326404547589746e+01
-2.150833146008628205e+01
-1.089349943970303869e+01
-1.214975483242211940e+00
-4.877851028859337390e+01
-2.028624656267103532e+00
-3.629365260064601273e+01
-3.118671525321764904e+01
-1.144785203922057271e+01
-2.267035200974191511e+01
-1.691592673041901307e+01
-4.657557826669924594e+01
-3.067284435195879055e+01
-8.701811843727970341e+00
-9.494770206786435907e+00
-1.148270675856018386e+01
-2.633107416367335318e+01
-4.745460998494036886e+01
-1.616435933198406971e+01
-1.760293035750441959e+01
-3.323898281164019863e+01
-3.694366729807748584e+01
-4.266167720716739353e+01
-3.655603481218530959e+01
-8.999999999999999112e-01
-4.640553577181899669e+01
-1.965831078515035557e+01
-1.853130488504321249e+01
-7.239664164858885442e+01
-8.041221375424562723e+01
-2.442447082798153701e+01
-7.789983504805942260e+00
-4.458166619719953871e+01
-2.444547146391621961e+00
-2.425763915579083019e+01
-2.804256200989903292e+01
-3.356931842879143346e+01
-8.856628436283131123e+00
-1.900714115860120046e+01
-1.923058750038698150e+01
-1.276058842070591659e+01
-1.505991674074984488e+01
-6.979148667605349488e+01
-1.500000000000000000e+00
-1.015118219439398750e+01
-5.473801118552827205e+01
-5.045057658294230407e+01
-2.368951159744341339e+01
-7.510649605411006746e+01
-1.200837835304577972e+01
-1.430408822305703254e+01
-5.999999999999999778e-01
-7.134439938182399032e+01
-1.322455591826113874e+01
-1.148914495130275348e+01
-2.126648366851055272e+01
-1.027079724867461330e+01
-3.291744380592025010e+01
-2.462588853982189363e+01
-2.481293931004802289e+01
-3.246052704430709923e+01
-2.216995825702051803e+01
-1.505991674074984488e+01
-3.433490824417842902e+01
-1.731765960326374554e+01
-3.157795357893260757e+01
-1.847295350961020333e+01
-5.699735044227438863e+01
-7.228297651714028049e+00
-1.999530832085376986e+01
-4.981167594831610046e+01
-1.236698854286666283e+01
-1.754373858130508879e+01
-2.305966272832747421e+01
-2.582325115052588771e+01
-1.928812245702394890e+01
-1.751221908222791157e+01
-8.694676605513810941e+00
-1.756602337168258288e+01
-7.850664662173420538e+01
-3.606965754084437492e+01
-8.319835543628477126e+01
-1.553746362361737354e+01
-3.990237938403320328e+01
-3.909480960677888817e+01
-4.410020625555773677e+01
-1.792419592688229457e+01
-2.628624656267103177e+00
-2.442148332735284200e+01
-1.073957921894880663e+01
-6.730601628612937759e+01
-7.933735870040888649e+00
-1.928653963655123960e+01
-3.650022441271224949e+01
-1.464890843532304210e+01
-4.715533752996066852e+01
-9.903843557647650186e+01
-8.443418758346806996e+00
-1.306538510184489255e+01
-4.242124142132518472e+01
-8.631781282596607241e+01
-4.352459974511478435e+01
-3.219070658159583331e+01
-3.534949553663683020e+01
-4.033776834647490972e+01
-2.743738136785461279e+01
-1.880018394080985189e+01
-2.348518028524101808e+01
-1.307390594623661251e+01
-2.158759823229803843e+01
-8.999999999999999112e-01
-8.979723058046873874e+00
-3.377442003304233165e+00
-3.954933951974733475e+01
-3.065623020241803331e+01
-2.622733233161647703e+01
-3.107558033786989427e+01
-2.746247200501627361e+01
-3.053522070231623431e+01
-2.249967874627806097e+01
-8.891958022001034578e+00
-2.212625811346897819e+01
-9.711661266474575882e+01
-2.582991858429047483e+01
-3.033082501562410727e+01
-1.126368989592218384e+01
-3.947370118739840450e+01
0.000000000000000000e+00
-4.437095134495037030e+01
-2.143476730979080713e+01
-3.192525677631817160e+01
-1.054676779617388291e+02
-2.229830067460660370e+00
-1.493389825904150925e+01
-8.820990767462083326e+00
-6.655717998813710068e+00
-7.734591565962315940e+01
-2.673121191074829284e+01
-8.119028808003045583e+01
-4.511942684118864122e+00
-3.277279785633520248e+01
-4.135071626153224855e+01
-1.146722564689760082e+00
-2.442537086880752639e+01
-1.010808160825748274e+02
-7.309947377528980894e+01
-2.240798174573731671e+01
-4.512660240669942624e+01
-5.158898994973453256e+01
-4.241017171545117037e+01
-3.623160634089077803e+01
-3.893019213336917517e+01
-6.756152858366253611e+01
-2.087702142905504843e+01
-2.343680292720713609e+01
-5.826136257715950251e+01
-1.208305252971657318e+01
-2.055492889380300170e+01
-2.325665069653738470e+01
-2.230966077291521898e+01
-3.377442003304233165e+00
-3.731321128661199538e+01
-2.241431794895419927e+01
-1.045071029456303968e+01
-6.512859402940386566e+00
-3.121755686080726022e+01
-2.642662497277295586e+01
-2.715425784450291502e+01
-4.984427396576667491e+01
-2.024579849983963697e+01
-1.929830067460660326e+00
-3.997149970277568087e+01
-7.510834176505457549e+01
-3.436355435045962992e+01
-1.483908690429206523e+01
-1.072881980235548482e+01
-1.451455824720120980e+01
-2.942753476114776490e+01
-3.035144396879534057e+01
-3.640049586972598661e+01
-9.823930219296729049e+00
-1.262842076901587696e+01
-1.187303579575634238e+01
-2.541806224618865073e+01
-5.295815278668791848e+01
-1.362271757104228698e+01
-1.407812350730274709e+01
-3.960075154699849520e+01
0.000000000000000000e+00
-1.791765960326374696e+01
-2.165199502580481550e+01
-3.833225839462513829e+00
-5.272969342908215395e+01
-2.096504515481388253e+01
-2.928555398467613458e+01
-1.995787977046936845e+01
-5.484941927380472038e+00
-3.123647471260368036e+01
-6.294203681725230126e+01
-3.377442003304233165e+00
-6.651716748665815260e+01
-6.683849264598193507e+00
-3.603932074233562322e+00
-2.233441912101662297e+01
-7.113357183049086530e+01
-3.722587983814214851e+01
-2.128998199141971881e+01
-1.858028709522466215e+01
-3.144445823945808627e+01
-9.170164462133257643e+00
-1.635957020972234943e+01
-1.316274017123935458e+01
-1.943573772990277604e+01
-6.777128961677580321e+01
-2.253978080517325111e+01
-8.999999999999999112e-01
-2.600507926498566036e+01
-2.087385532773136276e+01
-3.595038720744270933e+01
-2.583920700985120433e+01
-1.044001943404145827e+01
-2.455903222467389568e+01
-3.019625058109338056e+01
-2.383753386820258058e+01
-3.365033924293670964e+01
-2.477969901705192157e+01
-2.557299140601336518e+01
-4.958319048878272639e+01
-2.851866569136260665e+01
-7.097994164929453120e+01
-4.161323774364203842e+01
-5.444494561165361546e+01
-1.973997755051094671e+01
-3.461740992580121912e+01
-4.034451563320420320e+01
-1.740583180151102738e+01
-1.258949885651090561e+01
-1.449870323346000589e+01
-1.345107448089845192e+01
-1.219460446781751806e+01
-1.981125552118427535e+01
-3.692694712218607833e+01
-2.773124480036456418e+01
-4.123935868231206570e+01
-1.679521193923202205e+01
-3.694674734298288854e+01
-3.975817853111757927e+01
-7.470578469328109428e+00
-5.531029697658854616e+01
-2.712813789432238565e+01
-4.570658382650898943e+01
-9.557097919459488722e+00
-5.400259319895129551e+01
-2.921749642591031204e+01
-4.628680750799527033e+01
-2.710959449900273910e+01
-1.889534331104012921e+01
-3.005733779107620762e+01
-7.739109598339064178e+01
-3.335265317772680760e+00
-3.606580318789833939e+01
-2.055094558986946041e+01
-5.598760171616270043e+00
-2.786368771923380905e+01
-1.224764510135967477e+01
-2.890921725252496444e+01
-3.905587832960096506e+01
-8.593806584314830133e+00
-6.602747800642164933e+00
-3.000831746975237735e+01
-2.100740891627514628e+01
-7.391281268359580281e+01
-9.003402015281961823e+00
-1.253897709018111328e+01
-8.268282021095397738e+01
-8.056186543627435981e+01
-4.881287925653960968e+01
-1.727954116736348666e+01
-2.864913251928333437e+01
-1.926862133392170051e+01
-3.533650159080600162e+01
-8.096164645942243610e+00
-3.146388819667332370e+01
-1.678709604131776700e+01
-3.408414267782839602e+01
-3.317977619462463679e+01
-1.387566365532072510e+01
-4.224948316150354088e+01
-5.296956624337411057e+01
-3.862170009118523240e+01
-5.062797461077372496e+00
-2.645668894281788397e+01
-5.314581630900060816e+01
-3.731485276618563063e+01
-1.002604020462065293e+01
-2.076424864135545434e+01
-1.582185321260658206e+01
-2.915113320275181508e+01
-1.234714509520554415e+01
-3.513360744660620583e+01
-7.073121100006120798e+01
-1.866077597015605960e+01
-5.189987372495583884e+01
-3.438924619434708774e+01
-1.718940203217259111e+01
-2.326996193708652427e+01
-3.478939389358362888e+01
-2.280502467577630199e+01
-1.883385651247805015e+01
-1.704660225811273477e+01
-1.625725024792763662e+01
-7.799999999999998046e+00
-2.740447601385465859e+01
-1.561737025591829386e+01
-1.137181728652557666e+01
-4.358157088550207447e+01
-1.728966273575727541e+01
-3.381370032338062970e+01
-1.324680110698938584e+01
-6.552601020485024463e+00
-3.352994314934801423e+01
-4.942600438110116556e+01
-1.054878221234740110e+01
-5.156376259059823042e+01
-2.619137921483031661e+01
-2.048031671843162016e+01
-2.721947230359664971e+01
-2.638624756447098108e+01
-2.591233232944379594e+01
-3.729868763806607745e+01
-4.029566834496121430e+01
-5.426336662757332618e+00
-2.031576475017747185e+01
-1.578582097994274491e+01
-4.160511821870793625e+01
-2.671225216213371567e+01
-7.505035362152985101e+01
-1.925190713530935227e+01
-6.634144798476184235e+01
-3.567311332246104882e+01
-2.786368771923380905e+01
-2.031390776470216863e+01
-2.284861160876694086e+01
-2.823184557853656784e+01
-2.868939856987785220e+01
-2.999999999999999889e-01
-2.859872258572631409e+01
-2.786368771923380905e+01
-1.945083665146533036e+01
-4.996391998638221565e+01
-8.379544408335931394e+00
-2.092442223241788213e+01
-7.253968371264838311e+01
-3.543054561179106887e+00
-2.844763051145808674e+01
-2.710339626322479489e+01
-5.338320252104001895e+01
-1.392149278458177974e+01
-5.306646830978838381e+01
-1.876700589995605029e+01
-1.660097333516895546e+01
-4.925537711033534549e+01
-1.723231279732386412e+01
-1.750122603414458311e+01
-2.350972035705813923e+01
-3.221085423443511075e+01
-9.459106658436637005e+00
-5.127317357717281254e+01
-3.027204846568940511e+01
-2.828421244201095419e+01
-6.646210427124647424e+01
-2.092059375982654856e+01
-1.399388099379490136e+01
-1.406933650128831204e+01
-2.093558898745877883e+01
-3.992984154041981526e+01
-2.284609561235892983e+01
-8.767784710425767969e+01
-2.119447983480898756e+01
-4.877621481936944292e+01
-3.143031729249554118e+01
-2.093113366106037176e+01
-2.167289697704909912e+01
-1.153576038010893079e+01
-6.402297184518367601e+00
-1.470217660133053350e+01
-2.118306010063341560e+01
-4.245127183629647050e+01
-1.598755897290897465e+01
-9.589769713653394589e+00
-1.167792168475620329e+01
-3.269300428478577913e+01
-1.790767926417329292e+01
-1.452911239586985737e+01
-3.716099014104712239e+01
-7.169544760000885475e+00
-1.457623544839253960e+01
-5.477749692194639408e+01
-1.929253805521093312e+01
-1.453885302724455464e+01
-4.109502134945164897e+01
-1.771762432114815766e+01
-9.478676641834510974e+00
-3.207565049154666070e+01
-2.975837651406234574e+00
-2.233441690690866110e+01
-2.640393076781775150e+00
-1.807627012462618765e+01
-1.318894618298157084e+01
-1.813231279732385914e+01
-1.671443242192261636e+01
-6.416981881686301392e+01
-6.786316219923139670e+01
-8.430164054074971602e+01
-4.665267386135121797e+01
-1.703802883155110237e+01
-3.746952917604203037e+01
-9.931670523126371108e+00
-3.757452832327376768e+01
-7.269787103287276508e+00
-3.020590099700635633e+01
-3.621008177635079761e+01
-3.381176194919080302e+01
-3.799353209767954098e+01
-3.597472373337804896e+01
-9.317952039279385090e+00
-3.151911516041884909e+01
-2.104467897327456072e+01
-1.294658941978261169e+01
-1.345470759180186882e+00
-1.861636813170418137e+01
-1.823104143683561773e+01
-6.417093885006796938e+01
-3.676471823614014056e+01
-6.574755703956654429e+01
-1.800937864295829982e+01
-1.504294812326265074e+01
-3.428051293881332384e+01
-1.745606052700728128e+01
-3.057850939150825198e+01
-2.371415427258087050e+01
-3.198365674760842836e+01
-5.104541746413700309e+01
-6.684866028626403534e+01
-2.701170806031958449e+01
-2.240276417245829066e+01
-3.880814908486603088e+01
-6.026641183914050970e+01
-1.505027431124664972e+01
-3.573657598487762499e+01
-2.024522529677227212e+01
-1.958884310442149967e+01
-7.230603652242534451e+01
-9.752452171537599668e+01
-2.674802136751733173e+01
-2.429700869192844337e+01
-8.708822968407622156e+00
-4.057317011206147583e+01
-2.018798017537169187e+01
-3.058273177883165062e+01
-2.618005312492207537e+01
-8.441028850367718661e+00
-3.284654207569722217e+01
-1.051239421949339636e+01
-1.224223647191275965e+01
-3.002391059601500700e+01
-2.223320660078968203e+01
-4.639809284697869884e+01
-4.579580269055838215e+01
-1.174740446849658859e+01
-3.050051563927953069e+01
-3.168383173246085605e+01
-3.010839288841244610e+01
-2.803701950267024756e+01
-1.970057110521322485e+01
-1.337239355806347163e+01
-2.594088952089846600e+01
-6.572361094637852119e+00
-1.340437021220705383e+01
-3.880814908486603088e+01
-2.934776416542189992e+01
-3.146640397876656436e+01
-2.385881403135039136e+01
-2.001780490757855091e+01
-2.618005312492207537e+01
-1.416373551297243694e+01
-3.092071034920406092e+01
-2.541533965985906462e+01
-7.087166781095057821e+00
-3.092039557777960468e+00
-3.087865536384943610e+01
-5.311075034956089524e+01
-2.954687967133175874e+01
-3.430799291040300680e+00
-1.395590230259482567e+01
-5.538362108549459606e+01
-9.564586449813543112e+00
-1.568764399618165051e+00
-1.576060461131290502e+01
-3.564905452425850285e+01
-3.715977747095172390e+01
-3.535134826817758835e+01
-3.277994238103637770e+01
-4.690638172589782329e+01
-5.368730644619977710e+01
-3.917271186536756034e+01
-3.324068928064242812e+01
-7.823686483209817411e+00
-3.556104029233391373e+01
-3.547685847043409169e+00
-2.482107018225990913e+01
-2.917954663918272118e+01
-1.253875527437151582e+01
-1.277998097440750103e+00
-3.131744424411381544e+01
-5.910023815953866944e+00
-2.319204873069012507e+01
-4.203555598228060575e+00
-1.435769527990992600e+01
-2.507237606112683537e+01
-2.561549758105359587e+01
-1.253875527437151582e+01
-3.335776863621322974e+01
-5.000544600231901882e+01
-3.042673523235405142e+01
-1.844728678246975662e+01
-2.327644254288021841e+01
-1.148241957993750084e+01
-3.150845204412136447e+00
-2.621547708766283336e+01
-9.155333066084070381e+00
-1.419078590423672992e+01
-1.188981790377764725e+01
-1.703948816656598808e+01
-7.395693018064646296e+00
-3.095431849460286244e+01
-2.454751878440892199e+01
-6.865847127807650452e+01
-2.207156648665546683e+01
-1.568617256780843405e+01
-9.379979611231476611e+00
-2.083284433454812401e+01
-2.399999999999999911e+00
-1.024469573132682676e+01
-1.002289096016273717e+01
-1.170428071741918785e+01
-2.401809237606201464e+01
-1.673681809695821343e+01
-2.675807610680729809e+01
-2.534959941138649242e+01
-2.118399331657881746e+01
-2.866409703788341545e+01
-2.830375057513176174e+01
-2.462365643763993717e+01
-4.794567995891446088e+01
-2.547913102309821554e+01
-6.198361913036574578e+00
-1.552671117635342846e+01
-2.387406413172077535e+01
-2.412133553038347245e+01
-2.400364233812951653e+01
-1.504339579402878080e+01
-2.832969258804975965e+01
-7.320657615206424396e+01
-2.567850664871953370e+01
-1.808310830761297172e+00
-1.024704667298365450e+02
-3.233425735741902951e+00
-2.496562796662374950e+01
-1.186080091085930555e+01
-5.991746797882287723e+01
-2.291890966826047205e+01
-2.842901587302477040e+01
-3.227695921591431016e+01
-5.291872897836223189e+01
-4.962696023108096455e+01
-9.297538678667583767e+00
-2.215712788788707854e+01
-4.109955220350339999e+01
-7.590567683466902338e+01
-2.344676525601476058e+01
-3.520781458549793541e+01
-5.718634770016152657e+01
-5.567382742803339113e+01
-1.581806576746720694e+01
-2.455920603184420514e+01
-5.942983879181019802e+01
-2.322009608342010623e+01
-1.981365091735323603e+00
-2.321589050346377903e+01
-1.658815861345114939e+01
-5.771869752114496066e+01
-2.513323084658906126e+01
-5.717715314221618428e+01
-1.100353115897304512e+01
-2.862599442190492383e+01
-1.827975366095798293e+01
-2.516291472402749108e+01
-2.166601934960063147e+01
-1.163184819736199849e+01
-1.476160432699490954e+01
-7.071885310238980082e+01
-6.508250310216479306e+01
-6.419026514847470821e+01
-2.301555602678569912e+01
-2.191513621518376098e+01
-9.355532752341218838e+01
-7.516190082911787584e+00
-2.978948142278801825e+01
-2.435206687940812031e+01
-5.246460121513531050e+01
-2.184846234388789554e+01
-7.140213492117506178e+01
-1.962172828546963288e+00
-2.251022569173542109e+01
-3.395081122109595384e+01
-8.433879372066527935e+01
-4.129224245996498510e+00
-1.798109259957325534e+01
-1.840109384017253547e+01
-3.031659489168401223e+01
-2.818476538965948919e+01
-4.075475706761488937e+01
-1.739796556091858903e+01
-3.305309982164179416e+01
-2.118748800243378483e+01
-5.357989825044202803e+01
-1.272850150833467353e+01
-4.057317011206147583e+01
-2.363237638503821003e+01
-4.911494985852862527e+01
-3.538370714036378928e+01
-7.256330302904773433e+00
-1.751562128283521247e+01
-2.646519017133990914e+01
-3.198838462189190324e+01
-2.618005312492207537e+01
-4.103776075409670909e+01
-5.807785641771165785e+01
-4.353184369645228458e+01
-1.331485338990184886e+01
-2.063244537031520665e+01
-1.680363175355881111e+01
-2.446061091446292224e+01
-1.565774385469207530e+01
-6.610389238376022547e+01
-4.295577056641671021e+01
-2.244464230281921147e+01
-5.807785641771165785e+01
-1.035729062363893860e+01
-9.459106658436637005e+00
-4.405027610153835838e+01
-1.944482412016144934e+01
-6.875924891674392825e+01
-3.542139023041859502e+01
-3.319215161293548988e+01
-2.017879148494118269e+01
-4.057317011206147583e+01
-2.557200476811349432e+01
-1.099845443087766128e+01
-6.613868273741846338e+01
-3.770148518867050313e+01
-4.113563281796439242e+01
-3.085675873393688562e+01
-1.637324774177434961e+01
-3.368809206162497105e+01
-2.959557435866559771e+01
-3.373052176965200033e+01
-2.421150734296286799e+01
-4.996655363573326269e+01
-2.575702813179410455e+01
-3.166999772043045525e+01
-1.996998232701036002e+01
-2.512124859269721355e+01
-6.538340974985568721e+01
-1.896408841933774525e+01
-3.557538307155501656e+01
-4.087777898469596494e+01
-1.190364141269253118e+01
-1.942735202872638922e+01
-1.554530689692508538e+01
-2.642119262853338313e+01
-3.455516003475977271e+01
-1.706545682009501519e+01
-1.926202423398561692e+01
-5.258365620773378879e+01
-3.178918028692137199e+01
-2.298389211351035755e+01
-2.360894763660260409e+01
-5.723892030035558776e+01
-2.275536974264329615e+01
-1.209422693243975822e+01
-3.942745141532465425e+01
-1.970057110521322485e+01
-4.157981986695983778e+01
-6.293390175242051754e+01
-2.184857265045247132e+01
-5.433335750006467890e+01
-1.081743342873621172e+00
-7.802936833756673707e+01
-1.236651434355654544e+01
-3.584720617089434569e+01
-9.257340042921452516e-01
-1.044914319436893457e+01
-4.901883023815705087e+01
-8.190069647982528522e+01
-2.739955078340236838e+01
-3.195169079491731168e+01
-9.548834868913679941e+00
-3.879933508117859020e+01
-1.789030738246955110e+01
-5.289763124264766958e+01
-1.574766845395888204e+01
-3.358375926589309302e+01
-9.079524259680521681e+00
-2.133796077864583651e+01
-1.504339579402878080e+01
-2.915294404672518880e+01
-4.355978023657016251e+00
-9.639541265379790502e+00
-2.910338805904729043e+01
-1.141481365149788552e+01
-3.746347489972183098e+01
-2.471934355897930757e+01
-4.291678539278803584e+01
-8.186032405997751837e+00
-9.639541265379790502e+00
-1.023056169010116712e+01
-1.253875527437151582e+01
-3.794198216076839003e+01
-3.629658174972173157e+01
-2.482107018225990913e+01
-2.576657131114198762e+01
-4.153762441023651064e+01
-6.110999767263168536e+01
-3.296898403915127318e+01
-3.693064797163279422e+01
-2.331109819140582129e+00
-2.916054206064266197e+01
-5.898428394298194988e+00
-1.970057110521322485e+01
-2.618005312492207537e+01
-3.454097810094107324e+00
-6.622914249461661029e+01
-6.062118119349163692e+01
-2.300990215092024727e+01
-6.347852550407903038e+01
-2.370995771539021035e+01
-6.978760007520072861e+00
-5.399003623421393172e+01
-7.102045826096907888e+01
-2.806547106353655963e+01
-1.210086013625656420e+01
-5.255532142002780205e+01
-2.379329927827165747e+01
-1.096942545602757058e+01
-5.292193625526144274e+01
-9.297538678667583767e+00
-2.298021745813256445e+01
-6.634821626912482451e+00
-1.304330016330998632e+01
-3.669952028881199624e+01
-5.742923201018827228e+01
-3.794469373912284027e+01
-2.987108565165907947e+01
-1.944482412016144934e+01
-8.652791263573485381e+00
-1.010391251705691928e+01
-1.924236659237259728e+00
-1.656044029972274600e+01
-5.564847546550593904e+01
-2.022103708631308550e+01
-2.893004113958734180e+01
-4.166356555176118093e+01
-2.858752350503778183e-01
-6.297086296166590813e+01
-5.702250661191748549e+01
-1.820110147870743944e+01
-4.057317011206147583e+01
-4.489644504658302537e+01
-1.066476996944404299e+01
-5.325829678126893185e+01
-1.600394895865671074e+01
-1.628635338222070317e+01
-1.270496408964032575e+01
-3.272597631658703676e+01
-4.558716773416573176e+01
-3.650753414343698466e+01
-5.332408644919435403e+01
-1.468437405741553015e+01
-2.047103141772844381e+01
-4.946119406075024472e+01
-4.364505311521583053e+01
-4.120300773449172027e+01
-1.099845443087766128e+01
-7.627541941292834693e+00
-3.454097810094107324e+00
-2.885149071411520083e+01
-3.010283702743110013e+01
-2.576811860716451719e+01
-2.721999409492169164e+01
-1.099845443087766128e+01
-1.944482412016144934e+01
-3.126337590377707087e+01
-1.203516746637939683e+01
0.000000000000000000e+00
-3.302093867003947025e+01
-3.255816863028754682e+01
-9.455561422780252911e+00
-2.328624656267103354e+00
-6.873465765987289444e+01
-3.044874256991027295e+01
-1.753231279732386128e+01
-6.979409975983293180e+01
-2.168559015207140561e+01
-3.433228590796617397e+01
-9.818237902331187428e+00
-1.836698502544647837e+01
-3.342614587038718099e+01
-3.751744084596151652e+01
-9.419137032860186665e+00
-9.340442691608917158e+00
-1.279149695016163868e+01
-1.319459324887011853e+01
-1.266357942092123068e+01
-6.198595256101472017e+01
-5.692103987311078583e+01
-9.379979611231476611e+00
-2.114752844133827381e+01
-2.248525842494028382e+01
-4.618682898213283927e+00
-2.858752350503778183e-01
-1.633231279732386199e+01
-2.352735213409626525e+01
-1.970057110521322485e+01
-6.896111079607308625e+01
-4.028862054185175623e+01
-1.605857121071756666e+01
-1.196344689446136833e+01
-9.726791459379262506e+01
-3.070737727096858904e+01
-4.201872070102857037e+01
-1.840532352680994421e+01
-3.017918232318185900e+01
-6.269564631107517272e+01
-1.165381678588515868e+01
-3.156358262944458204e+01
-4.593227888615297161e+01
-2.119743702508413818e+01
-3.494430917966305117e+01
-4.199056087403217674e+01
-3.639883106139021152e+01
-5.807785641771165785e+01
-1.890324588876333323e+01
-2.275352426674513762e+00
-2.161358695809433073e+01
-2.618005312492207537e+01
-1.174740446849658859e+01
-2.624957800823831633e+01
-4.634396235457572288e+01
-5.267600420894154922e+01
-6.750387806004768265e+01
-2.651678476695617093e+01
-2.838245822924551476e+01
-2.618005312492207537e+01
-1.970057110521322485e+01
-3.544617618450357099e+01
-2.636869228082775152e+01
-1.999553942704105225e+01
-3.687252853071422010e+01
-3.820902931694304527e+01
-9.894173541179108966e+00
-3.518064002569411031e+01
-2.858752350503778183e-01
-5.412269620060667563e+01
-6.347728569353110828e+01
-4.308981982532891664e+01
-9.379979611231476611e+00
-1.633231279732386199e+01
-2.618005312492207537e+01
-1.066476996944404299e+01
-1.128624656267103621e+00
-5.807785641771165785e+01
-9.459030019521350141e+00
-1.568764399618165051e+00
-9.297538678667583767e+00
-1.106489849378482759e+01
-2.118689619249493461e+01
-1.713830118293244809e+01
-4.474668641255309609e+01
-5.978101071596871208e+01
-3.506117471408939679e+01
-4.723674771986138410e+01
-3.355947836218772906e+00
-2.526034553848098163e+00
-9.297538678667583767e+00
-4.321336861167581844e+01
-9.155333066084070381e+00
-3.045851330354617659e+01
-9.379979611231476611e+00
-1.149383505124325033e+01
-6.493857687964778336e+01
-4.075015927021913598e+01
-3.107309007690385982e+01
-5.047798080186781533e+01
-2.887961920959942574e+01
-2.340114348930014287e+01
-3.368619105848674167e+01
-9.379979611231476611e+00
-9.297538678667583767e+00
-6.931126203941408903e+01
-9.639355513974610545e+00
-2.284734267649225359e+01
-1.390507928326244880e+01
-2.037361242297696151e+01
-2.320594724082690519e+01
-9.825139692372456324e+00
-4.366444392980645794e+00
-3.923687766463964977e+01
-3.257333450036725253e+01
-1.390507928326244880e+01
-2.439467608744580218e+01
-9.123266839060088174e+00
-3.298174970778745774e+01
-1.970057110521322485e+01
-1.646558327395532828e+01
-1.723231279732386056e+01
-9.297538678667583767e+00
-9.297538678667583767e+00
-4.222101804166002381e+01
-3.910182331538575085e+01
-2.364275367286915497e+01
-1.154468576931024515e+01
-3.561186401778718391e+01
-1.155173398373629112e+01
-2.556651035048381004e+01
-4.106211992022551271e+01
-1.840072936437932327e+01
-4.894632362495749334e+01
-3.744231464985221436e+01
-7.819944636130535365e+00
-9.068596395640959429e+00
-1.568764399618165051e+00
-1.955107213228401974e+01
-2.248230056071279392e+01
-3.855417778543932084e+00
-2.884171523626221045e+01
-1.193401872822407306e+01
-1.568764399618165051e+00
-3.556739919578021869e+01
-2.547814904125459989e+01
-4.618754039515739152e+01
-5.905253715668578707e+01
-6.781825342848335936e+01
-1.685648239261850279e+01
-9.075559475911076035e+00
-2.645696578606967009e+01
-6.141981841447729629e+00
-5.290969427748559184e+01
-3.584720617089434569e+01
-3.836536666372938242e+01
-2.477728111328690019e+01
-2.414198547617042934e+01
-3.283630541135048730e+01
-5.802633015186162879e+01
-1.035729062363893860e+01
-1.968326198680980710e+01
-3.073833845325994929e+01
-2.501851564919086712e+01
-4.102648863637101329e+01
-3.392859008630204443e+01
-1.283213313221998320e+01
-1.676464091197900075e+01
-1.413202222924528861e+01
-1.035299168585158647e+01
-4.648946493343701292e+01
-1.686022689013933018e+01
-1.068603771936859559e+01
-1.655206225729809688e+01
-3.076641101773503095e+01
-1.515528847862430517e+01
-1.091887961323090828e+01
-4.609749018063570958e+01
-1.476749508163725899e+01
-9.155333066084070381e+00
-4.458941506830018398e+01
-9.330241899620130397e+00
-6.300855318954835127e+01
-3.123487628641141711e+01
-2.858752350503778183e-01
-3.353594089166603709e+01
-1.700709836346123494e+00
0.000000000000000000e+00
-3.295182488570833357e+01
-2.920050070856290247e+01
-6.301581474039858577e+00
-3.395386144674444040e+01
-2.858752350503778183e-01
-3.832143808452196510e+01
-3.511979940889806784e+01
-2.342344687358055211e+01
-4.424781074250283552e+01
-2.951676149184342179e+01
-2.553676595316676412e+01
-7.460266748377868851e+01
-2.125774487554736325e+01
-9.679091103570138799e+00
-1.589731338671274941e+01
-1.157723434603124169e+01
-2.899828758317665489e+01
-3.386552542896382789e+01
-1.552297305975138642e+01
-1.107714988073473172e+01
-4.032267705582478357e+01
-1.035729062363893860e+01
-3.390466160140771024e+01
-4.319167311557848166e+01
-1.829059255483467261e+00
-3.880814908486603088e+01
-3.344375908809567477e+01
-3.938131448278915059e+01
-1.655206225729809688e+01
-4.219449140604622528e+01
-1.142064946047232965e+01
-1.432023758096636534e+01
-1.868895802597548794e+01
-3.385542193248583231e+01
-9.575867998002406623e+00
-3.227330040624507035e+01
-3.607682725007315838e+01
-4.241017748659258757e+01
-1.425715946697008185e+01
-4.326425105076503463e+00
-9.746005989384773471e+00
-5.124314275007222363e+01
-3.289177053000454265e+01
-1.349739348729163702e+01
-2.507224415426842512e+01
0.000000000000000000e+00
-6.806990308666475187e+01
-2.120360171286607454e+01
-3.648994521974893246e+01
-4.835810081535123572e+01
-1.829059255483467261e+00
-5.608738783268347561e+01
-5.629145632086714102e+01
-3.760554111008603684e+01
-3.627217473356728306e+01
-2.581345615929011217e+01
-5.788370181466002862e+01
-1.061250262220019103e+01
-2.075031720102341737e+01
-4.135140462765544811e+01
-9.040875380198748701e+00
-2.996282563086025874e+01
-2.392514928922276596e+01
-2.269006945310539081e+01
-5.807785641771165785e+01
-4.680384502169042804e+01
-6.628455605664690609e+00
-1.275744467868072185e+01
-3.844428956531568531e+01
-1.482346998454415044e+01
-3.456659025322289835e+01
-5.153894607348932233e+00
-1.970886271750899610e+01
-6.456641300893002722e+01
-3.975016614650148661e+00
-2.956511370060430366e+01
-1.048699144827543250e+01
-2.551334304935701169e+01
-2.216029681265467488e+01
-3.965683226981020937e+01
-3.609382595661076465e+01
-3.475686233144762127e+01
-3.049451835136660804e+01
-1.260133064970253081e+01
-2.060985664127622030e+01
-1.750137588829662150e+01
-3.900467407060626357e+01
-2.937395644199968814e+01
-1.402146571569369549e+01
-2.315223467797965640e+01
-3.084032103642191203e+01
-2.212075837994831673e+01
-1.410482479821184754e+01
-1.662318344589577279e+01
-2.462436133522340143e+01
-2.693974301755160283e+01
