-6.181914779345007105e+01
-7.390669468534287034e+01
-5.125065165847036752e+01
-7.036261199142876421e+01
-1.151430055688605023e+02
-1.059985650473780368e+02
-1.062530717522927262e+02
-7.716070757756699550e+01
-6.339337380046511328e+01
-8.091050411292714273e+01
-5.730261410406767197e+01
-1.331414003978861729e+02
-7.782655394411409588e+01
-4.369814123423437024e+01
-9.163302660946628464e+01
-8.997878714917212051e+01
-6.406744145729085460e+01
-1.192467372204903597e+02
-1.363780631232349947e+02
-6.487452256686968610e+01
-5.234659664155682890e+01
-4.741269183085919536e+01
-1.179119737301020052e+02
-5.524436797579873826e+01
-7.920341014362307419e+01
-1.183121256224839470e+02
-5.112395470884870008e+01
-9.376299324846382888e+01
-7.640014167391775857e+01
-1.150484440834487714e+02
-7.799357246955219125e+01
-7.539529307856281548e+01
-4.495571680022268879e+01
-9.044846341511029664e+01
-8.271602499799477926e+01
-1.308188257608663605e+02
-4.774338419894225893e+01
-7.714193778648585464e+01
-8.415196793055233115e+01
-9.178361470736686556e+01
-8.558906581402634117e+01
-5.130799766277519325e+01
-7.965513087581278739e+01
-8.524355696751628386e+01
-4.406403631072286942e+01
-9.291184300073149416e+01
-6.973863971923836402e+01
-9.235577006075065754e+01
-3.304981043085558667e+01
-1.639503051262536815e+02
-6.979255174340363510e+01
-1.421095113430296237e+02
-9.267284103749418023e+01
-8.113704728497600627e+01
-7.579671987766516850e+01
-1.575161570917861127e+02
-3.270895080386600284e+01
-1.545168819764622015e+02
-1.295084634817643803e+02
-1.218004647925480981e+02
-1.201409689615792900e+02
-6.930713649810523691e+01
-3.691753958222564336e+01
-6.103947389394714662e+01
-1.033317272202797881e+02
-7.867651826682511285e+01
-8.203646321428551857e+01
-8.925607832458298674e+01
-1.195854630466497781e+02
-1.136170788156474742e+02
-7.719031607878117995e+01
-1.284375059235835863e+02
-1.223953645496542464e+02
-1.274910170665920788e+02
-6.638200078676902649e+00
-1.031868134121218787e+02
-5.751697378754373347e+01
-1.080850777472990387e+02
-2.617613107357661306e+01
-4.896147330219478988e+01
-1.249859150443866440e+02
-8.422404025695597340e+01
-3.296466621269482289e+01
-8.580766456545609344e+01
-5.583132445598452875e+01
-1.974293208119827980e+01
-3.115681174846482548e+01
-9.282944622332270512e+01
-7.478259533356396105e+01
-8.472157743699983712e+01
-6.479487592589160272e+01
-2.887074537428941667e+01
-8.650093646347150411e+01
-1.267603345852950127e+02
-4.651809364512240563e+01
-7.500070386134552791e+01
-6.636599554844885063e+01
-1.166745929677310016e+02
-8.033724435311276579e+01
-2.424709098370780680e+01
-6.134321198807467823e+01
-3.942396336921501643e+01
-3.256175482724889036e+01
-1.111260514031490345e+02
-5.178012718703515560e+01
-5.629386185750909277e+01
-6.464222152520487441e+01
-2.410045065580836976e+01
-7.169173901028889873e+01
-7.368526084145051414e+01
-1.212563731343513780e+02
-9.028256976278275658e+01
-1.171780739899888033e+02
-9.349314403596130774e+01
-1.007704592233085492e+02
-3.480998314627645129e+01
-7.399461635723315567e+01
-1.161558569523537301e+02
-4.592451443852563386e+01
-4.878217648291884245e+01
-1.657867435746106537e+02
-1.588801926053187117e+02
-7.672578695284612138e+01
-4.805215221763251066e+01
-5.668839714122076145e+01
-2.105253584495424590e+01
-1.441644007943619670e+02
-1.096302060729585577e+02
-8.650885965212955853e+01
-6.701213225821790331e+01
-1.386985226946262628e+02
-3.447854224958136626e+01
-7.133529057880950575e+01
-1.165193314390527917e+02
-6.912243878417997678e+01
-1.221257764658365375e+02
-6.739328698930924588e+01
-1.016470730031419691e+02
-1.103091209085038571e+02
-4.500379050397384617e+01
-1.557671038960822614e+02
-6.964870549002435496e+01
-1.234552956166043884e+02
-7.611405535211716256e+01
-1.330790793641548362e+02
-3.449941028659847575e+01
-1.091113247542250235e+02
-9.237849142144010983e+00
-9.137298910812320685e+01
-6.650539634360126229e+01
-4.365722977932042426e+01
-6.987791134581431152e+01
-7.231562931369587943e+01
-2.776268714948799499e+01
-2.446757477421450844e+01
-9.217239923864249818e+01
-4.934631926002197133e+01
-2.149595005022756666e+01
-7.050085077500372677e+01
-8.813976503737318069e+01
-1.138933127441366224e+02
-2.097083579270520914e+01
-9.539632455667776867e+01
-1.471134743313671152e+02
-3.031482201061076864e+01
-9.278296184009789727e+01
-8.726173194874273520e+01
-5.878451896304486723e+01
-7.300434891097387435e+01
-7.090305166350236732e+01
-1.187449708253388678e+02
-5.336680845999674716e+01
-4.599211666206790028e+01
-7.237838533556427478e+01
-3.285880414383551340e+01
-3.005229601938926720e+01
-2.035019141696793810e+01
-7.605491722519829523e+01
-1.481316569014785784e+02
-1.115314771509160749e+02
-7.423773243201914340e+01
-4.816250838287142955e+00
-9.075571692551744718e+01
-8.877940938796021442e+01
-2.319658059542839368e+01
-5.809101500211045987e+01
-7.384913950392157744e+01
-6.536177659450584088e+01
-6.836707682639391237e+01
-5.170661095963716036e+00
-2.513391939425444477e+01
-7.993326484524590114e+01
-3.157897043080913591e+01
-4.210968845225060164e+01
-1.266393365489490890e+02
-5.921245999339800647e+01
-1.266056486552618452e+02
-8.761309659322755294e+01
-6.985106161418283932e+01
-4.135489790941190336e+01
-9.288106184856140146e+01
-8.604915374606912337e+01
-1.170678702944173040e+02
-2.970627828560070327e+01
-7.767822966410919605e+01
-1.250290957762249633e+02
-3.341632774199304379e+01
-7.418534476123009824e+01
-1.301029038991419213e+02
-1.472728444624466420e+02
-8.704206405106998545e+01
-1.133453178265111916e+02
-1.631882175920099201e+02
-7.447580265143388090e+01
-6.966935900067846887e+01
-9.290214185303963745e+01
-7.074936190521063395e+01
-4.126130407209828377e+01
-1.072868511891051355e+02
-1.190853746939508113e+02
-1.602758957448133401e+02
-4.984464518272481826e+01
-3.152414915363338110e+01
-1.045313121286382909e+02
-5.076819411858741660e+01
-9.340426719685504509e+01
-9.082297009517809272e+01
-1.080482259792336919e+02
-7.312340004853439268e+01
-2.383755866386568201e+01
-2.765475408965200899e+01
-1.222677962951561028e+02
-8.045753136304827535e+01
-1.067082535538915238e+02
-1.164388961648742224e+02
-6.931789415192791637e+01
-1.179267671441894834e+02
-5.767920467913540961e+01
-1.230529900793376896e+02
-1.005809070216068477e+02
-1.191127163841962471e+02
-6.987352825099904408e+00
-1.156290781587357088e+02
-5.342672718325400183e+01
-6.248948869822579866e+01
-1.136542234162804164e+02
-7.082814304083180446e+01
-6.534193314470918779e+00
-7.196203718433582708e+01
-6.987352825099904408e+00
-7.209094258911729014e+01
-4.096573896803445081e+01
-2.353011036663271582e+01
-1.160344823670630632e+02
-2.075601569358275000e+01
-1.213062923953840624e+02
-1.333659652065933869e+02
-6.638844429285424553e+01
-4.702433617040827585e+01
-6.353328681563249347e+01
-2.018634628647159701e+01
-2.687585873894136412e+01
-6.882770803737767551e+01
-4.071754725862081159e+01
-9.089022769494525278e+01
-1.043689100670242311e+02
-5.937544437998589331e+01
-9.018384618032445132e+01
-5.487746298586002780e+01
-9.717629726085640129e+01
-1.035298832514916114e+02
-1.221240527796005040e+02
-3.069214202026249794e+01
-5.667609624535646162e+01
-6.042338257025956239e+01
-2.015765403801541211e+01
-7.697962868398330727e+01
-1.140162801173858895e+02
-2.132393025318152979e+01
-4.096573896803445081e+01
-3.719407924927008224e+00
-5.600637822247696818e+01
-1.118638403573463904e+02
-1.257576308053118197e+02
-3.233032496118914878e+01
-7.827289353696494345e+01
-2.933975514832690479e+01
-8.930330109999259491e+01
-3.222822715225719037e+01
-1.129063710613105371e+02
-1.315565287191587061e+02
-1.067940241475314309e+02
-6.868904011265314580e+00
-1.142504546143339752e+02
-1.133453178265111916e+02
-1.307348631737310427e+02
-2.018634628647159701e+01
-9.232034844537739104e+01
-2.023323936622082542e+01
-9.182716694451788442e+01
-4.298165299351238389e+01
-5.851183250496578125e+01
-3.207478427039922053e+01
-6.832122466343381717e+00
-1.308522831784320886e+02
-3.110135048344377040e+01
-5.789755084806556340e+01
-7.401098972977401047e+01
-2.734576224061715166e+01
-3.377792768923587374e+01
-1.010331914755258822e+02
-1.020575446227855991e+02
-7.648352322765143185e+01
-1.505811142249263526e+02
-6.733758146334116645e+01
-9.220698824947530170e+01
-1.663227117274334432e+02
-7.639350297965368952e+01
-9.077507963099694166e+01
-9.048585590959864078e+01
-2.052321068963607686e+01
-1.196435148041379648e+02
-1.282182162748863448e+02
-2.465011625829281527e+01
-2.223584537720603294e+01
-3.165375627252701562e+01
-7.047688782163785959e+01
-9.265653419348453212e+01
-3.176575102124706618e+01
-4.111825322978326369e+01
-6.849416229965549974e+01
-1.023209761798598691e+02
-9.371819573609599274e+01
-1.181562335273870872e+02
-4.780958839566044816e+01
-9.339205139672631617e+01
-9.197224103002582751e+01
-2.528403904693978177e+01
-8.912824548021194460e+01
-2.754682102981604785e+01
-1.443887696590971927e+02
-9.079340325701872416e+01
-6.851777700135360760e+01
-9.271910503545643678e+01
-5.672506121150186686e+01
-5.602480989979159176e+01
-8.753940993203649157e+01
-4.822031346381100292e+01
-4.247678451811687950e+01
-6.367680573432501490e+01
-1.022652042069731522e+02
-8.619318387787582481e+01
-1.192160272502682403e+02
-9.074568071316461726e+01
-2.687585873894136412e+01
-8.567180794490565177e+01
-3.152414915363338110e+01
-4.201917301890025414e+01
-9.342495529253049824e+01
-7.196203718433582708e+01
-9.435664215972732904e+01
-8.908253877157849843e+01
-1.141453844522715713e+02
-8.692332241294603534e+01
-4.373453220672176656e+01
-7.262001950968723918e+01
-8.924168534789143337e+01
-6.644557217770926627e+01
-1.071152945417006919e+02
-9.270185309829490450e+01
-7.060497161008628098e+01
-2.013152500929584932e+01
-9.310172345187922360e+01
-8.981886321030526688e+01
-9.789255330928251908e+01
-1.825920617322327075e+02
-4.707292254545488674e+01
-7.196203718433582708e+01
-7.897777347970226458e+01
-4.632720461743660678e+01
-1.007602445925953418e+02
-1.189913700309508897e+02
-2.293077817577697886e+01
-4.063760312281407749e+01
-1.029166981870063466e+02
-4.060005318279202413e+01
-7.233706117935214763e+01
-7.044636117079348026e+01
-1.258025872824938745e+02
-9.856990619491043049e+01
-6.648220029160829370e+01
-1.135146181248890400e+02
-7.246244537694843757e+01
-7.395068812595319230e+01
-9.157196779492996086e+01
-1.135794923234593057e+02
-4.248946392898164959e+01
-9.985504448947945377e+01
-8.511565381464657776e+01
-8.682956641419195876e+01
-2.228652586478820652e+01
-9.092772429661920341e+01
-1.012706074546593982e+02
-6.653849261626700695e+01
-1.154294471293457036e+02
-1.226382447509672033e+02
-8.882516956714704293e+01
-2.293077817577697886e+01
-6.824974870929527526e+01
-2.717226302780900227e+01
-7.114814103488765795e+01
-1.218117628149247622e+02
-6.732808541049742246e+01
-7.172042177315857714e+01
-7.567857692935247371e+01
-3.265374876774070856e+01
-9.679562626388204194e+01
-9.090919892897919397e+01
-7.655775421702905703e+01
-1.210800863232629183e+02
-7.910372121262859935e+00
-3.069214202026249794e+01
-7.114814103488765795e+01
-3.388348533672521512e+01
-3.228048683098652560e+01
-5.799818508979826959e+01
-8.514132330210115640e+01
-1.477476216072336399e+02
-3.719407924927008224e+00
-1.187780929853107921e+02
-1.183545672258101291e+02
-7.451559566447824068e+01
-3.153530745869239027e+01
-1.069297999613796435e+02
-1.146775637730193722e+02
-1.461220416217844331e+01
-5.508029648028148273e+01
-7.510416074145703647e+01
-1.242985547155219592e+02
-7.080797970424578125e+01
-1.304626573693588227e+02
-6.951194009329097412e+01
-9.174083062294631929e+01
-1.547758796052162040e+02
-1.246800039116686918e+02
-5.140485109131839181e+01
-4.262463590711364247e+01
-8.731622466227196355e+01
-4.387573725836902838e+01
-1.030783483245814409e+02
-1.116102183362825713e+02
-2.026707790156167022e+01
-7.780576394047535871e+01
-1.226535125443626555e+02
-5.644387438660065470e+01
-1.046146623648999281e+02
-6.870020268580161371e+01
-5.687457560210964402e+01
-2.496751572466632751e+01
-8.947083830152604378e+01
-1.198383039674700399e+02
-4.115165097179692566e+01
-1.138123357620195009e+02
-1.527008575896396891e+01
-9.545221065402398608e+01
-1.522616789041245511e+01
-6.543938619826590752e+00
-3.236248160828036902e+01
-1.115365039297758045e+02
-9.229670268696732194e+01
-7.343794984192352615e+01
-1.133453178265111916e+02
-4.072941800397796186e+01
-6.478639855595947949e+01
-9.847106249916603815e+01
-6.882770803737767551e+01
-7.310139853318111136e+01
-7.249207149138193529e+01
-9.827417292938986293e+01
-2.501297927889925532e+01
-1.180831163793947525e+02
-2.687585873894136412e+01
-9.201563818245058712e+01
-6.422565770528827045e+01
-6.292359881821079171e+01
-1.844986975608352395e+02
-1.028773985665307862e+02
-4.222898162566958291e+01
-9.339594309295779340e+01
-7.135909155401446924e+01
-2.999166990752151563e+01
-1.012236544866902506e+02
-6.537094135541883588e+01
-5.757223602811346552e+01
-2.985785936292391796e+01
-1.722149871405310861e+01
-1.287284176367290058e+02
-6.843820973319408552e+01
-7.775592581027275685e+01
-1.231576452378754709e+02
-4.631991486278408843e+01
-5.471556876113771040e+01
-3.719407924927008224e+00
-7.255386671619093875e+01
-9.014606434683940961e+01
-4.819437685358774104e+01
-1.209463698076735056e+02
-1.614322759782790797e+02
-1.626784296815748405e+02
-1.327386956154184645e+02
-2.042046614889568801e+01
-1.119969952060601628e+02
-8.988923074277428782e+01
-2.279169073597084605e+01
-1.120919787165747152e+02
-1.007602445925953418e+02
-1.239534153098162363e+02
-5.709638675306551647e+01
-8.030055054244223811e+01
-4.628598302992209312e+01
-6.174511830347542229e+01
-3.425791367310745983e+01
-7.481568204376991105e+01
-5.455332232098392353e+01
-3.228048683098652560e+01
-1.057547412161509897e+02
-4.213522562691555606e+01
-1.119474093149341343e+02
-1.048896772458596303e+02
-1.062643136244713844e+02
-3.449941028659847575e+01
-1.254976018905086477e+02
-4.149617962307061703e+00
-8.533482532305825430e+01
-1.333483080388036797e+02
-4.709956462366446317e+01
-3.719407924927008224e+00
-6.795186368075738415e+01
-1.474203026362494384e+01
-2.223584537720603294e+01
-2.223584537720603294e+01
-8.430962969529163331e+01
-1.163098862595982155e+02
-7.358181778885540325e+01
-7.879189552806963093e+01
-7.347349231468507469e+01
-4.789534807237220804e+01
-8.369012299981109493e+01
-1.316234696545930376e+02
-9.223827352790925715e+01
-1.037412045791741093e+02
-7.296231109337493592e+01
-5.607724332073639317e+01
-8.631044402803919979e+01
-5.551225276191862434e+01
-5.511993822519050923e+01
-1.540007903511529150e+02
-2.279169073597084605e+01
-8.549953008176029812e+01
-1.136702832179499438e+02
-9.998085047150314608e+01
-6.953203549619976798e+01
-5.714255659352534167e+01
-7.444763260722015730e+01
-4.057069591101664940e+01
-3.446547845373644492e+01
-4.172857923145291181e+01
-1.925947310332337281e+01
-3.069214202026249794e+01
-1.723449845782685941e+02
-7.114814103488765795e+01
-1.442787947393192667e+02
-1.138432924984946482e+02
-8.860935143089284338e+01
-1.113296111538020909e+02
-2.223584537720603294e+01
-1.064370896935934212e+02
-3.078589801901653900e+01
-1.118452993210576381e+02
-4.060005318279202413e+01
-1.974293208119827980e+01
-5.630277989870313604e+01
-6.637694618580692207e+00
-2.687585873894136412e+01
-1.813786345750795590e+02
-8.785944195634138509e+01
-1.184971283428032507e+02
-3.069214202026249794e+01
-3.228048683098652560e+01
-2.223584537720603294e+01
-1.233384372263448796e+02
-2.258849266680327617e+01
-8.398710780224317318e+01
-9.206555758980803716e+01
-4.789534807237220804e+01
-7.035260517203936104e+01
-7.296231109337493592e+01
-4.059247703128026785e+01
-4.068846866895505343e+01
-9.403697338172321452e+01
-2.385073927403042404e+01
-8.987722027724247198e+01
-2.078239504648611558e+01
-8.275836064691202409e+01
-9.714130054898684818e+01
-5.547228272754762202e+01
-7.296231109337493592e+01
-1.077632982567615159e+02
-7.310595759199514987e+01
-3.069214202026249794e+01
-4.060005318279202413e+01
-6.882770803737767551e+01
-9.910259245672696693e+01
-1.239257114595860401e+02
-1.839087512510137685e+02
-7.330561081537835832e+01
-8.940486625716513913e+01
-3.630361027405557195e+01
-1.141884832649411692e+02
-1.294382933322819724e+02
-3.719407924927008224e+00
-5.677157311956257502e+01
-7.100232524240590237e+01
-1.195579411249430848e+02
-5.720418659156382546e+01
-1.016139257850239517e+02
-6.886310280352330437e+01
-6.997209590808338930e+01
-1.151194812152051270e+02
-1.673916348884998229e+02
-1.426407394308159553e+02
-3.719407924927008224e+00
-9.789924627955574010e+01
-1.635061242705093605e+02
-9.938110289920834362e+01
-3.513141275087740212e+01
-9.391000238835353287e+01
-9.227604579355377723e+01
-1.250285194184611726e+02
-7.655775421702905703e+01
-4.059247703128026785e+01
-6.984702904878116669e+01
-5.514859243892853868e+01
-1.031887663730667555e+02
-7.832564219015503681e+01
-6.766593812308990152e+01
-3.236248160828036902e+01
-6.940571107221791181e+01
-4.060005318279202413e+01
-1.399895260727543302e+02
-1.861028938782879436e+02
-5.200022845319088560e+01
-1.039941510201798991e+02
-1.249167174297220413e+02
-9.136777036745525038e+01
-1.656990658993677243e+02
-1.517632976020986746e+01
-3.485724796585244434e+01
-1.145052252367926400e+02
-1.055874216212233421e+02
-3.228048683098652560e+01
-4.709956462366446317e+01
-5.677157311956257502e+01
-8.765170580770931963e+01
-1.202457835487983857e+02
-9.451515307286788925e+01
-5.799818508979826959e+01
-1.124669558314806181e+02
-7.353036219346121527e+01
-2.687585873894136412e+01
-7.812499372899389982e+01
-7.661921782886351195e+01
-1.831478181239880882e+02
-1.837265137668767920e+02
-2.010191629129089108e+01
-8.992658100705649815e+01
-7.329779223881224937e+01
-1.181795338689761508e+02
-1.247842612045408686e+02
-1.494841089828132965e+02
-1.236436886431894209e+02
-7.879189552806963093e+01
-1.233292648211925808e+02
-9.646802464935004195e+01
-2.223584537720603294e+01
-1.569182299416917203e+02
-9.207864898968212231e+01
-9.367811903418510155e+01
-9.331849585134003178e+01
-1.123638645367411186e+02
-9.102780379107414888e+01
-7.879189552806963093e+01
-2.107070549912056379e+01
-6.919119353830890873e+01
-9.685700292328340311e+01
-4.082665152822835353e+01
-9.596455948011501391e+01
-8.454380419223966214e+01
-4.059247703128026785e+01
-3.859159430858588991e+01
-3.236248160828036902e+01
-7.945395615619752050e+01
-1.982064829502859027e+01
-1.088560366178470957e+02
-3.069214202026249794e+01
-1.294022314981496891e+02
-5.720418659156382546e+01
-4.555657765707406526e+01
-4.050211001254275800e+01
-1.007980967277185158e+02
-7.111060367419270278e+01
-2.603070992347716484e+01
-9.289263830982784498e+01
-4.063760312281407749e+01
-1.974293208119827980e+01
-6.739293004370898643e+01
-6.801765515421188013e+01
-2.220005274636445947e+01
-7.065891381908220126e+01
-3.272390103625984636e+01
-1.148634417246519632e+02
-1.133453178265111916e+02
-2.687585873894136412e+01
-1.244237611986020937e+02
-8.820191128090826282e+01
-9.537300525179549027e+01
-2.279169073597084605e+01
-1.217236099712844322e+02
-4.631991486278408843e+01
-9.198393660091412016e+01
-7.447163893596363948e+01
-7.340572529864824958e+01
-7.734297435524564435e+01
-1.319597633341266771e+02
-1.490268512047412059e+02
-9.504341681803522590e+01
-1.047098237607934550e+02
-1.442104150078278622e+02
-1.216948853234816568e+02
-1.919897122115753518e+01
-5.390112173705571763e+01
-7.124969111399873611e+01
-1.681600144852118888e+02
-7.218770017894885882e+01
-6.826048202005583221e+01
-5.799818508979826959e+01
-6.116023852080425627e+01
-1.275672500589226956e+02
-9.495428386160261880e+01
-9.514016181323519561e+01
-8.694219887015978543e+01
-4.951368315012336296e+01
-2.508684728453542334e+01
-9.543013313665068154e+01
-9.367582789140550403e+01
-7.661432610734404136e+01
-8.224441318461103378e+01
-1.517632976020986746e+01
-1.335518990359761062e+02
-4.789534807237220804e+01
-5.767296658533429365e+01
-1.171426725657692884e+02
-7.201916506919086203e+01
-7.080708957630595535e+01
-9.760575575051939268e+01
-7.422274649379198763e+01
-1.168496646248895274e+02
-5.578651656186722363e+01
-3.719407924927008224e+00
-2.279169073597084605e+01
-5.089608014354174514e+01
-8.874220540396979118e+01
-2.847369205463428088e+01
-7.257158368103698365e+01
-9.786789134138342661e+01
-1.071257654034546505e+02
-1.337051622765966385e+02
-9.339180234136235015e+01
-8.760321972868665341e+01
-1.227331134091549671e+02
-1.235451192309490693e+02
-1.241051562162514159e+02
-3.104820298122995936e+01
-5.562489349003185168e+01
-3.165920255976088882e+01
-4.789534807237220804e+01
-1.430178945666231414e+02
-9.494376810760402918e+01
-9.071311242205220537e+01
-3.228048683098652560e+01
-8.860311796416367258e+01
-4.875508901483671309e+01
-1.650784532892909624e+02
-1.461220416217844331e+01
-4.709956462366446317e+01
-3.228048683098652560e+01
-3.943787445526954372e+01
-9.041375813967444230e+01
-1.143970046559734328e+02
-1.176468557775255306e+02
-1.517632976020986746e+01
-1.332164178905387644e+02
-7.429802941341543487e+01
-8.162490648913055225e+01
-4.543374807783636982e+01
-5.799818508979826959e+01
-4.922499251651245800e+01
-1.186831378052148978e+02
-3.228048683098652560e+01
-7.482220273195969185e+01
-1.191843021383734680e+02
-1.190861545399629335e+02
-5.677157311956257502e+01
-1.191911389614616610e+02
-4.970100515586200629e+01
-5.672506121150186686e+01
-1.982064829502859027e+01
-4.789534807237220804e+01
-1.054104699842980466e+02
-7.256967619840594352e+01
-4.645827680792021397e+01
-1.569182299416917203e+02
-4.213522562691555606e+01
-7.879189552806963093e+01
-2.156049229629118003e+01
-2.123131729234858156e+01
-1.241729121054036256e+02
-1.200063468363379968e+02
-8.826955631592375084e+01
-8.139073199218246657e+01
-7.267938351953513632e+01
-9.305632119592502249e+01
-5.698004118512386640e+00
-8.501236371263507863e+01
-7.296231109337493592e+01
-1.265367814938594790e+02
-1.569182299416917203e+02
-9.408531026381666607e+01
-1.956107474294455528e+01
-1.048921314550229908e+02
-1.054314863503002186e+02
-2.360943327401908576e+01
-1.075619347463201194e+02
-6.543938619826590752e+00
-1.029023111396547563e+02
-1.257561049779203017e+02
-2.023323936622082542e+01
-8.756355882010247171e+01
-1.481618682699893270e+02
-1.062083039816759680e+02
-1.517632976020986746e+01
-7.681900437308877372e+01
-4.631991486278408843e+01
-1.182699585135495539e+02
-7.591629721032941802e+01
-8.840451135152292750e+01
-6.914398425282864480e+01
-8.792252251986235478e+01
-5.644947295984296431e+01
-4.059247703128026785e+01
-8.843988997126781726e+01
-9.185455963500669441e+01
-6.921591663027626851e+01
-3.719407924927008224e+00
-7.879189552806963093e+01
-5.672417668540597901e+01
-4.213522562691555606e+01
-1.982064829502859027e+01
-1.285893301969228730e+02
-1.461220416217844331e+01
-9.387511117060051902e+01
-1.043451475006971805e+02
-9.294829729990524925e+01
-9.541308024574129831e+01
-1.182148177722640980e+02
-1.204542229556037967e+02
-8.543165790261424775e+01
-1.140097605322233818e+02
-1.210477990081686102e+02
-8.903402851782480809e+01
-9.162508614772090709e+01
-8.838449945192340351e+01
-6.577914974097947720e+01
-9.615434043152342269e+01
-1.287033522590953680e+02
-5.720418659156382546e+01
-8.912155644248119302e+01
-1.072922551039541759e+02
-6.617996975034597540e+01
-1.260826714022755368e+02
-7.349936217421537776e+01
-9.255568826961277296e+01
-8.823524191157937935e+01
-4.002102735975593362e+01
-1.430857972658754989e+02
-8.756355882010247171e+01
-6.997648746065712544e+01
-9.082775152773159277e+01
-1.239362261669094920e+02
-6.921450907314641654e+01
-9.194651042148849740e+01
-1.271786571308251297e+02
-3.295400076008498047e+01
-6.810341953603986553e+01
-1.974293208119827980e+01
-1.183131829479514323e+02
-1.285893301969228730e+02
-1.204280113366698970e+02
-2.680325062789792412e+01
-6.975618942789755295e+01
-1.183131829479514323e+02
-5.720418659156382546e+01
-5.628355304155591909e+01
-2.023323936622082542e+01
-9.405736364711511044e+01
-8.650622415905185392e+01
-9.301755795378991820e+01
-7.396200085134137225e+01
-1.278494499714109338e+02
-7.256070988124238852e+01
-1.517632976020986746e+01
-1.281224980428001743e+02
-1.051075802730406963e+02
-1.266418200829545242e+02
-1.132809584524260629e+02
-1.241578301838177794e+02
-3.228048683098652560e+01
-1.057686400014410282e+02
-7.655775421702905703e+01
-6.882770803737767551e+01
-1.305340769890419779e+02
-1.415141645499824676e+02
-8.812026901963261594e+01
-1.011090813272847271e+02
-1.398508306324540627e+02
-4.154295060855798027e+01
-1.254506712222163713e+02
-1.221673118978051491e+02
-1.677886487690631725e+02
-5.464621871300239775e+01
-6.983706661891861245e+01
-1.176399944351009026e+02
-1.513348842545678394e+02
-5.346989809105286184e+01
-7.664971587221830873e+01
-4.122656213223960719e+01
-1.112671963394403747e+02
-4.213522562691555606e+01
-8.524045610784399685e+01
-2.956592244331347530e+01
-5.007312602599795071e+01
-6.193020814085993209e+01
-7.332820169090028628e+01
-4.631991486278408843e+01
-9.117153491174067881e+01
-7.947280849942970349e+01
-1.007602445925953418e+02
-3.719407924927008224e+00
-4.999603207697500551e+01
-1.124173037663833270e+02
-5.461765127386544805e+01
-1.285893301969228730e+02
-4.059247703128026785e+01
-2.485818617822200949e+01
-1.494574669046037343e+02
-1.675325961412087281e+02
-6.691936502310261403e+01
-4.789534807237220804e+01
-5.776562244160174231e+01
-6.293187771574258704e+01
-1.054314863503002186e+02
-1.050749888388607189e+02
-6.248948869822579866e+01
-5.720418659156382546e+01
-1.464744918144062638e+02
-1.423897780364910304e+01
-3.228048683098652560e+01
-7.196203718433582708e+01
-5.575840745289164602e+01
-7.099809784524180145e+01
-4.059247703128026785e+01
-5.720418659156382546e+01
-6.327614349637221380e+01
-7.235733173945260432e+01
-1.812549906669963207e+02
-9.947738642520448593e+01
-1.198360677654698350e+02
-7.068394801844323183e+01
-4.059247703128026785e+01
-8.531055176384970196e+01
-9.524377448023815873e+01
-1.658574277282237972e+02
-1.085090028871742902e+02
-5.720418659156382546e+01
-9.123648664949263321e+01
-8.467614739962812109e+01
-1.181308447139118272e+02
-1.221386172888663992e+02
-1.837265137668767920e+02
-8.835884798378751270e+01
-1.411444257178405621e+02
-6.972426922320784115e+01
-5.799818508979826959e+01
-4.631991486278408843e+01
-1.299912266460021328e+02
-1.133453178265111916e+02
-2.223584537720603294e+01
-7.296231109337493592e+01
-2.023323936622082542e+01
-1.108995528511665896e+02
-1.137059398227183209e+02
-1.190822782210336328e+02
-9.160974858624673800e+01
-9.268717456085428807e+01
-8.748164140078485218e+01
-9.484411447570451514e+01
-1.176736520955669789e+02
-8.756355882010247171e+01
-1.019388911764626329e+02
-8.756355882010247171e+01
-4.789534807237220804e+01
-1.480698973202917657e+01
-1.255852493130065284e+02
-2.223584537720603294e+01
-7.035260517203936104e+01
-7.133401898652027739e+01
-9.744640870269661548e+01
-4.059247703128026785e+01
-6.319201218906998463e+01
-7.415025154442122357e+01
-1.189665946791251656e+02
-1.219583673819769132e+02
-1.251445897512044070e+02
-4.059247703128026785e+01
-4.213522562691555606e+01
-4.067024863469413276e+01
-6.858097141299012378e+01
-4.946232265767038427e+01
-8.682956641419195876e+01
-9.628389029485194328e+01
-8.692763173417436917e+01
-1.079689926488771619e+02
-8.998290802199664995e+01
-2.261355463378101049e+01
-2.223584537720603294e+01
-8.622466050906291457e+01
-6.543938619826590752e+00
-4.227337467729117293e+01
-4.631991486278408843e+01
-6.882770803737767551e+01
-1.233384372263448796e+02
-9.167361570965468331e+01
-2.225042488651092043e+01
-1.730646338341958881e+02
-1.240425152249686960e+02
-6.195726059707970279e+01
-1.187630856710481311e+02
-6.936623257611100257e+01
-1.118470786002330328e+02
-1.313578138021798623e+02
-5.504703467561455454e+01
-1.179360045897437601e+02
-1.233384372263448796e+02
-1.213062923953840624e+02
-7.328889505285690120e+01
-1.572914918784459815e+02
-6.248948869822579866e+01
-9.266772826782744232e+01
-7.698586485773309107e+01
-7.113693520968034534e+01
-9.498731112158773726e+01
-3.449941028659847575e+01
-3.186972554773429422e+01
-2.641370076377625509e+01
-6.810973039629848813e+01
-3.801615063595546928e+01
-6.983679547004946642e+01
-6.248948869822579866e+01
-2.508684728453542334e+01
-7.426425680428901899e+01
-2.291009088446831043e+01
-1.331146966821822843e+02
-1.517632976020986746e+01
-6.908028133637635904e+01
-1.206301028434831437e+02
-3.236248160828036902e+01
-6.765530364737973912e+01
-4.564711117066771351e+01
-9.432695531346493567e+01
-4.827037206738865649e+01
-5.602060628476620252e+01
-7.030422791995110998e+00
-7.674363216866166226e+01
-7.296231109337493592e+01
-8.947083830152604378e+01
-6.248948869822579866e+01
-8.162357543074269017e+01
-4.631991486278408843e+01
-1.106161257409075773e+02
-1.208480637852505595e+02
-7.177908828363781879e+01
-6.075456446929594279e+01
-6.684498734257606145e+01
-6.700660700705441286e+01
-1.300914171680257709e+02
-4.709956462366446317e+01
-1.297775126571028750e+02
-1.133737530116531929e+02
-1.240598130851687131e+02
-7.551155169844098225e+01
-9.624023023194236259e+01
-5.334891789859908329e+01
-8.836754614864113933e+01
-6.670589248604846944e+01
-7.550726330518540408e+01
-2.590813624946964211e+01
-5.799818508979826959e+01
-5.799818508979826959e+01
-4.963063520087034419e+01
-4.631991486278408843e+01
-4.120988529335907913e+01
-6.343974051511808909e+01
-9.479421635152877457e+01
-8.422934525789466420e+01
-3.316731524153316002e+01
-1.559328131247683586e+02
-4.881088584130395702e+01
-8.488430611130284831e+01
-3.069214202026249794e+01
-2.543942613354136029e+01
-1.174763638165877637e+02
-1.298617327795442691e+02
-6.862128312468108504e+01
-4.191486694159820559e+01
-2.223584537720603294e+01
-1.652572413762698886e+02
-1.134848306877690618e+02
-6.743738939392440557e+01
-8.707950765177928076e+01
-7.210309848845227521e+01
-3.498021955161857477e+01
-4.483117407328339254e+01
-8.325593432837146679e+01
-1.016744472779670474e+02
-6.882770803737767551e+01
-8.786748853055438246e+01
-4.060005318279202413e+01
-1.329323923404956247e+02
-1.287774316394511516e+02
-1.882984015789740795e+01
-1.278863912592275653e+02
-1.292313296697854526e+02
-2.279169073597084605e+01
-1.974293208119827980e+01
-2.687585873894136412e+01
-1.486698369962187201e+02
-2.016019440061664270e+01
-1.138698127848660846e+02
-7.099147745952802779e+01
-5.057868656459709200e+01
-1.104204144357658919e+02
-4.841008084899114294e+01
-9.918468489020746404e+01
-1.218320736569505840e+02
-3.236248160828036902e+01
-9.159008785937632524e+01
-3.719407924927008224e+00
-8.416667609258786342e+01
-7.050607440497864786e+01
-1.238775175739282162e+02
-1.284232081114277264e+02
-7.296231109337493592e+01
-9.411662911797861852e+01
-6.938351982999512302e+01
-7.197616221191090347e+01
-8.095643606845166573e+01
-1.277114366665201430e+02
-4.765719847856228597e+01
-1.452147010834155196e+02
-8.903270766925757584e+01
-1.019388911764626329e+02
-1.160647539916381419e+02
-4.685470394008038397e+01
-7.077067267786554794e+01
-7.114814103488765795e+01
-8.759196511885791381e+01
-8.534736322133662156e+01
-1.072932431658032897e+02
-1.061842288170627455e+02
-8.067822660864997886e+01
-1.140162801173858895e+02
-1.117714950678136461e+02
-6.983860674863596785e+01
-3.069214202026249794e+01
-1.369772267653632696e+02
-9.073528819326020312e+01
-6.961421422640368917e+01
-1.053242615018662889e+02
-6.543938619826590752e+00
-8.139073199218246657e+01
-5.720418659156382546e+01
-8.235285888119268094e+00
-7.674506742581682772e+01
-3.066393006506994467e+01
-1.794372674687493827e+02
-8.058259833467681688e+01
-1.275140158149808087e+02
-7.470312319695074166e+01
-7.648352322765143185e+01
-5.471815122367971895e+01
-1.068907703205611313e+02
-1.233673294501525675e+02
-1.285893301969228730e+02
-2.112006777676745983e+01
-1.214644279169478409e+02
-6.488211527856086036e+01
-9.552073041938982101e+01
-9.303581428257720631e+01
-8.823965075923644008e+01
-3.236248160828036902e+01
-9.526188755286231924e+01
-1.982064829502859027e+01
-6.697996492884476538e+01
-4.059247703128026785e+01
-3.236248160828036902e+01
-1.168105227423588559e+02
-2.023323936622082542e+01
-1.163896366633003083e+02
-2.937203814872435714e+01
-4.709956462366446317e+01
-1.389960401642023271e+02
-1.735474876344420991e+01
-1.295909212376600976e+02
-1.324676199821210503e+02
-5.749275058641357816e+01
-4.213522562691555606e+01
-1.474802125042210434e+02
-1.296273244020552511e+02
-3.228048683098652560e+01
-8.537465221788042413e+01
-3.554332213046502176e+01
-3.228048683098652560e+01
-1.651587545726106327e+02
-1.115801487931581875e+02
-6.954610203291854020e+01
-1.115439368692564415e+02
-1.007602445925953418e+02
-7.063776024318768521e+01
-6.939306485360941679e+01
-7.240545138960914073e+01
-9.521520766533183178e+01
-2.508684728453542334e+01
-1.196088790636935215e+02
-1.212967257743401603e+02
-1.430569724282551647e+02
-2.223584537720603294e+01
-1.461220416217844331e+01
-8.926635672518561648e+01
-5.799818508979826959e+01
-1.293970006951434470e+02
-1.277980588947380056e+02
-1.321153258672889592e+02
-5.626229023703745469e+01
-5.700441655812280572e+01
-6.543938619826590752e+00
-6.023232959975453582e+01
-1.257124303247914270e+02
-1.267446327649327316e+02
-1.637246672112272279e+02
-1.225130929828918909e+02
-1.285891917146392132e+02
-8.770064008066862016e+01
-6.087275810594580605e+01
-1.566846000686731202e+02
-7.495940144636448110e+01
-8.298824188005534097e+01
-8.729452502250904899e+01
-6.970773933075884088e+01
-1.011683537121073471e+02
-1.192929665975924820e+02
-8.718256886323362664e+01
-5.692718991317370580e+01
-2.687585873894136412e+01
-5.698382790624644656e+01
-8.325598627319271827e+01
-7.138354895498665087e+01
-7.094879042827503213e+01
-1.611220416217844331e+01
-1.180069643400121322e+02
-9.143346393375647096e+01
-1.032647900047418119e+02
-7.918038972231826733e+01
-6.543938619826590752e+00
-1.625162066496087618e+02
-1.544643570751530319e+02
-1.052722784242936171e+02
-7.029738192087495463e+01
-8.148299178145089172e+01
-9.498776849026822333e+01
-9.850999444050140141e+01
-8.712570585098389131e+01
-8.330908712854255782e+01
-1.252206111898630496e+02
-9.430625512870216198e+01
-2.279169073597084605e+01
-8.985267490113596978e+01
-8.163516590165932030e+01
-4.833503656625603639e+01
-8.955313023393655669e+01
-7.104438760062201652e+01
-7.197689427645124738e+01
-7.088135182692741409e+01
-8.872015460834636258e+01
-7.377934169573491374e+01
-2.680325062789792412e+01
-1.577144057361587102e+02
-3.069214202026249794e+01
-1.517632976020986746e+01
-1.921860583454785143e+01
-1.974293208119827980e+01
-4.213522562691555606e+01
-1.235406840091849574e+02
-1.133453178265111916e+02
-9.373216577814179118e+01
-5.646503805838644041e+01
-3.449941028659847575e+01
-1.664933476136328352e+02
-8.854414322940324666e+01
-7.169135891532985738e+01
-9.696876553241403940e+01
-5.527940932335846469e+01
-7.648352322765143185e+01
-7.826629591435423094e+01
-1.290432845010498397e+02
-2.687585873894136412e+01
-1.773869652347629255e+02
-3.071401128422002103e+01
-8.592178888867175601e+01
-1.822426216516511204e+02
-6.833499962891616519e+01
-9.091479596969890054e+01
-3.069214202026249794e+01
-6.902367234766886384e+01
-5.796975755028135779e+01
-7.830083478197437330e+01
-1.350502609033819965e+02
-8.180945338237530962e+01
-2.508684728453542334e+01
-1.422687170748009180e+02
-8.139073199218246657e+01
-2.687585873894136412e+01
-1.292527719771177033e+02
-7.137363999553771521e+01
-1.076228967268883849e+02
-2.687585873894136412e+01
-6.631457628721811659e+01
-1.259534831794619834e+02
-6.882770803737767551e+01
-9.496484795968632397e+01
-9.303498045913653414e+01
-1.130041849569359016e+02
-7.662853918952991705e+01
-7.745147690861659839e+01
-1.057067587744105879e+02
-8.585632957409364963e+01
-4.049995152401112364e+01
-8.893377222726005016e+01
-4.789534807237220804e+01
-1.233384372263448796e+02
-9.028213195615207098e+01
-1.220189387052005685e+02
-9.364262444214364223e+01
-1.062836781675332958e+02
-6.145281163967614191e+01
-9.380274896893233461e+01
-2.051177482826619780e+01
-7.220025813947356141e+01
-4.624863376247331814e+01
-1.115439368692564415e+02
-1.161794999035106883e+02
-9.171357356975317998e+01
-8.139073199218246657e+01
-1.180857126490046056e+02
-1.131219680326034620e+02
-3.566619964711497914e+01
-7.206163016347647954e+01
-1.243570609615064058e+02
-1.982064829502859027e+01
-1.148648313336832416e+02
-3.452127955055599529e+01
-1.026529944777595915e+02
-8.853027175808966831e+01
-9.356576490483763564e+01
-1.974293208119827980e+01
-9.171357356975317998e+01
-1.135086573447635914e+02
-4.327370980214625718e+01
-1.524475559564444040e+02
-2.023323936622082542e+01
-1.190625005317374132e+02
-8.286400141405283648e+01
-2.179399327649857199e+01
-9.410060266917406580e+01
-1.535867781397855936e+02
-5.388547974709248933e+01
-1.889548958860411432e+01
-1.028001734449692037e+02
-1.068160675884824826e+02
-6.705611068148533604e+01
-6.076627625699213553e+01
-1.644019750158536652e+01
-3.335555627057247818e+01
-7.114814103488765795e+01
-7.879189552806963093e+01
-1.253023560231840463e+02
-1.226625657394590689e+02
-1.055848056595415159e+02
-6.956596732906182012e+01
-1.566181435624000926e+02
-2.901608805130266333e+01
-1.168013840123192182e+02
-1.239150964148350056e+02
-1.200624781733027930e+02
-9.430531290413888712e+01
-1.590047938967377092e+02
-4.624863376247331814e+01
-7.048739051199677874e+01
-2.687585873894136412e+01
-9.388051874414672682e+01
-7.697068950791421571e+01
-5.671828896314345059e+01
-7.504815241938287329e+01
-1.171473733213499315e+02
-9.190003482869101958e+01
-1.461220416217844331e+01
-8.257890291242284775e+01
-7.217053679815595046e+01
-5.672506121150186686e+01
-1.062648393486182101e+02
-8.143381603729348228e+01
-9.158138941822409151e+01
-5.008368560235416567e+01
-1.167279438766285011e+02
-9.454953694257437746e+01
-3.106696277467400336e+01
-5.527940932335846469e+01
-1.250686550358687725e+02
-1.982064829502859027e+01
-1.517632976020986746e+01
-9.396726896900217696e+01
-6.678892962102615627e+01
-1.405569848606524772e+02
-1.982064829502859027e+01
-3.719407924927008224e+00
-2.223584537720603294e+01
-7.007104453013147349e+01
-9.370149223628587265e+01
-4.059247703128026785e+01
-8.826523610313716972e+01
-1.461220416217844331e+01
-9.191555508912051664e+01
-6.840913386076994129e+01
-9.040753628931835806e+01
-1.556695854689662610e+02
-9.933777016771283286e+01
-2.003078397910528352e+01
-7.487163274207809138e+01
-8.579196146421026015e+01
-5.527940932335846469e+01
-4.631991486278408843e+01
-1.061395648314587703e+02
-1.102368851014356466e+02
-2.846273552627478054e+01
-8.522473544688841685e+01
-2.846273552627478054e+01
-7.313801116924776125e+01
-1.207047566351376986e+02
-1.066213547079908324e+02
-1.296212087245830560e+02
-1.152711018857521310e+02
-1.824292080506105549e+02
-8.750112774959777084e+01
-7.095593689179005992e+01
-1.517632976020986746e+01
-3.742453474206608632e+01
-2.610442296066257484e+01
-8.675357736503357842e+01
-3.016360184762604746e+01
-4.076305804369934549e+01
-1.207047566351376986e+02
-2.926270923506331201e+01
-1.569182299416917203e+02
-7.035260517203936104e+01
-1.639951741495729323e+02
-8.718042256643316534e+01
-1.517632976020986746e+01
-1.817219888207018244e+02
-7.159155524016097161e+01
-1.093853497338657661e+02
-4.470229048293245455e+01
-2.508684728453542334e+01
-9.410060266917406580e+01
-7.204499038092640717e+01
-6.799534361327464183e+01
-8.748398149339882934e+01
-2.544135133695386131e+01
-1.157841165946782525e+02
-5.087466918703624685e+01
-8.953150918194438646e+01
-1.204280113366698970e+02
-1.045405333295403949e+02
-6.543938619826590752e+00
-1.107224143027521279e+02
-9.318630556194270298e+01
-2.837770502852960419e+01
-6.868264957619200572e+01
-6.882770803737767551e+01
-8.139073199218246657e+01
-2.487124760753903630e+01
-8.179671303206744426e+01
-1.262248055200524988e+02
-8.158675352242096324e+01
-6.956596732906182012e+01
-7.177793219830326166e+01
-8.640480303566110365e+01
-9.319570845544126314e+01
-7.593120623681281245e+01
-7.296231109337493592e+01
-2.326047072974127516e+01
-1.275650155436304374e+02
-9.848308576124648539e+01
-1.535682767444613432e+02
-6.842337432955247323e+01
-1.138238825805907766e+02
-1.517632976020986746e+01
-1.453052814302937747e+02
-1.006009114479171558e+02
-7.463971682056163104e+01
-4.789534807237220804e+01
-1.754809009092425072e+02
-1.233384372263448796e+02
-8.615789514901744894e+01
-4.552966093945531156e+01
-1.565818280956334547e+02
-5.392402346988771455e+01
-1.651480414730872326e+02
-1.982064829502859027e+01
-7.197689427645124738e+01
-9.058208977387913308e+01
-3.010768727195105399e+01
-3.824688711525545415e+01
-6.543938619826590752e+00
-8.973981458928307120e+01
-4.994892726828468454e+01
-8.462771219139658285e+01
-8.981848811905322805e+01
-1.303322071144625909e+02
-1.084949142456601692e+02
-6.656030428384630682e+01
-4.059247703128026785e+01
-9.133653594604234627e+01
-1.192935593020258267e+02
-1.694554679487070814e+02
-3.525750160243384812e+01
-8.240852495978506909e+01
-3.069214202026249794e+01
-5.670370945383836414e+01
-1.061784484014292218e+02
-1.199183825624141662e+02
-6.594983890466411935e+01
-4.101656826092524000e+01
-7.035260517203936104e+01
-9.148923596639224343e+01
-8.376823530556941932e+01
-9.003329265239213441e+01
-4.833503656625603639e+01
-1.172482080593189551e+02
-1.285893301969228730e+02
-2.508684728453542334e+01
-9.169128365883797471e+01
-1.181234600204588219e+02
-7.276867114106717338e+01
-1.982064829502859027e+01
-1.178916617780960507e+02
-9.266772826782744232e+01
-1.517632976020986746e+01
-1.189376093881416239e+02
-8.131421975499219457e+01
-6.628664879426796119e+01
-6.843241349658370609e+01
-8.682956641419195876e+01
-7.359395141479159008e+01
-9.824643007175683351e+01
-7.639557125074054511e+01
-4.060005318279202413e+01
-1.054469789015174825e+02
-2.687585873894136412e+01
-6.882770803737767551e+01
-5.527940932335846469e+01
-9.410060266917406580e+01
-2.307571628601401059e+01
-1.025613569884933156e+02
-9.073350544879762936e+01
-3.236248160828036902e+01
-1.066195928384191802e+02
-2.023323936622082542e+01
-7.648352322765143185e+01
-1.486566453951822950e+02
-1.782700359950696338e+02
-1.974293208119827980e+01
-1.228612679084645833e+02
-4.059247703128026785e+01
-1.212666815598187071e+02
-8.139073199218246657e+01
-9.721704988081074816e+01
-1.129063710613105371e+02
-7.611959420682310906e+00
-9.519083578340790552e+01
-3.236248160828036902e+01
-7.111357326116537081e+01
-4.260758265966112646e+01
-8.823524191157937935e+01
-7.296231109337493592e+01
-8.764470945961542725e+01
-9.440401572713007283e+01
-1.569182299416917203e+02
-4.060005318279202413e+01
-9.177528001084360199e+01
-8.132286832645829122e+01
-5.448156150243249840e+01
-8.564343513286353016e+01
-4.755673433864366473e+01
-2.341652221300307346e+01
-8.330153007171352897e+01
-2.433024639678953349e+01
-7.060018128551789118e+01
-1.167817044468121281e+02
-7.187984514867471830e+01
-1.104802111473858730e+02
-8.224661149893422873e+01
-1.231991817498793580e+02
-2.510038247527934985e+01
-1.188456634093631408e+02
-1.595224896532729417e+02
-8.756355882010247171e+01
-1.285893301969228730e+02
-5.446233796292568741e+01
-4.060005318279202413e+01
-8.373510079036248044e+01
-1.058070616056564290e+02
-9.051101312650334307e+01
-9.046100836314238336e+01
-5.644817360406804596e+01
-7.359395141479159008e+01
-3.183025144370999371e+01
-7.455965978041905373e+01
-8.935917657545145687e+01
-1.001384044431209759e+02
-9.500829949165586186e+01
-8.946066525265926828e+01
-9.371390578843126207e+01
-6.670483733225096046e+01
-3.269929168860458191e+01
-5.405848397119961390e+01
-9.266772826782744232e+01
-1.236490899973610453e+02
-3.977853061628761111e+01
-5.538045507676510226e+01
-2.279169073597084605e+01
-6.860136839323340041e+01
-6.933310616381476166e+01
-7.648352322765143185e+01
-8.658683264520895762e+01
-7.790357077164335919e+01
-8.197540071359331648e+01
-8.713608907394845460e+01
-9.123648664949263321e+01
-9.248263959229738873e+01
-9.266772826782744232e+01
-6.543938619826590752e+00
-7.359395141479159008e+01
-1.202802753253977528e+02
-3.236248160828036902e+01
-7.164567065172664684e+01
-7.035260517203936104e+01
-1.717790947028923370e+02
-9.021301741387804896e+01
-1.974293208119827980e+01
-1.292835670032204973e+02
-1.646184044542079619e+02
-2.588999620762395537e+01
-3.109528953301375509e+01
-2.225246726239989314e+01
-7.501519744970070747e+01
-1.589129283261542867e+02
-3.228048683098652560e+01
-4.213522562691555606e+01
-7.879189552806963093e+01
-1.198607853193478832e+02
-3.012231801667764941e+01
-1.033167912175618994e+02
-4.767023037873403268e+01
-9.848308576124648539e+01
-1.136234927061235283e+02
-5.527940932335846469e+01
-4.213522562691555606e+01
-7.114814103488765795e+01
-7.035260517203936104e+01
-5.245204340728352577e+01
-2.074109112180694225e+01
-6.853223601483304606e+01
-4.699999964124323526e+01
-1.233384372263448796e+02
-1.259356920447685724e+02
-1.333536502128745553e+02
-1.064734702907406358e+02
-4.351752128160605082e+01
-7.460683064003643494e+01
-1.073936697718148423e+02
-8.128293215368429969e+01
-1.614767579117209380e+02
-1.326767647188524393e+02
-1.193494827300673506e+02
-9.291038091980695413e+01
-7.035260517203936104e+01
-1.108124706325681359e+02
-7.114814103488765795e+01
-7.648352322765143185e+01
-9.176828122303646751e+01
-2.293836886805022957e+01
-2.023323936622082542e+01
-9.544892109595014063e+01
-3.449941028659847575e+01
-4.756815370132662224e+01
-5.527940932335846469e+01
-5.527940932335846469e+01
-3.719407924927008224e+00
-1.440083424246257096e+02
-1.054314863503002186e+02
-4.730110671700055036e+01
-5.799818508979826959e+01
-7.081913580716509671e+01
-1.974293208119827980e+01
-7.114814103488765795e+01
-4.025007095751084307e+01
-1.710471783916908066e+02
-5.527940932335846469e+01
-8.567649473321063169e+01
-1.306806666615822223e+02
-5.299012412574349185e+01
-1.517632976020986746e+01
-1.111735881581077194e+02
-7.740363845767757311e+01
-1.050618896028163931e+02
-6.248948869822579866e+01
-9.170149620349880593e+01
-7.209069561293756578e+01
-8.737720016369004838e+01
-7.313801116924776125e+01
-9.506158364807509997e+01
-1.203946786807774600e+02
-5.465149177329871577e+01
-1.559590769085749571e+02
-1.165854077430386582e+02
-1.118702786517896755e+02
-6.526113848038639276e+01
-1.238408393800869760e+02
-2.065785291502512422e+01
-1.760916100618083249e+02
-3.913070454233682227e+01
-8.162490648913055225e+01
-6.849123799527660594e+01
-1.620312412616248139e+02
-4.789608980105485614e+01
-2.279169073597084605e+01
-2.503922401862107350e+01
-6.959777992374284850e+01
-5.799818508979826959e+01
-8.697152935240117699e+01
-8.756355882010247171e+01
-4.826534340795717526e+01
-2.869826204016215954e+01
-7.392315815820018088e+01
-1.238470053828185939e+02
-1.047575336090635574e+02
-5.587365173380793237e+01
-2.610442296066257484e+01
-1.368645095246057508e+02
-4.792476671456182657e+01
-3.104370061186460461e+01
-1.569182299416917203e+02
-1.246311965878032169e+02
-1.297377369471705038e+02
-2.472821618873319238e+01
-1.161882736335352178e+02
-6.981640147195719237e+01
-1.330251171617275077e+02
-1.193456007643090402e+02
-1.292738302587443684e+02
-5.755634557065604895e+01
-8.853524937339162193e+01
-7.359395141479159008e+01
-1.216128188766249565e+02
-1.106554450645084131e+02
-7.542310130090748999e+01
-1.309375284151055610e+02
-7.822466951074756025e+01
-2.445683197436148149e+01
-3.069214202026249794e+01
-5.527940932335846469e+01
-8.932310229025375747e+01
-8.636263003009511863e+01
-7.007104453013147349e+01
-2.687585873894136412e+01
-5.527940932335846469e+01
-9.290780194222881505e+01
-1.734953155600653645e+02
-7.007104453013147349e+01
-8.236925608487209161e+01
-1.517632976020986746e+01
-2.588999620762395537e+01
-3.449941028659847575e+01
-9.153036314309215982e+01
-9.296615063453012340e+01
-2.680325062789792412e+01
-2.560101428296403370e+01
-9.123648664949263321e+01
-1.006364559921354669e+02
-1.236681377824311880e+02
-1.552087491910255608e+02
-4.031170695174654384e+01
-4.631991486278408843e+01
-6.882770803737767551e+01
-6.653795868346198006e+01
-7.475036209818293287e+01
-1.116340223988224238e+02
-1.017037528018816062e+02
-4.213522562691555606e+01
-8.629056722170085436e+01
-7.879189552806963093e+01
-1.503679051441255581e+02
-6.459864451284332176e+01
-9.858756689338940760e+01
-1.528167855735551086e+02
-1.268791447197888544e+02
-6.660053878477592093e+01
-6.819813287766508836e+01
-6.550004092374135212e+01
-8.420419159776385243e+01
-1.217744495795213879e+02
-1.974293208119827980e+01
-2.223584537720603294e+01
-5.720418659156382546e+01
-8.881997899338969660e+01
-8.461162202342325145e+01
-2.121333489063320954e+01
-7.337123953014582867e+01
-4.060005318279202413e+01
-2.244690615367779074e+01
-4.059247703128026785e+01
-6.638844429285424553e+01
-1.111245269422644668e+02
-1.150661713391461092e+02
-9.370149223628587265e+01
-2.223584537720603294e+01
-1.007602445925953418e+02
-1.265044044735449660e+02
-5.527940932335846469e+01
-6.543938619826590752e+00
-6.543938619826590752e+00
-5.799818508979826959e+01
-5.538417133872001585e+01
-6.679312985961161075e+01
-6.054103474230963400e+01
-1.982064829502859027e+01
-9.057912153510935127e+01
-2.223584537720603294e+01
-9.848308576124648539e+01
-6.200498143102871040e+01
-1.091001061535646670e+02
-1.198607853193478832e+02
-2.657577235964966533e+01
-9.086520252693590294e+01
-6.096281428680566705e+01
-5.799818508979826959e+01
-7.359395141479159008e+01
-4.213522562691555606e+01
-1.121642264730169245e+02
-2.357254780156943497e+01
-2.279169073597084605e+01
-6.848040278246531898e+01
-1.506576315702596958e+01
-2.223584537720603294e+01
-1.201718403607396795e+02
-1.221301171860647514e+02
-6.788906312973108470e+01
-6.819813287766508836e+01
-7.487635133231809448e+01
-9.912942342261823114e+01
-1.329323923404956247e+02
-3.449941028659847575e+01
-5.339847249859050038e+01
-6.689291647796774498e+01
-7.353146016966459797e+01
-1.254440323375978892e+02
-8.882139088096923274e+01
-4.789534807237220804e+01
-7.035260517203936104e+01
-7.648352322765143185e+01
-2.023323936622082542e+01
-5.147040445457771796e+01
-4.060005318279202413e+01
-9.210050225050531481e+01
-6.090480127630532792e+01
-1.012976220088891210e+02
-7.659264378714291865e+01
-1.517632976020986746e+01
-3.719407924927008224e+00
-5.790671008240801143e+01
-1.094275959731335490e+02
-8.028033655005921787e+01
-2.680325062789792412e+01
-8.444596669260030808e+01
-6.878332444096056975e+01
-4.217797997294356094e+01
-1.486630643512706342e+02
-1.313583675147681333e+02
-1.004928065544819162e+02
-2.255236179026601562e+01
-4.709956462366446317e+01
-3.069214202026249794e+01
-7.191206107376947898e+01
-5.527940932335846469e+01
-2.279169073597084605e+01
-9.506158364807509997e+01
-1.037207202505873056e+02
-8.682956641419195876e+01
-2.221097559937041410e+01
-3.236248160828036902e+01
-1.325308352249731456e+02
-6.638844429285424553e+01
-4.789534807237220804e+01
-1.125034707043027424e+02
-7.114814103488765795e+01
-1.285958943569161477e+02
-6.989244196173243040e+01
-1.169161269215938574e+02
-6.773977784055801976e+01
-3.449941028659847575e+01
-1.052837503390279892e+02
-1.974293208119827980e+01
-1.216731321771218717e+02
-7.763413705878352289e+01
-7.879189552806963093e+01
-1.055578227799802278e+02
-2.279169073597084605e+01
-1.271174894503578230e+02
-1.468994569669367820e+02
-9.242790305686800423e+01
-9.677341884628191337e+01
-1.194879316144374286e+02
-9.848308576124648539e+01
-4.596343006374425499e+01
-9.271291843446016401e+01
-9.124487701744509138e+01
-9.331206675688460450e+01
-1.123774734673019537e+02
-8.907492042641045771e+01
-8.030439314257947103e+01
-1.184879959429184737e+02
-1.522024386353115801e+02
-1.141623306205905948e+02
-7.114814103488765795e+01
-1.054598253733913111e+02
-1.530373278541938475e+02
-7.976122371777771036e+01
-7.174497449743395805e+01
-1.507940396072031319e+02
-1.204280113366698970e+02
-1.010240850418651206e+02
-1.029306817456239713e+02
-6.994570242541126959e+01
-9.127494437458497600e+01
-4.060005318279202413e+01
-5.621442098890669570e+01
-2.379469983334216820e+01
-3.449941028659847575e+01
-3.139588569738264567e+01
-1.428769092965708580e+02
-9.193084308619485512e+01
-1.198997342983449101e+02
-3.228048683098652560e+01
-7.313801116924776125e+01
-8.823524191157937935e+01
-1.007602445925953418e+02
-5.465149177329871577e+01
-8.576150873779283756e+01
-1.637014684528643613e+02
-8.757609643525130139e+01
-7.291965593027381942e+01
-2.019240419829381494e+01
-9.483730609665458644e+01
-8.504101733437499888e+01
-9.317327236109451860e+01
-2.023323936622082542e+01
-1.051303873139740546e+02
-1.337643994738665185e+02
-1.974293208119827980e+01
-4.407819026740341428e+01
-6.346254231267068491e+01
-9.348373762374025375e+01
-1.182391749796619251e+02
-8.766157354756285258e+01
-2.158344654658293393e+01
-1.167111867857436636e+02
-5.527940932335846469e+01
-9.055789112226881343e+01
-3.236248160828036902e+01
-9.839128621320540447e+01
-7.907521505361020786e+01
-1.121972891667473391e+02
-4.031930074039752299e+01
-9.287675934376900955e+01
-1.295801983433734677e+02
-1.178188340843534974e+02
-3.086419006823254563e+01
-1.210229202877728056e+02
-6.993531719868330754e+01
-3.449941028659847575e+01
-8.780121412888972543e+01
-1.264342142159759987e+02
-1.064127169074333636e+02
-1.562868895079592448e+02
-2.461999849033414378e+01
-5.530089226842934380e+01
-1.712452784577106613e+01
-1.142672967858640902e+02
-1.326328295247337223e+02
-1.283961864290859580e+02
-7.648352322765143185e+01
-6.882516357913549143e+01
-1.122108657918674055e+02
-9.162172792745094796e+01
-4.709956462366446317e+01
-1.120284775309079635e+02
-4.833503656625603639e+01
-1.943068197457951030e+01
-7.021647544083288039e+01
-1.350076139026601822e+02
-1.304156074914872647e+02
-1.453018705937482764e+02
-9.296615063453012340e+01
-4.678495263024862538e+01
-1.602073113251672112e+02
-3.449941028659847575e+01
-7.267938351953513632e+01
-1.199365814381695543e+02
-6.543938619826590752e+00
-1.043606445748477825e+02
-2.830401081110009898e+01
-9.161876683242877561e+01
-4.720674327333071574e+01
-4.118008120279453976e+01
-2.521465789721667150e+01
-4.626583979796744472e+01
-2.949152846079242352e+01
-7.083836175461593143e+01
-8.369853451149948853e+01
-7.035260517203936104e+01
-1.539694225617399752e+02
-7.183045466752642483e+01
-1.176407445929791038e+02
-9.410060266917406580e+01
-7.196203718433582708e+01
-7.364772551013530233e+01
-3.892298723378167580e+01
-1.461220416217844331e+01
-1.583925379635429920e+01
-7.993805667357896994e+01
-1.600368282504921922e+02
-7.375523610932674501e+01
-1.552001943988946380e+02
-2.003078397910528352e+01
-5.328586542001360726e+01
-6.764664313344928814e+01
-5.799818508979826959e+01
-1.216100941911516884e+02
-9.672914329234619402e+01
-1.312658866691729429e+02
-1.503159055896849168e+02
-2.364089235889444396e+01
-1.158801333995557741e+02
-2.508684728453542334e+01
-1.047750614430534029e+02
-1.210229202877728056e+02
-7.064679415480219404e+01
-4.137500578568386089e+01
-2.687585873894136412e+01
-7.060018128551789118e+01
-1.738067366592508733e+02
-1.050950845042420667e+02
-1.036107274514484686e+02
-6.220574887689649302e+01
-8.889353701352078474e+01
-1.174833529389161697e+02
-1.028001734449692037e+02
-9.274606670950258547e+01
-1.271786571308251297e+02
-1.329323923404956247e+02
-1.227517157946764286e+02
-6.878063975378747585e+00
-4.631991486278408843e+01
-9.011708669153753704e+01
-2.781135025147600004e+01
-7.879189552806963093e+01
-9.723852560122071509e+01
-1.247441659368812878e+02
-1.517632976020986746e+01
-1.204280113366698970e+02
-1.176129721342265952e+02
-7.406857942788015237e+00
-1.294110944740645550e+02
-8.058007189031354756e+01
-7.114814103488765795e+01
-1.024406163308133841e+02
-1.262971196929925526e+02
-7.007104453013147349e+01
-1.453507774688391123e+02
-5.352169394489997956e+01
-7.196203718433582708e+01
-1.461220416217844331e+01
-1.461220416217844331e+01
-4.745189894721153223e+01
-7.648352322765143185e+01
-9.138597529771331551e+01
-3.449941028659847575e+01
-1.406534295081143000e+02
-1.281451443583868581e+02
-2.792945280909303207e+01
-6.962412679802253024e+01
-9.098821707241246770e+01
-8.186078305232820185e+01
-9.853967155117959464e+01
-8.628098318861421490e+01
-8.684189875109542811e+01
-5.465149177329871577e+01
-8.200119742931646272e+01
-4.970217216161675822e+01
-1.305966957553050349e+02
-1.588988807974618211e+01
-4.245194427877795817e+01
-9.305349785555715414e+01
-1.461220416217844331e+01
-1.290327444021962151e+02
-3.317176782667381474e+01
-1.000774623438313569e+02
-5.408410665732695577e+01
-5.622252248108343053e+01
-5.562288385822567705e+01
-1.221283667827844113e+02
-2.362369786934173632e+01
-3.308655568181526974e+01
-6.722045142622512515e+01
-6.807413261865367815e+01
-5.522314378855961081e+01
-1.019169948594385318e+02
-1.256236683059243262e+02
-6.919619198432451412e+01
-5.527940932335846469e+01
-2.593729869588973713e+01
-8.947083830152604378e+01
-6.727269244955293459e+01
-5.799818508979826959e+01
-7.383360346176787914e+01
-8.325491600837150941e+01
-7.944039003285863032e+01
-8.196245489687859731e+01
-2.223584537720603294e+01
-5.799818508979826959e+01
-1.285297901975136767e+02
-4.673645250335373191e+01
-5.786195248385840273e+01
-8.718363453021135001e+01
-1.039493224100459798e+02
-1.284291629356361852e+02
-1.517632976020986746e+01
-8.358125602801074194e+01
-5.474139996935549135e+01
-6.882770803737767551e+01
-6.956596732906182012e+01
-9.230696651622926652e+01
-7.761083062414157041e+01
-2.223584537720603294e+01
-7.879189552806963093e+01
-4.709956462366446317e+01
-1.280772523646629679e+02
-1.461220416217844331e+01
-9.623498281082004269e+01
-2.445534070430066720e+01
-6.797562193622471227e+01
-7.016783089696096454e+01
-7.147321683853999730e+01
-3.982278801802557666e+01
-1.203881063536825877e+02
-8.251857095663859809e+01
-9.506158364807509997e+01
-2.279169073597084605e+01
-1.130412405496539918e+02
-4.789534807237220804e+01
-7.648352322765143185e+01
-9.955180011381924032e+01
-9.903236757574831017e+01
-4.709956462366446317e+01
-7.158140671402283317e+01
-2.075581168498687390e+01
-1.168854813706205675e+02
-6.940448545376702327e+01
-1.039493224100459798e+02
-1.197644652702586257e+02
-8.735204614147244229e+01
-5.606840755195182879e+01
-1.049698422480615534e+02
-5.288354666107666446e+01
-3.278038284665761637e+01
-1.119052771227154039e+02
-7.035260517203936104e+01
-6.699631291871897076e+01
-4.226048467636604045e+01
-6.543938619826590752e+00
-9.274606670950258547e+01
-1.546027130031191348e+02
-1.000848915116805244e+02
-9.747379579033460573e+01
-1.245077213270574816e+02
-8.548569719031742409e+01
-4.758960194060671256e+01
-6.865593472061642899e+01
-1.537689360103296963e+02
-8.876755925300656713e+01
-1.080288914493837495e+02
-6.017397175965366785e+01
-5.762653500179561661e+01
-1.125737760549854869e+02
-9.052951463435033475e+01
-2.504430838084992672e+01
-8.371515590499745940e+01
-1.141601381516749569e+02
-2.621719118246840807e+01
-1.008033286377062723e+02
-2.485206333960990221e+01
-6.952787510532982651e+01
-8.780121412888972543e+01
-1.227517157946764286e+02
-2.791541788300253302e+01
-2.023323936622082542e+01
-2.223584537720603294e+01
-9.212976903532734241e+01
-1.533404232750987433e+02
-3.069214202026249794e+01
-9.370149223628587265e+01
-1.210229202877728056e+02
-1.054314863503002186e+02
-1.368762449523619011e+02
-6.934101058178015364e+01
-1.524899948809367061e+02
-8.660659295091083720e+01
-4.631991486278408843e+01
-9.200548199319382547e+01
-2.388083443840867659e+01
-7.828084377992864518e+01
-5.527940932335846469e+01
-2.023323936622082542e+01
-5.651864238110796634e+01
-1.141092893286799352e+02
-2.248503602821881842e+01
-3.449941028659847575e+01
-6.898360777833719482e+00
-7.308166743947631971e+01
-2.223584537720603294e+01
-4.709956462366446317e+01
-1.645858989644369501e+02
-7.790796494767980107e+01
-7.499138426648856637e+01
-4.631991486278408843e+01
-3.449941028659847575e+01
-9.641335482602458740e+01
-3.069214202026249794e+01
-2.060826336123724900e+01
-1.517632976020986746e+01
-4.369064519885559150e+01
-1.183156218333803622e+02
-1.550444767898141833e+02
-3.195577988207415743e+01
-6.543938619826590752e+00
-8.604452462734047913e+01
-1.079694246823557933e+02
-8.344936044966922850e+01
-7.170715355269989288e+01
-9.495616220890202896e+01
-2.588999620762395537e+01
-1.102839838711161349e+02
-2.269126921074518677e+01
-1.230225714601771756e+02
-5.573002816691551686e+01
-1.224232606582293812e+02
-4.732569877013089865e+01
-2.485154275044343564e+01
-1.466252940331098102e+02
-9.390208571923083980e+01
-2.025340041737619501e+01
-1.501772697290332417e+02
-1.271077226970702725e+02
-9.244214058984212556e+01
-6.842540483172712129e+01
-4.029014642971436899e+01
-1.110298008879391176e+02
-2.941983925724478510e+01
-1.292936620099105767e+02
-7.344064611752440896e+01
-6.961554764677430285e+01
-1.723112734512406163e+01
-1.085897128377427805e+02
-2.485206333960990221e+01
-1.236818305513659624e+02
-7.295313856049806134e+01
-4.487252249816228300e+01
-5.154600994231184075e+01
-8.671931700548451261e+01
-3.160452831470895774e+01
-1.152148394933425806e+02
-7.313801116924776125e+01
-4.709956462366446317e+01
-7.681879081873526616e+01
-9.315165819760620991e+01
-1.177768997461118659e+02
-8.837145661179513922e+01
-1.177160423457438014e+02
-3.195577988207415743e+01
-9.251007927685891730e+01
-8.226265116145916068e+01
-9.283784596185617488e+01
-1.982064829502859027e+01
-8.759998944724313219e+01
-7.114814103488765795e+01
-3.409879968860167310e+01
-1.057138595893782878e+02
-2.176959203929119724e+01
-8.166641073991686994e+01
-1.395647850700396475e+02
-9.844472765402312575e+01
-2.598172806139358926e+01
-9.730202085731846751e+01
-1.547943618463316966e+02
-3.719407924927008224e+00
-9.674294488808119752e+01
-1.517632976020986746e+01
-1.133403537289726444e+02
-1.156518104281545902e+02
-1.443248921258130508e+02
-2.553617653291183842e+01
-3.078961734432236241e+01
-8.830192540587364647e+01
-1.032101209464961187e+02
-1.059322814062235949e+02
-7.521022694946108800e+01
-7.186204317332389735e+01
-1.199186400646581632e+02
-9.857879049718263786e+01
-1.020164373579430332e+02
-4.929250233309096529e+01
-4.789534807237220804e+01
-1.820484454596671071e+02
-8.608110391485578816e+01
-1.576340672816888855e+02
-9.787578187526797535e+01
-7.590622193964610176e+01
-5.202586975919598444e+01
-7.907521505361020786e+01
-2.025340041737619501e+01
-1.524796970949667809e+02
-6.614231941332448628e+01
-2.757129593797199263e+01
-3.032280199208188876e+01
-9.876934801004580322e+01
-5.943080198788810975e+01
-9.348957851603300639e+01
-3.228048683098652560e+01
-9.635718228268940777e+01
-4.060005318279202413e+01
-3.069214202026249794e+01
-9.123648664949263321e+01
-1.299909075642402456e+02
-1.177518542858516355e+02
-1.120379005115171935e+02
-2.471043422084970587e+01
-9.957917968866711078e+01
-1.181032762724820202e+02
-1.154168671156045605e+02
-6.543938619826590752e+00
-8.602079868031719911e+01
-7.092855782909921913e+01
-7.364120586121732970e+01
-1.099434620383359942e+02
-6.844893614029501805e+01
-4.150344819185529843e+01
-4.297692268784169300e+01
-7.678112647290171822e+01
-1.020068350670853334e+02
-9.911590434221021439e+01
-7.025655186141455033e+01
-7.687213896141538783e+01
-7.204499038092640717e+01
-8.912423560175844273e+01
-8.134326933025936057e+01
-4.060005318279202413e+01
-7.416800628907922999e+01
-7.296231109337493592e+01
-1.119182306696811509e+02
-2.507683956592030938e+01
-1.974293208119827980e+01
-3.069214202026249794e+01
-8.607622964228124829e+01
-8.058007189031354756e+01
-1.558070664689548437e+02
-6.155590971724843286e+01
-2.925877179732405153e+01
-6.638844429285424553e+01
-8.876943064845929143e+01
-8.431505887660601672e+01
-9.123648664949263321e+01
-3.286780887600129120e+01
-1.974293208119827980e+01
-2.023323936622082542e+01
-6.234424110734290281e+01
-4.220923015732373074e+01
-3.163107293316211965e+01
-1.210229202877728056e+02
-1.613817697827580560e+02
-1.067434803339117479e+02
-3.942899021046923025e+01
-1.611220416217844331e+01
-6.128157163108655681e+01
-4.712102260226578920e+01
-8.948941610722175710e+01
-1.060579104450094405e+02
-1.223413378335676640e+02
-1.202376105368097114e+02
-8.308875499394565622e+01
-1.224695555302776881e+02
-6.287988535385983369e+01
-8.840191558703665464e+01
-8.798433135664818394e+01
-4.789534807237220804e+01
-7.104477906374427221e+01
-8.565260537459363377e+01
-6.094746375230583624e+01
-5.705645058029140415e+01
-6.939364342566300081e+01
-2.023323936622082542e+01
-1.986077766644017117e+01
-1.113990268461742517e+02
-2.687585873894136412e+01
-8.486429720675846511e+01
-1.611220416217844331e+01
-1.016446361666404385e+02
-6.902591694830270797e+01
-6.492452443228927450e+01
-4.449506441900303599e+01
-8.564849309320564430e+01
-6.049167508243886715e+01
-6.110676074311909645e+01
-8.251213113665995991e+01
-1.321821763922665980e+02
-1.023018154957553065e+02
-2.023323936622082542e+01
-2.083013686625590921e+01
-1.427912011609882370e+02
-8.837944447166277939e+01
-3.983671597708202228e+01
-6.599157795076770583e+01
-1.170848523635166032e+02
-1.517632976020986746e+01
-9.567655460188727545e+01
-4.631991486278408843e+01
-1.517632976020986746e+01
-8.355177939678952725e+01
-9.025359419117410198e+01
-1.814930428400928690e+02
-1.640375366821182297e+02
-7.989616818915696683e+01
-4.789534807237220804e+01
-4.789534807237220804e+01
-3.347125930514916803e+01
-1.025193533212204500e+02
-4.213522562691555606e+01
-4.631991486278408843e+01
-6.638835409049167424e+01
-6.753630170888544626e+01
-6.155017395072904662e+01
-1.134909492801468502e+02
-1.146712029270515814e+02
-8.182470264519010072e+01
-1.236931972310811858e+02
-7.629178079697865655e+01
-5.799818508979826959e+01
-9.848308576124648539e+01
-7.114814103488765795e+01
-1.227095873246484672e+02
-7.879189552806963093e+01
-1.395516206176918956e+02
-2.223584537720603294e+01
-1.197637636004167376e+02
-1.474500745972468962e+02
-8.948095016068830887e+01
-5.799818508979826959e+01
-3.719407924927008224e+00
-8.627073834677852915e+01
-8.281383674195929245e+01
-2.344785770633747291e+01
-5.022822288318939599e+01
-3.043182451271925615e+01
-5.062403286898395294e+01
-9.871567491709031117e+01
-9.031231911503962806e+01
-8.482957038140487782e+01
-4.709956462366446317e+01
-7.359395141479159008e+01
-1.162483454842139849e+02
-8.876539673068015190e+01
-8.107066745217755965e+01
-8.377503846231664397e+01
-4.295451492894511603e+01
-2.273641051758054132e+01
-2.426186976728902778e+01
-3.287456058938684578e+01
-7.316825712825618666e+01
-3.195577988207415743e+01
-1.517632976020986746e+01
-8.429168952714692864e+01
-8.310442430307044503e+01
-5.305152872532904951e+01
-8.387152260484401722e+01
-1.071249857207538270e+02
-5.849423054716930892e+01
-6.339798742547313992e+01
-9.377801405501689658e+01
-4.421935064393712622e+01
-7.728327667203862461e+01
-7.617639975756300430e+01
-1.201380343569255871e+02
-1.323253921604348022e+02
-8.809107693409727347e+01
-2.610442296066257484e+01
-9.683276190469408107e+01
-4.675787135441267139e+01
-5.633397166565191583e+01
-1.533263593456173339e+02
-6.303050560490395782e+01
-9.815624956024737457e+01
-4.213522562691555606e+01
-8.380619406540398586e+01
-1.170477719462975301e+02
-1.098285282785098502e+02
-1.155766401197440985e+02
-1.417906446921940358e+02
-7.799244017342692814e+01
-7.963416819581624395e+01
-8.110479577998694367e+01
-8.335601479467354125e+01
-8.778505235449406996e+01
-2.531105883927354583e+01
-1.025111659598591984e+02
-5.485328318513204238e+01
-3.018981086169953443e+01
-6.817549210945594496e+01
-1.808023096644284067e+02
-8.076071897078327311e+01
-6.181623323547280791e+01
-8.292588931380642236e+01
-1.009540086775965477e+02
-4.679180318727465249e+01
-4.060005318279202413e+01
-8.601085197555362072e+01
-8.308638687431665915e+01
-6.682222824048452026e+00
-6.978475150110938330e+01
-6.702150959748975367e+01
-6.055795146803330908e+01
-9.277421708209585915e+01
-8.160052813290170093e+01
-1.095962971981847147e+02
-1.124823122614742346e+02
-4.060005318279202413e+01
-3.719407924927008224e+00
-6.815980055789542291e+01
-1.057653107826100438e+02
-1.104249585236128155e+02
-2.687585873894136412e+01
-4.789534807237220804e+01
-1.112409262187385082e+02
-3.719407924927008224e+00
-8.951584333421274664e+01
-5.727986758062532147e+01
-5.141865703490318396e+01
-8.954220989323829372e+01
-1.015228077994570128e+02
-1.977209109980826440e+01
-5.650989979680075237e+01
-4.353213964180707762e+01
-7.987069939946978536e+01
-6.989483839328821091e+01
-5.007715092984891925e+01
-1.359872060601123849e+02
-8.543055606967415372e+01
-7.470735158836873779e+01
-7.377700449106659164e+01
-8.402708595510560485e+01
-7.830240771481160778e+01
-5.471441711464321145e+01
-6.899894530029679629e+01
-7.969441277666486201e+01
-1.139312583800841310e+02
-2.317011935543386514e+01
-8.720472768541563369e+01
-4.277769325180581461e+01
-4.948188654072952630e+01
-5.799818508979826959e+01
-1.033072500078659886e+02
-1.643798611732722748e+02
-6.932533712031062123e+01
-1.982064829502859027e+01
-6.166182713628359124e+01
-1.005499399443197603e+02
-2.279169073597084605e+01
-9.976116084873579837e+01
-2.822155377620939731e+01
-6.595708358069839505e+01
-6.262807041158641397e+01
-1.461220416217844331e+01
-9.460810107451951012e+01
-1.794613691832827271e+02
-1.394320031500687094e+02
-5.873590436154870531e+01
-6.856941620917731939e+01
-9.345924585727814815e+01
-2.687585873894136412e+01
-1.032157245631769769e+02
-9.352177377169805084e+01
-1.191459286949712180e+02
-9.871849838562276602e+01
-6.248050950792381286e+01
-9.021637100847418367e+01
-1.188476612445603848e+02
-7.186286449389000097e+01
-6.459662332314665889e+01
-1.219436176876961042e+02
-7.178124618944643487e+01
-8.091553574247402025e+01
-7.169519077984463706e+01
-1.982064829502859027e+01
-3.163107293316211965e+01
-6.948051207816737929e+01
-1.587036893073836836e+02
-6.248948869822579866e+01
-1.717021427693485691e+02
-4.434487908230136100e+01
-4.096456923399131256e+01
-3.195577988207415743e+01
-6.911599870918652755e+01
-6.998030017979294826e+01
-7.379528897625441175e+01
-6.539816572912594950e+01
-5.264513817191905076e+01
-7.237177396055773215e+01
-1.982064829502859027e+01
-6.395556710084687069e+01
-8.488611323727837998e+01
-1.042752610486227098e+02
-3.388899502049871160e+01
-7.267938351953513632e+01
-6.366748783206895723e+01
-1.013988758221513109e+02
-6.490331824144769257e+01
-6.459532782180750132e+01
-9.032308670947730889e+01
-1.974293208119827980e+01
-2.687585873894136412e+01
-4.826287950327194665e+01
-7.900445038393976915e+01
-2.588999620762395537e+01
-2.223584537720603294e+01
-8.899759921981392097e+01
-2.249160435667920410e+01
-2.045199114386048933e+01
-2.186004610963268746e+01
-2.023323936622082542e+01
-9.548765037776098552e+01
-7.756273834267754808e+01
-1.192332693345367716e+02
-6.183953039347291281e+01
-8.900680024028422110e+01
-7.672435114907804632e+01
-3.455114242841536054e+01
-8.978590929787550579e+01
-7.820136307610555093e+01
-2.381293474025321188e+01
-6.397046661750366070e+01
-9.935508183092892409e+01
-2.687585873894136412e+01
-5.303107268921567652e+01
-3.069214202026249794e+01
-2.970680981566361822e+01
-1.065788950243902065e+02
-2.245528888991264083e+01
-2.012452784577106613e+01
-7.369292996142809216e+01
-4.558828564499489744e+01
-9.760439227415318442e+01
-7.794366196242559397e+01
-1.384336029049664489e+02
-5.527940932335846469e+01
-2.562920948137258748e+01
-1.604158685149508869e+02
-2.047917249264762418e+01
-6.882770803737767551e+01
-1.165505094651623921e+02
-2.279169073597084605e+01
-4.679180318727465249e+01
-4.046087122178981588e+01
-7.487846340724698280e+01
-6.981028601751509655e+01
-1.790341824060672025e+02
-1.045354078401882703e+02
-4.013379984487756502e+01
-1.176237124811533619e+02
-8.845382482926245871e+01
-6.061727041486223300e+01
-6.455194723100660781e+01
-1.517632976020986746e+01
-6.298632951167633109e+01
-5.084661331051687228e+01
-1.129381931592529611e+02
-3.455114242841536054e+01
-6.565158651470446216e+01
-7.034829666266101356e+01
-2.594406545687965249e+01
-1.104858551554460746e+02
-1.513262162820600736e+02
-6.259897694370781096e+01
-1.487100052489722088e+02
-9.629966817933703283e+01
-3.116233489251242972e+01
-1.110298008879391176e+02
-7.807599660289511689e+01
-9.357067898578712573e+01
-1.502859374893757050e+01
-9.642962939303615144e+01
-7.180455262408860051e+01
-6.991876714150401995e+01
-5.315149961472289419e+01
-1.428443128992371953e+02
-8.012146629087750682e+01
-1.238863769320233530e+02
-7.065488931027185515e+01
-3.719407924927008224e+00
-5.140828506170544188e+01
-7.293522225787445734e+01
-2.106524649959171214e+01
-8.630456927983397009e+01
-1.212048036781996103e+02
-2.119805791893901414e+01
-9.632363483968882178e+01
-8.195229735844810648e+01
-3.719407924927008224e+00
-1.517888080387833156e+02
-1.814857148114095367e+02
-1.157806048754016501e+02
-2.874959040832542101e+01
-6.450670731355498333e+01
-6.823717558541345340e+01
-3.454747312761264766e+01
-1.129764042211175195e+02
-1.241374709864364831e+02
-2.922917909580252882e+01
-1.065623247928248531e+02
-6.323446024595164516e+01
-1.225286456800398014e+02
-1.014629641964554878e+02
-3.195577988207415743e+01
-1.103354704551721142e+02
-3.719407924927008224e+00
-7.180455262408860051e+01
-6.875421403352919469e+01
-3.236248160828036902e+01
-7.155858334472999616e+01
-1.269991484997238729e+02
-1.205112351275657403e+02
-7.703779754649202971e+01
-1.104963675070813736e+02
-5.958736181779590879e+01
-4.213522562691555606e+01
-1.135662381264088623e+02
-6.753984812676452520e+01
-7.291377269074195056e+01
-5.152749887637361326e+01
-4.789534807237220804e+01
-5.630287562270392243e+01
-3.228048683098652560e+01
-8.413966743567777939e+01
-2.687585873894136412e+01
-5.739169858907202126e+01
-7.879189552806963093e+01
-6.891741019803536261e+00
-7.012229985230146667e+01
-1.080388771425211587e+02
-2.332528651769693795e+01
-9.173203881672691296e+01
-6.543938619826590752e+00
-6.870552457930961054e+01
-3.638874856225115906e+01
-1.539582132927750990e+02
-7.114814103488765795e+01
-5.474546266612119183e+01
-6.100231223880552989e+01
-7.865513056249447743e+01
-7.292330794428843888e+01
-1.117018242349134454e+02
-8.035948216958396984e+01
-7.272966042320325641e+01
-5.480512893498971039e+01
-1.293425766353320228e+02
-3.013306441092096222e+01
-1.183393696272577813e+02
-8.445797708675763715e+01
-3.979463885727352590e+01
-6.856124105339108610e+01
-8.897255918773764449e+01
-8.272607152926016738e+01
-7.840375820600553425e+01
-6.949164125723508789e+01
-1.308464592236943531e+02
-1.201415088441477792e+02
-6.018772734123439250e+01
-1.227226423607869776e+02
-6.543938619826590752e+00
-1.993585579897280624e+01
-1.110134518736628735e+02
-5.722116587195222337e+01
-8.759893496531707058e+01
-4.066352913082241116e+01
-3.225060515523169613e+01
-1.224611412943562527e+02
-1.174873819182812156e+02
-9.216718567200236123e+01
-8.953661470260205135e+01
-1.229646948874783021e+02
-2.553617653291183842e+01
-4.962703927494586509e+01
-8.374170453558429017e+01
-1.001600718340120579e+02
-1.525549980293093029e+02
-4.344100254191309318e+01
-2.125984385368823482e+01
-1.036852696152875097e+02
-5.602680861460362394e+01
-6.880459193979233135e+01
-8.593521694993955862e+01
-7.547053052926320049e+01
-9.596577176029452971e+01
-1.377125635549624860e+02
-1.045186663815090924e+02
-1.112665596429839923e+02
-7.880486334455622455e+01
-7.652573436021785369e+01
-2.398644626929860024e+01
-9.724358719572933296e+01
-7.596244116442755967e+01
-7.648311485679141697e+01
-4.814936911800657526e+01
-6.735962433544096939e+01
-2.075777121941325731e+01
-2.348712793500148877e+01
-1.473094200124815245e+02
-7.114814103488765795e+01
-1.046255830710685331e+02
-1.894051340394596039e+01
-7.923530973334294458e+01
-3.924401947180371764e+01
-8.315225320140467602e+01
-2.795476288771221363e+01
-1.192837430840142048e+02
-7.227300148675067248e+01
-7.904859498176230659e+01
-8.446405310509449293e+01
-7.013182313551477876e+01
-1.479649513786576449e+02
-6.217765102652230524e+01
-5.890863693178035021e+01
-6.324608849051195136e+01
-1.060046872918205452e+02
-8.379966449437439735e+01
-9.100741937931238112e+01
-1.623170781431167313e+02
-1.084034564073124045e+02
-6.696276141352913669e+01
-2.650130073693431854e+01
-8.777485213468629865e+01
-6.756423550121118637e+01
-1.030471768394007199e+02
-3.449941028659847575e+01
-7.517474166174550021e+01
-3.253564978610550895e+01
-7.066400317755727656e+01
-3.228048683098652560e+01
-4.213522562691555606e+01
-1.455427606069381454e+02
-1.151753399659274208e+02
-1.045562096948124235e+02
-1.065470677574452765e+02
-1.136279815571853931e+02
-8.846393856699074831e+01
-8.096826709255589094e+01
-1.003296720213458428e+02
-8.774262268471706250e+01
-4.185303072375683087e+01
-8.595359073120557980e+01
-1.231018865275128888e+02
-6.504283690862148148e+01
-1.392638197346797568e+01
-5.185037654935001683e+01
-8.631224533685310973e+01
-2.245528888991264083e+01
-1.123996255442368835e+02
-9.579437097819473479e+01
-1.308684548932226335e+02
-1.729872200662780912e+01
-1.982064829502859027e+01
-5.234574781718549730e+01
-1.071954478798202786e+02
-1.683555299362090523e+02
-9.082634963378177417e+01
-6.784904051344861386e+01
-7.425105602949837191e+01
-4.755767153191477803e+01
-9.084197042014433521e+01
-1.054719890312438508e+02
-4.631991486278408843e+01
-8.096737175097975125e+01
-7.497922619324990023e+01
-9.341382162172388348e+01
-1.982064829502859027e+01
-8.922824944327699370e+01
-4.550393817216011882e+01
-1.974293208119827980e+01
-1.501683405151747195e+02
-1.133850278075445459e+02
-6.628362192609296244e+01
-7.518929154662950509e+01
-4.542199347702944578e+01
-7.790963635062806247e+01
-3.203777465936816782e+01
-3.997270650049780016e+01
-6.750259074292702621e+01
-1.982064829502859027e+01
-4.789534807237220804e+01
-7.212847924008610789e+01
-8.180395126330672895e+01
-5.994763368494524514e+01
-7.023084944643827043e+01
-1.461220416217844331e+01
-5.341834523605494667e+01
-7.671490515972550384e+01
-1.125798947739619678e+02
-7.644670438798274859e+01
-2.204147478774160618e+01
-1.982064829502859027e+01
-6.885920167196775310e+01
-6.639026257606379033e+01
-1.499136126349204687e+02
-8.720427251929294243e+01
-1.517632976020986746e+01
-6.550488558037910991e+01
-8.509685315068524858e+01
-3.228048683098652560e+01
-3.381923613172205023e+01
-1.461220416217844331e+01
-3.940389374167504855e+01
-9.731664664058803282e+01
-7.155389058543002534e+01
-1.210680306276302503e+02
-3.228048683098652560e+01
-1.322495082449905510e+02
-7.934895441155987328e+01
-2.471696070221449304e+01
-3.982278801802557666e+01
-7.136342853952946541e+01
-1.083795334699414497e+02
-7.675379359260405465e+01
-3.292501760080500617e+01
-8.671000850535702398e+01
