-3.933420759582617166e+01
-5.466303945188673907e+01
-4.002154644055880794e+01
-3.176729823171768174e+01
-3.427938731985278054e+01
-2.664530841250655158e+01
-6.759944402335361247e+01
-2.645227006546252113e+01
-3.158155139892236463e+01
-6.990739650114160497e+01
-2.668794166632711651e+01
-5.822723177888858004e+01
-4.875569481409357309e+01
-5.706576488674743786e+01
-8.347384739080561644e+01
-7.401111048848450480e+01
-5.502467961923881035e+01
-2.318967362558267098e+01
-1.181250771314047228e+02
-5.187257328240509224e+01
-5.365642479570379209e+01
-3.238387130228949928e+01
-2.434149127095614418e+01
-3.407667913612331034e+01
-3.361683233525359782e+01
-3.274388612945804766e+01
-3.447784853855826981e+01
-3.573335382650840586e+01
-5.857346343057668037e+01
-4.272514150036509051e+01
-3.569094149753379952e+01
-6.753640350096327438e+01
-4.830733501321430623e+01
-4.248023088910701262e+01
-4.992068247247688362e+01
-5.357180884347464911e+01
-3.616951525601077577e+01
-3.963621062579598231e+01
-3.586142226884064144e+01
-5.971180506918964426e+01
-4.563893903015728881e+01
-6.863695734978861651e+01
-2.927612582782655437e+01
-2.501718826203302370e+01
-7.460317130059630131e+01
-3.180552940468075107e+01
-4.285607913900344812e+01
-2.709488002289652897e+01
-4.676982316511760729e+01
-5.325262653605543051e+01
-3.456091838006742023e+01
-6.539655166849419743e+01
-2.992037236130089539e+01
-4.045123528538768909e+01
-5.789196820474740690e+01
-3.048877389960460604e+01
-3.371937139669575600e+01
-2.923187469712965481e+01
-4.525644557209074748e+01
-2.515193457427188761e+01
-4.078445600558426065e+01
-3.171752027586355283e+01
-8.872583042704434320e+01
-6.548967003219487992e+01
-5.266239521438362914e+01
-7.157900827041854086e+01
-4.054264403106637360e+01
-5.483419860390190337e+01
-4.486904428110427290e+01
-2.984159272862944690e+01
-4.873482515725660846e+01
-3.671770569749133983e+01
-7.018203211765728611e+01
-5.458953905717643096e+01
-1.170977067479589095e+01
-3.430711970414800760e+01
-9.014305370174018606e+01
-2.255664444346535191e+01
-5.531476493968157371e+01
-7.253821038164817026e+01
-3.939925963887786509e+01
-3.549285448509765217e+01
-3.460356179695197909e+01
-3.446475838403802783e+01
-4.864283167740173042e+01
-2.736094662719774462e+01
-2.697255319786735583e+01
-6.620041471448256232e+01
-5.366567548383920183e+01
-3.126441791238412193e+01
-5.205853254321612411e+01
-7.968979361581148169e+01
-4.828916753668670481e+01
-4.077364715245757765e+01
-4.980442006138405731e+01
-3.003416550022947362e+01
-3.574209658279887947e+01
-3.772659114578861050e+01
-2.316255684266499060e+01
-4.066490655436637525e+01
-3.603013616453558399e+01
-2.445600169471049057e+01
-5.149313435214143198e+01
-4.642246038882585424e+01
-3.984292132937908804e+01
-3.373078778992977789e+01
-4.275654629158288600e+01
-5.832620807070544089e+01
-4.867940236467493520e+01
-2.165739761763116178e+01
-5.043167048705635125e+01
-6.987105211417512862e+01
-4.049516528711487240e+01
-5.906296635349319502e+01
-4.003491484581820714e+01
-2.439486870162939880e+01
-3.173703966641142316e+01
-3.150721438599988034e+01
-5.320828540779550764e+01
-5.800895032535854057e+01
-3.922329154958908504e+01
-3.175138399683094903e+01
-6.500013011693883413e+01
-2.541577621516636043e+01
-3.241059296271397727e+01
-1.777241092892705154e+01
-3.654873014031439027e+01
-1.893133484529818134e+01
-4.592599831376947606e+01
-4.753473245930244673e+01
-2.152754909087504132e+01
-5.151838037356172606e+01
-9.529320802324446049e+01
-4.117231844999389523e+01
-2.248693587914800673e+01
-7.328256139738766706e+01
-3.442059576186552761e+01
-1.306828429395404711e+01
-4.782060399543081530e+01
-5.224615119978788869e+01
-2.030954377959774604e+01
-2.407154714041170251e+01
-4.164364849991524409e+01
-3.905268078522247777e+01
-3.580803483952047372e+01
-2.399862359140211154e+01
-3.007821336263852174e+01
-6.634713275427174040e+01
-2.183601944265922867e+01
-3.448109442158554572e+01
-1.444719276906418770e+01
-4.719312900858587767e+01
-4.421260874150002707e+01
-3.910163802666723143e+01
-9.266228132065324985e+01
-1.857603917235700308e+01
-5.061344418761528630e+01
-2.805884363808521798e+01
-3.950122111513786649e+01
-7.597978277629003685e+01
-9.390082107668672506e+01
-4.507859580579162184e+01
-1.137833174715343176e+02
-2.838975072454045545e+01
-4.410693731914892624e+01
-2.729507258060770880e+01
-3.075917670651104530e+01
-5.008113385081112767e+01
-2.588484657975286396e+01
-9.786272887837964163e+01
-2.985443123573253388e+01
-2.975991265679573416e+01
-4.111007568503879384e+01
-5.083597492592105027e+01
-5.265979802770139173e+01
-4.124306890758392541e+01
-3.483902194004565445e+01
-1.658305134909153722e+01
-5.372704207116686348e+01
-5.048880560285104480e+01
-2.440686748865473987e+01
-5.518231329253628559e+01
-5.183114668874720365e+01
-5.752111254695646636e+01
-4.308324448268368911e+01
-3.251210735755183379e+01
-2.835935925107401090e+01
-4.356210334641686899e+01
-6.604437728062760016e+01
-4.949507275194233813e+01
-1.902932970464797791e+01
-2.902334946669128612e+01
-4.135865627837374348e+01
-4.002536009679371887e+01
-4.144702369971952294e+01
-4.447965066675485701e+01
-3.439372259030272971e+01
-3.569737323307377608e+01
-5.576806068898959268e+01
-7.401170192407329296e+01
-3.098610733406196971e+01
-4.796406295405484599e+01
-2.652461512751920480e+01
-6.010975056851044229e+01
-5.917043476283406278e+01
-1.827795453140075566e+01
-8.679945832352533586e+00
-3.474099537132688198e+01
-1.474675300601378325e+01
-4.049881362069402257e+01
-4.342838451699820723e+01
-4.262432986932903134e+01
-3.338039400728199269e+01
-4.952340966395263422e+01
-2.648997205795818388e+01
-7.635854152755656798e+01
-4.371193397879298459e+01
-4.584270515231985144e+01
-3.115141413394171366e+01
-2.489998188533019174e+01
-3.911559293899060918e+01
-5.006626691926133788e+01
-3.440680337685861190e+01
-3.097591942667326492e+01
-9.539487281267913943e+01
-3.463589565484064536e+01
-9.575921121800242020e+01
-2.271793671523619906e+01
-3.304452750216962187e+01
-3.213356945470651738e+01
-7.088825906825019274e+01
-3.910850280242478760e+01
-6.106986745183320409e+01
-9.204697690451082792e+01
-3.440241653298980395e+01
-5.696084426536672396e+01
-2.177942414417031003e+01
-3.680993932786665113e+01
-5.271366269301650931e+01
-3.536485448360332384e+01
-4.209580405638497069e+01
-4.402972267966374886e+01
-1.497039463173081231e+01
-3.962872754212526161e+01
-5.798456528974574553e+01
-3.821962374966805953e+01
-9.828317492216623918e+01
-6.483477309688953483e+01
-3.027121597715634493e+01
-2.861699843374010754e+01
-4.680456334190827050e+01
-9.845089136893147952e+01
-4.361224106146372037e+01
-3.829478709017225668e+01
-3.970615475639894498e+01
-4.559467893092712387e+01
-3.950715107094815437e+01
-3.453209624314045101e+01
-3.907749194534717674e+01
-4.076204311010214809e+01
-4.814266018183471374e+01
-3.271511181621212927e+01
-2.746977749611725628e+01
-6.703445556446916953e+01
-9.138501611506389111e+01
-3.868999205288759669e+01
-2.902179449552509283e+01
-4.133070055947379728e+01
-4.873316043196288661e+01
-3.582837132668733204e+01
-4.361432237319397842e+01
-5.180097400474015501e+01
-3.488150466834085250e+01
-9.778515294403351277e+01
-5.137891497705729194e+01
-5.814795309320037120e+01
-2.191515740175244886e+01
-5.526652223705917777e+01
-3.824362585214004184e+01
-2.319123852538771047e+01
-3.932098044093336853e+01
-2.364287577285712771e+01
-4.414328037052779052e+01
-4.214861288653244031e+01
-4.013394655382822407e+01
-4.457303637728408319e+01
-3.084993069507634900e+01
-3.990061931014123786e+01
-2.053952798943791080e+01
-4.725459141302186339e+01
-3.593934540703426705e+01
-2.772496445766273609e+01
-5.542028882885523444e+01
-3.351329254235860589e+01
-2.994903260458246663e+01
-4.553163238287969250e+01
-7.599645907973274461e+01
-2.359764524040929601e+01
-5.746666636346495949e+01
-5.685779099084691524e+01
-5.107050843476238100e+01
-2.277104212254299043e+01
-9.658505841336683773e+01
-9.413711120616140349e+00
-4.323528290595722723e+01
-4.554030422988648752e+01
-2.489998188533019174e+01
-3.289011980709971539e+01
-3.967915288931313000e+01
-1.853836298963882712e+01
-4.251091504383159503e+01
-3.021827220656004798e+01
-3.661510932961130038e+01
-8.853240624252096325e+01
-3.907749194534717674e+01
-4.779331674456677348e+01
-3.677600554586643966e+01
-3.821962374966805953e+01
-2.549998188533019317e+01
-6.608856201215093051e+01
-1.441947807461063924e+01
-6.052912761722836876e+01
-1.029859532104929372e+02
-2.544882975196219377e+01
-4.405725678574818716e+01
-4.662571038444835381e+01
-3.106896196114487196e+01
-3.928828515389689358e+01
-9.711960184047464395e+01
-1.842676243563415994e+01
-2.889791453071733329e+01
-3.259169933568363575e+01
-5.585630354519735619e+01
-4.922747929217189977e+01
-7.111408900678858913e+01
-4.599485103673538333e+01
-2.609992546709922578e+01
-3.231400397285729298e+01
-4.327571876145577079e+01
-3.534486204789238428e+01
-4.787764541228099802e+01
-2.688908966513148258e+01
-5.016225373104155949e+01
-2.657263218213476463e+01
-5.320052736862967180e+01
-4.809879431799357974e+01
-1.009435835621783006e+01
-2.998621910563980464e+01
-3.866205462808632376e+01
-4.242157990970628134e+01
-3.743141823804887025e+01
-3.712188837884276182e+01
-9.329669934900853434e+01
-9.672673262472839895e+01
-2.613225743787207023e+01
-4.629743370837219629e+01
-3.600361220275610918e+01
-5.179411264543752935e+01
-4.015279345548827905e+01
-4.271323939789205326e+01
-5.133728541744257967e+01
-4.662588822901009422e+01
-8.087860786002390512e+01
-4.460472710768055293e+01
-4.638712928527699830e+01
-4.141611560640711787e+01
-3.230034256208270449e+01
-2.983751243352708471e+01
-5.036425445676394475e+01
-4.564687439433449612e+01
-5.801738217775276496e+01
-3.911999657476081182e+01
-9.978833489007547541e+01
-8.727895639794881788e+01
-1.639806246358168806e+01
-4.227130512245930305e+01
-3.235455639810651007e+01
-4.918466262052511695e+01
-9.678209384329277043e+01
-3.562485067210785417e+01
-4.035363219172182880e+01
-5.547467964863507461e+01
-4.164349551606905919e+01
-3.591721421719660157e+01
-2.889653533221148507e+01
-3.352296002503025107e+01
-3.599219964266710292e+01
-3.570411013463166938e+01
-9.625960271716625982e+01
-4.213906651018795912e+01
-3.630629132895270317e+01
-1.389418500650699784e+01
-3.699465740548347270e+01
-4.760818783509709107e+01
-3.369957584101339876e+01
-2.736000992193563874e+01
-2.892884198142143859e+01
-4.922798826849372489e+01
-2.406831205225562087e+01
-4.609859707610400648e+01
-9.436791420151500631e+01
-5.391652174782279161e+01
-5.839221044007788919e+01
-4.068711674435422765e+01
-1.990421754086672124e+01
-3.906663320633133196e+01
-4.452745104342260163e+01
-3.141229706367910168e+01
-2.590980640101387422e+01
-5.339498134605313595e+01
-9.877228097269124873e+01
-3.753756552711678296e+01
-3.352392844756731449e+01
-4.157915542007816612e+01
-1.542904367154187639e+01
-3.401698266810302584e+01
-3.291307652590299426e+01
-1.878476601184990358e+01
-5.016800503117368493e+01
-1.795294354180539287e+01
-3.291570075706835752e+01
-2.242329541583655583e+01
-4.290848212922922045e+01
-3.823613674139613750e+01
-4.160778455883060190e+01
-3.964439006725972092e+01
-9.037846641032176365e+01
-4.249566836451104024e+01
-3.900569937845735069e+01
-9.002268952133324831e+01
-6.122488202110348965e+01
-4.502564898800919480e+01
-9.386954541508985983e+01
-3.870181228392761597e+01
-2.647966004743262047e+01
-9.277058401579718350e+01
-3.689327690897528100e+01
-4.394899513330381069e+01
-2.720694816269608296e+01
-2.956507763543970668e+01
-6.341327972970903915e+01
-4.992189310014992998e+01
-1.985251378429344626e+01
-9.034296469169817101e+01
-3.278803652471841446e+01
-3.037745617314789470e+01
-9.538077068613414156e+01
-3.597803883662639635e+01
-3.623797960052827705e+01
-8.883266152241161251e+01
-8.849404165970423719e+01
-5.197761899040485645e+01
-3.873700780083343886e+01
-3.742321698645455541e+01
-5.355534111173371059e+01
-3.718865592332549141e+01
-5.286342390645874190e+01
-3.862583864190983718e+01
-7.586884245280984373e+01
-2.388601273784886914e+01
-2.312653155617752887e+01
-5.151835110255126438e+01
-4.244983480562286360e+01
-9.882195674107974526e+01
-4.566259091676032256e+01
-3.786971882839130643e+01
-2.049088131846601968e+01
-4.060478510021273735e+01
-8.013809957589140609e+00
-8.682635730490919457e+01
-3.824171509297795524e+01
-3.557206308023410202e+01
-3.429488237527701244e+01
-3.234118367157476115e+01
-9.508730324825518210e+01
-1.447005618987599540e+01
-2.955216283728374194e+01
-2.023541406800158526e+01
-3.765319737605813089e+01
-9.646355617105141889e+00
-2.564996953135678126e+01
-5.698670766536760368e+01
-3.526637650901939480e+01
-4.122546652811103485e+01
-1.096628509387254269e+01
-3.928863600692634606e+01
-3.444273661336120540e+01
-4.934504682520739749e+01
-3.273538528105122225e+01
-9.302416347503161376e+00
-3.294016183005940235e+01
-5.057118564636651570e+01
-3.587827219627074271e+01
-2.706873910056684096e+01
-4.031691358493604582e+01
-3.714702275360105688e+01
-4.365135728427181760e+01
-5.368508359215003622e+01
-3.049756766644247818e+01
-3.043605936856446448e+01
-4.356072416735344177e+01
-3.765533651097036483e+01
-4.103831970670911033e+01
-4.185409039382947327e+01
-1.567591784381147946e+01
-4.055921721877882646e+01
-2.479243997158607016e+01
-3.908130932310433536e+01
-4.737173240557456921e+01
-7.876077976258206093e+01
-3.589725580042727415e+01
-3.796378950082777237e+01
-3.250306286138610545e+01
-4.671993801632302734e+01
-3.586456078133137026e+01
-2.785150801200663295e+01
-4.380405686375821261e+01
-9.012272512972751315e+01
-4.849920805635213128e+01
-2.944278419972487981e+01
-5.040140597932716560e+01
-5.874208174268328975e+01
-2.956507763543970668e+01
-2.340490185874484652e+01
-3.260062903559560255e+01
-4.010951774273301140e+01
-1.015336140849108659e+02
-6.008296996863099082e+01
-3.047369787179466627e+01
-1.835494774913771110e+01
-4.302497133956507724e+01
-4.243023760345829487e+01
-5.180276595381080540e+01
-4.946916889743586410e+01
-4.842869699949603302e+01
-9.407488856482584083e+01
-8.340930908542415523e+01
-2.431085477916308335e+01
-4.925501123865950603e+01
-4.532020055898035338e+01
-3.373755055998206842e+01
-3.234346152285971243e+01
-1.940536601476732059e+01
-9.761355118406623887e+01
-4.737465395270990598e+01
-1.031022443448174783e+02
-5.744951076004107904e+01
-5.319560705291582536e+01
-4.323606759478854400e+01
-6.649494505109512943e+01
-4.800841168957951055e+01
-4.120533693523530161e+01
-5.908243369887898666e+01
-1.864357430215026667e+01
-1.052158977645112259e+02
-2.823801744747455089e+01
-2.159664033824912366e+01
-3.444273661336120540e+01
-3.479734202663914289e+01
-4.245298078082061721e+01
-1.382706127774550176e+01
-2.158735520881885961e+01
-9.681862019888410487e+01
-3.494954426567759498e+01
-4.323556052797207627e+01
-3.325241691435324753e+01
-4.450948227555398518e+01
-3.808325767644791426e+01
-1.167077828141455775e+01
-3.623072854792916075e+01
-9.375022556151913022e+01
-5.094465965119827189e+01
-5.195808953585004986e+01
-9.948609621066802333e+01
-3.923246603143935118e+01
-1.660036341241444902e+01
-3.907749194534717674e+01
-2.231586941287920922e+01
-4.889318961646859663e+01
-3.179878030801576472e+01
-3.156989642355553016e+01
-5.089408270609814622e+01
-3.673918646549110889e+01
-3.646013131442862232e+01
-4.766252780674682299e+01
-4.780764071995525910e+01
-2.236232003433207893e+01
-4.663661388614629288e+01
-4.353770225746912104e+01
-9.289425025668097646e+01
-8.906099343814818781e+01
-4.570876219583039557e+01
-3.852605805295740993e+01
-3.898252513843758749e+01
-3.089073813432540305e+01
-5.190238739257903688e+01
-3.838984388044752905e+01
-3.070208816045655453e+01
-2.222253246549122352e+01
-9.014115184147433979e+01
-3.700886372049829021e+01
-3.294016183005940235e+01
-3.476674564308461157e+01
-9.092180774087275097e+01
-3.472209851597062880e+01
-8.115249900245160575e+01
-4.796884021822020827e+01
-5.466085827216967630e+01
-2.613225743787207023e+01
-4.224698478749031239e+01
-4.167615295489841287e+01
-3.586441091121248803e+01
-3.673676023960440773e+01
-1.459429435384499385e+01
-2.937172218017048664e+01
-3.962138879929850077e+01
-4.240920130268143140e+01
-4.876521525449925321e+01
-4.425381260141552531e+01
-9.687979581964263787e+01
-3.755761713377658850e+01
-9.431037298183250073e+01
-5.558766440522936136e+01
-4.258613779356140583e+01
-5.581608413748670472e+01
-4.261069765541965637e+01
-1.074028875929130145e+01
-3.732476315673309131e+01
-3.203731656428867325e+01
-4.695041205069508550e+01
-2.256465501769873683e+01
-3.679593071649985347e+01
-4.916797322959336469e+01
-4.286222183862721380e+01
-3.064486412878357413e+01
-2.169312918280832037e+01
-3.982088031018106733e+01
-4.528993470965757240e+01
-1.995804755839402489e+01
-7.094988906763049386e+01
-5.896467396852271747e+01
-3.039696776551234336e+01
-3.596894270525132242e+01
-8.710989829202185675e+00
-4.048157894727020789e+01
-2.589721560926746591e+01
-5.774263422547847568e+01
-3.311500659698855031e+01
-2.506820182980098366e+01
-2.984797130020122680e+01
-3.788892794292694788e+01
-2.664584120047344484e+01
-3.645585757840905927e+01
-5.034219121785529438e+01
-3.057179135621001365e+01
-1.787649642201850853e+01
-3.819240737582989453e+01
-4.024777063187522685e+01
-2.978010174910394170e+01
-3.282865522459364627e+01
-1.340038705708130706e+01
-1.011854765135117731e+02
-5.348675379493167270e+01
-3.740671055034521686e+01
-5.409419687751903183e+01
-6.262062693555740367e+01
-3.937860664237272346e+01
-4.928147983694785239e+01
-4.323123208886417501e+01
-4.146135558459916837e+01
-2.604417052683310274e+01
-4.562304010506223761e+01
-2.286876641886840034e+01
-3.128305754949178663e+01
-8.727318030454567577e+01
-1.777944856371242466e+01
-8.680900670208056624e+01
-7.801164460684645974e+01
-3.363142101520391947e+01
-3.030463332950144917e+01
-4.450588467909479107e+01
-5.302519359241924235e+01
-4.387124841697400512e+01
-3.985367384125877521e+01
-9.917341313498154065e+00
-4.910765027944393069e+01
-2.995543939523656007e+01
-4.909313117615462829e+01
-3.912608548146920384e+01
-1.102583336240357781e+01
-3.454798296524002410e+01
-4.337239702579523026e+01
-4.897173798124700994e+01
-2.235382466375570942e+01
-4.229973947741636664e+01
-5.984827777947798211e+01
-4.672980825034410657e+01
-5.238465331583643803e+01
-4.292894738610497996e+01
-1.317446649383113844e+01
-3.561279446589711739e+01
-2.561436828236974961e+01
-2.960340192573697848e+01
-5.363886351980081457e+01
-5.876620859297974420e+01
-3.727363994132070246e+01
-5.980618013921046838e+01
-5.524882701769256244e+01
-5.296625764570818973e+01
-9.394894277266933713e+00
-3.801809416675646958e+01
-4.288992577797925776e+01
-2.708381889339877091e+01
-4.464609646711630120e+01
-3.870288762926951165e+01
-2.676222270271739845e+01
-4.046527216686375539e+01
-4.218657368761301996e+01
-1.479003332565047302e+01
-3.265575416565861389e+01
-3.257791067025066667e+01
-4.574812325322901074e+01
-2.963953061957270307e+01
-3.248557540716498693e+01
-4.009417228902667318e+01
-3.961031912838289060e+01
-2.254126432859519014e+01
-3.365647543433768618e+01
-4.279541073595196110e+01
-3.865775667099762813e+01
-5.621264321495178251e+01
-5.389685205130056289e+01
-6.397431091680824977e+01
-3.535982837662001543e+01
-5.328933981951102083e+01
-4.081403337077053095e+01
-2.830442064168379801e+01
-3.327044614415535051e+01
-4.962142837280720897e+01
-4.220254569826718694e+01
-1.426301626764545993e+01
-1.234259231446104543e+01
-5.670210488373776769e+01
-5.180755437783045636e+01
-1.857145978729937497e+01
-2.191844066716618045e+01
-9.432437816810937292e+00
-4.859217732923815447e+01
-3.715336481227936360e+01
-2.732555961630633945e+01
-2.928006138316685991e+01
-3.014882699628223506e+01
-1.706440411931876255e+01
-1.861982544915702675e+01
-5.214754038812314008e+01
-3.500255628209912118e+01
-2.989583318267597889e+01
-8.197250876790141660e+01
-4.546135020976325336e+01
-9.363102368066122949e+01
-1.636965206555775154e+01
-3.925637439324547984e+01
-4.746234773505517524e+01
-1.519619845116963219e+01
-7.987833299740599102e+01
-2.201378935073205767e+01
-1.929919716349326819e+01
-6.217897824363917891e+01
-5.815095014735685908e+01
-3.626133498481667061e+01
-5.183052845474122705e+01
-4.324541710653127780e+01
-1.465718155555029512e+01
-4.156380997820274104e+01
-3.960318940024459522e+01
-4.632234796925975218e+01
-2.331255996932727470e+01
-4.038312827583372666e+01
-4.756316491151130066e+01
-3.532247236778393074e+01
-2.240178473696813910e+01
-1.791608685172344906e+01
-1.284668634888784666e+01
-2.684013608866792922e+01
-4.364953487870393189e+01
-3.324355267706054207e+01
-1.263261862579770067e+01
-2.883790550700453892e+01
-3.266769593759808288e+01
-3.009010999024289390e+01
-4.483255285694615822e+01
-5.128685828899523358e+01
-4.986263702792816588e+01
-4.669985858271077461e+01
-4.120457943319419769e+01
-5.135165190970209181e+01
-5.912662056428816015e+01
-9.641225106581464388e+01
-2.347237705416477738e+01
-3.784287298021190793e+01
-3.822782496362624727e+01
-4.769047110785339783e+01
-3.274504730872606473e+01
-3.267797762540420337e+01
-3.029567949154024120e+01
-5.002151823969771272e+01
-4.492949324469134353e+01
-4.482998849131105601e+01
-1.003166948506439127e+02
-4.545290128998517787e+01
-4.232068200494632038e+01
-3.180676481844297498e+01
-9.027146835432159122e+00
-4.001365233557964274e+01
-1.515848797015739891e+01
-3.863551990614725185e+01
-2.378165873122635077e+01
-3.737302869456579657e+01
-1.227799154286881844e+01
-2.843169022654682010e+01
-3.473002084118822808e+01
-3.272726788600495240e+01
-5.275454245340602455e+01
-2.051085913820194406e+01
-8.556658984065261819e+00
-2.230479484460953188e+01
-1.419554918458356774e+01
-4.518482952938553865e+01
-2.233169748175598102e+01
-4.171925414417029998e+01
-3.964573338662883373e+01
-8.404743838822724911e+01
-4.183478286318865713e+01
-3.216145403301320016e+01
-2.134743783431342834e+01
-1.475721522536099428e+01
-4.312958745684426276e+01
-1.924106216491504284e+01
-4.806801864969614257e+01
-3.021787966504510692e+01
-3.471051977833531055e+01
-2.580986493285567107e+01
-4.674818355747068210e+01
-1.988661904841881167e+01
-4.383418666227331073e+01
-6.091469938387405136e+01
-4.894720448957730952e+01
-4.583367651757690453e+01
-4.501362040356686833e+01
-5.457561744271164628e+01
-3.579209698412649487e+01
-2.296112677689638915e+01
-2.949098825224525910e+01
-3.714954512064208103e+01
-4.053709873985430789e+01
-5.019942452227356711e+01
-3.671031089573624229e+01
-3.771143182072120936e+01
-3.259562495872434340e+01
-1.598344277927331092e+01
-3.788066052322492538e+01
-1.419753909246084156e+01
-3.333173399426068073e+01
-4.503298703945261394e+01
-6.110383792694452154e+01
-7.281315944869644952e+00
-4.537776620118299320e+01
-1.698780812841231480e+01
-3.282131023810175918e+01
-6.625328515598436496e+00
-3.740175142490298299e+01
-2.822920464823145892e+01
-5.869099265102365237e+00
-6.087073453241692533e+01
-1.618240701047411179e+01
-1.363101669861808496e+01
-6.293849668521612983e+00
-8.059126383610023936e+01
-3.998596627613785159e+01
-2.567520707513812894e+01
-3.360680701962480299e+01
-1.687731792924031637e+01
-5.690505474920787776e+01
-2.331120738523393499e+01
-6.014973372452752187e+01
-3.055053186413906374e+01
-1.957614675082882627e+01
-4.437809472283142753e+01
-4.395225262022829327e+01
-4.279815185593987792e+01
-2.973150959085158718e+01
-2.833995724695449070e+01
-1.724768996971480206e+01
-4.881259149179904711e+01
-2.483035730414484732e+01
-2.828222220947569099e+01
-3.828575271103669309e+01
-4.634594794388698347e+01
-2.654078281773525916e+01
-4.570901569947535137e+01
-1.651561523942892151e+01
-4.459257605185092643e+01
-3.919147614269418511e+01
-3.083043900072418353e+01
-2.938321454672229294e+01
-5.396351558825003281e+01
-9.169336661684954493e+01
-4.869651174068007293e+01
-2.834301681525948169e+01
-2.712347390011753134e+01
-1.616155647453078004e+01
-9.686028482485160396e+01
-4.921324880417081005e+01
-2.894911199966096049e+01
-3.142418374385629320e+01
-5.188392291456183614e+01
-4.675210810581478427e+01
-2.937966504275197011e+01
-4.510329863743221068e+01
-3.096648705624221165e+01
-1.495204414296669881e+01
-4.698575380635978860e+01
-4.480053318520420902e+01
-3.125040210732313994e+01
-3.131250616623901806e+01
-1.167629624632785479e+01
-3.584453358834428371e+01
-2.622096468907876243e+01
-3.158472725521307822e+01
-3.912119808462025361e+01
-2.434795093586612680e+01
-2.944733456206119726e+01
-6.300145749370843617e+01
-2.204050386558581920e+01
-5.201700699109018444e+01
-9.182855921363970708e+01
-5.064097241468857646e+01
-3.303167023862428664e+01
-4.313763610682883609e+01
-3.541233665900151806e+01
-9.573669087117513854e+00
-4.324116849858652500e+01
-2.433445814275634689e+01
-2.125013613789154832e+01
-2.009481369067875889e+01
-3.094709794501392608e+01
-3.443641108636048642e+01
-1.323237274155722787e+01
-1.058967819433087243e+01
-1.314057732579454374e+01
-3.400484616076538913e+01
-4.096169002844500540e+01
-1.011597090759920725e+01
-5.701563516995830838e+01
-3.511696519110704173e+01
-3.102813589142363782e+01
-7.841799211476971720e+01
-3.329426797396659765e+01
-2.975881681136116441e+01
-3.475049836308577511e+01
-1.168195837659927250e+01
-3.754321070938520677e+01
-5.773219007702690675e+01
-3.790013343404201152e+01
-4.436561863579022003e+01
-9.900813921208612101e+01
-1.512345606171463430e+01
-4.007532007679619568e+01
-3.011863726133539743e+01
-4.699449852023125374e+01
-3.974811692723569934e+01
-1.304417274150640083e+01
-4.960184328665623354e+01
-4.316599171950051073e+01
-6.865675287895270174e+01
-1.394249259003235508e+01
-3.474078130383384178e+01
-1.067794226540603653e+01
-2.122729741977425277e+01
-2.108001042678428050e+01
-3.919730548875461551e+01
-4.257421454953704654e+01
-2.180861905177237503e+01
-5.875215964863353690e+01
-3.112470501416967039e+01
-6.869602978695395734e+01
-1.373019750046737641e+01
-2.674086998297977757e+01
-6.290578090958069168e+01
-6.339197493248171611e+01
-7.008984165701890845e+01
-4.536052488195240073e+01
-9.867593109661177664e+01
-1.187400491886370446e+01
-5.127902577514386451e+01
-8.234797923766150163e+00
-2.370162792271983321e+01
-3.397064558261618572e+01
-4.095708303631812441e+01
-6.536909645747201125e+01
-5.725797001836472333e+01
-3.011857677018517876e+01
-3.877604414552885004e+01
-1.425677132786776191e+01
-2.607113355950303202e+01
-2.315752058926640444e+01
-3.536493126940267473e+01
-6.204060058107756959e+01
-8.287205147403369665e+00
-3.728430217890427656e+01
-3.044101630049300766e+01
-1.897826731973867709e+01
-3.972146050607130974e+01
-3.530366285501546031e+01
-4.299537997607481543e+01
-3.535982837662001543e+01
-2.435022656695917931e+01
-2.082646665310541678e+01
-1.780550488913131346e+01
-2.497329616676586284e+01
-1.219553743884998376e+01
-1.002443100938311318e+02
-2.680257045790201431e+01
-2.312377428617042696e+01
-2.544800803026853941e+01
-6.505740201349495067e+01
-1.544434757415096549e+01
-3.630250610807375722e+01
-3.161557117122956839e+01
-1.273287631533125541e+01
-6.080662259945216874e+01
-1.504767480447008943e+01
-3.101725545961830832e+01
-1.574450137087673873e+01
-9.766729070875409491e+01
-5.126053136561771595e+01
-5.269382985305613687e+01
-3.464854543029423439e+01
-3.338607077574769733e+01
-3.436131505191846003e+01
-3.467523182509545876e+01
-3.143439692336054847e+01
-4.038197932878433249e+01
-7.121130469491023973e+01
-1.600526757816814794e+01
-4.132402347821774669e+01
-4.390762954586189437e+01
-4.105494361126640257e+01
-2.954795052214767992e+01
-4.076885011356731781e+01
-3.492531012499956944e+01
-1.573447805995022541e+01
-1.869618297183322753e+01
-1.927759547188914269e+01
-4.940378486054758156e+01
-2.827913524546324453e+01
-1.524753805815901941e+01
-2.266503691566328271e+01
-4.727324071038012931e+01
-3.838599425666450315e+01
-2.666343662277733984e+01
-3.364555710367073260e+01
-3.336825609957463712e+01
-2.063287538670473609e+01
-4.361105568809437472e+01
-5.373475178334730629e+01
-4.448647710308740955e+01
-2.409423963311334660e+01
-8.179832747574822704e+00
-3.967439397802803569e+01
-3.310401244144209443e+01
-7.529144204631826653e+01
-4.741641012385731813e+01
-4.635105194995672662e+01
-2.487189236084848432e+01
-6.017627352177478883e+01
-1.505587797136358397e+01
-1.614862714214427442e+01
-3.988218136559664373e+01
-3.225681513464533623e+01
-1.781396232786765310e+01
-2.797647432813430157e+01
-2.174249733726056988e+01
-2.618425181836379423e+01
-4.795342293730950445e+01
-3.521387189339350243e+01
-5.254151457151800741e+01
-4.459659824391498972e+01
-5.094803773695552707e+01
-9.375843959618675783e+00
-2.086019308718937637e+01
-3.322807366280395058e+01
-3.029357425088011979e+01
-1.258331719752147571e+01
-4.489197591545973154e+01
-4.508716378566673910e+01
-5.018653441477952271e+01
-5.322269920017500766e+01
-1.091596416631648303e+01
-4.392696730485820922e+01
-3.590190860142477902e+01
-3.296339703143808464e+01
-3.411322191125282899e+01
-3.056471273265334077e+01
-3.293368894701738014e+01
-1.163169411736087611e+01
-3.480868456635820962e+01
-3.956215153112711391e+01
-1.924704599454586784e+01
-1.917758775021279050e+01
-5.076972306077029629e+01
-2.933739146449510216e+01
-2.392181621795643309e+01
-5.295403353946969816e+01
-2.569546453150424270e+01
-2.852790363334299073e+01
-4.693633290378448208e+01
-1.211596416631648232e+01
-3.109938177931478265e+01
-1.285735652940300433e+01
-1.804452563589522640e+01
-5.515440260997907274e+01
-1.010258527135298046e+01
-3.222053039682894848e+01
-3.102139058931423321e+01
-3.163176936408289919e+01
-5.600487505988523651e+01
-3.126044119342711625e+01
-1.476668650449404296e+01
-4.704242208422248694e+01
-1.517102215349630434e+01
-3.514305459018036970e+01
-2.968582564195004636e+01
-3.847181068725041087e+01
-4.972270532213709515e+01
-5.838490303292708461e+01
-6.871468684854119147e+01
-4.069256123668417757e+01
-5.367995631134505174e+00
-3.135478965479268254e+01
-6.652530418668942502e+01
-5.654708816871765720e+01
-2.469470749118674746e+01
-3.835250323605785638e+01
-9.741374286682335537e+01
-1.430366383994079271e+01
-4.248514959122143608e+01
-3.806419698185028722e+01
-1.339158557090189028e+01
-9.732944857974841568e+01
-2.946765488001065947e+01
-4.773580829704212647e+01
-1.530271748428818590e+01
-7.457297268457804762e+01
-1.531689887849271337e+01
-2.668468130336190924e+01
-2.756616482251352096e+01
-7.046661336832166000e+01
-3.396860432875977409e+01
-1.680931289310057153e+01
-6.773851777016810161e+01
-3.175843553904505256e+01
-3.936728734637417659e+01
-1.503448111740351578e+01
-1.173020596312310815e+01
-1.382901732386548055e+01
-3.375465563867994234e+01
-3.861367394199015024e+01
-6.381719461604170363e+01
-6.381719461604170363e+01
-3.779782766510423642e+01
-3.497148979433770677e+01
-3.896645510348511010e+01
-1.330214085465771312e+01
-3.072351351196067881e+01
-3.841520620820413967e+01
-4.903605747857309893e+01
-1.944071716149944962e+01
-3.878831353815719751e+01
-1.830651190594341671e+01
-3.191090904933888339e+01
-2.095180001994637209e+01
-2.880592012068371588e+01
-3.555376494403892451e+01
-2.690147451354281927e+01
-4.739477758999233004e+01
-1.279457760432089586e+01
-2.531210016521542983e+01
-3.755599218569850706e+01
-2.150759757524660998e+01
-2.566443295439891514e+01
-4.017754914851036574e+01
-4.366635671372235095e+01
-3.717094478067750885e+01
-1.340195264311710055e+01
-4.098796721118458919e+01
-4.348267741350268523e+01
-7.642505284247492625e+01
-3.013115080503243703e+01
-3.194339654637114023e+01
-4.836416378801886395e+01
-2.091952121912721552e+01
-6.475748798328964995e+01
-9.071496468810231306e+00
-2.066065841230237510e+01
-4.533380151115125756e+01
-2.571354426245540736e+01
-2.322372226258920946e+01
-4.266454063086769821e+01
-7.461995750699301766e+01
-3.503020646062807941e+01
-3.076732489553337047e+01
-1.449408720198899125e+01
-4.543068280365243794e+01
-2.909918535438492881e+01
-6.745295199242249851e+01
-4.941088105679679643e+01
-2.612507917947721481e+01
-2.154042668277299910e+01
-4.193065875677584131e+01
-2.784060942171151964e+01
-3.916396692123527146e+01
-5.125560134814603686e+01
-5.725997663180592667e+01
-6.848042084887076442e+01
-3.465941988964304699e+01
-6.099888825080249433e+01
-3.368827899208820043e+01
-4.940225268141868753e+01
-2.831778222016276558e+01
-1.019101853357243570e+01
-4.444989547932136986e+01
-4.900037757739330146e+01
-2.752526950152880403e+01
-3.107871006456827701e+01
-3.194105034256565645e+01
-2.126497379558682255e+01
-1.278237197855549923e+01
-3.962117881821230014e+01
-3.198094069014927499e+01
-3.890258386192316209e+01
-4.013241091010711159e+01
-4.179786371981781201e+01
-6.472197061309513799e+01
-5.070244656623149382e+01
-6.267097311913105528e+01
-2.997410393315663057e+01
-2.661711051637999148e+01
-2.307736169646891256e+01
-1.124053407949259054e+01
-1.051278526579867467e+01
-3.138110309756697802e+01
-4.056583999419872555e+01
-2.610520652621151427e+01
-1.341388726263583031e+01
-6.373586244927771816e+01
-4.325055103472536899e+01
-3.939590449312398590e+01
-5.116602715724430794e+01
-2.444460193089162203e+01
-6.111498518330186869e+01
-3.048997622932963125e+01
-3.348829383648605074e+01
-2.284067080392334503e+01
-2.755933951246815994e+01
-4.246097336096887176e+01
-1.137058325722906638e+01
-4.105461033758324163e+01
-1.573211717065170845e+01
-1.464985349981913032e+01
-2.076559281004083246e+01
-1.357314076504624722e+01
-5.353943446790503913e+01
-1.502010736882548692e+01
-4.019220421291971945e+01
-1.439614047475167879e+01
-4.110207361141483062e+01
-3.828470949222261055e+01
-4.910491598706330052e+01
-1.157987165756937564e+01
-1.529893561482576381e+01
-7.708267457227418618e+01
-3.174653267972009374e+01
-2.699617529361084323e+01
-2.909673601257071951e+01
-4.137860482711101895e+01
-2.757886482065262257e+01
-5.046610790741931396e+01
-1.847022859803649908e+01
-2.538772731341699185e+01
-4.344471566561951903e+01
-5.112442388099891133e+01
-5.249557457492846879e+01
-1.436752806335357846e+01
-4.651123451192123781e+01
-9.779647247387417863e+00
-9.884924850990762479e+01
-3.660998488828619912e+01
-3.585960910043405647e+01
-4.132355163951135069e+01
-4.282853428842374655e+01
-2.203288585432074598e+01
-4.567116363914077226e+01
-7.952190365580580078e+01
-4.531423920847542064e+01
-2.897710462584474200e+01
-2.962678647323857462e+01
-6.906813495416304249e+01
-2.531210016521542983e+01
-3.275023082118373452e+01
-4.334161931582266902e+01
-2.342421554891377156e+01
-4.352385497509991552e+01
-1.574426570100284906e+01
-2.792912273670900802e+01
-4.009114021184160492e+01
-2.081629518719029548e+01
-2.681153889158694881e+01
-1.346878217263013156e+01
-3.409151559395469633e+01
-4.868001915772596533e+01
-4.230967434103762770e+01
-8.682547373439966520e+01
-2.218924209232874034e+01
-1.361065099794290489e+01
-4.272409720524812826e+01
-6.258053731730829128e+01
-2.428672415659719519e+01
-4.113918437812331774e+01
-4.382842264004834476e+01
-1.169456634615234947e+01
-3.346186892878284880e+01
-2.319215429694891029e+01
-1.472443583923691435e+01
-5.708378829117864939e+01
-1.611798950028447663e+01
-4.932974841959392620e+01
-1.281316378988008964e+01
-5.637124555747391241e+01
-6.202041010418584932e+01
-2.187978087812728134e+01
-5.111471075231789740e+01
-2.281049121130579849e+01
-1.343422846944662297e+01
-2.921610430815316306e+01
-2.130307766645950451e+01
-2.508821544252383973e+01
-4.366824358237152381e+01
-6.121925395927588909e+01
-4.868452629164536916e+01
-5.261130297711636672e+01
-1.325658522079240953e+01
-1.634450137087674193e+01
-6.160352384759796252e+01
-3.235223205210472486e+01
-3.744305655865426274e+01
-3.717377773935382379e+01
-7.751020290407683255e+00
-1.593752744496901208e+01
-1.952351434947782849e+01
-4.508202719938490333e+01
-5.675527105698893138e+01
-5.727303262982530896e+01
-3.487392610166568119e+01
-1.953872276269110131e+01
-6.218049793088253807e+01
-2.162603725546373568e+01
-1.493477214612589066e+01
-2.066180369489075019e+01
-2.725995862905956102e+01
-1.555648298662078943e+01
-1.347653478293531393e+01
-3.741040904979693238e+01
-5.289672966073056415e+01
-1.653593659440367958e+01
-6.947765831487058108e+01
-6.647933537867160680e+01
-4.677867508641993766e+01
-3.725182712236938443e+01
-3.070831659721186924e+01
-4.776610321924884772e+01
-1.699847947854005170e+01
-5.644267548439704996e+01
-3.321229786557053387e+01
-2.509458732988365171e+01
-2.605332571236234784e+01
-4.845770920676969240e+01
-2.017558457489399970e+01
-3.858077491949469362e+01
-3.729998983325958761e+01
-8.082562036289118623e+00
-3.116836167327043583e+01
-2.645682038392486035e+01
-4.798765037310234760e+01
-3.438487832814031719e+01
-1.496209875266900724e+01
-3.794721717646002190e+01
-2.225658571114399109e+01
-4.529497034265134658e+01
-1.960133445471877423e+01
-6.578196206844016558e+01
-6.917571187019683521e+01
-5.072399621823450389e+01
-1.642107805415671962e+01
-2.962238382930003766e+01
-1.729345316136355493e+01
-3.112678943904818851e+01
-2.372643551431360720e+01
-3.502043560337965289e+01
-1.465492475055392774e+01
-2.128865597247554931e+01
-4.163360452715046023e+01
-3.831115361721099788e+01
-4.759381499443152563e+01
-1.697496348062740168e+01
-2.945350499569821423e+01
-4.455993781954676081e+01
-2.417599200955024585e+01
-2.269420105571095192e+01
-3.367492358706381594e+01
-4.507645729060789819e+01
-5.334749110972968822e+01
-2.603873733075622710e+01
-1.239344343391880088e+01
-1.489600229014104116e+01
-4.600125967474379962e+01
-9.759656015631450998e+01
-4.146898328929861322e+01
-3.916786517921661215e+01
-5.220917216700799202e+01
-2.250626849848996258e+01
-5.542493431671613280e+01
-5.657224686837741245e+01
-4.255538026802198459e+01
-1.675080744959239354e+01
-1.648814129075222823e+01
-2.289581661940913548e+01
-5.566146591490623052e+01
-4.879788156299912316e+01
-4.623555429943858996e+01
-1.328080059364398835e+01
-4.844360197260979106e+01
-6.977893982466747502e+01
-6.552395678749795138e+01
-2.033271725993806101e+01
-5.049684927415218283e+01
-3.331293017230950682e+01
-6.529128730006937076e+01
-4.455645865466301103e+01
-4.743656937630350967e+01
-4.660829509027981743e+01
-6.473051543481533088e+01
-3.459139087215477559e+01
-2.821647849194385316e+01
-3.685517912162980281e+01
-1.476909565752110254e+01
-9.723704838402417749e+01
-3.699844165750178604e+01
-1.042448572513795568e+01
-6.522501861959347025e+01
-6.525311543468052378e+01
-3.459099391782915234e+01
-1.237959614673947151e+01
-4.455993781954676081e+01
-3.445456461790045211e+01
-2.644459903968105152e+01
-1.912086342699932828e+01
-1.504896567159444487e+01
-6.438440297471538543e+01
-1.273663380500767417e+01
-2.552813697895349776e+01
-4.109124315826102958e+01
-5.900150451475069957e+01
-4.773569906109667471e+01
-2.958531131486644838e+01
-1.563617819254571195e+01
-4.616951045962330369e+01
-5.081139592015570372e+01
-2.182101963880365858e+01
-3.092926644805124425e+01
-1.684522571323369178e+01
-5.623252301431703870e+01
-3.139431596864173457e+01
-1.468780865883756626e+01
-3.683656946352703443e+01
-1.581525955210383216e+01
-9.554754847352761260e+01
-3.653177269693281914e+01
-2.648734213114286717e+01
-3.384952899715258923e+01
-3.820538516886856684e+01
-2.534089079202305328e+01
-3.346378802954880172e+01
-3.320064397910961418e+01
-1.458242965352121345e+01
-3.125708436075301933e+01
-1.623301778897381809e+01
-5.700500883467408642e+01
-2.227686155764429543e+01
-4.851194357302284743e+01
-8.347823062304075847e+01
-3.906662406709200752e+01
-5.494967292777578649e+01
-1.921385243928617115e+01
-1.217704902664998379e+01
-3.664657101550341878e+01
-2.622664586459742253e+01
-7.109774183156359584e+01
-1.188147939252876562e+01
-5.044097138474091224e+01
-2.248294877038442507e+01
-4.486733579007994877e+01
-3.555930575998475263e+01
-2.993800994331328269e+01
-4.767658355019577954e+01
-9.678784483763635649e+01
-2.915163761342994420e+01
-3.017330311538357179e+01
-5.613202633634693228e+01
-3.385814392043490528e+01
-1.773838192047851336e+01
-9.181027698284209393e+00
-9.607414734419575097e+01
-1.955457395657999342e+01
-5.273446201837706582e+01
-4.555171030691158762e+01
-1.128117741799804641e+01
-4.443655623893606332e+01
-2.556839799541789304e+01
-3.681994625848329861e+01
-5.348530248739528759e+01
-1.305003218859096492e+01
-3.162106469612544757e+01
-4.200698840166337789e+01
-4.123305238105169224e+01
-3.347218372070481252e+01
-1.631325192084387155e+01
-2.006379022030226622e+01
-4.055975041263857150e+01
-4.151039782281603152e+01
-4.985690679375705514e+01
-3.793520399993217040e+01
-4.215766581753258890e+01
-4.332543833761333474e+01
-4.026165294708060571e+01
-4.127619966288115450e+01
-1.841784390264306737e+01
-3.208765884874210172e+01
-1.369352136472931036e+01
-6.139339860680739491e+01
-3.832604253573289554e+01
-1.785973293404063256e+01
-3.094259872749969986e+01
-3.881203436132969387e+01
-4.994652536638921703e+01
-1.730138796605464435e+01
-3.600630430970196727e+01
-4.995703845772049334e+01
-2.313335070086261425e+01
-3.222342047900016127e+01
-5.287700123097075533e+01
-2.247426558635201843e+01
-1.923294996815279845e+01
-3.440044154729667980e+01
-2.483329393704215349e+01
-4.886477855500547918e+01
-2.780104152289520769e+01
-4.105256445910053031e+01
-3.912829756363561984e+01
-3.713766007344692355e+01
-2.061237999612239591e+01
-1.591720346851103329e+01
-5.424495864750582541e+01
-5.124042772463677409e+01
-1.944071716149944962e+01
-3.597425394829591738e+01
-4.501389363178046921e+01
-3.905726610332793314e+01
-5.256631874494599543e+01
-4.180394926852691384e+01
-4.980240556196086743e+01
-2.909689521912687837e+01
-1.607822602348132435e+01
-5.319028281169727279e+01
-2.352797196771737731e+01
-3.851783450831153743e+01
-2.751770498599553960e+01
-3.765312647191202444e+01
-1.263718076668475909e+01
-3.105101267699699719e+01
-9.405616533744183982e+01
-4.654059510124483268e+01
-5.837635382675184559e+01
-5.801377334742435465e+01
-1.147990232732023408e+01
-4.417359643141757886e+01
-1.525719810027963597e+01
-1.169490230472675485e+01
-3.517297810477948161e+01
-4.687683659926736368e+01
-1.612358396600469490e+01
-3.386998869429312009e+01
-3.406250977834981342e+01
-3.351322260666990616e+01
-6.593449624447094948e+01
-4.091922553082654446e+01
-3.470678628335719651e+01
-1.764116252842529775e+01
-2.339058751934754099e+01
-1.716136450841277394e+01
-5.650690980807259933e+01
-1.417198491410049499e+01
-9.056715038025927811e+01
-5.177022726065881386e+01
-3.159077233350616609e+01
-6.035064193880854333e+01
-3.569654203749118437e+01
-4.884738454640662297e+01
-5.568993797830310655e+01
-2.359834536355054624e+01
-1.836678329605155469e+01
-3.721750907834638866e+01
-2.039637801837101350e+01
-3.529158049974542877e+01
-2.543142524542973248e+01
-3.570433048289413591e+01
-4.012708947199362086e+01
-4.652687333034282346e+01
-3.299584713960329196e+01
-1.395193664524460253e+01
-3.432957015077329288e+01
-1.764214644568647472e+01
-4.166172982482812870e+01
-5.272114004523915298e+01
-3.164034961476051677e+01
-3.447267648462183587e+01
-4.839414941977807416e+01
-4.847435475573234243e+01
-2.415219600213140083e+01
-3.493206531012563687e+01
-1.303955309016992103e+01
-4.049559527814461291e+01
-1.184520541872243626e+01
-4.097937879994990595e+01
-2.739009783134315867e+01
-1.309455529041443178e+01
-1.779171371768864418e+01
-2.941465429378563456e+01
-1.103110501046767666e+01
-3.764627404667174915e+01
-5.143122180909645635e+01
-3.389986877763574569e+01
-3.540261387466176757e+01
-1.035117727101315310e+01
-2.213842691761193038e+01
-1.792318912033962164e+01
-7.049626022915410317e+01
-5.932516323339763176e+01
-2.279399789068044768e+01
-1.869393102312219668e+01
-4.075448987117687949e+01
-1.470306723928812076e+01
-3.038872638210508370e+01
-1.265113718065750170e+01
-2.023507742747509752e+01
-5.608802267327236990e+01
-2.590824409153919206e+01
-5.166553423575876280e+01
-1.592991482062335074e+01
-4.980106836333423814e+01
-5.389737982297528873e+01
-4.904260112072051214e+01
-1.583812893245633902e+01
-4.954186502687726801e+01
-3.963999953540553634e+01
-3.962136511335143751e+01
-2.420221366421989728e+01
-3.975120426996912926e+01
-5.984124991999048149e+01
-2.785999317695565836e+01
-2.018099291172066501e+01
-2.535462493705306741e+01
-2.752888347017431769e+01
-1.414889176449958441e+01
-3.744231531689145953e+01
-1.323863768628933357e+01
-4.004945683349311736e+01
-3.396943777428334243e+01
-1.738592776105723559e+01
-3.928426099089136159e+01
-5.787243518987664004e+01
-1.977636795606321130e+01
-3.162726750625322225e+01
-1.255288206625980507e+01
-3.769305838435015232e+01
-1.359472284250241003e+01
-4.136794404222096944e+01
-1.562150211400263800e+01
-4.117984840889107545e+01
-5.224125819354973999e+01
-1.708291857883583731e+01
-4.475291981574230959e+01
-3.741587747779474427e+01
-3.762779450478067389e+01
-4.017937591348480453e+01
-4.461980712822144568e+01
-4.893824988602718662e+01
-2.421708670776997963e+01
-1.441106080269644707e+01
-5.967043221490439464e+01
-1.342583891721037581e+01
-1.592495993211543315e+01
-2.636799572730209462e+01
-1.090381657435747798e+01
-1.237664267838576748e+01
-4.146118545777644471e+01
-3.466487764752599787e+01
-4.709267537100426892e+01
-1.617122947094474839e+01
-4.394256701448173885e+01
-6.093556022117329007e+01
-4.501389363178046921e+01
-2.849966976990366518e+01
-3.287952946344821470e+01
-5.774493753886397940e+01
-4.186633122904106585e+01
-3.877826165907477218e+01
-3.706020742219139663e+01
-3.083238888117562482e+01
-1.648768267895425765e+01
-1.096662291150730795e+01
-1.335382868947016100e+01
-3.868685209249740353e+01
-1.140256639015840179e+01
-4.294566417482550236e+01
-2.145411397094044048e+01
-1.976063070144406808e+01
-4.507645729060789819e+01
-1.047051414235777145e+02
-1.450735291539103500e+01
-1.067788223081118559e+01
-3.164614435517913904e+01
-2.771694885801380792e+01
-1.406552739596383539e+01
-4.827396874626528955e+01
-6.348623932228420585e+01
-4.252691877441090185e+01
-2.266271692380000502e+01
-2.686729065781267067e+01
-1.001448613886632266e+01
-6.655267827872985720e+01
-4.845770920676969240e+01
-3.149484898959547508e+01
-3.757213442177843632e+01
-1.077107621380024227e+01
-3.112101820135768548e+01
-4.539790261907601376e+01
-3.636957246380416819e+01
-1.120761352245755660e+01
-9.427289518356089104e+01
-3.842470291237997060e+01
-1.432663128217194703e+01
-4.781723502363933420e+01
-4.840543080202913728e+01
-2.883025616949468528e+01
-3.561323791648081283e+01
-4.286776101027786012e+01
-2.922090466924765551e+01
-3.874029932060140879e+01
-4.549443499818393377e+01
-1.434717633349020005e+01
-4.607194646775734270e+01
-3.148250921113791279e+01
-3.389555759053099848e+01
-2.546573586060452143e+01
-1.110768792894898027e+01
-3.873614648931879856e+01
-3.690980878777224916e+01
-1.481503104651528169e+01
-7.927443369610362112e+00
-3.125350052703924675e+01
-2.169284873474734354e+01
-2.988124222676420771e+01
-4.207226928617974693e+01
-1.464913162827545712e+01
-1.655795034495634255e+01
-2.869297233862058150e+01
-2.850852532072710943e+01
-2.628693398323753527e+01
-2.514771964439179186e+01
-5.171378447896899644e+01
-3.829608538252746541e+01
-2.135886970477549696e+01
-5.843576639536757256e+01
-2.700696132424113571e+01
-7.169693505248683607e+01
-2.846533084847717632e+01
-4.718022809663840889e+01
-1.580926485966639028e+01
-4.410918539339725442e+01
-5.193690331936161897e+01
-4.367005811204001731e+01
-4.176982781721285676e+01
-6.231103220276981602e+01
-3.848494536296524871e+01
-1.741704971449617290e+01
-2.334840521110969647e+01
-5.570651728843437667e+01
-3.803283914568534385e+01
-3.475152486823206743e+01
-5.520816317473264689e+01
-1.711704971449617219e+01
-3.162726750625322225e+01
-3.988174815502875958e+01
-6.200152625791552907e+01
-4.394813896780877371e+01
-1.629515947964090827e+01
-2.602872691820471118e+01
-4.827347736890537533e+01
-5.570621217960631810e+01
-6.477829496334780401e+01
-4.252778625828372583e+01
-1.296330968830789487e+01
-3.691172941886577519e+01
-6.088427576482511938e+01
-2.776412001481677549e+01
-3.439163163981967841e+01
-6.065773349711390949e+01
-3.803745982700241512e+01
-5.754239805034345778e+01
-3.288442719570613093e+01
-4.192620055306777260e+01
-3.850545337338910912e+01
-1.519262129425543506e+01
-4.485489188002961214e+01
-2.994967590355956943e+01
-3.815576296532545797e+01
-1.134580927546215534e+01
-5.818654998377062526e+01
-1.548253765227252465e+01
-2.821000068222397417e+01
-1.503047408555802988e+01
-1.389156983887080266e+01
-6.187409161879013908e+01
-5.050631002774475320e+01
-3.487596306073388774e+01
-3.376503280652086403e+01
-3.746077792196444278e+01
-4.813798997540354918e+01
-3.717864140018580343e+01
-5.061456351808775622e+01
-1.251880615336554037e+01
-5.544403811657630854e+01
-3.479222962561303234e+01
-3.079791949621070302e+01
-2.243549817352581144e+01
-1.288401940369635312e+01
-1.365595035338937002e+01
-2.197690440702819714e+01
-2.061237999612239591e+01
-5.118900213879899042e+01
-3.606615898204572801e+01
-2.030368232558612007e+01
-1.886455103608127004e+01
-2.314397125619575490e+01
-1.443566169473725402e+01
-4.084019744093627935e+01
-3.300969208946229116e+01
-1.841854135906431722e+01
-2.449798559130435294e+01
-1.904847015500887508e+01
-4.471794904330214848e+01
-3.899507064572945580e+01
-5.246419136686768780e+01
-9.573475836008901751e+01
-4.859465538069273549e+01
-5.691748969935837010e+01
-4.038395329246053223e+01
-2.593237331229703813e+01
-3.186476093149035194e+01
-1.990870875484927538e+01
-3.691749707118218282e+01
-2.072492641540940639e+01
-1.511309485882088843e+01
-6.187188429960798430e+01
-2.521012444596441071e+01
-3.378584149333423170e+01
-3.417576931549739783e+01
-4.832127410019963065e+01
-6.227761335819968735e+01
-3.885096249359023091e+01
-1.003818525900598644e+02
-4.569892688703117045e+01
-1.111663388360776139e+01
-6.780172816477428910e+01
-2.040594670146493073e+01
-2.176317305164930360e+01
-2.442176907051570467e+01
-6.052257852008070671e+01
-1.787811046719798469e+01
-3.035593869552604218e+01
-4.355986045116112138e+01
-5.102580541061520591e+01
-4.327202947215445761e+01
-3.416486889981690211e+01
-2.195627542690576561e+01
-6.000299977927702599e+01
-5.759392496281818552e+01
-6.958396045474151137e+00
-8.135361102981119075e+01
-5.433451049584819259e+01
-6.665097409570716991e+01
-3.562851328704477538e+01
-2.053454561884505836e+01
-1.593790814894011554e+01
-5.728226812957847613e+01
-4.047878529416787785e+01
-6.408599115805056101e+01
-5.266057728472248556e+01
-2.798799519473076458e+01
-1.799741376352530864e+01
-3.806333927279708718e+01
-4.311128381692883238e+01
-3.680319772700643455e+01
-4.759998820906336192e+01
-3.098979839678824533e+01
-5.979746921663902981e+01
-1.220364588162693664e+01
-4.559841426965898137e+01
-4.579067126588530812e+01
-8.572689528333420128e+01
-5.021927923845485253e+01
-3.506790366493538613e+01
-3.223839180154513429e+01
-4.417328364000664465e+01
-2.040902096465800852e+01
-3.303297555914068795e+01
-3.174258748720504286e+01
-5.022879047701043476e+01
-1.206033357785049276e+01
-2.585359146244569573e+01
-1.492391629725037028e+01
-9.581893207642744770e+00
-3.908795983928548878e+01
-4.337709619940230965e+01
-4.601709601777492509e+01
-3.540636279326974289e+01
-8.844637353618361431e+01
-1.073935782018920193e+01
-2.914176100623578236e+01
-3.858682704026651322e+01
-3.061834676217764795e+01
-4.071235909362714978e+01
-2.872484026172345040e+01
-1.192478249506882371e+01
-1.804989115431941471e+01
-6.027324330812692921e+01
-3.229908491317904407e+01
-2.854401096394355264e+01
-5.776011967986484308e+01
-1.357664159288078665e+01
-3.403650866869749336e+01
-1.228406794446139827e+01
-3.549961720516962060e+01
-3.409144825760414932e+01
-9.698261018401176159e+01
-5.630644425446553214e+01
-4.506260593221220745e+01
-8.733248986298001171e+00
-1.256970221268542609e+01
-1.210124268432510419e+01
-4.528159607788580132e+01
-3.272559055298410158e+01
-3.882533312847737506e+01
-6.078562740870986403e+01
-3.099982550633165701e+01
-4.486788928931622422e+01
-4.759704789137040137e+01
-1.014140259589473736e+01
-1.480421800596925408e+01
-3.149342771744995062e+01
-1.672769489977078194e+01
-3.702490024868009044e+01
-3.483810880171920132e+01
-5.121176562141086919e+01
-1.522453638378917340e+01
-2.791302240945691082e+01
-4.790627586380688996e+01
-5.499955448634965904e+01
-2.934513945594608231e+01
-1.554552898408648076e+01
-4.689101341458739114e+01
-3.918973586285795818e+01
-2.100403321132050038e+01
-3.769942896225769147e+01
-3.180182341576728788e+01
-4.278303620141777941e+01
-3.836416586379440474e+01
-1.829355915148523337e+01
-3.439480853015554374e+01
-3.172977804875419849e+01
-9.760729434039313901e+01
-1.336598633099084488e+01
-5.409674449825456577e+01
-9.742392952214693480e+01
-4.039302395344299867e+01
-3.716655429405002309e+01
-1.249751721023059226e+01
-5.481826492811024565e+01
-5.630094819750197388e+01
-3.047473465640092272e+01
-6.437826370496708250e+01
-4.869338645677585475e+01
-3.099167072815147250e+01
-3.406270407564708336e+01
-2.231676673945749556e+01
-1.759333756378076430e+01
-1.340440183306302124e+01
-2.641093121658894916e+01
-2.769124312830394175e+01
-2.854903775076585859e+01
-4.061624291130981845e+01
-2.407982379002622508e+01
-1.076291056618318720e+01
-1.547212280694230024e+01
-3.985711781903818007e+01
-2.243489758893295516e+01
-4.506260593221220745e+01
-2.280953959564265432e+01
-3.240950253933310421e+01
-2.877033623286283870e+01
-3.767267597017036707e+01
-2.732659423570210677e+01
-8.572398265362256353e+00
-1.176864854778351877e+01
-1.120124268432510384e+01
-3.223839180154513429e+01
-4.385214493118957790e+01
-2.147857577823905828e+01
-1.231891541648327859e+01
-4.531464927177155744e+01
-2.818751061823369852e+01
-2.750547375193624333e+01
-3.641769220391882556e+01
-4.327597028432155213e+01
-9.835203232213444835e+00
-3.642445544568995786e+01
-1.798264801363898258e+01
-4.129423934073290781e+01
-8.046267128735420826e+00
-2.247199449954377926e+01
-6.411221965155749558e+01
-8.811019452901152960e+00
-4.147183182064750895e+01
-3.669794638990654789e+01
-1.528011830294363271e+01
-1.413553201167252915e+01
-6.294955213118818449e+01
-3.022260928559619231e+01
-3.380167879779676099e+01
-3.893521787467917505e+01
-4.602343029043580458e+01
-3.764081129651589919e+01
-3.624222070430275267e+01
-5.102938874128582825e+01
-3.031395388333312013e+01
-1.062820764905220550e+01
-3.888525788906213876e+01
-3.290727015243675169e+01
-9.004764485830429521e+01
-3.502493692401383640e+01
-2.870817090231996005e+01
-8.105460901654453210e+00
-4.562433538824144819e+01
-3.903987314562652955e+01
-2.151046652080548327e+01
-2.429627339898594585e+01
-2.761111373908109101e+01
-3.246087011712752712e+01
-1.060785107354420731e+01
-5.241575625347509515e+01
-4.562433538824144819e+01
-3.147194566462556509e+01
-2.825636310503559301e+01
-1.721188749845767774e+01
-1.086745447661014197e+01
-5.494761053267897921e+01
-3.546266380338834523e+01
-4.466972851399489741e+01
-1.349475762548738089e+01
-5.123146805100922307e+01
-4.562433538824144819e+01
-6.437826370496708250e+01
-4.380162422683016388e+01
-1.192070293503812906e+01
-9.633248986298001526e+00
-1.336208210231746207e+01
-8.883628312908662394e+00
-2.854401096394355264e+01
-3.547453654682981039e+01
-4.885428623266857784e+01
-2.263504641098390380e+01
-2.931049723184436573e+01
-4.326323161655124494e+01
-3.531951247720359532e+01
-2.126382102917278161e+01
-3.552665050948985481e+01
-4.473556800770842301e+01
-4.070456714969871115e+01
-1.927781530327539272e+01
-1.558774905785668885e+01
-1.823350371277009430e+01
-1.451521951650238762e+01
-9.784849023171217652e+01
-4.189081091666096057e+01
-4.448553354547577499e+01
-6.051746380692573979e+01
-3.583718718521717506e+01
-3.755334925725720296e+01
-5.855232570722332497e+01
-3.968856101449006246e+01
-5.610631467046114551e+01
-2.706398096666282171e+01
-2.905999317695565409e+01
-3.991998119191812577e+01
-1.310244063777023626e+01
-4.710962244248499786e+01
-6.102791909878334309e+01
-2.501198022300540913e+01
-1.350697462889526967e+01
-1.430995664896177288e+01
-2.429627339898594585e+01
-4.512547868717158650e+01
-1.128410544731798026e+01
-4.083111763917165149e+01
-1.859412306746424903e+01
-1.380697462889527038e+01
-2.431573270059856995e+01
-3.700730056608675511e+01
-3.097288249521938042e+01
-4.703461797447899073e+01
-1.004422098677670476e+02
-6.126787469581876877e+01
-3.530635894672040820e+01
-3.367627931097347727e+01
-1.242998293137600285e+01
-3.217260383670404167e+01
-1.724555756343553981e+01
-3.081091426787561005e+01
-2.870817090231996005e+01
-1.110117311105961413e+01
-2.905999317695565409e+01
-5.076111330859351511e+01
-3.305058595528538490e+01
-2.244046000708807043e+01
-1.240923902136017531e+01
-1.240923902136017531e+01
-6.498228065780638474e+01
-2.109290600133078897e+01
-2.133681771317488440e+01
-3.619552174066179617e+01
-3.436405416589558115e+01
-3.304881895749090859e+01
-4.634345105835564738e+01
-2.812679935899092953e+01
-1.310127056980189764e+01
-4.700833569492034769e+01
-1.227219729693636729e+01
-6.325075813421393178e+01
-1.370418796024933350e+01
-3.678686019101463245e+01
-3.989587227627792032e+01
-3.149300201929875342e+01
-1.021061897644452898e+01
-1.467184913364519261e+01
-3.223839180154513429e+01
-1.020000000000000284e+01
-2.845999317695565978e+01
-4.473556800770842301e+01
-4.342457883673490215e+01
-5.186347283304056788e+01
-5.477381055054808456e+01
-1.844696150179188976e+01
-9.277243517226715142e+00
-2.409880817699430366e+01
-3.815674437479863457e+01
-4.473556800770842301e+01
-3.054336829549982824e+01
-4.191276559312995431e+01
-3.951480372930859630e+01
-2.246575279621212573e+01
-5.139174621171388679e+01
-6.437826370496708250e+01
-3.631392977097393526e+01
-9.797886823593190186e+00
-3.828640350391644631e+01
-3.993247475648654898e+01
-1.062194401125853105e+01
-1.976943099072412124e+01
-3.044204352797920876e+01
-4.023321553549975249e+01
-3.888876298561919498e+01
-3.465935924300255522e+01
-2.605435296877305973e+01
-4.658037970915744097e+01
-1.741704971449617290e+01
-3.594738372768950541e+01
-2.878464605164460011e+01
-1.003887198312200013e+02
-3.621342860573383149e+01
-2.223909556759022621e+01
-4.565676283425764126e+01
-3.364847498488584421e+01
-3.192147219790717116e+01
-3.042164075997484574e+01
-5.463391904138403277e+01
-4.202734051357877831e+01
-1.664915724085683024e+01
-1.793862109110660441e+01
-1.072617481018392382e+01
-1.716010494645340856e+01
-4.634345105835564738e+01
-5.567123439744812430e+01
-3.432482197826794135e+01
-1.021061897644452898e+01
-2.108322566287309385e+01
-1.242194401125853354e+01
-3.095038396208596154e+01
-5.543765920288177540e+01
-4.487249922497716170e+01
-1.847128930870401220e+01
-5.416249862086361588e+01
-3.467287273293624850e+01
-4.679177010449186724e+01
-4.455993781954676081e+01
-3.467287273293624850e+01
-4.072463086388083298e+01
-4.023321553549975249e+01
-3.526493297203266053e+01
-6.569722508541902073e+01
-4.574311639911417160e+01
-1.334416986679002193e+01
-4.304921518253105006e+01
-2.873072779705885793e+01
-1.553317730891484771e+01
-5.699812965755210570e+01
-2.405625387513826752e+01
-1.335297874355086023e+01
-1.250396643001899477e+01
-5.202938943320198462e+01
-3.909596255866595271e+01
-4.447854423925893030e+01
-1.275231105297772238e+01
-2.902434194558224334e+01
-8.043069913431041940e+00
-5.157026762316858282e+01
-5.880358115727554491e+01
-3.912712075197396189e+01
-3.004056765792511996e+01
-3.364857589139365501e+01
-1.466559866440288040e+01
-1.728546800913872872e+01
-3.450523543591997822e+01
-4.033073734469507343e+01
-3.583877846808380951e+01
-3.906306633442072496e+01
-3.868891513054034448e+01
-1.390124268432510846e+01
-1.440105525580933943e+01
-8.786994917844164377e+01
-5.645989420535884307e+01
-4.756646790502299638e+01
-1.291837226354519430e+01
-4.158731436178834429e+01
-1.492727600929046083e+01
-3.032814880261901536e+01
-4.755314298997438271e+01
-2.003498823023417685e+01
-6.406757504000064785e+01
-4.378913638300451083e+01
-2.156036280310702935e+01
-2.115896112050716127e+01
-3.613315669688303444e+01
-4.233720802119444215e+01
-1.147741968041590788e+01
-1.290049103620549964e+01
-2.062747140958359893e+01
-5.071839944938273703e+01
-2.381625667613185726e+01
-5.781216080389866363e+01
-3.976015545592195366e+01
-5.075970247089303911e+01
-1.892632403785617967e+01
-5.621389295021858601e+01
-4.057010812998051108e+01
-1.364507734939073025e+01
-1.373400927020623818e+01
-2.985488362237211390e+01
-4.315472725159605716e+01
-3.435854813367778604e+01
-9.901173111059614840e+00
-2.660847622758076980e+01
-4.618546377302602934e+01
-5.428165135759011406e+01
-5.233210347464178369e+01
-6.217261574815227476e+01
-2.941539530995166629e+01
-3.881106073958705593e+01
-1.441693951779325644e+01
-3.563495944091174294e+01
-3.533178041658079138e+01
-3.139342469410535230e+01
-1.570172246427187801e+01
-1.882296714373873314e+01
-2.520960984838961139e+01
-2.061851716017558545e+01
-2.238304709792116753e+01
-1.397752242432400394e+01
-5.306521508576924617e+01
-3.808722117993573875e+01
-1.013665021101509645e+01
-3.710706957053626098e+01
-3.810106322178533844e+01
-5.516318467774129886e+01
-4.740746951951703636e+01
-3.021416037929680343e+01
-1.138351989200339887e+01
-1.720687875323952554e+01
-2.040987850519563906e+01
-1.129389910301428657e+01
-1.709039668673866075e+01
-2.310069271246442568e+01
-6.536488240131288308e+01
-6.116523506081904316e+01
-2.487657542709664327e+01
-4.534112707725235225e+01
-1.090124268432510313e+01
-5.825932832030591868e+01
-5.815599350044424654e+01
-4.488888889526636916e+01
-2.468822289042605789e+01
-2.599284906951196561e+01
-2.676447045454504803e+01
-4.615416393587828026e+01
-2.147857577823905828e+01
-2.960129497314389013e+01
-6.140363288546161158e+01
-2.954697558293559823e+01
-1.631081034765195525e+01
-3.561976112466011557e+01
-2.006915175467424817e+01
-5.613463743973778719e+01
-8.941402595894734517e+00
-2.965593716629791743e+01
-2.005642213339600133e+01
-1.000124268432510100e+01
-3.149775947242866891e+01
-3.469782785294919591e+01
-2.206458331405291062e+01
-1.149896578068475250e+01
-6.659988920939022705e+01
-1.699461627541598929e+01
-1.541693506585833084e+01
-6.536488240131288308e+01
-1.325620784449666978e+01
-2.485865609569045276e+01
-2.075903895420010414e+01
-1.880893863190293658e+01
-4.530613725794889746e+01
-4.924006747521477223e+01
-6.591111561252526485e+01
-4.010273262003711636e+01
-4.715040756189827675e+01
-2.094882250977284954e+01
-2.147857577823905828e+01
-5.159180171757237332e+01
-3.776032418217833708e+01
-2.182222384872673970e+01
-2.431570415793588325e+01
-3.446188194870885013e+01
-3.437161415478557558e+01
-5.098961875075373484e+01
-1.687842578927629233e+01
-4.043761406654680002e+01
-1.969998120567557720e+01
-1.152998293137600250e+01
-3.785028390594968783e+01
-6.650903792184908525e+01
-3.628533574007048657e+01
-4.679177010449186724e+01
-4.794575173380613364e+01
-2.854401096394355264e+01
-3.207016756490479281e+01
-3.603931866478644253e+01
-2.147857577823905828e+01
-2.522074830803814294e+01
-2.640494770944729908e+01
-3.313676436019743221e+01
-2.931823769592565299e+01
-1.288613380783735529e+01
-1.021061897644452898e+01
-1.187752195247775511e+01
-1.014140259589473736e+01
-1.702217090590701432e+01
-9.173746289876065774e+00
-2.021584425951024855e+01
-3.934477551666982720e+01
-1.509911915370669888e+01
-4.530380015006161898e+01
-2.579869922499132784e+01
-3.890059499358831374e+01
-5.525826893307757359e+01
-3.941383542468941670e+01
-5.406034600065326856e+01
-3.849860948882930956e+01
-5.842128124073241224e+01
-4.364932619561314908e+01
-5.353002986351201287e+01
-3.910709672333009479e+01
-3.976015545592195366e+01
-4.455993781954676081e+01
-6.414129644963924193e+01
-4.205527889769169292e+01
-6.437826370496708250e+01
-3.637677664137579114e+01
-9.340590192338249054e+00
-1.324551010114541150e+01
-1.923324855344721485e+01
-3.130798451439720864e+01
-9.490525536093997516e+01
-1.360868703646526612e+01
-3.991280709783426062e+01
-4.235912954475720937e+01
-9.532015480455801537e+01
-1.150092576199001826e+01
-2.402257022261854758e+01
-4.034991601847110587e+01
-2.054863330909577002e+01
-1.430995664896177288e+01
-3.285638639990170873e+01
-2.770360102722425211e+01
-2.558757855679063908e+01
-2.147857577823905828e+01
-1.043520323221344448e+01
-1.758735044668641478e+01
-5.400715295566834584e+01
-2.171286340814659965e+01
-1.531585159120320228e+01
-6.466113988844550420e+01
-1.854532489555496610e+01
-2.231865774022373117e+01
-3.806673295825475378e+01
-3.576218134476093269e+01
-3.957636579165886559e+01
-9.835203232213444835e+00
-5.103920447130478522e+01
-1.515321171634216313e+01
-1.834586572362881185e+01
-2.900675991242268381e+01
-4.848073001156249262e+01
-1.600561781377173176e+01
-3.438107630506956269e+01
-5.073791259863470060e+01
-3.711055118066479253e+01
-3.218279789379613476e+01
-2.993984751504182285e+01
-2.103305154797254062e+01
-1.081255919253325359e+01
-4.853518283229635699e+01
-1.021061897644452898e+01
-3.801224761474229297e+01
-5.056982723579920957e+01
-7.098286188590968493e+01
-1.411693951779325218e+01
-1.010742444575379473e+01
-1.262458080702943697e+01
-4.018173612698997488e+01
-3.388507738854540463e+01
-5.369898551884063664e+01
-9.433174782393308533e+01
-1.167769666278511664e+01
-1.245624740312779188e+01
-1.297486318598531341e+01
-3.475930905800273507e+01
-1.181098028852671078e+01
-1.493964899961941306e+01
-9.005460901654451789e+00
-3.466898078710341480e+01
-4.216263186646344252e+01
-4.495235235100128790e+01
-2.142577856983021789e+01
-2.037508699114082944e+01
-4.367232646435782328e+01
-4.985104068389689047e+01
-1.834586572362881185e+01
-1.280213526271236546e+01
-2.502630692760508779e+01
-2.723145660452474104e+01
-4.610300307562660294e+01
-2.708715274698796449e+01
-1.370388743715112234e+01
-4.290866373426986513e+01
-4.323956420416325841e+01
-2.068859321481898661e+01
-1.067461679102296834e+01
-2.487808390829644978e+01
-2.195108631692238887e+01
-1.346896932777330136e+01
-3.455183670666409057e+01
-2.431659019900411067e+01
-3.944456422136705243e+01
-3.132977769798371526e+01
-5.139177833902559200e+01
-4.265653881482970178e+01
-2.888924123924336484e+01
-4.571844831664926545e+01
-5.108027837022952866e+01
-4.581336896143364612e+01
-3.352428997996734950e+01
-2.056386370044336331e+01
-5.665950234831829846e+01
-1.044140259589473807e+01
-1.457199410989378308e+01
-2.988734804488345276e+01
-9.605460901654453210e+00
-1.279220000228053600e+01
-2.679295655866759063e+01
-1.542508158794178819e+01
-1.212310049911765475e+01
-3.259822779953979932e+01
-5.875063648395799731e+01
-9.823441740549620604e+00
-4.051463872651611808e+01
-1.331112797637291045e+01
-4.250042260733079047e+01
-3.217982055630823623e+01
-4.905423440671442137e+01
-3.787081514695246653e+01
-1.975576726980231257e+01
-5.113778303922887147e+01
-1.499722967214648151e+01
-2.189539671524261166e+01
-1.609481789057402779e+01
-4.069402125127647452e+01
-1.746577979522344393e+01
-1.349827695835899988e+01
-3.652241938134059751e+01
-1.868831129937798607e+01
-1.292375686512372113e+01
-1.272097110141186960e+01
-4.323879697127954813e+01
-2.576423007360784112e+01
-1.159173559298583456e+01
-1.448052636507467561e+01
-1.643500013064431542e+01
-1.911313802342450074e+01
-2.307461960885887819e+01
-2.317760673375666514e+01
-4.321340662549412315e+01
-2.844095615043884351e+01
-1.539501501364580172e+01
-2.158961140335407336e+01
-4.513524351240256749e+01
-2.123673317822970574e+01
-2.325120998874826839e+01
-1.460738101257875776e+01
-4.227239515377920043e+01
-4.455993781954676081e+01
-4.312895215711691321e+01
-3.865924152957714455e+01
-3.958268259572592029e+01
-2.218363475598420820e+01
-2.884459045930704946e+01
-3.686863450340347015e+01
-3.701560547039959914e+01
-2.985322335699419583e+01
-4.170933863311351075e+01
-3.789584425642305376e+01
-3.891646919308672636e+01
-3.050670863728132076e+01
-2.259982961933985024e+01
-3.114790058372408055e+01
-3.053454878716273058e+01
-2.522180855063284710e+01
-3.863611442677925822e+01
-8.613354459338397362e+01
-3.209339443241688627e+01
-3.521923174455115202e+01
-2.871548037450279622e+01
-1.010764191447560023e+01
-7.019072716171129400e+01
-1.024822564897939436e+01
-1.233248831031352744e+01
-6.176768961025246796e+01
-1.379827695835899881e+01
-1.334011913912051028e+01
-1.098338039568712254e+01
-1.367662604962127482e+01
-4.102293509502958813e+01
-3.740046992837650919e+01
-5.030223147775973302e+01
-2.097257763108857276e+01
-3.353800953235342064e+01
-3.221539500285918933e+01
-1.695131471982217519e+01
-2.741297588669805663e+01
-3.736914012492012205e+01
-3.126597151296491361e+01
-4.111301503998632256e+01
-3.171891834933835241e+01
-2.484680518441448527e+01
-4.118707529796098044e+01
-3.359422098501541853e+01
-2.058642591850185610e+01
-2.744497088225225667e+01
-2.887917585602914627e+01
-2.296038475083797081e+01
-3.144718260570144963e+01
-6.853774058819882953e+01
-2.077668028609763340e+01
-1.512627381644341895e+01
-2.828058164797245411e+01
-5.646865983332484262e+01
-1.048896086294371166e+01
-4.522427682146889794e+01
-3.590159278367574558e+01
-4.856820320687106118e+01
-5.403826032203298269e+01
-1.718968278133630179e+01
-3.707719803431246675e+01
-1.343814236323965616e+01
-4.078244326802027331e+01
-1.077008484649574171e+01
-3.527520928891591723e+01
-5.682218571362839299e+01
-3.154416513072091277e+01
-4.677204431657468575e+01
-3.767479661860219409e+01
-1.618576286668383446e+01
-5.774123796955532129e+01
-9.442909671064094823e+01
-4.744959766115368183e+01
-3.318293642951010014e+01
-5.189918485840849627e+01
-4.346935129309625978e+01
-6.734284313180464210e+01
-3.746204714916941469e+01
-3.240288464393636758e+01
-2.166170100815278587e+01
-3.717482814204922192e+01
-9.749536975271479378e+01
-3.942959172284656688e+01
-1.515636474862625604e+01
-3.456151355703988060e+01
-5.249928806723097097e+01
-7.776903633795181570e+00
-5.760929846866318371e+01
-2.995651789692218614e+01
-3.115884164487729535e+01
-2.419963784452916400e+01
-3.723918355100509814e+01
-3.691298541760930618e+01
-8.337071023996358576e+00
-4.562144660805937235e+01
-1.110883660901207826e+01
-1.498622572200409842e+01
-5.002068072443236701e+01
-3.861466049822126934e+01
-3.830043515006305199e+01
-1.282928954253354625e+01
-8.139670411944240414e+01
-1.463875124748817846e+01
-3.800487594142569492e+01
-1.592148385330039062e+01
-4.667368735239469402e+01
-3.201344141682517375e+01
-6.054776717256473262e+01
-1.952197446436318273e+01
-8.714941846430555472e+00
-5.198661529747398191e+01
-3.531647847791771966e+01
-3.658233059142205690e+01
-5.165504510865459054e+01
-3.910079461260554012e+01
-6.771010159921232230e+01
-4.420654954153037863e+01
-5.243380098689536339e+01
-8.018324970486702341e+00
-5.003976145339354531e+01
-1.846950412349184845e+01
-6.527263691555637593e+01
-4.461980712822144568e+01
-4.526048022951498240e+01
-5.036201142908412720e+01
-3.658570009872251916e+01
-1.338131760028196027e+01
-2.937676112349237201e+01
-8.628159347175612837e+00
-1.181966245114734093e+01
-4.137460314313752718e+01
-6.186990993570012165e+01
-2.095246859965892838e+01
-5.022888147103093104e+01
-2.947311952824630410e+01
-4.794762893611004984e+01
-2.901700513370607482e+01
-2.507011843764527015e+01
-5.123242717904058452e+01
-1.986490307752495355e+01
-3.084331806295928047e+01
-2.539761174991614112e+01
-2.939169170409656218e+01
-2.714382031903923931e+01
-8.804249766019308865e+00
-1.104772855321304625e+01
-4.492949324469134353e+01
-2.224458605548005963e+01
-2.775130428359788581e+01
-4.512884591563545911e+01
-3.082991408573484904e+01
-1.000865996751231712e+01
-1.469380520794745415e+01
-2.680456672070350166e+01
-1.727559890452460678e+01
-2.974427517963389533e+01
-7.583586283911153636e+00
-4.726368795106732534e+01
-4.818244286825986222e+01
-2.888730908875201919e+01
-2.632006784992714188e+01
-2.853581026588867076e+01
-1.587811028308410144e+01
-1.146397637634440869e+01
-1.486705815133289832e+01
-4.748194670174976295e+01
-6.907075282245655501e+01
-4.522427682146889794e+01
-2.493740635225964652e+01
-1.617838304978442920e+01
-4.821234427189091321e+01
-3.072994310488645553e+01
-1.734497589423624220e+01
-2.568941119849549892e+01
-5.100474153740732675e+01
-1.553568067029980426e+01
-6.744288449850309064e+01
-3.881979575849146613e+01
-2.426334145372630502e+01
-4.067588165225787833e+01
-4.617661392302879619e+01
-3.834949212208257308e+01
-2.195614331677156628e+01
-1.366240487075609700e+01
-5.690921923821433381e+01
-3.870986855943527161e+01
-3.374084358698669917e+01
-2.833329456645100564e+01
-4.492949324469134353e+01
-1.793714275879483466e+01
-1.380207629005261438e+01
-6.089960580578694049e+01
-2.935533294577084007e+01
-4.724338633810704735e+00
-1.220435416653549154e+01
-8.808659967512316058e+00
-2.995198655761000950e+01
-3.508410742652220904e+01
-2.072064404383186798e+01
-1.372271659791035603e+01
-1.592078469228027515e+01
-2.196297435420902744e+01
-1.202757687933069342e+01
-6.374946855885434616e+01
-2.490169119302337464e+01
-3.178252896268350014e+01
-1.676066356730347451e+01
-3.585090358575050118e+01
-5.143067935088946285e+01
-3.936836074040994760e+01
-3.336793797275206686e+01
-2.649358453889868770e+01
-4.098603139472925960e+01
-2.047023047760010783e+01
-3.758189936697915101e+01
-4.120918560548859944e+01
-4.043288828113880129e+01
-3.206547837488659525e+01
-4.522427682146889794e+01
-3.247944564778823207e+01
-3.061893988309969217e+01
-2.858601666684842613e+01
-3.208774998302650516e+01
-2.881945109512844638e+01
-1.428376214252140919e+01
-3.498168019633843073e+01
-2.803322168507007106e+01
-2.545769837530997393e+01
-6.365167227767231140e+01
-2.543568305666811824e+01
-6.366880188593110290e+01
-5.002068072443236701e+01
-2.910773575259279511e+01
-1.154979548444271131e+01
-2.875635151342177309e+01
-2.576232119677956689e+01
-2.779122429885061152e+01
-1.878178341953771024e+01
-7.543264266008532104e+01
-3.520805742584514064e+01
-2.788750751974278330e+01
-1.899184606839037315e+01
-8.402659978025063481e+00
-1.375260027690994846e+01
-3.444090992820716934e+01
-8.175610397358346049e+00
-4.472830654471597001e+01
-2.964727445447547893e+01
-1.663657715096130119e+01
-2.036508497748582869e+01
-3.855497484659884577e+01
-2.633300927617129616e+01
-1.480541975658589671e+01
-4.840570896165716164e+01
-1.057700168810449348e+01
-2.504865758382498697e+01
-5.984552415131963699e+01
-7.587429650817878901e+00
-4.602152057826992149e+01
-1.235774657119929820e+01
-1.297623430869195005e+01
-1.004215681083519307e+01
-4.453667655253573798e+01
-3.035621266556942999e+01
-1.856879559231848376e+01
-4.522427682146889794e+01
-3.174976642141562166e+01
-4.367065824222757442e+01
-4.962058295897242033e+01
-5.375604424804476977e+00
-3.954543227070294620e+01
-5.062514606371159687e+01
-7.449484493995870871e+00
-6.789399676534117134e+00
-2.365392094100837994e+01
-3.083531902719684226e+01
-1.369804719444156582e+01
-1.462089681085317494e+01
-1.002764064478046535e+01
-2.911752018333852376e+01
-3.243668136886992670e+01
-5.364681689460196878e+01
-1.422393394684258361e+01
-6.318543025180040473e+01
-3.820208847370430050e+01
-6.329293572281545721e+01
-3.044871968514956961e+01
-1.462089681085317672e+01
-3.195174454028679278e+01
-9.032796477730158813e+00
-1.361129175919506906e+01
-2.738917981508281940e+01
-1.519177581045674685e+01
-6.870733802725092154e+00
-1.384998541930899485e+01
-3.911202681703611717e+01
-2.237339222623550938e+01
-2.702719663325089172e+01
-1.516551402098557766e+01
-3.295212200055422613e+01
-1.847470558622853076e+01
-2.364067337823696136e+01
-1.928630271071792990e+01
-3.979654226215210144e+01
-1.629995215279132026e+01
-5.155137688450848543e+01
-1.331829865514304778e+01
-4.508500306556659609e+01
-1.650153534220545382e+01
-2.033122437387797987e+01
-1.024289494982937754e+02
-4.167102787213096349e+01
-3.194641781337953645e+01
-4.145334511388265497e+01
-9.487039034654086933e+00
-2.675200670497807209e+01
-1.660899837941922996e+01
-4.562929766514699992e+01
-3.513140680791121895e+01
-2.693481359880283321e+01
-1.432271659791035567e+01
-1.303848451677290754e+01
-5.440178964895456204e+01
-7.017599315828775275e+01
-1.666736763342699490e+01
-2.775592068338174556e+01
-1.327652566780455068e+01
-1.515195039746460104e+01
-1.616832219961334971e+01
-1.133206235136162832e+01
-7.938071517254226883e+00
-2.972761444380937590e+01
-2.111411719079569593e+01
-1.337357873762664617e+01
-1.321960159022906467e+01
-2.698268338866846605e+01
-1.578755447955319369e+01
-8.279615489856539057e+00
-1.342714939168197397e+01
-2.905267807779500089e+01
-4.112771782200264425e+01
-2.214216430356091792e+01
-1.734121816205729871e+01
-1.381361087386638253e+01
-1.217192471513109808e+01
-1.734121816205729871e+01
-4.277687968423641962e+01
-5.617246742507141732e+01
-9.560927248086120045e+00
-4.497999057314146398e+01
-2.382013279758735180e+01
-1.418312122454545943e+01
-1.844898987338732610e+01
-2.060053559643274923e+01
-4.416672862042278780e+01
-4.024224306589524502e+01
-1.487837930311004264e+01
-1.831498040624553525e+01
-2.353846187026902470e+01
-6.106627429480987956e+01
-5.842675378960915822e+01
-1.075317524121219925e+01
-3.074008718990880240e+01
-5.961530164652845798e+00
-2.443474389191815632e+01
-1.083793083906596877e+01
-4.065850889196254769e+01
-3.065770319875459649e+01
-1.343675591837529559e+01
-8.933318360568748062e+00
-3.125666697573214137e+01
-4.267866389405674710e+01
-3.070562457192679418e+01
-2.056220124307560582e+01
-7.389077030535965207e+01
-3.028103179447938231e+01
-2.679215551433271258e+01
-1.475083058253834878e+01
-3.207990635774467592e+01
-4.222387969880736591e+01
-5.414671430912466832e+01
-5.062514606371159687e+01
-1.333647579217941903e+01
-1.938055518008958344e+01
-1.410193867601628348e+01
-3.313738731699790918e+01
-1.457735782364589916e+01
-3.987134737992268185e+01
-3.127692213612488814e+01
-3.351122508172432646e+01
-7.422735121976156591e+00
-3.250066377610122004e+01
-1.080107845271709266e+01
-2.999572652207510615e+01
-8.434867551892025972e+00
-2.816879015152288446e+01
-1.324679465965594716e+01
-1.856773199060202018e+01
-8.633318360568747352e+00
-2.833329456645100564e+01
-1.314834740816167091e+01
-2.575090973734146260e+01
-3.267577839076735557e+01
-2.165094272483278814e+01
-2.764383181016716406e+01
-6.156888073294378927e+00
-3.552419287078456733e+01
-1.321569850197205476e+01
-6.720339957070007131e+01
-3.425941624826624121e+01
-3.188638434118410103e+01
-4.852529971739946291e+01
-4.647519569598310341e+01
-2.630664037396465460e+01
-1.337133612674280592e+01
-4.164885668481518621e+01
-1.082214379702307028e+01
-1.315142392991594278e+01
-5.581970868742454961e+00
-2.258313244413399801e+01
-8.933318360568748062e+00
-5.475502269540699274e+01
-5.484831696353483466e+01
-1.098559414669884582e+01
-3.824817504714359728e+01
-2.990093943924832232e+01
-8.088147443468724163e+00
-3.145669849749672053e+01
-3.252505322438086210e+01
-9.517446101295590211e+00
-4.595720023946120136e+01
