-6.533536801237781333e+01
-3.452515762451600523e+01
-4.240821401933357038e+01
-3.809638532989011850e+01
-1.159689569948639729e+02
-7.898690809005761082e+01
-3.380943497881502680e+01
-3.881208971073553471e+01
-1.191000784014940024e+02
-6.929166992045301754e+01
-1.360218556391369304e+02
-3.579311153376761467e+01
-4.835874700400295723e+01
-8.890735646418274030e+01
-2.512795856737162481e+01
-1.191958440423292700e+02
-3.658498129667984955e+01
-8.449709852078616734e+01
-6.192407137513435345e+01
-7.410304251296221878e+01
-4.384167702685273582e+01
-1.038360760871748170e+02
-1.208703802968032193e+02
-4.378074429143325119e+01
-7.227601656993476809e+01
-3.712579246217345030e+01
-3.190389762811633290e+01
-7.910702248487223187e+01
-3.289246221593728592e+01
-2.628206107639445932e+01
-8.642574271864697266e+01
-1.142966216865880256e+02
-3.428672458265270251e+01
-3.079508922614155964e+01
-2.793798697997865688e+01
-4.736362635680385580e+01
-3.726233032039467474e+01
-7.496973087430657756e+01
-2.377748608485257620e+01
-4.505525016635922952e+01
-2.752302673286067147e+01
-4.830079172315603131e+01
-3.382546220526155167e+01
-4.786024014274210714e+01
-5.082265365191284445e+01
-9.368758009386959884e+01
-7.418941375854619480e+01
-8.887559047114736188e+01
-4.147968527555631368e+01
-1.172574003146644088e+02
-1.266889339240735879e+01
-5.226695079294169233e+01
-5.138007848569500879e+01
-5.099095241796110400e+01
-8.748651132097455729e+01
-2.668246444390085870e+01
-4.314283285029933523e+01
-6.672609370301125864e+01
-5.359924193641341361e+01
-1.233684405408764206e+01
-6.311745316708694986e+01
-5.790484233655220692e+01
-1.582169673117787667e+01
-7.742943226953960334e+01
-2.858386853761746593e+01
-2.281902774876821383e+01
-3.856658259064762007e+01
-3.831715154422114722e+01
-8.663498150801795816e+01
-4.824733527646092313e+01
-3.284103379184269755e+01
-5.600781908879308446e+01
-2.317927846038040585e+01
-3.187421344096698306e+01
-3.178841796714571899e+01
-2.347102476774237090e+01
-2.909452013419871008e+01
-6.673371835164026322e+01
-1.006697254357244162e+02
-8.890076605580793512e+01
-3.157355884597757623e+01
-3.772823272800354033e+01
-8.759329431785950248e+01
-9.042353268159462232e+01
-6.200930138707303740e+01
-3.530787912514735893e+01
-2.964741638314947636e+01
-1.122747995610184901e+01
-7.157125178496401929e+01
-3.462811040694198539e+01
-2.554503349709900561e+01
-1.820777070385618046e+01
-1.261918696025777464e+01
-6.822478668654385103e+01
-2.942921924168425818e+01
-2.126863824489841903e+01
-4.920866605633253954e+01
-1.120210091341117220e+02
-3.270450924898949552e+01
-9.173116523885472873e+01
-1.293314636374358528e+01
-3.589865638232301848e+01
-7.106817837700958762e+01
-4.919261315328056128e+01
-1.307738762710452463e+01
-5.061699293828807811e+01
-3.577228520486884378e+01
-2.660568867796703429e+01
-2.470920889634889761e+01
-3.862842726219786726e+01
-1.568130365914395163e+01
-2.079541403615228745e+01
-1.033701098065216257e+02
-3.208974253443272318e+01
-3.984149927025205074e+01
-9.659468992464037740e+01
-4.416390099807817649e+01
-2.980092510354264945e+01
-1.279044786882910500e+01
-6.856384708386536886e+01
-1.579147386541376896e+01
-6.860656091273764901e+01
-1.468031361419638259e+01
-2.096025698038593177e+01
-1.014302332148318584e+02
-4.067818317673393835e+01
-1.057202686350992735e+02
-3.895729717547863658e+01
-6.742660187290046281e+01
-5.426730300823974318e+01
-1.199445110660701097e+01
-1.938491481614808976e+01
-9.660196880335936598e+00
-2.552765786957058580e+01
-9.721823417849689974e+01
-5.769305666691661827e+01
-2.387419951613721025e+01
-1.332752408920195251e+02
-3.017736129757675201e+01
-2.299928209853727523e+01
-3.689438304465818419e+01
-1.727562401682509829e+01
-2.162997545935232324e+01
-2.738471355477337710e+01
-2.229547043306845211e+01
-4.000269743304569658e+01
-1.523739564860249374e+01
-2.999441316050794626e+01
-3.105836343936533339e+01
-1.099267611206133637e+02
-1.313739207209902204e+01
-1.350865201575653529e+01
-2.034725549684315027e+01
-1.394277738590615101e+01
-3.062469986251937115e+01
-4.841919557954380338e+01
-2.648448496987757039e+01
-4.530345195100897371e+01
-1.012881398408120504e+02
-3.817965141565645837e+01
-9.468690261844140821e+01
-3.733142125223750440e+01
-6.940528548095207384e+01
-2.504148203366379022e+01
-4.124942906371879303e+01
-9.484189293038449264e+00
-9.444698746165514081e+00
-1.109305877375796427e+02
-4.022189915581252961e+01
-3.231889736177163286e+01
-2.098425673424433668e+01
-4.590962307117623453e+01
-3.761105996225172987e+01
-9.652806208857439785e+00
-6.569380504112116625e+01
-2.610013811842413389e+01
-9.122442838690678002e+01
-2.333326382660859011e+01
-2.334233474966518784e+01
-3.517558785662419751e+01
-2.405933488256343367e+01
-9.899859835496179983e+01
-1.412633289588096730e+01
-4.009873636727984092e+01
-7.551021195307358269e+00
-1.051219276813935437e+02
-1.376365118298919299e+01
-6.993486296586253559e+01
-7.816572147185686958e+01
-3.764341951233456030e+01
-4.061681280283273310e+01
-3.019691573555097008e+01
-9.645975957516679955e+01
-3.807948411167795655e+01
-2.037664387016645406e+01
-2.770835516428974188e+01
-3.458553446480107141e+01
-1.456680685364477057e+01
-7.941051814730596448e+01
-3.008832852329996754e+01
-2.093041793682623108e+01
-2.521078051990690128e+01
-8.888140092087671462e+01
-1.888781327609762783e+01
-1.764326230161134745e+01
-7.844233423514816650e+01
-3.479825692397432135e+01
-4.603352654248168108e+01
-5.658748270554032445e+01
-7.185270741111547466e+01
-8.233260381628424796e+01
-1.415941362005289861e+01
-1.000346554883017234e+02
-9.018782604921590007e+01
-9.351518177778281427e+01
-2.146070123298068921e+01
-7.051242117288120426e+01
-4.317161212267162540e+01
-7.664507851503474001e+01
-6.337477369080822598e+01
-7.539423665984806178e+00
-3.596501335897968232e+01
-5.193633179161261637e+01
-2.238322677727521892e+01
-8.330918273424693155e+01
-2.241331118210389661e+01
-2.904020533735425857e+01
-3.342272463421433315e+01
-8.414919058036775823e+01
-9.696884244670127373e+01
-1.723430678114500836e+01
-2.938780983181359119e+01
-2.548513501411610704e+01
-7.921192396846197425e+01
-1.761042437703193286e+01
-6.676448052129180155e+01
-2.550211709203399479e+01
-9.809318851380359661e+01
-4.266568953110444085e+01
-2.202995571279773301e+01
-3.776810936482167591e+01
-3.889495053085363452e+01
-5.164980365130099926e+01
-4.934930317952928647e+01
-2.011335852270108404e+01
-2.675535186609110738e+01
-1.655192914897486745e+01
-5.154759777653762853e+01
-1.517101901648074858e+01
-1.306965751685444310e+01
-4.022861393350629555e+01
-3.396377759709156408e+01
-7.926379634406363550e+01
-7.275113351837655173e+00
-3.737168928437949944e+01
-6.813643429294766740e+00
-5.576044982452888377e+01
-4.232186800880145228e+01
-2.849516360759730915e+01
-2.987352505465157293e+01
-2.694315571220644756e+01
-3.246996089116943551e+01
-4.232186800880145228e+01
-2.747302931747636379e+01
-8.856687246439834382e+01
-3.438619259021335495e+01
-1.290068195145688534e+01
-1.562928433299794051e+02
-1.228656691769183595e+02
-2.450940917345408199e+00
-1.977404045651861964e+01
-3.764066804442344250e+01
-1.350567948368851923e+01
-3.372410647119856009e+01
-7.439580345065130018e+01
-2.206898236015059567e+01
-1.169904156385530456e+02
-3.200716923950435167e+00
-1.008072385009167959e+02
-4.500940765426658885e+01
-3.307812338126176854e+01
-3.916002858809023479e+01
-1.740011005217426643e+01
-6.716987061626396383e+01
-5.134282538025130904e+00
-7.578206467548744740e+01
-2.536218719088375195e+01
-2.303921949446051798e+01
-2.570712424142212527e+01
-3.675238453615721568e+01
-8.353120714866005159e+00
-5.658917288985767868e+01
-5.851331786168064930e+00
-1.940064839898465010e+01
-1.861045949788581666e+01
-6.227546845516416596e+01
-8.478646570518013448e+01
-7.447990487623088995e+01
-7.043170734267764033e+01
-3.984369978692882341e+00
-1.750697281889282308e+01
-7.262270133662053873e+00
-1.381416808421375642e+01
-4.936758278386692567e+00
-6.687269219598977088e+01
-9.232311420108572975e+00
-3.924728427346277471e+01
-3.151482067518585239e+01
-1.482974377172116576e+01
-1.550175647916164223e+01
-3.067607397128149671e+01
-3.994238417064584468e+01
-5.481475587259690485e+01
-2.934903471550816789e+01
-1.980772168566285174e+01
-8.807552727441301954e+01
-1.204112591369128538e+01
-7.413513482172940883e+01
-7.211477758191005449e+00
-3.458018404454273309e+01
-3.743151423452242454e+01
-1.647161845559640270e+01
-4.222425992997248301e+01
-6.209467729287365501e+01
-1.798622961638141504e+01
-8.258029756550973843e+01
-1.838072405871568193e+01
-1.005364105596776483e+02
-6.287730665280351161e+01
-4.653841819396254742e+00
-2.137549396316754269e+01
-2.635308865413301760e+01
-2.272194069800838179e+01
-7.954697271955931015e+00
-1.226462156935590286e+01
-1.070370372396236291e+02
-1.318390675704769066e+01
-2.926941240972816161e+01
-2.195861771433520815e+01
-1.621190130027183685e+01
-3.923146153488882248e+01
-9.144992915913910281e+00
-2.256123203036941405e+01
-9.575948325901537217e+00
-9.195200470071745258e+01
-8.507572449475397036e+01
-1.764504273363350251e+01
-1.746861573001910983e+01
-4.398684689926131597e+00
-3.836501061169420268e+01
-3.143864342091834985e+01
-1.920454940385662823e+01
-3.262447764934383088e+01
-2.644564964751218028e+01
-7.875032719187424846e+01
-3.490995077506046584e+01
-1.013004878361314098e+02
-1.192172911257510393e+01
-2.568774853308335437e+01
-2.071277847586639709e+01
-7.560681831370636985e+01
-2.367064674448305794e+01
-2.264934444480862297e+01
-6.631513564906634883e+01
-1.926366436553735539e+01
-9.076055928124500838e+01
-8.829743055075320513e+01
-2.999656808399036478e+01
-3.126689136769879340e+01
-4.623675376333584808e+01
-3.619089632283929348e+01
-9.178910639582525732e+01
-3.140574264344652811e+00
-9.503632168836851690e+00
-8.971430891460404666e+01
-1.236792507719952994e+01
-4.844372254590841642e+00
-3.011591677420149082e+01
-3.923405825162817706e+01
-2.256123203036941405e+01
-2.777907287080266840e+01
-3.566353584332329518e+01
-3.152386390832693408e+01
-3.874897526787662372e+01
-2.191311651111819359e+01
-3.949093939058870717e+01
-7.904895087878283277e+01
-1.131069301079298839e+01
-6.890790040946247075e+01
-9.495619663907714880e+01
-3.721085967637692704e+01
-5.683168087851900907e+01
-1.819276897898766876e+01
-1.807256759641255073e+01
-2.903756646310228717e+01
-4.060344431578074875e+01
-9.927705169476968905e+00
-2.784439372420991532e+01
-2.484152829657782391e+01
-9.806450449007796166e+00
-3.183688722113627634e+01
-5.855585952007530182e+01
-1.964037119811092680e+01
-3.145485868577249633e+01
-1.476767695039743877e+01
-4.728430780727593152e+00
-4.398253607670152121e+01
-9.600721876684245615e+01
-4.232751150337248447e+01
-3.506723901473977634e+01
-9.314599813707481246e+01
-1.117691768225482640e+01
-2.780667694722385264e+01
-3.068159044687845594e+01
-1.553130742843186773e+01
-3.441865861198110110e+01
-1.892846151432509316e+01
-2.660707465708001962e+01
-5.813618353513569303e+01
-5.720359632595997823e+01
-8.646206562025879805e+01
-2.901486660900643599e+01
-2.627981822729060823e+01
-2.331324456644842158e+01
-3.865200978791318853e+00
-6.858745395109757226e+01
-3.043465477249575457e+01
-1.965124642077494599e+01
-5.531263980122986368e+01
-2.874940998721401186e+01
-1.458369237297169718e+02
-4.030048595673357426e+01
-2.961515740523206119e+01
-6.878922905895868212e+01
-2.120498947157738456e+01
-3.179565021197401364e+01
-5.982637184722722878e+01
-2.887729803680744212e+01
-5.780685806086937362e+01
-7.563578197409339055e+01
-3.463102218031563950e+01
-3.186881980152518068e+01
-3.023128916671825550e+01
-5.889346050899182217e+01
-1.421334742682832797e+01
-1.823014877919634458e+01
-5.856109116348988231e+00
-7.111811128776351154e+01
-4.418001078031994666e+01
-8.236717948230692699e+00
-3.127182670534787690e+01
-1.300546974150490165e+01
-8.984811216727599970e+01
-1.707769002022590499e+01
-7.236150706690503398e+01
-6.739176503986537625e+01
-2.666461909983466683e+01
-8.182064697151839994e+01
-2.719152584819733676e+01
-8.845167918411551256e+00
-1.221673949002894233e+01
-7.762349915775268983e+01
-4.118812021281717506e+01
-5.089330389743535932e+01
-1.222824485616371248e+01
-1.302659438747285847e+01
-7.841690460054410039e+01
-8.607584353925216192e+01
-3.722934448608342706e+01
-7.292958916850572848e+01
-2.535622123828854768e+01
-1.417190411541623973e+01
-8.530746195619147443e+01
-1.417190411541623973e+01
-3.947851151945859272e+01
-2.787082937542341199e+01
-2.726705460964117478e+01
-9.184680994749793825e+00
-2.163185402333015972e+01
-3.804115017836581814e+01
-1.976153100504342319e+01
-5.707620089110267259e+01
-5.264045258664023841e+00
-1.685536962144864503e+01
-1.476649231250019945e+01
-5.594502176698477314e+01
-2.333681583861947217e+01
-6.792584600781665927e+01
-1.643090391190430921e+01
-4.539327154785470775e+00
-1.569569847597857404e+01
-3.010534709727530966e+01
-3.278177425734482142e+01
-4.428141363095366323e+00
-7.986783994065990555e+01
-2.755186784369889352e+01
-3.325517641562185389e+01
-1.081438762954373800e+01
-7.334784590284444405e+00
-1.984920605025585871e+01
-8.816125028914795791e+01
-2.120891260484948759e+01
-6.190436026664798419e+01
-1.699835832777931799e+01
-8.112220871993255855e+01
-1.136787895140324878e+01
-1.003303874870549208e+02
-9.359845209671931343e+00
-3.024304553565744413e+01
-2.496400088830061748e+01
-9.060260182794226580e+01
-1.560136663247129718e+01
-1.960645061367628372e+01
-3.800179496627726650e+01
-2.885831293772462658e+01
-2.704522305296390527e+01
-1.582910234256322113e+01
-1.590139508114970823e+01
-2.113484335809131665e+01
-3.407195153109284291e+01
-7.866632655727536871e+01
-1.539290308381679218e+01
-1.710674900433252432e+01
-7.128635353042783152e+01
-1.093098081231842968e+02
-1.726891564549832125e+01
-3.462340267998335719e+00
-1.437691714552000910e+01
-1.047330786290755533e+01
-1.288495270478295041e+01
-1.793224128623538149e+01
-1.991481490759427686e+01
-1.493331059966121011e+01
-4.923597184478803968e+01
-7.254586408861492863e+00
-8.495471203594009069e+01
-2.106434804910014691e+01
-7.382588896837644654e+01
-3.072171537284893716e+01
-3.631491091018535400e+01
-2.396704781805189644e+00
-1.653303411556825608e+01
-5.904924094716816541e+01
-1.377221997356084060e+01
-3.442428580633011137e+01
-2.157451257702866343e+01
-2.911680232052841788e+01
-5.621011243763108922e+01
-7.919817609952511361e+01
-1.376468679437785347e+01
-2.208222100799439502e+01
-3.480329917990441402e+01
-3.623583955964310821e+00
-1.322600778585630721e+01
-8.254668638468558584e+01
-2.256123203036941405e+01
-7.597218672700277864e+01
-1.741830578506224469e+01
-2.750707465708001820e+01
-7.157977842280747893e+01
-2.249822354975407990e+01
-1.849077509078412973e+01
-7.171931103571456845e+01
-1.566267040445099212e+01
-1.471241588656609522e+01
-8.768811086732171134e+01
-1.013568949879137904e+01
-1.400299329434809437e+01
-5.033718083963800183e+01
-1.262360483275988088e+01
-2.268881271338423744e+01
-4.788157785501650920e+01
-1.727275953839690104e+01
-8.916313751060715731e+01
-7.049697181683983160e+01
-8.065118450563801389e+01
-1.186378649298388233e+01
-3.525414686087015781e+01
-2.380089685645129194e+01
-1.800251415233957175e+01
-2.468319394966060543e+01
-7.283709875046087134e+00
-3.006504220817737938e+00
-2.006642176735440941e+01
-7.135564468673045724e+01
-8.782852061528963361e+01
-2.290724609142646173e+01
-2.105972138317705955e+01
-5.160509707439476301e+01
-3.760964986565176638e+00
-9.001129964244816151e+00
-1.946152694891899415e+01
-1.392556277950972543e+01
-2.729260344568885444e+01
-2.625821979231961478e+00
-6.252767233287106308e+01
-3.954611623063886583e+01
-2.465318418673690104e+01
-8.524418016584688118e+00
-1.033168065130485047e+01
-3.125094485768932451e+00
-1.104235872933714369e+01
-1.656861573001910770e+01
-2.404408660705310652e+01
-7.857201129491754088e+00
-1.189841943830609949e+01
-5.760777483809140875e+01
-2.294172458889783428e+01
-7.135897830039367840e+00
-5.929788818368106895e+00
-5.573093158846237571e+01
-4.969873533997141379e+01
-1.089418338787861273e+01
-2.750707465708001820e+01
-8.098020053813829122e+01
-6.298275446758190554e+01
-6.988401565963874873e+01
-1.907937499491697153e+01
-4.697115772274937484e+01
-3.947128445069058245e+01
-3.668216185572199350e+01
-1.907531582245039559e+01
-6.709071552883047573e+00
-2.001900032706594956e+01
-5.996527576092414336e+01
-3.543898120464596957e+00
-1.667098914719647995e+00
-4.075868131251382920e+01
-6.276587292452830980e+01
-1.460778593173466078e+01
-2.523296724940127689e+01
-6.985799749675777548e+00
-3.065436347889474078e+01
-4.425741153590635690e+00
-8.867794650578510129e+01
-4.976441422925734770e+01
-2.823402905316572742e+01
-9.672023063402178877e+00
-3.845000597494586003e+00
-4.448330141632602874e+01
-3.017703639277249295e+01
-1.258943298251416820e+01
-3.734662946489256896e+00
-8.768811086732171134e+01
-2.352611836814118362e+01
-2.176910895833164972e+01
-1.934192908965664515e+01
-1.889703171999992648e+01
-2.478107235941177677e+01
-6.744975660709264353e+00
-1.194226416911959454e+01
-2.185761148004122134e+01
-3.874897526787662372e+01
-3.416511086959633303e+01
-3.680367726721354416e+01
-1.855623913784523182e+01
-2.118471704967568670e+01
-3.322596415365074307e+01
-1.537189095443081044e+01
-3.692805111613308355e+01
-2.335941148338144657e+01
-1.851154087009828686e+01
-1.675105231933375904e+01
-1.694510280306124272e+01
-4.394043970762407270e+01
-1.107373507003551438e+01
-8.405431868827839992e+00
-1.521415048767994627e+01
-2.147901523462815376e+00
-8.179636468533042049e+00
-7.961555375342618390e+01
-1.199771463063049382e+01
-8.065638952718838794e+00
-1.646200744393585325e+01
-2.649101169426943514e+01
-3.488644406746635696e+01
-3.034951149942351378e+01
-2.153454807536679638e+01
-3.056023196180608537e+01
-1.632907275282791915e+01
-7.275074633736031160e+01
-3.345022373966871498e+01
-8.144350775636218032e+01
-2.250530408753164480e+01
-3.642066096069359560e+01
-3.226802423552501153e+01
-4.867789730185689479e+01
-7.111049382818511333e+01
-1.330438089400375645e+01
-3.760964986565176638e+00
-2.134707257600972241e+01
-3.176298957905531406e+00
-1.550278480179308360e+01
-3.732011931900058244e+01
-1.749020936013647542e+01
-2.757080847169934756e+01
-1.477190411541623938e+01
-1.330140017804309771e+01
-4.226739932121940768e+01
-2.672099265987436212e+01
-1.572816960285154053e+01
-2.399928196098042221e+01
-8.760889496448859859e+01
-5.247008918231399122e+01
-1.873287636312532456e+01
-2.956841904478473992e+01
-3.380792311129313532e+01
-5.976640221218841020e+01
-5.904924094716816541e+01
-3.233657946938550509e+01
-2.316900928660857417e+01
-5.000349690792139512e+01
-7.420289544751190647e+01
-1.244897335245402559e+01
-2.119923693318749081e+00
-1.294270578133513894e+01
-3.267697213241864773e+01
-3.531171006132423429e+01
-4.451636126301541907e+01
-2.452188242027343534e+01
-8.839164632602512484e+01
-2.487342713990628695e+01
-5.941501170038115021e+01
-1.873287636312532456e+01
-5.737890929522301064e+00
-1.821281250043474387e+01
-1.840334429564491714e+01
-8.744014840182764203e+01
-7.039137275192014442e+01
-1.868571922078349345e+01
-1.205136830569790618e+01
-2.649967811131669748e+01
-2.118471704967568670e+01
-9.585419756365480382e+00
-1.540545966453377780e+01
-1.713650479413143657e+01
-6.385710276647105843e+01
-3.499528237224388505e+01
-4.454632774502557169e+01
-1.700274758263223518e+01
-1.796644697046796324e+01
-3.891440722359487836e+01
-7.879179692058466244e+00
-5.368315192075213105e+01
-1.027254742280069344e+01
-1.900397791447915807e+01
-1.669669161750035657e+00
-3.035845157934302918e+01
-7.142034652853122623e+01
-8.950411233864717531e+01
-1.496451572563421628e+01
-1.551100453317983252e+01
-3.988531718558847139e+00
-3.520032912723061003e+01
-1.397339639943669098e+01
-1.215258999865740819e+01
-9.652057722107413085e+00
-1.160377983062922347e+01
-1.684182023290144414e+01
-1.111687917717728347e+01
-6.653771036026966179e+00
-2.036474232534495243e+01
-1.769974181794496459e+01
-6.950311483380814614e+00
-1.604943596660098848e+01
-2.817255300358088732e+01
-1.977360838300469226e+01
-1.939976517572608117e+01
-6.176685337084041549e+01
-4.867789730185689479e+01
-1.145537854521591292e+01
-3.956160266340515363e+01
-1.810413222357075114e+01
-2.680544014673238706e+01
-1.560566402335501124e+01
-3.921137907038835380e+01
-1.804470644416115732e+01
-7.090088893293385297e+01
-1.117077049958637325e+01
-7.152120161372605978e+00
-5.977933073356295068e+01
-2.477547274243442565e+00
-9.673208889888073259e+01
-8.807318109924935357e+00
-8.727570322530222313e+01
-1.147505687308052558e+01
-1.047753042694182923e+01
-1.032227085428427102e+02
-3.206304186016491542e+01
-1.069589817424647826e+01
-1.644997128094803429e+01
-3.064531686701054980e+01
-1.389172713890752497e+01
-5.706590199062422819e+00
-2.627320439837062693e+01
-2.126093585371186734e+01
-4.717357329867232352e+01
-2.141556253951289790e+01
-8.899231264874835290e+00
-4.027984031250638708e+01
-7.719427733603490083e+01
-1.075109747823365609e+02
-1.290974431013990831e+01
-1.580667283073681695e+01
-2.074572035204573339e+01
-6.348863911894509471e+01
-8.227056732878169498e+01
-6.773772957311618370e+01
-2.645030287195975660e+01
-1.088306620698487670e+01
-1.799272272075021917e+01
-5.845420342338162811e+01
-7.171931103571456845e+01
-1.526681260326490097e+01
-1.886161481156722530e+01
-3.863654926088322838e+01
-1.682220447367755511e+01
-9.494380262393025305e+01
-3.621793640328854735e+01
-1.719591486125009538e+01
-3.906030113719040031e+01
-4.061527987734087475e+01
-2.134707257600972241e+01
-5.703192470955226412e+01
-3.194006837715501845e+01
-2.306833942025832584e+01
-7.389258957727075483e+01
-8.059620089479811611e+01
-1.537190411541624080e+01
-3.531171006132423429e+01
-2.428345909442671058e+01
-1.859799641161471584e+01
-2.855485876903913223e+01
-2.528467671111881288e+01
-1.614299952932948301e+01
-5.523633033923773183e+01
-1.769042248582858434e+01
-7.275074633736031160e+01
-6.787146606435356944e+01
-3.060038289832957048e+01
-1.001765647678285198e+01
-4.007565293051013811e+01
-8.158518906474134269e+01
-1.419156587656926405e+01
-8.370192737095224800e+01
-3.922314428973540146e+01
-1.286178167636768421e+01
-4.029617564975856681e+01
-3.484953121092495110e+01
-1.027446897170042917e+01
-1.362185883918336415e+01
-3.719886795100903498e+01
-1.243782123070019630e+01
-3.525828227715211938e+01
-1.607335560579847566e+01
-4.606585507498935783e+01
-1.269882992406395203e+02
-1.827879237957014169e+01
-2.486955770886347850e+01
-3.358455258696839252e+01
-1.962535847229180774e+01
-3.723634208686354441e+01
-1.567470115244513984e+01
-9.646856731645044647e+01
-4.021605203479840185e+01
-4.089745860727119009e+01
-1.321137368955590929e+01
-1.466881338905960241e+01
-4.757454775886957776e+01
-1.776436218914844289e+01
-7.912268683179087247e+01
-8.495471203594009069e+01
-1.578557989730059852e+01
-1.159739572193775103e+01
-2.232062312895303080e+01
-1.809862997653959482e+01
-3.458858494407276396e+01
-3.421164042325150945e+01
-5.178915717691024412e+01
-4.674461224641450308e+00
-5.461770772243308159e+01
-3.134166820683953603e+01
-1.504123543026271292e+01
-2.337641355997860160e+01
-1.390468260624131069e+01
-4.191200585524868671e+01
-4.836708160477977003e+01
-1.689882776399893416e+01
-6.744975660709264353e+00
-5.756312300521202019e+01
-4.165521524434880263e+01
-1.481304381113983304e+01
-1.261942277488360276e+01
-5.521669003206928750e+01
-3.382382078472424780e+01
-8.250099002528446590e+01
-1.033276870521541291e+01
-1.777689893817881739e+01
-3.274798009495623319e+01
-1.977360838300469226e+01
-3.067388270637147230e+01
-1.372938974797503064e+01
-2.750707465708002175e+01
-3.127948869862613890e+01
-2.101249333433002242e+00
-1.457870245002667886e+01
-3.082780829642275933e+01
-1.255877808843631627e+01
-2.817182121800971473e+01
-1.603057109895360099e+01
-1.562039606316407259e+01
-3.595703931316975144e+01
-4.587279542134092480e+01
-3.861662098537573229e+01
-2.295213383878266811e+01
-7.064131050853261229e+01
-6.222310780568599142e+01
-9.790436524606107582e+00
-1.770409431529025568e+01
-3.462340267998335719e+00
-8.007208108680769953e+01
-8.510618635863055204e+01
-1.271721744000386600e+01
-1.835030936654622025e+01
-1.697808001413459422e+01
-3.005314218207810484e+01
-5.131264593022422105e+01
-1.195568760325979518e+01
-4.867789730185689479e+01
-1.201699316502915771e+01
-1.697866572050300249e+01
-1.889920920742716604e+01
-1.728254420767575894e+01
-1.839078268568002272e+01
-1.092623834548406059e+01
-6.985191778763370962e+01
-3.579502885789201372e+01
-1.057077049958637183e+01
-8.144666420621572911e+01
-1.954579949434859998e+01
-1.892086369205731700e+01
-1.402143471324979984e+01
-1.082263916192461863e+02
-1.117593545718192694e+01
-1.013568949879137904e+01
-1.617411941800401110e+01
-6.760718120638647299e+00
-6.942292226011916867e+00
-1.600092525814696387e+01
-4.943849783074420579e+00
-8.103938800481851956e+01
-2.236437949259055458e+01
-7.385231928523958800e+01
-7.861020392965899362e+01
-1.020294077512556363e+01
-3.093575584507543752e+01
-3.025880781889439675e+01
-2.486389913307612787e+01
-2.109635389575290176e+01
-1.436258192626427110e+01
-1.165564685334965489e+01
-3.966051885474490390e+00
-2.867197879318998943e+01
-8.710113179195528232e+01
-6.072962433887559186e+00
-2.042497577266899356e+01
-3.540340526056650106e+01
-5.442105912956618141e+01
-2.460772757048300896e+00
-8.402993095991710959e+00
-3.192840726441859900e+01
-1.286707450029941242e+02
-4.140768195302298693e+01
-1.965068142270096629e+01
-1.271103555664641505e+01
-4.562008903533014603e+01
-2.158686908566746965e+01
-1.873287636312532456e+01
-2.423641984638788216e+01
-1.550448456211741544e+01
-1.652600179751536302e+01
-1.381367141148202649e+01
-1.841095042187562569e+01
-1.477470115244513771e+01
-1.515685069559843079e+01
-3.282743012830346885e+01
-2.336835341809934619e+01
-4.388128072830082971e+01
-9.027654765436024320e+01
-1.221945953548673813e+01
-1.345649086618990964e+01
-6.781269941320904593e+01
-2.100441209800789011e+01
-1.529437833539996205e+01
-3.143271004797212242e+01
-2.940042682020159859e+01
-5.766840937097743591e+01
-1.826445562618245688e+01
-1.498849414911612499e+01
-1.609091458121540796e+01
-1.716373064541475912e+01
-1.908522417029043083e+01
-1.498316382144651548e+01
-5.537464367706213153e+01
-4.836116139492356325e+01
-7.316572092325158394e+01
-9.628007034513837326e+00
-2.323684430019225289e+01
-1.485246216282966358e+01
-1.093928743129966286e+01
-1.516210597947638306e+01
-2.659125844207328271e+01
-2.131565856159264172e+01
-3.462340267998335719e+00
-1.194129494509255629e+01
-2.546447524342988444e+01
-7.213525973981977302e+01
-9.671469797206613705e+00
-8.272834465728242037e+01
-1.162036288631302483e+01
-5.264045258664023841e+00
-1.030693562077930103e+01
-4.140841006501525534e+00
-4.978807397961513459e+01
-1.546071073014319275e+01
-9.773113552733148524e+00
-2.843513756031714124e+01
-1.452629280695740732e+01
-1.627470115244513948e+01
-3.750124141973961933e+00
-4.249628273779540777e+00
-6.966858873242255612e+00
-2.556211643854377158e+01
-2.602256753688270763e+01
-1.850622809803185476e+01
-8.172089130033744198e+01
-8.792642941105160048e+01
-2.754469468880009941e+01
-3.320232192391020476e+01
-1.945120467223694405e+01
-4.911547322319971443e+01
-2.413627206368126821e+01
-6.405828385093295552e+00
-3.062819544943677386e+01
-1.444346454387792456e+01
-2.289610184260894599e+01
-4.957757528286073523e+01
-7.308096804792636902e+00
-3.810493801057177876e+01
-1.652606264152271720e+01
-1.328119226878498083e+01
-1.196392748238122117e+01
-5.931328020546876800e+00
-8.982652283484654276e+00
-1.755407779740750840e+01
-8.399005071928679911e+01
-4.039771808847754642e+01
-1.868571922078349345e+01
-3.128005771588203920e+00
-9.954273905137783984e+00
-1.128114927247941779e+01
-1.060389375122022670e+01
-2.674872494445558146e+01
-3.748848093287789851e+01
-1.086428001356223305e+01
-7.138212842384611179e+00
-1.642184013371972640e+01
-1.382610326490710762e+01
-1.304402127627280805e+01
-1.921138374345732913e+01
-2.634656030054969023e+01
-1.328770075615416602e+01
-8.960190448568998534e+01
-1.049745637845477653e+01
-6.624282209243631314e+01
-3.340886805610761456e+01
-1.052119955879258555e+02
-1.134852291166152050e+01
-1.208630805446108702e+01
-2.841117084936820447e+01
-3.743541767067978299e+01
-7.193131285287752519e+01
-1.041952376390910295e+01
-1.590435699691579252e+01
-9.927705169476968905e+00
-3.312543653850072900e+01
-5.976808049284800006e+01
-2.750707465708002175e+01
-3.333998967129465285e+01
-2.347376473031468436e+01
-8.814686737003083294e+01
-1.453741139777557656e+01
-3.121365667064253913e+01
-4.518326097959016963e+00
-9.097205114466168752e+00
-2.636300839356401937e+01
-6.405828385093295552e+00
-5.215412321084566116e+01
-1.567190411541623796e+01
-2.778099631360240451e+01
-1.112802737348708781e+01
-2.611313061148470283e+01
-1.655842833682260817e+01
-1.643670045794448598e+01
-1.069263432098847666e+01
-4.502250023578884708e+00
-1.377679599495111162e+01
-6.796461981775640027e+01
-6.796461981775640027e+01
-2.419894864779833199e+01
-2.912305611982460363e+01
-9.694690558455159035e+00
-1.029487909613529517e+01
-1.998205130755821912e+01
-6.290556980150191713e+00
-6.192657162389642167e+01
-7.686394205324974394e+01
-1.380908688208464064e+01
-2.044442316416073524e+01
-4.411940768067366747e+01
-1.321348198523028117e+01
-1.102170727970352715e+01
-3.479310767623503153e+01
-6.947659694906511163e+01
-1.382635884699597106e+01
-8.704512469471299596e+01
-1.040816338418737246e+02
-4.940735847304169681e+01
-1.164599037545744764e+01
-2.000139118173201069e+01
-2.840707465708002033e+01
-1.184759633095537268e+01
-2.330842335820419819e+01
-6.452587938602640349e+01
-8.526863595907363447e+01
-3.039482335383092604e+01
-1.353929384552162141e+01
-5.073409975919750536e+01
-7.237276715262896687e+01
-1.405451905398785684e+01
-9.927705169476968905e+00
-6.763308715459710641e+01
-1.022426743681831240e+01
-5.581140939962610759e+01
-1.145846844703114620e+01
-1.570596868014255421e+01
-2.134707257600972241e+01
-2.746822969159219596e+01
-2.228511027631965291e+01
-3.082663027173199310e+01
-3.780143409043442926e+00
-1.868571922078349345e+01
-9.229660103439025320e+00
-1.790797708275059108e+01
-1.508611244723623912e+01
-1.560566402335501124e+01
-4.316245216103773430e+01
-1.271088112693860595e+01
-1.901069443292106698e+01
-3.756422047962241351e+01
-3.603731495377454053e+01
-6.579364915543232328e+00
-6.888922952907526565e+01
-8.532295340702235364e+01
-7.036405403024554417e+00
-8.284922718089175575e+00
-2.586625647403766237e+01
-5.576416482197785740e+01
-3.637154458661772338e+01
-3.327238384066897936e+01
-4.653716645525376094e+01
-8.311759533809434330e+00
-1.547379522798883400e+01
-1.361080385809468929e+01
-1.310828853848505382e+01
-1.851528432701433857e+01
-1.747470115244513877e+01
-1.112802737348708781e+01
-1.287639577433915328e+01
-1.523544347532755872e+01
-2.223963987842022405e+01
-3.809137536223138198e+01
-2.545375360730794156e+01
-1.657090077723547950e+01
-1.459210646698567970e+01
-1.083389537631190791e+02
-1.363702703188578269e+01
-3.620752399118400078e+00
-1.272615900780756704e+01
-1.571925123291774895e+01
-5.938629101344297823e+01
-5.319782167466367184e+01
-1.013568949879137904e+01
-1.884518118392242059e+01
-1.401037761251906488e+01
-3.506723901473977634e+01
-1.846672201456168594e+01
-7.619675375028218411e+01
-3.414697730628385219e+00
-3.264826999177467570e+01
-2.135819083351503522e+01
-2.305079254894528873e+01
-2.059673110295016585e+01
-1.735977722579771410e+01
-1.361511084414112815e+01
-3.744312397011966453e+01
-7.422315942435344205e+00
-7.435046846930029574e+01
-7.320439447562480950e+01
-7.261433951092564598e+01
-2.936752548985618461e+01
-5.529254468377905596e+01
-1.866320341475091027e+01
-8.985134660329018175e+01
-5.969246725995430580e+01
-1.456794137725652227e+01
-1.919013778197201958e+01
-8.252269307767025452e+01
-1.950852651826577500e+01
-1.423094781681172805e+01
-2.554121849832485225e+01
-1.253482725067676995e+01
-4.603990836888561589e+00
-8.702179639268527467e+01
-6.546871288347266216e+01
-1.853774117705837199e+01
-2.253848691855121089e+01
-9.693107292827370713e+00
-2.210201370261289000e+01
-5.273224690934195280e+01
-1.704569282770086147e+01
-1.966963855529616012e+01
-1.994747727570257467e+01
-8.795421615028402584e+01
-1.435935526227979864e+01
-3.159862451998066746e+01
-7.375355637682062593e+01
-1.185110363793060451e+01
-8.856182011320079539e+00
-8.755373784830160844e+01
-6.643556012312778591e+00
-1.608411808764322259e+01
-1.065566224231778136e+01
-3.934694922476315782e+01
-9.583502921123502460e+01
-2.453129528125638004e+01
-4.295706435913095333e+01
-8.821441997198360241e+01
-1.900005988628176468e+01
-1.030913420711081052e+01
-4.174165526376307334e+00
-6.671336107045799935e+00
-2.691381443460210221e+01
-9.030450551363308875e+00
-4.607855113850005324e+01
-1.517787574667694095e+01
-1.529362297300020401e+01
-8.227210952171910563e+00
-5.951777810783850242e+01
-1.661307313744310932e+01
-2.389474184815781044e+01
-4.534651888739709591e+01
-1.299806391898371771e+01
-1.194459484447290443e+01
-1.817430129940603578e+01
-1.194832145231503162e+01
-2.299803748802012038e+01
-6.621771984790250087e+00
-6.781269941320904593e+01
-1.005743665491520744e+01
-5.046969952992786546e+01
-6.914850988542519872e+01
-1.507190411541623831e+01
-1.202569410123696159e+01
-3.462340267998335719e+00
-3.826455310602565163e+01
-2.249113119255911286e+00
-8.060096347911751025e+01
-1.121387720578875502e+01
-1.800483572609089578e+01
-2.184558714074039187e+01
-6.785296763547152921e+01
-4.754976825909077576e+01
-2.002195692276051275e+01
-8.821441997198360241e+01
-2.953118909105777234e+01
-1.214752037320042177e+01
-5.266455079746901902e+01
-1.632413236264012824e+01
-7.032840041871198267e+00
-8.447800600173162877e+01
-1.417190411541623973e+01
-1.229904233910017908e+01
-7.701638410931232670e+01
-5.397443759235491356e+00
-2.285108766965182525e+01
-3.462340267998335719e+00
-3.200598326183512654e+01
-2.927504765731125502e+00
-7.400975748981992730e+00
-1.131200004861586983e+01
-2.260918308659131881e+01
-8.704512469471299596e+01
-1.057077049958637183e+01
-1.292236575810050248e+01
-9.948635191248579090e+00
-1.460715557524087949e+01
-9.178646965613869213e+01
-2.822776438782157271e+01
-1.824473688012922423e+00
-8.510618635863055204e+01
-7.038692535638628556e+01
-1.037462668813825815e+02
-1.887950554983887486e+01
-6.249144236354896975e+01
-1.077673238291927049e+01
-3.263037750402547488e+01
-2.550138376636684256e+01
-8.076671787455557805e+00
-3.631178064078015666e+01
-8.061339529387642244e+01
-3.512982687097857593e+01
-6.815392358882542112e+01
-6.530888876477040306e+00
-2.415448813469044964e+01
-5.268987768762606549e+01
-1.801470702970856408e+01
-4.376298957905531140e+00
-8.650878314690423565e+00
-3.235205165233037405e+01
-7.174301871056216839e+01
-1.521736230725398720e+01
-1.068513804918196897e+01
-7.190652545111311156e+01
-5.340853299384690445e+00
-7.037968780027993887e+01
-2.839106799070427911e+01
-1.773842107221857489e+01
-9.087017574218540616e+00
-5.948245003993459790e+01
-2.404616280497346281e+01
-1.103504163141559502e+01
-1.765815017573766710e+01
-5.987289258619317422e+01
-1.763061940870428757e+01
-7.914656529134533969e+01
-7.772298701789409847e+01
-2.899884181223433188e+01
-3.358673775093907210e+01
-5.747971318719163492e+01
-1.044850095406487256e+01
-1.546031219369555032e+01
-2.684783256467666845e+01
-1.169762914621251504e+01
-1.401619420452146692e+01
-8.879621081309230135e+01
-8.904542552054151372e+01
-3.169120668997592816e+01
-3.061519318680282353e+01
-1.267077049958637325e+01
-6.937559592845035183e+01
-1.042726344003285988e+01
-2.148717142625284637e+01
-2.391609362151396567e+01
-2.381375081159737306e+01
-9.863653851164841058e+00
-6.864477573192997895e+00
-1.837074990643185046e+01
-7.815236596718777662e+01
-2.313590907432697463e+01
-1.984190561793584706e+01
-3.139206214319425570e+01
-9.055184276904032004e+01
-1.824473688012922423e+00
-7.822737073362313254e+01
-2.877149941087738227e+01
-2.557510650937197205e+00
-2.248675138069182111e+01
-1.317151282842644733e+01
-2.876298957905531584e+00
-8.321265915095194643e+00
-5.073513395977760965e+00
-2.480107277657760534e+01
-7.429945714279925895e+00
-5.502774679171879768e+01
-3.398342866780964755e+01
-2.849022669589466261e+01
-3.227368893923829773e+01
-4.094353180894074740e+01
-4.846612112244192083e+00
-1.514795404188562600e+01
-2.750707465708002175e+01
-9.353340386886770830e+00
-1.135041891310960871e+01
-4.979556002167953466e+01
-2.281066841144967938e+01
-3.710723919587947961e+01
-1.469739987536732961e+01
-1.030519775647294090e+01
-9.757593898097756124e+00
-8.198685491867462360e+01
-2.882191187094119300e+01
-1.603763237677863884e+01
-4.853213233257397974e+01
-2.824334383855729413e+01
-2.327657005964291770e+01
-5.458349114073860875e+01
-1.095097965139152230e+01
-5.281049644433186074e+01
-7.502138468956283113e+00
-1.087077049958637254e+01
-5.288307126722566665e+01
-2.071533847159347985e+01
-1.076590019633866859e+02
-6.478151783432085153e+01
-1.165844876872026781e+01
-1.354707963430968398e+01
-6.761872527474858430e+01
-3.584609963411742228e+01
-1.951886059172812882e+00
-8.850019935615350164e+01
-2.106143529208729248e+01
-2.661143466328697116e+01
-1.971169734746055369e+01
-3.333100712436773705e+01
-4.287886916034772611e+01
-8.541970109921373933e+01
-1.396766820153441557e+01
-3.485986196928975289e+01
-3.040329404380040401e+01
-2.157329623254345563e+01
-6.804142548317484795e+01
-8.275824030992571068e+01
-7.629196345663173950e+00
-1.951886059172812882e+00
-1.271294848860235227e+01
-5.610263468915930218e+01
-2.219355074544649753e+01
-9.773113552733148524e+00
-3.264363521157820003e+01
-7.032840041871198267e+00
-6.078835425678356330e+00
-1.122621864246415413e+01
-3.138733006022806293e+01
-8.547076496925592437e+01
-2.750707465708002175e+01
-1.376189188203042235e+01
-4.774127158146644234e+00
-7.199052277874018557e+01
-4.138603208079667972e+00
-5.572623304282738843e+01
-1.165844876872026781e+01
-8.755971879946368830e+00
-8.171073018478328720e+01
-1.916882343207096540e+01
-7.716711235223942822e+01
-1.932607516091933064e+01
-1.275891931194651505e+02
-2.085005345677995692e+01
-6.804142548317484795e+01
-1.098991873797115737e+01
-3.634214991153567809e+01
-2.644618628337079258e+01
-8.733217155430901713e+00
-2.644500345260874852e+01
-3.459153690200372999e+00
-2.638177856370887042e+01
-8.555210968712530928e+01
-6.678654854021826459e+00
-7.186278727119200482e+01
-1.337930723422089230e+01
-1.066597903521215507e+01
-1.166260336685614618e+01
-3.316653358887515424e+01
-1.560566402335501124e+01
-1.681844512408780545e+01
-1.072683035169565713e+01
-7.279554463344636872e+01
-7.817212824955301009e+00
-1.012014166631735357e+01
-7.620555604458067123e+00
-1.150581071462207738e+01
-8.704512469471299596e+01
-1.083152064959424976e+01
-2.350918308659132094e+01
-1.693317299524882458e+01
-1.623059978435507134e+01
-1.273556686430612928e+01
-4.087436051660056791e+01
-2.568345750215164003e+01
-2.090771229518486862e+01
-7.895409796694386806e+00
-9.755615964130770479e+00
-1.456780035548858976e+01
-3.456136353507103109e+01
-1.627131962154269829e+01
-2.270206946204104526e+01
-4.448110430651899705e+00
-8.687863298235012621e+01
-1.567475712522860221e+01
-1.127604631400840951e+01
-1.517979760494600505e+01
-1.647430769731768763e+01
-8.834211592650919442e+01
-1.628791601038500048e+01
-8.818055035780441031e+00
-7.275928283436959987e+01
-1.208787419541201302e+01
-8.697758598762537474e+01
-7.054280818958636345e+00
-2.106856658385193981e+01
-3.737777604437364509e+00
-9.883479763039868260e+01
-5.904924094716816541e+01
-3.537537156066400001e+01
-1.712533438333495894e+01
-1.304187005691515111e+01
-9.506988168896009839e+00
-3.078765384633198821e+01
-1.238115663303305780e+01
-1.206693105991176651e+01
-1.035989669488706078e+01
-3.616372826766784243e+01
-3.403983015167457182e+01
-2.101249333433002242e+00
-8.996152188144893813e+00
-5.046969952992786546e+01
-1.730746875595908563e+01
-2.064769013752792048e+01
-1.560566402335501124e+01
-3.883563404943762976e+01
-5.048517330222694000e+00
-5.498347841079429088e+01
-1.196621308731126554e+01
-7.205995539498672997e+01
-3.463827465146055573e+01
-2.720707465708002104e+01
-3.941767935507483855e+01
-1.592611507033833895e+01
-1.062852845267742907e+01
-4.120590703582728764e+01
-5.110659522000602806e+00
-1.538891077691086018e+01
-6.890790040946247075e+01
-5.046969952992786546e+01
-1.071637965170192359e+02
-1.232297607218475832e+01
-7.976464472382176041e+01
-1.554631893162502010e+01
-1.454645282873647893e+01
-1.729440713536925500e+01
-1.019747642101915375e+02
-1.764615870550774090e+01
-2.751255728071427953e+01
-8.202580077217092480e+01
-1.035097965139152265e+01
-2.382186278557791681e+01
-2.260544120730985185e+01
-9.994470024328203195e+00
-1.374703495231321781e+01
-1.897526201971798443e+01
-8.821441997198360241e+01
-1.397667937717316455e+01
-1.179509201728589929e+01
-8.340634660736603223e+01
-6.309404456669945205e+01
-9.827428145946365490e+00
-2.286371325270776111e+01
-1.833445110353349250e+01
-4.530146441307569205e+01
-2.380265199119668296e+01
-1.127906942778142962e+01
-2.074587717938961262e+01
-2.252955646946826818e+01
-3.562012106617003582e+01
-2.385487664793743079e+01
-2.396932461951100990e+01
-8.503354582927832439e+01
-3.080179450952827125e+01
-9.464665074175792370e+01
-7.126576962391828829e+01
-7.766071280489904893e+01
-1.161370319857556765e+01
-8.782852061528963361e+01
-4.569546117112986394e+01
-2.213279842081562165e+01
-8.198685491867462360e+01
-3.760964986565176638e+00
-7.275928283436959987e+01
-7.259224434787100222e+01
-9.187617601251056954e+01
-1.990563705292541385e+01
-1.340929752307127742e+01
-4.289875659194318125e+00
-1.988975154012971558e+01
-7.196516206242827707e+01
-4.448932781878784226e+01
-1.161208086678683671e+01
-1.785920162854337789e+01
-9.437296747920056461e+00
-3.638176153195205131e+01
-1.845858990839349900e+01
-2.636663760262024070e+01
-2.167762259037315786e+00
-1.803053511968138167e+01
-5.904924094716816541e+01
-8.135881365846989866e+01
-3.754617982359020800e+01
-1.605697586827968237e+01
-2.260918308659131881e+01
-3.109822238606664069e+00
-1.401114255964432864e+01
-4.853213233257397974e+01
-1.344619166320884318e+01
-5.527169359357831269e+01
-2.238881271338423673e+01
-5.718442325394688197e+01
-5.603245136332231979e+00
-2.636502072949284425e+01
-2.642365171260819068e+01
-7.343260104772063812e+01
-1.824473688012922423e+00
-1.833445110353349250e+01
-7.476935562246531219e+00
-2.715663503583295579e+01
-8.943559042504302781e+00
-1.076357783637573391e+02
-7.535235444534793103e+00
-6.667544417021493253e+00
-8.360705985312478106e+01
-5.033180704416648332e+00
-1.135958482591429863e+01
-6.409448306625911584e+01
-7.167276749093339561e+01
-1.785920162854337789e+01
-7.799124630579784423e+01
-4.368860364619515479e+01
-7.262374927137571490e+01
-1.984350030634679030e+01
-1.215048377017413550e+01
-6.890790040946247075e+01
-7.453031934089777621e+01
-5.256089561009741828e+01
-1.603763237677863884e+01
-1.125104023670821896e+01
-7.009534637053057793e+01
-2.592273315355278385e+01
-1.135754763884542129e+01
-8.582123106193613182e+00
-1.669535350939537466e+01
-1.971169734746055369e+01
-1.885644503192012778e+01
-8.435643523448754877e+01
-1.997634263109287645e+01
-2.298730718382429927e+01
-6.667544417021493253e+00
-9.755615964130770479e+00
-5.155412321084565974e+01
-1.043166967172379600e+02
-8.202701199751761862e+01
-2.338935647576256116e+01
-8.866399649387956572e+01
-3.264631341535620379e+01
-1.785585453753253660e+01
-1.316119468068886533e+01
-1.868571922078349345e+01
-1.483642862795376871e+01
-1.480780821145393134e+01
-2.797271737155075044e+00
-2.696196945501088038e+01
-5.586468352889416167e+01
-9.688175493178365016e+00
-2.920150035680113554e+00
-2.213859677885443134e+00
-1.453680073634211212e+01
-2.297448325129745683e+01
-1.648831154479819716e+01
-2.367270720349224433e+01
-2.803053373432644690e+01
-1.191384578560939644e+01
-6.039953389068021039e+00
-1.817817004989949581e+01
-1.812101465323950933e+01
-1.457146059901044310e+01
-2.619030096341290914e+01
-7.905443984347174080e+01
-5.292483638940118418e+00
-6.430054636488995357e+01
-9.304944238294339698e+00
-2.320130008272888489e+01
-5.091351854352728168e+01
-1.578800505081311201e+01
-2.658138159311666193e+00
-6.850016127958922141e+01
-7.649109035709375171e+00
-1.325260932272081860e+01
-2.438095131739060761e+01
-9.215699582237922627e+00
-1.945024847662337564e+01
-1.130263692427484727e+02
-4.594044102360920334e+01
-2.101383358058726003e+01
-6.932757063824112720e+01
-2.238881271338423673e+01
-1.614299952932948301e+01
-1.077916263499282934e+01
-2.171894867509363891e+01
-1.810548418071511279e+01
-1.357064566264896399e+01
-2.373639847915543655e+01
-1.541931435166879183e+01
-2.148299230599624465e+01
-4.853213233257397974e+01
-1.317587345945315924e+01
-1.808787948633553100e+01
-7.423095989713698373e+01
-1.603763237677863884e+01
-8.437748696762122691e+00
-3.111084954421560766e+01
-5.793819902715017633e+01
-1.599421303986155962e+01
-1.060464039222923560e+01
-7.817212824955301009e+00
-2.197240372779155848e+01
-3.995994838547522576e+00
-3.498897037984743719e+01
-1.121705833657870954e+01
-3.995994838547522576e+00
-4.948344662692493401e+00
-7.035032561287684416e+01
-1.641528117921552976e+01
-7.275928283436959987e+01
-3.861354781801210123e+01
-9.437296747920056461e+00
-8.890558289867355413e+00
-3.658592763293756889e+01
-6.959955412844031741e+01
-3.823812582429123808e+00
-1.355703720392630451e+01
-1.609688707225815918e+01
-2.167936419514266788e+01
-6.716407349315474562e+00
-2.103177764658655136e+01
-1.047465426408540168e+01
-2.054626106069971669e+01
-3.457451732572298653e+00
-1.907255238577274525e+01
-1.343650939284788315e+01
-5.738140870353467093e+00
-4.982565226960741001e+00
-1.888272370666019384e+01
-5.231219609674599091e+00
-2.557510650937197205e+00
-2.848519126712089289e+01
-2.238881271338423673e+01
-3.531171006132423429e+01
-5.976659265758790696e+00
-5.542559294204044562e+01
-1.081039506120792737e+01
-7.052063864364957624e+01
-3.474103538444413175e+01
-5.718302459402557325e+00
-2.742231366103255397e+01
-1.323683388361413549e+01
-7.397784842294728946e+01
-1.429402895422915698e+01
-7.983310039710929118e+00
-3.325962530043077692e+01
-4.546310799506743905e+01
-3.032764161432918470e+01
-3.617066413904519351e+01
-6.101761714747853915e+01
-9.755615964130770479e+00
-7.431710257793382368e+01
-2.230366465092906481e+01
-9.038033586878258419e+00
-1.035601955300657018e+01
-2.008543214523650988e+01
-8.462185385061226839e+01
-5.948245003993459790e+01
-7.186278727119200482e+01
-6.339022993496019609e+00
-3.193037652586695430e+01
-1.048468113952911018e+01
-8.323118291592282958e+01
-1.869082700448219825e+01
-2.885673946974073800e+01
-3.169415502604195467e+01
-1.236093631544358473e+01
-7.045555026297998324e+01
-1.302665758242941330e+01
-1.808302355386733140e+01
-4.936463844173279547e+00
-1.833445110353349250e+01
-4.260828457970784910e+01
-1.879295743055508794e+01
-1.306315250870971134e+01
-2.920150035680113554e+00
-2.969886792047334012e+01
-1.514880456742705306e+01
-1.310836089387744074e+01
-2.480338484538995658e+01
-1.756342976688277702e+01
-4.951098910422599175e+01
-8.508599587987075097e+01
-2.068153866917794304e+01
-2.282460300656900998e+01
-1.856220114890999184e+01
-2.947903920236465680e+01
-2.138458541857914241e+01
-1.031215429115756521e+01
-6.989158951406987796e+01
-3.808162799548902200e+01
-3.506723901473977634e+01
-1.986258076170292597e+01
-1.472233481935084498e+01
-1.833445110353349250e+01
-9.562532163243478323e+00
-1.324044877035424683e+01
-1.282230446087286246e+01
-2.510999755758118113e+01
-7.750741600513342178e+01
-5.572623304282738843e+01
-8.240871862759746591e+01
-1.666109664518629785e+01
-1.391664382739305594e+01
-2.524353276969772253e+01
-1.419649963954040039e+01
-2.128643237097183061e+01
-1.951399432857931870e+01
-1.317833918011660543e+01
-1.417189573492143140e+01
-1.930725106542963587e+01
-4.853213233257397974e+01
-2.743151882204424652e+01
-7.572056411120220787e+01
-8.630658772418536273e+01
-2.690707465708002033e+01
-8.782852061528963361e+01
-3.201212425025742192e+01
-1.891494028358844393e+00
-3.744076632956145545e+01
-3.455406212393822329e+01
-1.598132161230169856e+01
-3.268952406393609067e+01
-1.686088007833400582e+01
-1.785920162854337789e+01
-3.201212425025742192e+01
-4.435331423617068225e+01
-4.853213233257397974e+01
-3.596779916027662694e+01
-8.292257178872084467e+01
-1.031215429115756521e+01
-4.084517625902900306e+01
-1.068513804918196897e+01
-1.891494028358844393e+00
-3.201212425025742192e+01
-3.328723692473676010e+01
-1.785920162854337789e+01
-7.131800768081448894e+01
-1.647545944406369856e+01
-8.312200043320427767e+01
-1.066941410755010722e+01
-8.412839715397105067e+01
-2.386883207856544686e+01
-7.418566530860341857e+01
-3.091060896047848949e+00
-3.170392563853915036e+01
-4.019021571036233809e+01
-1.349255761530838171e+01
-9.213833551612390593e+00
-2.396005347778166428e+00
-4.853213233257397974e+01
-7.756411744018024024e+01
-2.008488103926916679e+01
-1.433651391127829733e+01
-8.407256850429430983e+01
-9.213833551612390593e+00
-2.238881271338423673e+01
-1.257404107851627373e+01
-1.857475242630490442e+01
-1.565586366931768580e+01
-2.220275685446188518e+01
-1.301161315421183673e+01
-8.130663435736428468e+00
-2.971355445806270978e+01
-2.540450050212422184e+01
-7.398967267237995138e+00
-8.514160965290638217e+01
-2.341459888130353661e+01
-2.198898436783947474e+01
-8.147436457569753543e+01
-2.945610940283392054e+01
-1.809159576789742729e+01
-1.734502044099372497e+01
-6.954294371405962849e+00
-3.908495795998813094e+01
-2.080418160809812633e+01
-9.739276302810592867e+00
-5.155412321084565974e+01
-4.152931732884242422e+01
-1.505248967787517067e+01
-9.009739625151615527e+00
-1.047465426408540168e+01
-1.047465426408540168e+01
-1.742902627768030754e+01
-1.933764474625189322e+01
-8.981179922237173230e+01
-1.659344767744139304e+01
-2.215814253632208519e+00
-4.851255936620972875e+01
-2.034806458001140683e+01
-9.597681958909166866e+00
-1.731630841998454429e+01
-1.165055276455128208e+01
-3.451120468956737852e+01
-1.275726402320579922e+01
-4.531531855242234741e+01
-1.438277888379862191e+01
-7.776011929881920537e+01
-3.739836778501432235e+01
-2.701625796153164227e+00
-1.848505258624017600e+01
-2.365769306460457599e+01
-2.643785487182074334e+01
-5.064420536635640957e+00
-1.168136046144563522e+01
-6.327800349586389927e+01
-1.949894206477718939e+01
-1.349029929496286684e+01
-2.145009256877356663e+01
-9.068748250760013718e+01
-3.413053580923357799e+01
-5.247094872692791512e+01
-1.901928232927631868e+01
-7.146597922556443905e+01
-2.690707465708002033e+01
-8.510618635863055204e+01
-1.255026032416953896e+01
-5.941653394043997594e+01
-6.678728879165313970e+01
-1.465676510016315426e+01
-1.035824032638084624e+01
-3.331432291640970789e+01
-1.232879974328282557e+01
-4.164409292997973466e+01
-1.337721154101639343e+01
-7.391136283302820686e+01
-4.345326455299681356e+01
-2.399201485779164855e+01
-2.265787732410386113e+01
-8.433528228978188324e+00
-1.360054395804777982e+01
-8.598242039515836765e+00
-1.330343620432723561e+01
-1.661827581683569832e+01
-1.039863585293708148e+01
-4.436690345611894060e+01
-1.917953609455461716e+01
-2.813797553113713334e+01
-7.701470027719077294e+00
-2.782355437798918985e+01
-9.984467829407947193e+00
-1.112177693454966132e+01
-3.248534374385825885e+01
-1.608495731501386672e+01
-6.677839927206464665e+01
-6.328142121853244362e+01
-7.514812624169697131e+01
-1.020005797728626789e+02
-9.978354511644496938e+00
-1.536740501970583317e+01
-6.196468044803089015e+01
-2.107178566224140681e+01
-1.047465426408540168e+01
-7.167067284800253013e+00
-2.608259354470062164e+01
-1.841045298570441346e+01
-8.311360586300773434e+01
-6.870078324058927421e+01
-8.699183924629168985e+01
-2.312741611363889405e+01
-1.447190411541624044e+01
-9.025594672157774312e+01
-3.190158248811337671e+01
-1.022372791327129349e+01
-1.458056498861778394e+01
-2.744762230776007073e+01
-5.147491741974069868e+01
-1.479027938805793241e+01
-1.227270212397860583e+01
-6.891832259961876161e+01
-6.932757063824112720e+01
-7.874218189230249187e+00
-7.568138349932927156e+01
-1.636546796874443999e+01
-3.172484133057881550e+01
-5.335377443139654474e+01
-2.611403829452980219e+01
-1.440435038820060853e+01
-8.801827580429488762e+01
-2.238881271338423673e+01
-6.108017909611436203e+00
-1.589071594029648793e+01
-1.077916263499282934e+01
-7.603013465463233445e+01
-7.355215704467458693e+01
-1.047465426408540168e+01
-2.238881271338423673e+01
-2.290918308659131952e+01
-9.856057749669467682e+00
-2.571119765173139626e+01
-1.930310062800247906e+01
-2.238881271338423673e+01
-9.437296747920056461e+00
-8.534232225626523416e+01
-7.278880619250155348e+01
-4.853213233257397974e+01
-1.304205113884325229e+01
-1.106341862115504426e+01
-1.963470635220048166e+01
-8.163175177182159459e+00
-9.089463591494455841e+01
-3.161575275642260863e+01
-7.916786657363373614e+00
-7.446903685506527815e+00
-3.170459407034350363e+01
-5.911617781961369111e+00
-2.429082758247989915e+01
-2.397973626068112551e+01
-8.852954279663089210e+01
-5.247094872692791512e+01
-2.869263641717842006e+01
-1.874784408928025670e+01
-2.916220714429806904e+00
-1.677413310855194339e+01
-9.154272883444573239e+00
-2.118471704967568670e+01
-1.200744833219043173e+01
-1.705543771950823739e+01
-1.099938173625043447e+01
-2.249551150991078075e+01
-2.342060479103609794e+01
-4.004107516856226567e+01
-2.633530299576270650e+01
-1.735993974017157981e+01
-1.745299721235480206e+01
-1.006711995794011116e+01
-7.605253683400198383e+01
-6.823546254345183115e+01
-2.673102640264760055e+01
-3.594219540469585894e+01
-1.889744254539126445e+01
-2.209716147738741299e+01
-1.102631545233396970e+01
-9.266644431206162835e+01
-2.338935647576256116e+01
-1.477190411541624115e+01
-2.811788999542796574e+01
-1.537470115244514091e+01
-1.312358372066538514e+01
-2.082257083737026448e+01
-5.317816205995042367e+01
-1.048393553025568714e+01
-6.659735804061111430e+00
-5.247094872692791512e+01
-2.720320689465011199e+01
-6.258873766723095855e+01
-2.432786602839542311e+01
-8.694271114065251993e+01
-1.763227864979095827e+01
-1.130609600769276568e+01
-1.311079063964722380e+01
-2.660755365849439968e+01
-6.773085105641731829e+00
-3.201212425025742192e+01
-9.329408146200092844e+00
-6.989158951406987796e+01
-8.938109533330205636e+00
-6.804142548317484795e+01
-2.238881271338423673e+01
-7.967843447663341294e+01
-1.007488772836399349e+01
-1.065786103461493362e+01
-3.134139528318978307e+01
-2.073224779370812598e+01
-1.021092359641873415e+01
-2.690707465708002033e+01
-1.752854959016575975e+01
-1.071915470719065056e+01
-7.731356892522634894e+01
-1.920489181653393373e+01
-7.943984620596704360e+01
-2.176572233217948593e+01
-8.604555651841602071e+01
-9.710534734698626380e+00
-1.801067974820233886e+01
-2.575062764716674835e+01
-1.901928232927631868e+01
-1.058401545244138831e+01
-2.566253739270663914e+01
-1.480596409726900475e+01
-6.804142548317484795e+01
-7.709036944069279684e+01
-4.561436916628296423e+00
-1.785920162854337789e+01
-6.202437776613066056e+00
-3.557454536408545920e+01
-8.856976791490912149e+01
-2.984746704680814844e+01
-1.654884783427436545e+01
-2.194903740650783064e+01
-9.666504831651122842e+00
-6.656806968237484057e+01
-2.770988998148390436e+01
-8.975906256830104013e+00
-3.038744963051186687e+01
-6.358311076475171575e+00
-1.885941777214118531e+01
-6.912882822989199383e+01
-1.758583653722768858e+01
-1.233035653058558268e+01
-1.736933366978157878e+01
-7.115877060057314019e+00
-6.954743970712316070e+01
-2.139325513589442451e+01
-4.156147276145136260e+01
-3.419945860464921594e+01
-1.808302355386733140e+01
-3.211470579583192375e+01
-8.130663435736428468e+00
-1.829567201491619599e+01
-2.752868203726395180e+01
-2.324242096711993710e+01
-4.853213233257397974e+01
-1.032426857401203080e+01
-1.073458838750465247e+02
-3.849537542728189266e+01
-1.603763237677863884e+01
-3.839851016744186829e+00
-4.964678034998421907e+01
-1.447190411541624044e+01
-2.747609399945911335e+01
-2.814464420322183713e+01
-1.537470115244514091e+01
-8.534232225626523416e+01
-2.750707465708001820e+01
-2.186093585371186521e+01
-2.753295818183534749e+01
-1.047465426408540168e+01
-1.135754763884542129e+01
-7.221182356921633350e+00
-8.590655674551415188e+01
-7.905065078298805759e+01
-8.724615322605266954e+01
-1.845472469735196341e+01
-5.732707480557733604e+00
-8.305678100731577729e+01
-8.296449515047493506e+00
-2.290918308659131952e+01
-8.217278361970945966e+00
-5.152336618546276981e+01
-7.337775926107720181e+01
-1.047465426408540168e+01
-2.079923770571484454e+01
-1.808919538540180127e+01
-4.964678034998421907e+01
-8.651884150298373299e+01
-1.743245338798863386e+01
-2.842563707600066891e+01
-1.346671399003651182e+01
-1.529808567496717053e+01
-1.822774924433363708e+01
-1.049214931915659719e+02
-1.973090147957351093e+01
-1.603763237677863884e+01
-1.880758670745226624e+01
-5.845984325718731611e+00
-1.083850297885220826e+01
-2.265197762796601211e+01
-3.201131535120020466e+00
-1.213764225345165571e+01
-6.140864452011443575e+01
-1.178690615879209957e+01
-1.330484375557260535e+01
-2.290918308659131952e+01
-1.856605113527536588e+01
-1.345256547719315954e+01
-1.345186605085385700e+01
-5.008471672327697632e+01
-2.448839856607928311e+01
-4.545397485405681692e+01
-1.507516874566082521e+01
-1.292275890705879426e+01
-8.360032151111363774e+00
-1.782387282829580144e+01
-2.308143709742363825e+01
-1.891494028358844393e+00
-2.611461204713279116e+01
-2.238881271338423673e+01
-7.425480220205314197e+01
-7.656248446271666808e+01
-1.510660927501911388e+01
-5.546248773863150916e+01
-4.286758792995730261e+00
-1.685622841156924068e+01
-7.062412179967083148e+00
-2.118471704967568670e+01
-7.324527240589971200e+01
-1.079229381791732756e+01
-3.457048127740188193e+01
-2.590073652517172675e+01
-2.495423007443593733e+01
-2.101249333433002242e+00
-9.194278882421954791e+00
-6.804142548317484795e+01
-1.289753570080597278e+01
-1.061987627525326516e+01
-1.060524614929903464e+01
-1.603763237677863884e+01
-1.127382883244896128e+01
-6.385875928394048628e+01
-4.346511407351587764e+01
-1.914226319777060681e+01
-1.906998829413261376e+01
-2.145484610628731659e+01
-8.104129926208263157e+01
-8.529609783135596146e+00
-8.840138020663445673e+01
-2.989202836462149904e+01
-2.831448633399027770e+01
-5.858120240371156484e+01
-3.922363213657710190e+01
-3.406315723613278124e+01
-1.301596092436953711e+01
-1.626617929554832287e+01
-9.808653595443368900e+00
-1.395698264662426880e+01
-7.185725537593472545e+00
-1.086631017043374925e+01
-1.855623913784523182e+01
-6.300371837242446205e+00
-1.833445110353349250e+01
-3.839851016744186829e+00
-1.184102001504907165e+01
-3.376063951554955622e+01
-7.387541425246212157e+01
-2.210299653531483344e+01
-5.491880147637847642e+01
-2.834034561825227527e+01
-5.996968519501658079e+01
-6.970322783702387426e+01
-9.126012571571624932e+00
-1.205596773491548568e+01
-1.236077558231156814e+01
-7.044752270239796133e+01
-3.248534374385825885e+01
-4.430426431737161153e+01
-1.103755050254764569e+01
-9.631975186106405573e+00
-1.802058837723063434e+01
-4.414587559197274302e+00
-7.334175172359296369e+01
-6.813704255416976707e+01
-8.556107541909261727e+01
-1.676456761240593352e+01
-3.760964986565176638e+00
-1.962652198487382904e+01
-7.981259721756323700e+01
-3.057061163719806629e+01
-3.089468011549447013e+01
-1.855623913784523182e+01
-1.689843838250861907e+01
-1.625308535778048125e+01
-2.337253134096094698e+01
-1.204252977785716894e+01
-1.883239920619287577e+00
-6.759229458213455644e+01
-1.812311076778295416e+01
-2.906124522320348902e+01
-5.985011352175870059e+01
-8.633852408409369161e+01
-1.529833356792434707e+01
-1.537470115244514091e+01
-1.417433666623155908e+01
-7.607399586761943056e+01
-1.442014039783255797e+01
-8.097426034080477564e+01
-9.231330295619134318e+00
-5.710719020276575186e+00
-4.464732601184785210e+01
-8.448803799860609587e+00
-1.790228220305897011e+01
-1.525567217776207052e+01
-8.915267171040730432e+01
-1.474656399769770232e+01
-7.596063274509025121e+01
-8.876928240868161879e+01
-2.622127384912473502e+01
-1.771099800083519682e+01
-2.421902568187515570e+01
-1.077916263499282934e+01
-1.837034659417235360e+01
-4.018099629424449759e+00
-7.891558269006653248e+00
-1.459640651154345292e+01
-1.057316192041331071e+01
-2.268169224490049629e+01
-1.331889208217946141e+01
-3.922363213657710190e+01
-8.288029595385843606e+01
-1.893684730348360290e+01
-1.515804606233931651e+01
-5.908492084433430591e+01
-5.644599011097034769e+00
-1.794835367872552823e+01
-1.177987557773909266e+01
-2.746988453226649440e+01
-3.760964986565176638e+00
-2.690707465708002033e+01
-1.833809212891316776e+01
-2.742248608095183471e+01
-6.019679228552006123e+01
-1.508084606865958577e+01
-3.400186133504218944e+00
-2.530708794738647427e+01
-1.043737109271321017e+01
-5.860624035201919924e+01
-2.188350487936127209e+01
-8.178276305883267128e+01
-1.537470115244514091e+01
-1.399864273419176897e+01
-1.883239920619287577e+00
-2.943054000827846295e+01
-9.239066305491196118e+00
-2.667992679621305641e+01
-2.815567635245044542e+01
-1.191904287409285601e+01
-3.935662664597467142e+01
-2.907674463661207653e+01
-3.231171438320480149e+01
-2.061311054737945980e+01
-6.145163781092833943e+01
-1.013568949879137904e+01
-1.417433666623155908e+01
-3.359760048797718923e+01
-7.617857765666919079e+01
-1.812962763466410365e+01
-2.671478803096293575e+01
-1.603763237677863884e+01
-8.308140125344439753e+01
-1.833445110353349250e+01
-6.239918566910756859e+00
-5.524231845830058774e+01
-6.598942790484676912e+00
-1.785920162854337789e+01
-1.599825419377056335e+01
-1.121960903494560924e+01
-1.172103512322977892e+01
-1.995922214816909701e+01
-1.603763237677863884e+01
-1.669669161750035657e+00
-8.611658772094925141e+00
-1.368432254921758329e+01
-2.246826761328246391e+01
-2.498659011813182929e+01
-1.883239920619287577e+00
-1.537470115244514091e+01
-2.098911977305654375e+01
-1.796609075154882262e+01
-9.285419756365481447e+00
-9.109726222454193589e+01
-1.520593964862042213e+01
-1.447190411541624044e+01
-6.258695793016883613e+01
-1.351669007577932646e+01
-6.744975660709264353e+00
-1.919776711263861202e+01
-2.447865666943643603e+01
-4.018099629424449759e+00
-9.947738907638037631e+01
-6.951410642561053521e+01
-2.396005347778166428e+00
-1.547747743468832127e+01
-1.672451587203087087e+01
-3.274968687575976389e+01
-8.379590354007689257e+00
-4.853213233257397974e+01
-1.748870484997394215e+01
-2.118471704967568670e+01
-1.469306290613184274e+01
-5.726831377017741431e+01
-1.023335802992597543e+01
-4.076854522213784549e+01
-6.887729102333244313e+00
-1.496349361940991685e+01
-9.285419756365481447e+00
-1.262619801716076751e+01
-1.523361049984128002e+01
-1.513320569671639504e+01
-9.484184424465075480e+00
-7.591312333762306075e+00
-1.460398833475102620e+01
-1.576642759402989746e+01
-8.130663435736428468e+00
-8.534232225626523416e+01
-6.908442414070974280e+01
-1.808302355386733140e+01
-1.135754763884542129e+01
-1.112945778329339674e+01
-2.638177856370887042e+01
-2.710725798547406740e+01
-8.345908976343663710e+01
-1.760307164135850044e+01
-1.833445110353349250e+01
-7.304543515363295114e+01
-1.474403956137814475e+01
-4.121705738489933424e+01
-6.982609328212625144e+01
-2.728994816184929562e+01
-8.992637748166824707e+00
-5.675621432822597789e+00
-9.096370006583789802e+01
-1.645069498570825317e+01
-4.853213233257397974e+01
-4.884672162984053756e+01
-4.299660026858395412e+01
-8.730814609915483970e+00
-2.329988345213126166e+01
-9.933537251365736509e+00
-1.009490428666061845e+01
-1.059097301114771739e+01
-9.628495941658950841e+00
-6.832886944415920993e+01
-1.447190411541624044e+01
-2.656284101966384092e+00
-1.725015150292902888e+01
-1.541616905033453300e+01
-1.537470115244514091e+01
-2.118471704967568670e+01
-8.821441997198360241e+01
-5.544413016575906283e+01
-1.307168407478527072e+01
-3.191212808139397339e+01
-8.520037420687926044e+01
-1.017599867337472119e+02
-1.537470115244514091e+01
-2.690789740488910908e+01
-2.955280130462240251e+01
-9.285419756365481447e+00
-9.095484124113322366e+01
-1.569172564653579727e+01
-1.623689704688491275e+01
-1.276065158874122574e+01
-1.021837154092976796e+01
-5.155412321084565974e+01
-9.329864245796066768e+01
-4.218379289940287435e+01
-2.690707465708002033e+01
-6.818490677427817559e+01
-1.513320569671639504e+01
-1.181406261416564618e+01
-1.550338219380022053e+01
-1.135924227151095778e+02
-8.569846700177396315e+01
-3.724617982359021084e+01
-2.665182465363287889e+01
-2.491007118282799482e+01
-8.834211592650919442e+01
-5.544413016575906283e+01
-1.218828733746860848e+01
-1.542897643415611242e+01
-3.506723901473977634e+01
-6.527332740488087381e+01
-7.896855385428555252e+00
-6.781269941320904593e+01
-5.772589026905564680e+01
-5.361228234995983222e+00
-8.412784777105363432e+00
-8.021356722483080404e+00
-4.210038722086071061e+01
-5.544413016575906283e+01
-1.182194496412200522e+02
-3.554269075960759494e+01
-1.626617929554832287e+01
-2.282460300656900998e+01
-7.385731964105781344e+01
-1.013568949879137904e+01
-6.978070784012544436e+01
-5.827751388451456904e+00
-1.005918153872009846e+01
-3.220579325572357376e+00
-7.503410077494001484e+01
-1.018789857770407714e+01
-8.098362572588150954e+01
-4.941535483818795882e+01
-1.160240324962373393e+01
-1.920504687940134048e+01
-7.265088205204344263e+01
-2.690707465708002033e+01
-2.999062493060838364e+01
-1.098733040276986017e+01
-2.038502068873564355e+01
-2.589978299362494596e+01
-2.304488022797665181e+01
-3.506723901473977634e+01
-9.082732294224570069e+01
-2.118471704967568670e+01
-1.833445110353349250e+01
-8.645988733756318823e+01
-6.944783981406717999e+01
-6.793239279918053342e+01
-3.506723901473977634e+01
-5.155412321084565974e+01
-5.855412944144846144e+00
-3.396805203392947448e+00
-1.773805862898066010e+01
-1.213536993619563731e+01
-3.011162588180947353e+01
-7.696443918717051247e+01
-1.122536535464642427e+01
-1.318014808511327729e+01
-1.719431378710062575e+01
-5.531138705235473907e+01
-1.871211972936080414e+01
-1.803559331006719546e+01
-2.830383979796031824e+01
-7.395489095909617561e+01
-2.220275685446188518e+01
-9.583502921123502460e+01
-8.700769628029649994e+01
-1.071488376406421850e+01
-1.660561038020962954e+01
-5.362750904801618645e+00
-1.013568949879137904e+01
-1.537470115244514091e+01
-6.666814663644279548e+00
-8.668725783181425015e+01
-3.922363213657710190e+01
-1.626617929554832287e+01
-1.541163335915694255e+01
-7.826324331041067239e+01
-7.408684349464685681e+01
-1.742770944861230831e+01
-1.237837978089283553e+01
-1.447190411541624044e+01
-3.320879808851823611e+01
-8.862498045025613180e+01
-2.959786289174112461e+00
-2.690707465708002033e+01
-6.337441930605083229e+01
-1.422032363728014737e+01
-1.065033195974369562e+01
-7.859813143499040144e+00
-7.228330971784643566e+01
-9.858558616826371690e+00
-8.845033251977266531e+00
-5.491880147637847642e+01
-1.537470115244514091e+01
-7.603018769395833942e+01
-3.418578818639940664e+01
-7.846972268272183726e+01
-1.466606711135086272e+01
-1.057077049958637360e+01
-1.487489573980949586e+01
-3.279713826387121856e+01
-8.217278361970945966e+00
-7.623072843234949403e+01
-1.615474399640830327e+01
-7.949408701662101784e+00
-3.814344021592185641e+01
-3.669740607070097127e+01
-9.164342468880384729e+01
-6.813507780953687920e+00
-6.508992661993842077e+00
-7.507759569267021504e+01
-9.641801201214407868e+00
-2.721018849136273943e+01
-2.841545471837235226e+01
-8.446419917733564375e+01
-2.839780969635646457e+01
-1.649636780718099871e+01
-1.616599632891427518e+01
-5.236604481139988110e+01
-1.761163881240239704e+01
-6.798513631074307284e+01
-5.624210360637794537e+01
-3.839851016744186829e+00
-9.258699533141535198e+01
-1.055005223916721313e+01
-1.622274569525580645e+01
-1.785920162854337789e+01
-7.861485426324542836e+00
-6.257942222303589119e+01
-1.942446596078272592e+01
-5.105543082939086652e+00
-9.285419756365481447e+00
-2.626332798401663027e+01
-2.818509962772343158e+01
-8.534232225626523416e+01
-3.926615853131625755e+01
-3.407318434193011569e+01
-6.878020983510374720e+01
-2.900765675296275958e+01
-1.905449673669355803e+01
-1.233592216835764077e+01
-8.130663435736428468e+00
-6.989395300555907298e+00
-1.537470115244514091e+01
-9.285419756365481447e+00
-7.570666079431669004e+01
-1.832990142910087528e+01
-1.958294502680272942e+01
-1.110663816731672782e+01
-1.785920162854337789e+01
-5.908492084433430591e+01
-3.004327762158835569e+01
-3.995245716457465335e+01
-3.359702744534563124e+01
-1.470872131258076188e+01
-1.444253817178789134e+01
-5.105543082939086652e+00
-1.603763237677863884e+01
-1.855623913784523182e+01
-1.933438558320842304e+01
-1.578815891242670943e+01
-1.447190411541624044e+01
-8.135570740164880021e+00
-1.738497276737970409e+01
-1.189141884353394829e+01
-9.684334232548610544e+01
-3.626888298019756007e+01
-1.989603852938429185e+01
-2.137589527858642313e+00
-1.419663525468500964e+01
-1.656146172616884016e+01
-2.070393008779965882e+01
-8.427137247706869516e+01
-6.744975660709264353e+00
-7.496400229024233397e+01
-7.975998722966041043e+01
-9.996970023926591509e+00
-8.679628596092500814e+00
-1.968359562644104699e+01
-1.149344810138070372e+01
-1.932181240442043801e+01
-1.965191713708223631e+01
-7.595753066754559768e+01
-1.660561038020962954e+01
-2.101249333433002242e+00
-7.870828111049653408e+00
-3.023148731993953575e+01
-1.205390732204136839e+01
-1.034864189114203370e+01
-1.653726720169328246e+01
-1.288015240244805426e+01
-2.101249333433002242e+00
-3.180536323522773756e+01
-1.058497561479781552e+02
-9.691730130219166739e+00
-1.512487651180557791e+01
-1.271040939383608581e+01
-1.999153289514196175e+01
-4.144994534005851961e+01
-1.703127464287549842e+01
-1.493481418433791319e+01
-1.331072082907504672e+01
-1.149815827096705760e+02
-1.065487670157490996e+01
-1.047532879583110628e+02
-1.798029581872602733e+01
-8.160035206038081412e+00
-5.155412321084565974e+01
-3.297916265827873161e+01
-2.219590295298288041e+01
-3.244968687575976674e+01
-2.257000015582348595e+01
-9.385823642924938781e+01
-1.054216732227889786e+01
-3.376087212582798003e+01
-1.785920162854337789e+01
-9.885886683748598358e+00
-2.841045825813017700e+01
-7.693444671684829927e+00
-1.043205814176662649e+01
-7.973432986981414672e+01
-2.701625796153164227e+00
-6.603107692294081232e+01
-1.809862997653959482e+01
-2.962309223273820535e+01
-2.468051074260061739e+01
-1.251085170592835638e+01
-1.151232917443476822e+01
-3.470469387509686143e+00
-1.271795019358283518e+01
-9.034626271803277930e+00
-1.603763237677863884e+01
-5.931108919470210594e+01
-9.228094779585322982e+00
-3.506723901473977634e+01
-2.813631460509668969e+01
-1.039233282253941297e+02
-1.785920162854337789e+01
-2.400509545471476436e+00
-6.744975660709264353e+00
-7.171822591721675622e+01
-8.651127892926517404e+01
-1.262427911744597786e+01
-1.304717408715571558e+01
-1.871617210646582663e+01
-2.993923979681327729e+00
-1.087077049958637431e+01
-9.982793312229327753e+00
-1.845805516347606101e+01
-2.690707465708002033e+01
-8.084174360082192479e+00
-1.325309050176559467e+01
-8.017861875772597458e+00
-5.931108919470210594e+01
-6.871177138355093916e+01
-1.328960598510557034e+01
-1.022026007146774518e+01
-3.088788824624560725e+00
-2.327851947306813685e+01
-1.486228699786570751e+01
-1.110008633659078825e+01
-1.171475791523026189e+01
-5.017761228184547662e+01
-8.270694728697339571e+00
-1.612824211883997094e+01
-5.802778153820735696e+01
-3.995245716457465335e+01
-1.561677463673975552e+01
-1.304717408715571558e+01
-1.747832429569802315e+01
-1.977200997421315520e+01
-1.194259446912709777e+01
-3.436807191881880641e+01
-1.404752742974616275e+01
-1.403418431267171940e+01
-5.780872073440400882e+00
-1.461741196251650621e+01
-1.626617929554832287e+01
-7.705885591826226744e+01
-1.165632012356500269e+01
-1.232825591898106943e+01
-2.567813980092594406e+01
-2.067154740669052160e+01
-5.295018358933561764e+00
-7.136815506954001798e+00
-7.003711169862983255e+00
-1.081752538896095572e+01
-7.800630441069643872e+00
-5.169088745209508318e+01
-3.750164662839475938e+01
-9.641801201214407868e+00
-5.481192943759687353e+01
-3.975421974569049155e+01
-3.586779845932182020e+00
-5.598271633424735683e+01
-1.942492547947937354e+01
-3.348210018183799264e+01
-1.653747345882358033e+01
-1.348684374190962743e+01
-6.249713026947097205e+01
-8.921666269313848829e+01
-2.187657530155914642e+01
-1.470426692491933451e+01
-3.407318434193011569e+01
-1.050038033899404724e+02
-8.275875622059687942e+01
-5.326965758629028613e+01
-3.089007540555861553e+01
-9.972678343925828415e+00
-5.633298114809417001e+01
-5.769197357018884276e+01
-1.325309050176559467e+01
-1.640457274691658895e+01
-1.176382464410997741e+01
-2.371080943693534593e+01
-3.376087212582798003e+01
-6.943847383328649414e+01
-6.962080826124130795e+01
-3.506723901473977634e+01
-1.912685685946301106e+01
-1.447190411541624044e+01
-2.956727594447869478e+01
-1.376885901421747249e+01
-4.619547634999078056e+00
-1.537470115244514091e+01
-7.973654332587489790e+00
-8.877640088647905259e+01
-3.839851016744186829e+00
-7.850966860575191220e+01
-2.520505829980368873e+01
-1.452251689062990181e+01
-1.113276067770528854e+01
-3.139843493836667676e+01
-1.812962763466410365e+01
-1.537470115244514091e+01
-1.313777671036329231e+01
-9.004758860442686341e+01
-2.118471704967568670e+01
-5.259478296404353870e+01
-2.118471704967568670e+01
-1.438959394505804212e+01
-2.932228280276230592e+01
-4.870020683280147367e+00
-1.603763237677863884e+01
-1.868571922078349345e+01
-6.744975660709264353e+00
-7.542035686611892231e+01
-2.659552285481861844e+00
-1.200883492202795821e+01
-3.402480525578180703e+01
-8.345330032459914094e+01
-5.633298114809417001e+01
-1.539623660489593249e+01
-5.409517868814035069e+01
-1.924293720597555435e+01
-2.886930716592165425e+01
-6.134341847025368111e+01
-6.952257863579403008e+00
-3.325306769098004622e+01
-7.922430409219512626e+01
-7.573024366846874500e+01
-1.447190411541624044e+01
-2.818854424834601602e+01
-6.202682703108689743e+00
-2.579272215725193718e+01
-1.855623913784523182e+01
-3.922363213657710190e+01
-2.268250474559367547e+01
-6.261260447713485178e+01
-1.745007528464854474e+01
-4.606117360891061274e+00
-2.697842853066926594e+01
-8.130663435736428468e+00
-9.091192389489094694e+01
-5.952492696465675692e+00
-1.450891949978797868e+01
-1.301443062658645289e+01
-1.537470115244514091e+01
-5.697121250206125609e+01
-8.183551245712514799e+01
-3.594267068616875349e+01
-1.136539053526036547e+01
-9.594812016892948492e+00
-2.192675412328842199e+01
-2.774481940096008614e+01
-4.999761992219929851e+01
-1.554565832730995290e+01
-2.279009133744294857e+01
-1.987352518036167837e+01
-1.541306692483654039e+01
-1.600201131745821215e+01
-4.149935595767693286e+01
-7.336163613825542029e+01
-1.785920162854337789e+01
-7.463611542013964595e+01
-2.883782950020387759e+01
-3.279713826387121856e+01
-6.435354750677798386e+00
-4.149271258948297003e+01
-9.899696065767747299e+00
-1.062287923139247425e+01
-8.086013225753271172e+01
-2.916220714429806904e+00
-2.166499847347143159e+01
-4.976058151686405040e+01
-2.886930716592165425e+01
-8.331987031300094770e+00
-6.795618100670495210e+01
-7.609642635857906789e+00
-7.770082317103662817e+00
-3.234001238259081390e+01
-1.047277485556425525e+01
-2.926552509286261383e+01
-2.674309043163951571e+00
-4.623902680894767769e+01
-8.041947909855062449e+01
-1.104643369531341079e+01
-9.693634768313043537e+01
-1.747008535391350392e+01
-8.472751608519351407e+01
-1.965230352873954089e+01
-8.942809857579463895e+00
-7.365512957872765298e+01
-3.536638579341525457e+01
-4.057944751418837370e+00
-1.603763237677863884e+01
-1.537470115244514091e+01
-6.399779869324995474e+01
-7.816862015939175024e+01
-1.020948377976208974e+02
-6.744975660709264353e+00
-1.972727024915887384e+01
-3.162560665707352214e+01
-1.543955543195128044e+01
-1.603763237677863884e+01
-1.855623913784523182e+01
-1.023423516117020782e+01
-2.848749941427170285e+01
-6.551255895775265969e+01
-1.325309050176559467e+01
-2.690707465708002033e+01
-6.577175127762483697e+00
-5.219143026536825936e+00
-8.711661723863658224e+00
-6.291759155809494075e+01
-5.843707124513886519e+00
-1.616356620927751919e+01
-3.407318434193011569e+01
-3.145453956353476954e+01
-5.155412321084565974e+01
-1.053038439188474484e+01
-5.022640150953930060e+01
-1.386227679264298196e+01
-7.463403430903963454e+01
-4.292765374306866555e+00
-3.035978985001782426e+00
-1.868571922078349345e+01
-7.138340532877428757e+01
-1.127234987318614401e+01
-1.807811160136325768e+01
-3.248534374385825885e+01
-5.717984670213625265e+01
-2.815138825509212239e+01
-3.348839093877060691e+01
-8.037446898280063579e+01
-5.717069202725569710e+01
-3.144764909362173810e+01
-1.029165749596264234e+01
-8.130663435736428468e+00
-1.603763237677863884e+01
-4.106591911161697084e+01
-8.921666269313848829e+01
-8.612660251374348874e+00
-2.022790210319241311e+01
-1.208736339242862634e+01
-8.838040852554536286e+01
-4.336324857480531847e+01
-1.141475791523026118e+01
-5.608186049897414982e+00
-1.488898687304045865e+01
-1.054177763344753593e+01
-1.635976121351681556e+01
-1.280857481346252413e+01
-1.883239920619287577e+00
-1.088856130653775622e+01
-2.961912805140524085e+01
-2.935497872788055673e+01
-1.676663188529220960e+01
-2.682876115584066312e+01
-1.295582261376031497e+01
-3.019038487495576462e+01
-3.830552471641789225e+01
-1.092515670376936399e+01
-1.813490917845647843e+01
-1.532487921240414330e+01
-2.819002385031937763e+01
-2.567989835757483519e+01
-1.597979286673318988e+01
-7.088132478896981503e+00
-1.978722557367806445e+01
-1.679159015507085329e+01
-9.452271066940906508e+01
-9.350592497285742866e+01
-1.177165059351554710e+01
-2.563636671181807358e+01
-3.356062508622575535e+01
-2.989131904289623876e+01
-7.560108030857503536e+01
-1.013568949879137904e+01
-7.955911804548649968e+01
-2.210078386899740011e+01
-1.126551687132670310e+01
-1.174289055573247254e+01
-8.182108915767766177e+01
-5.774758278923863841e+00
-7.947652350687573630e+01
-7.092666551312271750e+00
-2.911268537643726617e+01
-9.825064462986583180e+01
-1.046479088355859943e+01
-9.968711620030572362e+01
-8.488454521052035773e+01
-3.191047163676292087e+01
-2.983449765934738984e+00
-1.827316267235640268e+01
-2.283694665185334216e+01
-3.350533577192811663e+01
-2.222229322801534224e+01
-2.150381262586519071e+01
-3.134354871783353147e+01
-2.845101695961362154e+01
-7.771049779483752218e+01
-1.603763237677863884e+01
-7.489364925550229479e+00
-2.394816074410721995e+01
