-6.807878069364065254e+01
-1.306827413693452229e+02
-6.743655016312777661e+01
-4.572438766485705486e+01
-7.803225776182182472e+01
-6.238520170477630700e+01
-6.480652238057925274e+01
-8.628945309359788496e+01
-8.152709568708107213e+01
-6.595472725837419148e+01
-6.989388507118252392e+01
-5.114390848745210860e+01
-4.470476602107859776e+01
-7.535815867512081923e+01
-8.714477706836312620e+01
-3.873382245092730614e+01
-7.077280666306076284e+01
-4.151209678115824886e+01
-4.711522099790838070e+01
-7.209961713078737944e+01
-6.055282705948434341e+01
-6.259855450121269627e+01
-6.842457702228429639e+01
-7.511832739886173727e+01
-7.143556356602107371e+01
-6.011305573511477007e+01
-8.246828023089781823e+01
-5.618113785955142703e+01
-5.287114511318205956e+01
-5.587480765058124632e+01
-6.974387373119429867e+01
-6.274546546250627443e+01
-6.209669484728705413e+01
-5.679436119806020145e+01
-4.205515693589764226e+01
-6.336848354322399501e+01
-4.388282530241029633e+01
-3.869536253986511554e+01
-3.916203246451564723e+01
-3.592687162939184020e+01
-5.338298333856290867e+01
-7.013482155366597226e+01
-1.024399190683763976e+02
-5.535538670316745424e+01
-3.156552660982568526e+01
-9.971563527358698309e+01
-4.707525787711981025e+01
-5.799787973182684198e+01
-3.273106527423874468e+01
-9.852084564218780827e+01
-6.894884412825084041e+01
-3.907859258324687346e+01
-3.650954439765531845e+01
-2.600000000000000000e+01
-3.212367434767629959e+01
-3.486755709731785657e+01
-2.441627740026885363e+01
-2.980616959495844398e+01
-3.368271343218766845e+01
-3.425660537955282336e+01
-2.468264491404777417e+01
-1.005800544794084033e+02
-2.739728898600210627e+01
-3.705088292623417345e+01
-2.563015618902916515e+01
-2.203043619194943403e+01
-3.699713410349735909e+01
-3.885876631990606711e+01
-1.267207526860158566e+02
-7.650252620985332896e+01
-9.773332753076527979e+01
-1.777729433145218252e+01
-1.700000000000000000e+01
-1.323356883490367508e+01
-6.492635144805396408e+01
-7.314121786271228132e+01
-2.008067142363994861e+01
-1.027946820245413164e+02
-3.046268160381891121e+01
-3.156857966241671321e+01
-3.168714116689180571e+01
-1.765149223805402912e+01
-3.276251213739173096e+01
-3.703940302413349173e+01
-9.835042140046547843e+01
-5.804036486907885717e+01
-2.908836405139584969e+01
-4.282511866484675522e+01
-7.684935414850845348e+01
-2.205069832314499223e+01
-6.484205625811165419e+01
-4.638603566880381379e+01
-3.604924525867255625e+01
-2.120200605491789858e+01
-6.635047941260323512e+01
-2.129468801724402383e+01
-1.783618222559985966e+01
-1.585442118826383862e+01
-8.269495210732705459e+01
-1.563591899667813223e+01
-7.431118894216207593e+01
-2.856325102017360607e+01
-3.920205757464943730e+01
-4.093919600705031314e+01
-4.259290985108084726e+01
-3.424928386484657494e+01
-5.594310132207382935e+01
-6.472885279098539968e+01
-3.958972126265045688e+01
-3.019305131372600215e+01
-3.800327323548124525e+01
-2.951791472432550734e+01
-2.894037558706091673e+01
-5.561612546307939908e+01
-8.298756350523137826e+01
-2.595345994321879957e+01
-1.801606822000927366e+01
-3.575440696139020247e+01
-4.125219547193057679e+01
-6.129483023098490690e+00
-9.123303081543564730e+00
-1.812123349619770352e+01
-5.808253049581507810e+01
-2.071183348556550641e+01
-2.073817215942661107e+01
-8.656167188748032970e+01
-5.582120646032001332e+01
-4.880160698791885920e+01
-1.707255197766648891e+01
-1.419403729830277072e+01
-2.875432293408327311e+01
-2.337173982122053317e+01
-4.779092740877150902e+01
-6.768266999149520302e+01
-6.120827439922852875e+01
-1.161540349859901369e+02
-5.694829622166170680e+01
-1.443304997843807413e+01
-7.060669471259527086e+01
-4.030712854778514043e+01
-6.455443949465617948e+01
-2.238057793074553459e+01
-2.740545358787895935e+01
-1.292561689955406834e+01
-6.675764795561848075e+01
-6.439221123674947478e+01
-5.192476092035931146e+01
-1.028954880712827986e+02
-3.555461423512488039e+01
-5.906093164322066968e+01
-3.944233839760285321e+01
-3.159957234496489775e+01
-1.226609950954634627e+02
-6.324578935095017584e+01
-3.809803982905209807e+01
-6.422183901270437900e+01
-2.890652718517691255e+01
-5.566687274647443928e+01
-2.666148509749336171e+01
-6.086359843309546136e+01
-2.223932247020809783e+01
-3.547860178063423575e+01
-7.603071792017864539e+00
-8.093147554627034879e+01
-1.346880393567594325e+01
-1.266985533518550611e+01
-9.038985860126297212e+01
-5.825777591410547274e+01
-6.595587967668076601e+01
-2.573664774349894557e+01
-2.306321622048244180e+01
-3.388837844351028394e+01
-5.793932115829120733e+01
-2.222525905927149026e+01
-6.857999174154630850e+01
-4.474235359461832218e+01
-7.248836768008567333e+01
-2.993822488472997989e+01
-6.866588219941711202e+01
-5.666689342481690517e+01
-8.096939984298968795e+01
-1.813734231143889630e+01
-1.781162157808594415e+01
-7.263739751151763357e+01
-4.881792554712524179e+01
-2.783668674612851390e+01
-6.524546580037284116e+01
-2.722203064877004053e+01
-2.618124286266372991e+01
-3.006466282860685268e+01
-6.018943119885155113e+01
-4.950030614699042530e+01
-5.626397457475694353e+01
-6.178992416302463653e+01
-5.459953396465814990e+01
-1.268922544409994373e+02
-2.883022263673863961e+01
-2.670417432840722327e+01
-1.749166261291871294e+01
-3.064140655912315125e+01
-9.368056311736549446e+01
-6.176257550560821130e+01
-7.363866070678311360e+01
-4.914098458148204429e+01
-8.085119929337979272e+01
-2.143235690422867634e+01
-6.857129658501575875e+01
-2.532132062230488501e+01
-1.521955532881153061e+01
-6.892125653194160861e+01
-2.323483628642740229e+01
-2.699144825555665506e+01
-1.230090962573777773e+02
-1.654391930959760515e+01
-6.771717586291664759e+01
-5.745892116528182214e+01
-5.783150254993258699e+01
-7.399925644221062271e+01
-2.834362251667964827e+01
-2.354193660961542633e+01
-5.601197500467208812e+01
-3.003019699654718977e+01
-1.650992351724966412e+01
-3.128327736478336973e+01
-4.040178167768185347e+01
-2.969534938786285139e+01
-5.583554463471958229e+01
-2.096118172368713317e+01
-2.969534938786285139e+01
-2.084372492131910803e+01
-6.470114852100263647e+01
-1.836608196718355046e+01
-1.380950213349856170e+01
-2.429782673858169417e+01
-6.477938927747074160e+01
-2.893948109968888005e+01
-1.726694077978758557e+01
-1.647674597171576494e+01
-3.069722089319476410e+01
-1.846923445799433594e+01
-2.490200125499587003e+01
-2.000214305730318287e+01
-2.633657306709074675e+01
-3.607206089866841836e+01
-5.977736085400541555e+01
-4.355611754617605413e+01
-5.536914351719295269e+01
-2.566605523605540640e+01
-2.581178183735725540e+01
-2.706153416050900873e+01
-4.977937487696135577e+01
-2.983223715876629356e+01
-5.601839417542697674e+01
-4.674920859224071990e+01
-9.745584752859420519e+01
-1.683205805368377028e+01
-1.049533381857323207e+02
-2.306412102872871017e+01
-3.356290696997240275e+01
-5.791600524827794061e+01
-2.074025991436169036e+01
-3.293308319616986068e+01
-4.494936707153173927e+01
-8.742344513702494879e+00
-2.023626383446073973e+01
-1.185819221388113363e+02
-2.006552144152602324e+01
-8.742344513702494879e+00
-2.351945450615389177e+01
-1.851952061885781475e+01
-1.699729711427426793e+00
-7.457151749530844143e+01
-6.231076921895650855e+01
-1.396163703417000335e+01
-1.143864797608321737e+02
-1.093555109536783476e+01
-2.038027238541725339e+01
-1.148074598074904742e+02
-6.673459979420746890e+01
-1.307761171171237038e+02
-4.088917042310349359e+01
-1.880732779421989775e+01
-1.126161454459573292e+02
-1.573295636241373430e+01
-2.342127237606739598e+01
-2.909688858909532527e+01
-5.601197500467208812e+01
-3.214362281831226653e+01
-3.968440174600588932e+01
-3.454438500769560960e+01
-7.303165509614036921e+01
-2.548080972357274376e+01
-2.686147342444206387e+01
-3.009514825711881159e+01
-4.963251414887871249e+01
-1.216364956265792472e+02
-6.837797419806832977e+01
-4.161510927012039929e+01
-2.269819508853007406e+01
-2.329782673858169417e+01
-1.412330308154356473e+01
-2.269819508853007406e+01
-1.846574769411996897e+01
-9.706823917449779060e+01
-6.488366339554232809e+01
-2.710130103756880615e+01
-6.174926537201758947e+01
-6.085904236444265791e+01
-6.253306564621540531e+01
-8.736219491530171410e+00
-1.594283111745413350e+01
-2.684369222444457037e+01
-1.110970574793729071e+01
-2.876325260442950338e+01
-3.345306035196792038e+01
-9.777754700251389153e+00
-1.412330308154356473e+01
-3.092155049731935534e+01
-1.060344166727109183e+01
-2.119702820663345122e+01
-2.279782673858169417e+01
-3.472295719092036137e+01
-2.910164023227664387e+01
-1.476165364586703177e+01
-4.036587567992411607e+01
-3.721623468481595864e+01
-6.106117186075550762e+01
-6.447621082410603321e+01
-2.447267619062591493e+01
-3.272653877966119040e+01
-2.651799354711529588e+01
-1.758237079695088312e+01
-5.184845473016994788e+01
-2.760012360359792183e+01
-7.105258033208767188e+01
-2.910164023227664387e+01
-1.814012362906590781e+01
-2.942023670461258789e+01
-7.112806013493698742e+01
-3.322214612219233487e+01
-5.025243551765417038e+01
-6.623168417687678300e+01
-1.845292849864798868e+01
-2.673479705802019524e+01
-3.365098073598097983e+01
-2.678761795591475803e+01
-2.651799354711529588e+01
-5.990139067128165351e+01
-2.651799354711529588e+01
-3.363533526483168146e+01
-2.385634198862596023e+01
-6.496240431821399852e+01
-2.085404462631808187e+01
-2.659327912489796475e+01
-6.159992991992962175e+01
-1.190017878562937881e+01
-2.720522890066394694e+01
-1.780067399730724276e+01
-6.741523478800255020e+01
-2.716497180799387223e+01
-3.564687920288844225e+01
-2.428542403659251292e+01
-7.112806013493698742e+01
-2.706450701979143858e+01
-3.986346276968264135e+01
-1.563211668806085441e+01
-1.644244599623988634e+01
-2.703742947931511154e+01
-2.290809471392696750e+01
-6.698380641092710164e+01
-2.430139251586420812e+01
-2.099359759818384674e+01
-5.016500541611971187e+01
-5.765117709108345423e+01
-5.555935800567189631e+01
-1.817963193360740703e+01
-6.428280199300459685e+01
-6.135809963381906584e+01
-5.749408196333384780e+01
-6.951946692394363936e+01
-6.488366339554232809e+01
-4.910745908616486588e+01
-2.617590707540506401e+01
-2.479647549134751117e+01
-2.684369222444457037e+01
-1.579387080364660889e+01
-1.933563410241762881e+01
-2.392978531154760802e+01
-1.947725103343042008e+01
-2.725463077782501742e+01
-2.258343608451028928e+01
-8.577473463237986095e+01
-2.124678477097200258e+01
-7.335589802209592847e+01
-2.339358924766710501e+01
-4.659647824321990583e+01
-6.488366339554232809e+01
-7.152622024800760414e+01
-2.617590707540506401e+01
-3.405274721574147634e+01
-1.098951633906460756e+01
-4.713126575874072444e+01
-6.122957952385844749e+01
-4.804772739433205686e+01
-5.902781219288956294e+01
-8.558262479123879984e+01
-2.021459132998395347e+01
-7.023793033647503137e+01
-3.443609319433082305e+01
-1.360062234305947726e+01
-1.254729211575929781e+02
-3.523925568783775475e+01
-1.512977334268932950e+01
-1.537846460120174186e+01
-1.564490922969472564e+01
-4.769355186338728458e+01
-4.668701495243450950e+01
-3.436782442437652207e+01
-1.245617356748403779e+02
-8.502429969631580775e+01
-2.341518666781301405e+01
-3.444754921470799047e+01
-2.046597124063574924e+01
-3.348233387920471671e+01
-9.288399471019484821e+00
-5.742658082195980285e+01
-4.514687394763720363e+01
-6.399596613628504826e+01
-2.545529709142583030e+01
-1.772176529872844597e+01
-5.825822054680143935e+01
-1.098951633906460756e+01
-1.679167915131370847e+01
-2.107758448348922897e+01
-3.366055999092395723e+01
-4.671453424718892222e+01
-2.191492640248260315e+01
-2.860678291920471494e+01
-3.192141062584948230e+00
-2.703796707251000697e+01
-1.222094207407746467e+02
-1.879599830874499844e+01
-2.759710466105751792e+01
-4.606522261751239000e+01
-1.230550938544122630e+02
-1.929050455941277420e+01
-3.434437979469117863e+01
-1.399684603472458377e+01
-5.820142500597653168e+01
-1.143194823228597272e+02
-1.817067394193424335e+01
-1.796722296395357432e+01
-5.197085261553795021e+01
-6.565966716591836416e+01
-5.034728917881786003e+01
-3.674636658992068305e+01
-4.612509286444846879e+01
-2.192791681541801196e+01
-5.418069196621480899e+01
-2.273651219774341570e+01
-1.820235058579919496e+01
-6.908091149846060830e+01
-2.796451416915857990e+01
-2.251449166093118137e+01
-2.211232801129634851e+01
-1.635645457270610237e+01
-1.154970787791370412e+02
-6.956316625792237573e+01
-3.481117815213799815e+01
-5.917022215353973991e+01
-2.438257309550621343e+01
-3.401710692310719253e+01
-1.833202338232602102e+01
-6.108461920285985514e+01
-6.122957952385844749e+01
-2.625124047525319071e+01
-2.056869879442372451e+01
-6.435794745064438871e+01
-1.927606914623314793e+01
-1.874577247769916966e+01
-1.919048890938111995e+01
-2.826411535596164271e+01
-1.164949234960616025e+02
-3.669540581591557782e+01
-1.352660280303278384e+01
-2.738650791358926284e+01
-3.362625005715419491e+01
-5.448929027330542851e+01
-3.508519093862706484e+01
-2.350090842262397217e+01
-3.412429089943783822e+01
-4.900278717317671351e+01
-8.812560595818271736e+01
-1.740993598674993947e+01
-6.078887762856170696e+01
-1.905259104643315382e+01
-2.657003386602754347e+01
-2.431155647181074997e+01
-9.012415769647066810e+00
-7.667130536747544056e+01
-5.878342621666487844e+01
-1.070770781298060967e+02
-2.179954785309016785e+01
-7.187175219654999125e+01
-3.348233387920471671e+01
-1.901103618507157123e+01
-4.769281914709215187e+01
-2.741994769201725646e+01
-1.424765848067997709e+01
-1.856359076259141361e+01
-1.842471861332850480e+01
-5.432294337008589480e+01
-2.657003386602754347e+01
-2.542646737928036060e+01
-2.644470665989347680e+01
-6.120681102987708755e+01
-1.230950213349856170e+01
-2.187673497653152310e+01
-4.657407389201283365e+01
-5.284626454217584524e+01
-1.902185868339538288e+01
-2.830433606353266995e+01
-1.168716914131325950e+02
-1.443873432920289090e+01
-3.638973761106132088e+01
-5.391410825956300812e+01
-6.078887762856170696e+01
-1.719333752299135298e+01
-3.129077543311639431e+01
-2.627556131133564321e+01
-1.218900608633758651e+02
-5.535235490445479911e+01
-7.566827385418517338e+01
-1.225932333722914223e+02
-1.836917206068271469e+01
-2.697469850758792020e+01
-5.372846962414715222e+01
-3.348233387920471671e+01
-1.699729711427426793e+00
-3.359223969948241972e+01
-6.452770821230653553e+01
-5.696840473037097752e+01
-2.809818637670355912e+01
-6.620422480035864510e+01
-6.451670062795298577e+01
-3.454382870112338821e+01
-2.766411216577182586e+01
-4.523883059119594208e+01
-1.216626922360315888e+02
-1.699729711427426793e+00
-1.719253059961326358e+01
-1.583104154035764566e+01
-5.137749575345136321e+00
-4.779531218642107149e+01
-2.705283405563312016e+01
-1.203069260959823481e+02
-3.572414157229459875e+01
-1.271814154780697521e+02
-1.563211668806085441e+01
-5.137749575345136321e+00
-1.699729711427426793e+00
-4.214793496086770119e+01
-1.749575799807065479e+01
-1.588603223446589752e+01
-2.216560405138192635e+01
-6.545318458113597160e+01
-1.154657712967732550e+02
-1.797796682546580982e+01
-2.249542331659715089e+01
-1.228549123321962711e+01
-1.161565614382172740e+01
-1.744290620994573615e+01
-2.501343775001147662e+01
-2.199729711427426793e+00
-4.700012583850674730e+01
-3.348233387920471671e+01
-5.513929307198625196e+01
-5.843661595529734143e+01
-6.465467800168178769e+01
-5.372846962414715222e+01
-1.581050548191298333e+01
-2.627125191821702188e+01
-1.399684603472458377e+01
-3.598804540209543745e+01
-3.468145441414456798e+01
-6.882636359842937424e+00
-1.584488384348567891e+01
-5.355837139739487895e+01
-4.641296213235892765e+01
-5.171544143389939308e+01
-2.007705392549787859e+01
-1.065337053495709085e+01
-5.137749575345136321e+00
-2.216560405138192635e+01
-1.901694301807765797e+01
-5.466742914562838962e+01
-2.238635731636614423e+01
-1.670990377400072902e+01
-1.867683517847909869e+01
-2.722369859710369511e+01
-6.060594248503922188e+01
-3.359223969948241972e+01
-1.791798427022524720e+01
-2.274584211255316291e+01
-2.412760304200842398e+01
-1.699729711427426793e+00
-4.543438063928110182e+01
-1.644223171141292994e+01
-4.711248712784276194e+01
-5.509150103435818124e+00
-2.006498992744217702e+01
-1.227263835222423580e+02
-3.468145441414456798e+01
-4.674014089599280908e+01
-5.666061004986887895e+01
-6.943891614730260642e+01
-1.642594392534674697e+01
-2.007705392549787859e+01
-6.571088718373886195e+01
-4.437672215564273159e+01
-2.745296141413099278e+01
-5.723455497851628593e+01
-5.082138908853843873e+01
-6.037224793479362006e+01
-2.688043295028294111e+01
-1.098951633906460756e+01
-7.015382763490661944e+01
-6.571088718373886195e+01
-6.571088718373886195e+01
-2.178627965146722900e+01
-6.571088718373886195e+01
-2.424555180875006144e+01
-1.952590833192869368e+01
-2.653893902400671223e+01
-2.600423125735457219e+01
-1.153485871120314812e+02
-2.602540323365492014e+01
-3.777127971764498682e+01
-2.653893902400671223e+01
-4.988785354263434613e+01
-6.364283196870709958e+01
-1.732210568298996023e+01
-2.418948552789652240e+01
-6.894320303625386259e+01
-8.882636359842937424e+00
-1.897796682546580982e+01
-2.381966639497431970e+01
-6.917445878674212167e+01
-1.606072675847269338e+01
-3.752860549150388891e+01
-1.530439972409000049e+01
-1.564961705344789067e+01
-1.924698036627543019e+01
-2.875639189508933313e+01
-6.788363783046293065e+01
-2.233167870049070558e+01
-3.779293086725810724e+01
-3.372825750954542912e+01
-1.596853004706303736e+01
-3.309223969948241972e+01
-5.323401596762428767e+01
-1.687902732728907296e+01
-1.606072675847269338e+01
-2.627125191821702188e+01
-8.571417398780265984e+00
-1.006136611878225651e+01
-7.713361946895116006e+00
-1.563211668806085441e+01
-5.291830830571747413e+01
-5.262919947817562161e+01
-1.156941866017890561e+02
-2.273651219774341570e+01
-2.300561989249442973e+01
-8.940193738891277775e+00
-6.584971598033816065e+01
-2.442268251238103360e+01
-3.383181190483114165e+01
-3.435697311821922995e+01
-4.556818848734513239e+01
-5.291830830571747413e+01
-3.034214472894200654e+01
-1.105178854865869909e+01
-6.037605439398667784e+01
-1.742523869539013859e+01
-2.299194535328150479e+01
-6.452633049950590305e+01
-6.772735918699945046e+01
-1.606072675847269338e+01
-2.893272382853535518e+01
-4.713200416312718488e+01
-8.576246801234981376e+01
-2.374988784339673131e+01
-1.192914383921400301e+01
-1.596637766171632578e+01
-1.153604110610996258e+02
-2.203239865792633978e+01
-1.596853004706303736e+01
-1.705563391296143294e+01
-1.596637766171632578e+01
-4.692978197991607203e+01
-4.058296926467582466e+01
-5.680309115938904085e+01
-3.025260947702196646e+01
-2.745296141413099278e+01
-5.513929307198625196e+01
-6.894320303625386259e+01
-3.453217032197048297e+01
-6.906745314687364612e+01
-1.399684603472458377e+01
-2.009368501444466659e+01
-2.301820789339091888e+01
-5.802887917946864604e+01
-7.080454679085252678e+01
-2.648070828419113099e+01
-1.955374034620694701e+01
-8.176982237540158849e+00
-2.180931493939425891e+01
-2.238635731636614423e+01
-3.411614000000407998e+01
-2.829578135091096414e+01
-1.683059173568553391e+01
-5.675329956937063969e+01
-2.474557104654460460e+01
-3.417877701720658479e+01
-2.934058996447874534e+01
-2.006304994260521113e+00
-5.341116003584068039e+01
-1.399684603472458377e+01
-2.369030612976186490e+01
-1.613178775443454782e+01
-2.448529183277945265e+01
-2.639740428072006040e+01
-7.030898774620550284e+01
-1.152897458559875759e+02
-3.047376792104836341e+01
-4.876759069280268477e+01
-4.992040124660796607e+01
-1.807782167112195637e+01
-4.811573624147847994e+01
-4.852040074714979312e+01
-1.705563391296143294e+01
-2.567207989960959225e+01
-2.414396799395927928e+01
-6.601354706203639466e+01
-7.368261289840706496e+00
-2.225063258716166104e+01
-9.156053467891087649e+00
-6.571574296567861495e+01
-2.169946763135601842e+01
-1.015605346789108765e+01
-1.613178775443454782e+01
-1.791643397419332828e+01
-6.348833810242130937e+01
-1.200444729830544901e+02
-1.625102951113672489e+01
-2.342519794249859189e+01
-1.624545048796018420e+01
-3.687150638722582130e+01
-1.098951633906460756e+01
-1.902554577339102337e+01
-3.380372585633081428e+01
-4.617557739020500662e+01
-2.440449977232946210e+01
-4.440626454528631939e+01
-3.961193248374218712e+01
-2.218870547239865587e+01
-3.974604440357713742e+01
-1.480059385247890091e+01
-5.934589125603697113e+00
-6.037605439398667784e+01
-2.711616994292889160e+01
-2.301820789339091888e+01
-2.719500874739382468e+01
-6.451670062795298577e+01
-5.788093107529876136e+01
-1.779615244693039955e+01
-5.126365247804602632e+01
-5.828942045124250626e+01
-6.609998609958344673e+01
-1.200444729830544901e+02
-2.301820789339091888e+01
-2.414396799395927928e+01
-1.764382843739441498e+01
-6.324414475366108235e+00
-2.218351019524358847e+01
-4.385834080253125222e+01
-1.883818708871512371e+01
-1.621341619757008701e+01
-5.418069196621480899e+01
-1.418852736227520950e+01
-2.897306150737772512e+01
-5.170381320205638076e+01
-3.418559506550408855e+01
-3.435697311821922995e+01
-3.331285827666884813e+01
-3.382940793318240935e+01
-9.245569681108740667e+00
-3.744747982663113817e+01
-6.364283196870709958e+01
-2.258343608451028928e+01
-1.150905151537264715e+02
-1.687902732728907296e+01
-3.763767744383747527e+01
-5.256278210082634672e+01
-2.744793442033302000e+01
-4.479917449692595710e+01
-1.313743059274827019e+01
-4.622867424868257302e+01
-2.171825256533270121e+01
-6.143926458019208781e+01
-3.506378554257004510e+01
-4.598459123346194133e+01
-1.699729711427426793e+00
-2.903806606190680384e+01
-5.998911819512841248e+01
-3.508519093862706484e+01
-6.609998609958344673e+01
-1.651671565172606293e+01
-2.771839761154940973e+01
-2.386114727422466686e+01
-1.150016008022667222e+02
-2.068291951761414538e+01
-9.048833708948961885e+00
-2.704364343606572874e+01
-3.519330277441854093e+01
-7.716170039467801445e+00
-5.446875608952893799e+01
-6.135756830060880418e+01
-5.563188597513015310e+00
-3.891030687163396351e+01
-1.685565088002320522e+01
-6.549630742810174411e+01
-1.028220642882500613e+01
-2.294522253707707549e+01
-7.174271355427350727e+01
-1.969951113456122727e+01
-1.659911116535138831e+01
-1.204702673880997565e+02
-1.458117049382893171e+01
-2.368018387551821391e+01
-6.916099746373765811e+01
-8.969895041332069496e+00
-3.524113288537752453e+01
-3.453986169280861418e+01
-4.458227857791680293e+01
-7.934589125603697113e+00
-3.005893206262651418e+01
-4.643933495516529320e+01
-3.947093891043637370e+01
-1.797171747503201900e+01
-1.051463941476425745e+01
-2.689426703806404007e+01
-4.788552043108501266e+01
-2.882741454363017652e+01
-4.101306284393768209e+01
-2.777964502143036185e+01
-6.777688124223328714e+01
-1.797980657683178407e+01
-4.621453424718892222e+01
-6.416726971232213828e+01
-6.609998609958344673e+01
-1.699729711427426793e+00
-5.555935800567189631e+01
-3.706678051459356027e+01
-6.451670062795298577e+01
-1.760267977938433503e+01
-4.495859928845810316e+01
-1.796670812962483055e+01
-4.869481617941615070e+01
-4.869481617941615070e+01
-1.530868437408284777e+01
-2.699832263864868054e+01
-1.613178775443454782e+01
-2.288407689973695014e+01
-1.734225552513511914e+01
-1.046989504133206950e+01
-3.502496264809224158e+01
-2.863589332704323098e+01
-1.796670812962483055e+01
-2.249914839523207633e+01
-4.828620704905821981e+01
-1.150843388911115284e+01
-5.757797235726144436e+01
-7.540919887105221875e+00
-1.821215783278239897e+01
-5.653639045351822290e+01
-3.839455901290668294e+01
-2.809809207242751228e+01
-1.900659552657683093e+01
-6.063188597513015310e+00
-4.468473616347276334e+01
-1.919382438268537072e+01
-1.935940855011784478e+01
-2.757395000608868330e+01
-3.129511421209213395e+01
-9.159407855240083052e+00
-1.131143403672302483e+01
-6.887420121032933196e+01
-1.613178775443454782e+01
-1.928760575474021977e+01
-4.710724602283785600e+01
-1.462490832170591304e+01
-1.613178775443454782e+01
-4.536782364892683006e+01
-1.881950213084571288e+01
-6.077411373470701506e+01
-1.975630804197190216e+01
-1.779615244693039955e+01
-2.697469850758792020e+01
-6.572018621222856893e+01
-1.829615244693039955e+01
-3.265370319998687876e+01
-2.785782373414432556e+01
-6.710627871265540989e+01
-4.909061482042140767e+01
-3.382940793318240935e+01
-1.643794916109329662e+01
-1.399684603472458377e+01
-3.181852035194386374e+01
-2.785782373414432556e+01
-2.807392543331840784e+01
-1.231976852475735740e+02
-4.662732368983633791e+01
-2.807392543331840784e+01
-1.793794916109329662e+01
-5.380931134465805599e+01
-1.198151998888002510e+02
-3.382940793318240935e+01
-5.155425073957220405e+01
-5.555935800567189631e+01
-2.834840891100491689e+01
-3.382940793318240935e+01
-2.196315748842084403e+01
-2.717740812918420090e+01
-6.041064136859890255e+01
-1.078944663499651924e+01
-2.048800447841275840e+01
-8.469895041332069496e+00
-3.382940793318240935e+01
-3.396039092183416130e+01
-2.692141062584948230e+00
-6.077411373470701506e+01
-2.448975005096808033e+01
-2.833830274399667459e+01
-6.461858229338757553e+01
-1.576410166027272552e+01
-1.017190303890086156e+01
-6.063188597513015310e+00
-2.578697237491619276e+01
-2.460408824585866228e+01
-3.107556731186729237e+01
-2.460408824585866228e+01
-2.000573381352593927e+01
-3.397786809067916636e+01
-3.077154491032070638e+01
-4.809454370087566133e+01
-3.448953709825642022e+01
-2.644470665989347680e+01
-5.321750102493138002e+01
-2.612551688688056117e+01
-1.865173276999982832e+01
-3.521413932439182304e+01
-2.114124687581864137e+01
-6.898721691083192553e+00
-6.451670062795298577e+01
-1.702508031611163375e+01
-2.779085296375845715e+01
-2.837300440734509621e+01
-6.497403899705071240e+01
-2.829173825759465188e+01
-8.940193738891277775e+00
-6.703198730315172327e+01
-7.077796413187471103e+01
-4.213793007878928165e+01
-3.023236268568440721e+01
-1.724284507570916958e+01
-2.266190093439106690e+01
-1.829239610055188336e+01
-6.409546927981104147e+01
-2.694470665989347680e+01
-2.395758945023673903e+01
-3.836955711502355371e+01
-3.615934954814460411e+01
-2.733223249716379044e+01
-3.554926827875029005e+01
-1.948112839229592197e+01
-1.701927952063863358e+01
-3.240232122755983823e+01
-6.176037055192178116e+01
-8.940193738891277775e+00
-2.049472194341339204e+01
-2.163430673198842058e+01
-2.586273473407145218e+01
-5.469749885656865729e+01
-3.582423993364398740e+01
-3.321680465834170093e+00
-1.200843388911115284e+01
-4.641296213235892765e+01
-8.940193738891277775e+00
-6.707907121451749788e+01
-1.245747760657299779e+02
-4.454710251254273601e+01
-3.616261152821445535e+01
-2.324097831238085377e+01
-7.320231215205805597e+01
-6.260780970456910666e+01
-1.467655129707759087e+01
-1.997516357508325413e+01
-6.026896731472625390e+01
-2.417305820423977991e+01
-4.510646652671070456e+01
-4.635136806308946689e+01
-7.077796413187471103e+01
-2.500563013534637946e+01
-8.605682909500423250e+00
-5.456344260299134419e+01
-5.210306844317572228e+01
-2.482444335994472695e+01
-4.908977511375737635e+01
-2.663735883896650236e+01
-2.294199927137676553e+01
-2.355264918925434614e+01
-1.438095377548522791e+01
-1.563211668806085441e+01
-2.344568279983305459e+01
-2.171366810318801654e+01
-6.143926458019208781e+01
-6.916803710504365199e+01
-4.948951125495553072e+01
-3.628255748667264413e+00
-6.837126656003943026e+01
-2.817788438959182784e+01
-2.778256725805331939e+01
-2.881642449114515969e+01
-1.657395919129256967e+01
-5.522064765520346441e+01
-1.944199458230798783e+01
-2.669187024757345128e+01
-3.197712892850635313e+01
-7.331193749340121713e+01
-4.797633400493596412e+01
-2.644470665989347680e+01
-7.018920313485327256e+01
-6.872447541830041473e+01
-6.609998609958344673e+01
-2.742695823826287338e+01
-2.647107078170401451e+01
-3.566874442258352929e+01
-2.906423713515347629e+01
-6.567675262797834534e+01
-3.574693460555724300e+01
-5.342944922228078042e+01
-3.457126945018507058e+01
-3.792278669510938727e+00
-6.145737189752433949e+01
-5.933226042193257399e+01
-1.689889247650456028e+01
-4.959716543417043511e+01
-6.451670062795298577e+01
-2.411131453383901047e+01
-6.160425339321984950e+01
-1.684760684331918412e+01
-6.609998609958344673e+01
-5.069771437367651856e+01
-3.448784284964561664e+01
-2.834037880974928925e+01
-5.494284817254789743e+01
-2.872967236552122472e+01
-2.681141998378944535e+01
-2.161273117849581382e+01
-3.475934628354480083e+01
-3.188819471999124389e+01
-1.455339827639097905e+01
-6.041064136859890255e+01
-1.458117049382893171e+01
-1.458117049382893171e+01
-5.611000904868637917e+01
-2.259630007549185038e+01
-2.742695823826287338e+01
-1.599049841378556991e+01
-6.260780970456910666e+01
-3.626784425806066281e+01
-5.784316240580088220e+01
-3.636377211980379798e+01
-2.770169576652175181e+01
-6.885431148171561233e+01
-5.632854440640869598e+01
-6.643158910505111692e+01
-3.522580977527354662e+01
-2.761325995759877472e+01
-4.024474897835533937e+01
-2.557180175666218958e+01
-3.832557813456347162e+01
-1.808896930254304181e+01
-1.511331082729964237e+01
-2.219819508853007406e+01
-6.572018621222856893e+01
-3.336657880269659415e+01
-1.590968294189391585e+01
-2.314219295902007190e+01
-2.854595763885212278e+01
-2.644470665989347680e+01
-1.469246066352965130e+01
-2.028039404241819099e+01
-1.469246066352965130e+01
-1.235507847428190189e+02
-1.806991771664079494e+01
-3.554408371928608545e+01
-1.692969470236911889e+01
-2.767779762233661600e+01
-3.788390578455454261e+01
-1.787648581155554339e+01
-2.396732604258985688e+01
-1.800247061665962534e+01
-2.092034797851680850e+01
-2.934801194291930670e+01
-6.002967122422343493e+01
-2.450266960938245830e+01
-7.174271355427350727e+01
-2.407925717485924721e+01
-1.743833709557888056e+01
-2.535971439808004746e+01
-1.239361285464743361e+02
-4.292278669510938727e+00
-2.722522421475408549e+01
-1.789912195338883905e+01
-1.458117049382893171e+01
-1.884286206100278349e+01
-2.374474064689217201e+01
-5.453599384504603620e+01
-2.598114014395688542e+01
-3.159972522372060766e+01
-4.180192032959701010e+01
-5.434694585603915584e+01
-2.092271787827241170e+01
-3.312226236036383398e+01
-1.980108447235780389e+01
-1.526694077978758557e+01
-1.464438919162013164e+01
-2.600345961272578066e+01
-1.613178775443454782e+01
-6.608878839106145620e+01
-1.002263705198259203e+01
-1.326684649115258097e+01
-6.176037055192178116e+01
-6.962354590464447313e+01
-1.089643693486837961e+01
-1.800851642645972461e+01
-4.869481617941615070e+01
-1.789084990874485825e+01
-1.980699251246312187e+01
-9.769653581369610151e+00
-7.077796413187471103e+01
-2.880362947935880058e+01
-1.757214829240678355e+01
-8.290257985607368596e+00
-2.845514101368340221e+01
-6.468701512378397922e+01
-7.790257985607368596e+00
-2.712773927916700245e+01
-2.742695823826287338e+01
-5.611000904868637917e+01
-5.728111538582115259e+01
-7.077796413187471103e+01
-3.058514158055859866e+01
-3.036486738759956339e+01
-1.300000000000000000e+01
-4.318557344622517746e+01
-2.457047447925610228e+01
-2.863254569938940008e+01
-7.181050031767802011e+01
-1.626835320359730375e+01
-7.653366183437821491e+00
-2.457047447925610228e+01
-6.451670062795298577e+01
-1.809138269780866182e+01
-6.416726971232213828e+01
-2.717545648329251051e+01
-1.880815369547497440e+01
-2.037641877254311495e+01
-1.065182455490970170e+01
-5.487703192608611857e+01
-3.465928915641956110e+01
-3.278644074240999373e+01
-5.611000904868637917e+01
-1.181680681412613865e+01
-1.651133887062803041e+01
-3.108782379423117703e+01
-1.448901156672335944e+01
-6.284882002721772665e+01
-1.458117049382893171e+01
-1.933631252522348731e+01
-1.900302305888309817e+01
-1.719481715133361632e+01
-2.797631251684613574e+01
-5.614340307757011317e+01
-2.779085296375845715e+01
-6.422299934330760607e+01
-4.628057161928724383e+01
-5.782066424632157009e+01
-2.338372051018933107e+01
-3.070835957155219376e+01
-6.493766907281241174e+01
-1.719481715133361632e+01
-4.236835725884327530e+01
-6.592308409857039919e+01
-1.613178775443454782e+01
-1.050000000000000000e+01
-2.709466707051112166e+01
-1.937918813948318331e+01
-1.015182455490970170e+01
-2.003654146705608952e+01
-2.649877082029991726e+01
-6.293865237331429796e+01
-4.792278669510938727e+00
-2.742695823826287338e+01
-4.484244351237212811e+01
-2.276264679532894064e+01
-1.919529634974914245e+01
-2.127004905757936726e+01
-7.125880011357520516e+01
-1.932421827442772866e+01
-5.477583747771362255e+01
-6.691401016635064991e+01
-4.581733547343789326e+01
-2.522928905814919887e+01
-2.296761194869429801e+01
-1.936858891258089344e+01
-3.190410341178153431e+01
-2.927772060917411423e+01
-2.238324960765296723e+01
-4.710724602283785600e+01
-2.709466707051112166e+01
-4.740693719610683843e+01
-5.147894393996985229e+01
-1.176694077978758557e+01
-2.545825186358398895e+01
-1.623684890858186591e+01
-9.853152568130248312e+00
-5.441650352714287919e+01
-1.342251550852036956e+01
-3.070835957155219376e+01
-1.670934595404790102e+01
-6.583437081294036375e+01
-1.708028874870858616e+01
-4.561611056009873266e+01
-6.225381552468853386e+01
-3.315185501286802605e+01
-7.034489880363945247e+01
-4.710724602283785600e+01
-1.698060597910799885e+01
-2.382410565361735522e+01
-2.097215948825941467e+01
-3.282719369082851557e+01
-5.912585888758312080e+01
-2.655554221240198487e+01
-4.017391165298455036e+01
-2.247050716427856898e+01
-2.764281903258016371e+01
-1.846118172368713317e+01
-7.525119050861768244e+00
-2.011533311268920698e+01
-3.188925176908846737e+01
-2.797545816279531294e+01
-2.224296254858244382e+01
-5.487703192608611857e+01
-1.227136370719857794e+01
-3.222299920253377081e+01
-2.307275884718082892e+01
-2.862773749520897226e+01
-2.764281903258016371e+01
-6.157202137834890721e+01
-2.897297492595605917e+01
-6.566944667198261243e+01
-6.310869714580090317e+01
-2.060558239522151780e+01
-3.861292837181210302e+01
-1.021775314576354887e+01
-5.236863046610316985e+00
-2.545825186358398895e+01
-4.296393929334486472e+01
-9.983704759737896950e+00
-5.728111538582115259e+01
-4.535123312774461368e+01
-2.897517833586690017e+01
-2.330399377683310291e+01
-6.208804507697881547e+01
-3.252596657433502969e+01
-4.079453274384096062e+01
-2.258343608451028928e+01
-6.451670062795298577e+01
-1.613178775443454782e+01
-4.602606112337127797e+01
-2.720366213537672095e+01
-3.178987444905816417e+01
-6.927211608574448576e+01
-5.314215387937724699e+01
-1.824897175137045835e+01
-4.139818801137320747e+01
-4.611057233283290202e+01
-2.002286941944316823e+01
-2.135992937257062252e+01
-6.416726971232213828e+01
-1.140745506640489637e+01
-2.644470665989347680e+01
-2.779802409689086318e+01
-3.132988020925423811e+01
-6.817946320999888599e+01
-1.961533311268920698e+01
-1.006954141393410751e+01
-8.469895041332069496e+00
-4.255974879012366330e+01
-4.550825434820205828e+01
-5.950102150771067500e+01
-4.275671428305341237e+01
-1.359028719423728404e+01
-5.846520277543197608e+01
-6.079769129628589042e+01
-3.135305219735282378e+01
-3.165155738118648188e+01
-1.563211668806085441e+01
-1.040745506640489637e+01
-3.417115477518120770e+01
-4.811568232233393871e+01
-2.545825186358398895e+01
-6.703198730315172327e+01
-2.421310490815038463e+01
-8.926200939452066052e+00
-6.416726971232213828e+01
-7.177608243333597215e+01
-3.188925176908846737e+01
-2.439434348116417439e+01
-1.790400600432073475e+01
-2.047776586772345198e+01
-6.809052431081306622e+01
-6.451670062795298577e+01
-3.765184269407318141e+01
-6.266194683406287425e+01
-2.816205070920529963e+01
-2.439434348116417439e+01
-2.338128450895536403e+01
-4.576381830119180449e+01
-3.278086811651963473e+01
-3.004959750417190278e+01
-9.973541434364005198e+00
-9.114966910926437293e+00
-5.449397864670686431e+01
-6.079769129628589042e+01
-1.999271441497286617e+01
-7.423342942921291154e+00
-6.385279746148601987e+01
-4.526648329469065857e+01
-2.379298993326931821e+01
-9.261414892123781328e+00
-6.079769129628589042e+01
-2.881642449114515969e+01
-2.627125191821702188e+01
-6.121304038063867381e+01
-3.364267451917700669e+01
-2.462760304200842398e+01
-6.451670062795298577e+01
-2.346213828360676956e+01
-8.940193738891277775e+00
-6.599300411401853239e+01
-3.181289774722709041e+01
-1.219957632465848363e+01
-1.613178775443454782e+01
-2.374181978701841800e+01
-2.377276738089313923e+01
-8.511306482905705906e+00
-4.758354509520800946e+01
-4.710724602283785600e+01
-6.927211608574448576e+01
-6.807438386560905030e+01
-1.658209489953515714e+01
-4.714102614556196613e+01
-1.790400600432073475e+01
-6.703198730315172327e+01
-2.439434348116417439e+01
-6.451670062795298577e+01
-4.580520169982417400e+01
-1.098951633906460756e+01
-1.464082600049529859e+01
-6.592308409857039919e+01
-3.436319030045711997e+01
-1.613243579737032007e+01
-1.790400600432073475e+01
-1.961533311268920698e+01
-3.202850430096025747e+01
-2.337615224828385152e+01
-3.357138425909911916e+01
-1.606250684975824683e+01
-2.406987639933575807e+01
-1.911533311268920698e+01
-6.959416389850245821e+01
-5.444056659736493486e+01
-7.613898143627434223e+00
-2.352327326550861741e+01
-4.710724602283785600e+01
-4.183240932925361477e+01
-1.914961769097563149e+01
-4.842076475297947979e+01
-1.662119312378442970e+01
-1.071319245015951083e+01
-2.072504729769219267e+01
-6.416726971232213828e+01
-5.291830830571747413e+01
-8.502752495724394066e+00
-5.529466758885887145e+01
-1.949033258825296855e+01
-1.201130648290570591e+01
-2.460630516173714710e+01
-2.653893902400671223e+01
-6.359792258443515323e+01
-3.416459169933912676e+01
-3.218164435726431094e+01
-1.992795303575550392e+01
-2.258343608451028928e+01
-6.786494513989680399e+01
-2.746533825657835237e+01
-5.289339941332305273e+01
-6.657981856907902340e+00
-1.831248991446019758e+01
-2.619495958119183854e+01
-2.186491335246673628e+01
-3.107531322991226830e+01
-1.560066558032476536e+01
-1.593553285685143095e+01
-1.911533311268920698e+01
-2.801447299801777646e+01
-2.059323152148289537e+01
-1.911533311268920698e+01
-8.469895041332069496e+00
-2.337615224828385152e+01
-2.929798121167028668e+01
-5.353467162547413238e+01
-1.876292110329048413e+01
-2.910396676915880576e+01
-2.640643783905535713e+01
-1.613178775443454782e+01
-2.865585928400970417e+01
-2.705729804345499190e+01
-8.940193738891277775e+00
-8.412600138120023274e+00
-2.881642449114515969e+01
-2.165088069102878876e+01
-2.332168692160654189e+01
-1.733751136009186311e+01
-6.716176643394928192e+01
-2.005909735177535325e+01
-1.408588023742934681e+01
-4.207285156209423604e+01
-6.900674039581727470e+01
-1.729615244693039955e+01
-4.310805006373968951e+01
-2.065015547255799433e+01
-2.211203293399013958e+01
-6.609998609958344673e+01
-3.358323324535832910e+01
-2.469159891357272230e+01
-6.583437081294036375e+01
-3.133268911420250902e+01
-8.880665163153658170e+00
-1.735369538818261148e+01
-4.179598339747832370e+01
-1.563211668806085441e+01
-6.684039770936709601e+01
-2.134918658128399471e+01
-2.386414124895973643e+01
-3.364267451917700669e+01
-9.746948713359284255e+00
-1.090745506640489637e+01
-5.553225354345420328e+01
-6.398922554365312010e+01
-2.875639189508933313e+01
-2.968182499401812535e+01
-6.592308409857039919e+01
-3.364267451917700669e+01
-1.123121256238159660e+01
-6.657981856907902340e+00
-3.015949388909137596e+01
-2.736602491378764057e+01
-1.971297160903479195e+01
-4.983402713695468833e+01
-3.050673196399821663e+01
-2.797815544145169753e+01
-1.816872192395102559e+01
-6.451670062795298577e+01
-6.368192455195392654e+01
-1.563211668806085441e+01
-1.887280656227104458e+01
-1.295492146262551003e+01
-2.628384963821633846e+01
-5.406649568081016355e+01
-7.465249021212413538e+01
-1.602694749031310906e+01
-1.729615244693039955e+01
-4.578924012171943048e+01
-1.695307680670642370e+01
-7.142186841045784718e+01
-2.258343608451028928e+01
-6.701484236392433047e+01
-2.258343608451028928e+01
-4.236863046610316985e+00
-1.985862919529965609e+01
-2.288568579940198333e+01
-1.446721049235413759e+01
-2.030323165825589982e+01
-7.161077541244630140e+00
-2.365613965374911487e+01
-1.540102569845894465e+01
-1.172422518266537850e+01
-6.430545861561624577e+01
-2.632681615659887342e+01
-1.627831109261372688e+01
-2.048993307616704840e+01
-3.040058594540829162e+01
-5.372846962414715222e+01
-3.125812833508694766e+01
-7.123156243629188111e+01
-4.748133764691671388e+01
-2.445907848111546201e+01
-6.451670062795298577e+01
-2.035487030129681685e+01
-2.010563711724208957e+01
-5.878656559347626853e+01
-1.688465822887253864e+01
-2.653893902400671223e+01
-6.430545861561624577e+01
-1.190745506640489637e+01
-1.398828265059565013e+01
-2.121139884316604807e+01
-4.710724602283785600e+01
-8.728844920558437082e+00
-6.451670062795298577e+01
-3.146094898617258906e+01
-5.493921177734904404e+01
-6.978120252161915005e+01
-1.606434739861515126e+01
-4.532927753592061748e+01
-1.166494143761447333e+01
-6.196023556307476809e+01
-2.394051643855747713e+01
-1.388152297948747105e+01
-3.165199267244706149e+01
-5.498012542726664265e+01
-7.353146833053580167e+01
-5.762413531241976727e+01
-1.999271441497286617e+01
-1.255088169262012343e+02
-4.264242550227828588e+01
-6.565575682538616320e+01
-1.790351485176146440e+01
-2.801393792058943433e+01
-2.456724622258414925e+01
-2.885954723437516733e+01
-1.623144113993686943e+01
-6.205209031573659217e+01
-1.995391730118077334e+01
-6.066479810117346716e+01
-1.475059409804448052e+01
-2.815238789375600348e+01
-1.585693673268712089e+01
-1.490444590997050156e+01
-1.626542216229974613e+01
-2.503846911147633136e+01
-4.183235186312951015e+01
-2.323664507117199562e+01
-1.842715147268541998e+01
-1.207782898333094224e+01
-6.416726971232213828e+01
-5.723339122362956743e+01
-4.840784236258207329e+01
-1.265083994914716570e+01
-1.587479080189632441e+01
-1.946744145093453326e+01
-2.736962481081983256e+01
-4.685632909310235306e+01
-2.208271781008945922e+01
-2.515654484738951524e+01
-7.174271355427350727e+01
-1.534169033339975385e+01
-3.411614000000407998e+01
-1.136012892928551565e+01
-5.616190306247682429e+01
-5.499779789797662488e+01
-1.920180685065466619e+01
-6.206793585746633113e+01
-1.973824243800662614e+01
-1.795113090021758140e+01
-2.528758736222165737e+01
-1.679591826569933133e+01
-1.238751591231523008e+01
-4.597199379270525554e+01
-2.423838939638332945e+01
-2.479513082222183229e+01
-4.984754588137434439e+01
-5.107677902946961979e+01
-1.000997251273607702e+01
-2.414405882058801467e+01
-1.613178775443454782e+01
-3.411614000000407998e+01
-2.369030612976186490e+01
-2.628449743883799883e+01
-3.299102305306210070e+00
-5.291830830571747413e+01
-2.337615224828385152e+01
-1.584345156440983970e+01
-3.182403931553343313e+01
-6.775787170875545939e+01
-3.202850430096025747e+01
-8.731212562381596598e+00
-3.135521250751650513e+01
-2.439434348116417439e+01
-6.588914032958180655e+01
-5.163378216241089547e+01
-5.394222568607611379e+01
-1.114223891841171366e+01
-4.829301384463937552e+01
-2.719612415915890580e+01
-2.026764441854373544e+01
-3.210770643550106485e+01
-2.647181781085187424e+01
-9.980756196460319529e+00
-5.751419413633774980e+01
-2.337615224828385152e+01
-5.529466758885887145e+01
-5.400417101475963477e+01
-2.456871675159670687e+01
-1.070495179355587112e+01
-2.927033020815007092e+01
-2.489385501448331439e+01
-3.088264155957484292e+01
-2.736962481081983256e+01
-2.802488681748264199e+01
-2.732243797031105714e+01
-7.167023825637500067e+01
-3.407731547704960917e+01
-2.623272412282819488e+01
-6.927085085698291778e+01
-1.856441676818873177e+01
-6.451670062795298577e+01
-4.710724602283785600e+01
-6.603606975299905457e+01
-3.364267451917700669e+01
-9.613318884543016196e+00
-1.911533311268920698e+01
-1.790400600432073475e+01
-2.386414124895973643e+01
-1.399644614497227479e+01
-3.254846513973444644e+01
-6.754092951847101745e+01
-1.356626729212312554e+01
-3.161784826695097550e+01
-4.392576723942249828e+01
-1.171454401825007920e+02
-6.672504553094945834e+01
-5.372846962414715222e+01
-1.154140677993578095e+02
-2.867229495206849066e+01
-2.808801173158368059e+01
-3.435621494435941514e+01
-1.729615244693039955e+01
-2.258343608451028928e+01
-1.571625004354639543e+01
-2.759176551357299090e+01
-2.010498108224829750e+01
-6.026896731472625390e+01
-3.135521250751650513e+01
-3.165199267244706149e+01
-1.796892944878216269e+01
-6.390522357613434679e+01
-2.711479578264918544e+01
-6.094380255155816428e+01
-1.205591597244175972e+01
-6.029972812829686291e+01
-3.782493969368208298e+01
-3.893783842434292808e+01
-3.161390470622738391e+01
-4.431076781565186451e+01
-1.433801440626765356e+01
-1.771548620047290612e+01
-4.834492854001051398e+01
-5.731766917485253998e+01
-1.959110788416221283e+01
-1.563211668806085441e+01
-2.503846911147633136e+01
-5.296579511873733992e+00
-3.211730602157682313e+01
-3.165715725348730913e+01
-6.720679721086318636e+01
-1.282556117382428909e+02
-5.723455497851628593e+01
-2.208401304625876804e+01
-3.003777741705381032e+01
-1.211053976529001019e+01
-6.639865201563259234e+01
-3.359223969948241972e+01
-4.214010755716682866e+01
-2.084126649763132733e+01
-1.409482261221744182e+01
-3.795978067762738561e+01
-1.814512991180377455e+01
-1.887881843494127310e+01
-2.595495392605600671e+01
-1.391907489259127928e+01
-1.723106915696045860e+01
-2.407406739179604216e+01
-1.072600433153465360e+01
-1.797285073512252751e+01
-4.448032104518686225e+01
-8.532447739278826049e+00
-4.381131607519617432e+01
-7.265380692607550372e+01
-2.277625055211875704e+01
-3.894081118308758960e+01
-6.588534805841166531e+01
-6.208461339399007528e+01
-3.185408402251879778e+01
-5.499779789797662488e+01
-5.412043953070107705e+01
-2.696533825657835237e+01
-2.712255339518477726e+01
-2.598204799695356826e+01
-6.617893282737733784e+01
-2.375927734806316138e+01
-2.223752992053816513e+01
-1.484902254670187816e+01
-6.046172443056998702e+01
-2.711479578264918544e+01
-2.375927734806316138e+01
-3.208449387825363885e+01
-2.334887397424300559e+01
-4.622865266216373925e+01
-6.916827159451811724e+01
-2.373111032423700095e+01
-6.878338338315995770e+01
-5.600552625600075629e+01
-2.821567882137724226e+01
-2.820538795575477664e+01
-3.180882556610633571e+01
-4.835242080822627031e+01
-2.833815469381283947e+01
-7.104356266059173208e+01
-4.506735884722593255e+01
-2.256618044943153834e+01
-2.277625055211875704e+01
-2.601254007081223563e+00
-1.135775037505305818e+01
-2.684855979741583809e+01
-1.570714637706153027e+01
-1.706049877438189455e+01
-4.110112831579731107e+01
-2.738944105682214314e+01
-2.473580782205076289e+01
-1.684571475444307609e+01
-2.653893902400671223e+01
-6.862109756274790584e+00
-2.158888792039013182e+01
-1.635416966915127190e+01
-3.069621169668512195e+01
-9.914195255780668958e+00
-4.725484593575238534e+01
-5.296579511873733992e+00
-2.279006422077091187e+01
-4.216271175523363013e+01
-2.405182888393708041e+01
-7.253665816445999326e+01
-3.069621169668512195e+01
-3.836453465600278889e+01
-1.211824356848492812e+01
-3.158585950045669222e+01
-3.894081118308758960e+01
-2.895474827191431189e+01
-1.641109478073496675e+01
-2.617795670809778130e+01
-3.135521250751650513e+01
-3.358650206552657380e+01
-2.256618044943153834e+01
-2.895556976128377968e+01
-1.940366058379310132e+01
-3.069621169668512195e+01
-2.703888240468412008e+01
-6.362109756274790584e+00
-6.671533541918594779e+01
-2.585077121740573958e+01
-2.256618044943153834e+01
-3.301434060918515456e+01
-1.439051170570870752e+01
-3.938248537305022268e+01
-1.246327049662207855e+02
-2.826730007477368289e+01
-2.256618044943153834e+01
-2.101254007081223563e+00
-2.420408811232540458e+01
-6.291511069626830022e+01
-4.616967031868471594e+01
-1.879949422292102312e+01
-4.057424364241845183e+01
-2.258753188313406213e+01
-1.959110788416221283e+01
-2.909704525861854663e+01
-4.966989934606516499e+00
-2.122996785277337395e+01
-5.881684595979088215e+01
-3.079518027734497210e+01
-4.737574086766747428e+01
-4.365175084604830147e+01
-1.449949019163448583e+01
-2.071139884316604807e+01
-1.306136611878225651e+01
-9.969895041332069496e+00
-1.914606581112672856e+01
-2.062891800605599713e+01
-1.786622512422759712e+01
-4.519658447876122409e+01
-2.874938578045523485e+01
-1.676968977454900411e+01
-4.602709895585619648e+01
-1.560066558032476536e+01
-2.629055405173905768e+01
-8.912600138120023274e+00
-1.978241399923668808e+01
-2.256618044943153834e+01
-2.895556976128377968e+01
-2.653893902400671223e+01
-5.291830830571747413e+01
-2.628497241119911010e+01
-5.708206380657831858e+01
-5.692013969338745483e+01
-3.364267451917700669e+01
-5.507002730947915836e+01
-3.189362983888401715e+01
-3.383339214781327087e+01
-4.151422980425601850e+01
-4.312563549936345453e+01
-6.525013160375908683e+01
-5.794617119426929719e+01
-8.738643419479895869e+00
-5.987119368419605792e+01
-2.723998622816782955e+01
-3.571367000773300049e+01
-7.180407416653588371e+01
-1.635556415985966083e+01
-7.128882145257556147e+01
-6.459693193640741526e+01
-2.167319131373784913e+01
-4.146120121882354681e+01
-3.003609802734109735e+01
-2.938954470288644316e+01
-2.424035375529798841e+01
-4.110112831579731107e+01
-8.746033719656324479e+00
-1.940366058379310132e+01
-4.342305612800352321e+01
-1.072600433153465360e+01
-3.237214978616933081e+01
-5.099397591473393732e+01
-1.226319037304710662e+02
-6.628782820146156496e+01
-2.412760304200842398e+01
-2.256618044943153834e+01
-1.629882420709255086e+01
-4.218478806312532470e+01
-5.984113076476241133e+00
-9.791039824878684783e+01
-2.559754412400385348e+01
-3.188925176908846737e+01
-4.301563445707436983e+01
-3.387484751355030710e+01
-6.430545861561624577e+01
-5.572138926235899703e+01
-6.102641620417443136e+01
-7.167330717142792196e+01
-1.758050506279730030e+01
-2.801393792058943433e+01
-9.042224828066238729e+00
-6.896864407951484566e+01
-1.063455285332776512e+01
-1.981972105908812054e+01
-2.557051190017992681e+01
-3.277996622832971241e+01
-7.534509340581202252e+00
-1.790400600432073475e+01
-7.364078730631305802e+01
-3.177279298580226197e+01
-1.563211668806085441e+01
-7.026980429261428185e+01
-4.125483852966394238e+01
-8.463087475619350641e+01
-4.482857918777787631e+01
-2.696533825657835237e+01
-1.805562604700290308e+01
-1.563211668806085441e+01
-5.529466758885887145e+01
-6.362109756274790584e+00
-2.010498108224829750e+01
-1.660608508973101749e+01
-8.469895041332069496e+00
-4.166601812834177565e+01
-5.323000936069671951e+01
-3.020029221053271584e+01
-7.210983627144355523e+01
-2.677518087820917714e+01
-1.713290358143856196e+01
-2.197483015256826278e+01
-1.912179802163003828e+01
-9.990763293633438735e+00
-1.563211668806085441e+01
-2.771839761154940973e+01
-3.044353663267407129e+01
-8.145593426407561566e+00
-9.613318884543016196e+00
-4.368832075752368382e+01
-1.729615244693039955e+01
-2.912161878477292731e+01
-9.241918356452334393e+00
-4.713126575874072444e+01
-2.256618044943153834e+01
-3.713700491168670226e+01
-6.586699883772290320e+01
-1.842715147268541998e+01
-7.015798403200693656e+01
-2.101254007081223563e+00
-1.003200694300819151e+01
-2.844709328938792581e+01
-2.653893902400671223e+01
-1.417866412462540282e+01
-5.608144566125059782e+01
-1.790400600432073475e+01
-6.176037055192178116e+01
-2.042259506049917306e+01
-1.823001055506063040e+01
-1.810357498176806246e+01
-2.862161878477292731e+01
-2.640917866863336627e+01
-5.369629253721834061e+01
-3.126979764668145734e+01
-1.037625100903418129e+01
-2.814131104706530451e+01
-3.049095550611948369e+00
-7.880665163153658170e+00
-2.899155216276538383e+01
-1.722729359030035923e+01
-4.849396784633817248e+01
-1.006136611878225651e+01
-6.079769129628589042e+01
-8.926200939452066052e+00
-1.663598458595971508e+01
-2.569663925986532149e+01
-9.564233571388619737e+00
-2.904051968502141889e+01
-4.798676287016840547e+01
-3.417115477518120770e+01
-1.697672079562579128e+01
-6.947812024564393596e+01
-4.368832075752368382e+01
-2.653893902400671223e+01
-1.953602166700348874e+01
-1.006136611878225651e+01
-2.439434348116417439e+01
-1.896837287558031093e+01
-6.797207263469843497e+01
-5.522673433942657084e+01
-5.529466758885887145e+01
-5.391470581929780792e+01
-6.079769129628589042e+01
-1.786622512422759712e+01
-8.662277838352540726e+00
-3.133936973655605485e+01
-8.463688352746032706e+00
-3.107531322991226830e+01
-5.412043953070107705e+01
-5.504328345707413916e+01
-6.954424433207684331e+01
-7.134863983555717937e+01
-2.816511884088497197e+01
-6.451670062795298577e+01
-6.657981856907902340e+00
-7.137214390412140119e+01
-5.067040780288613178e+01
-1.703983117616363430e+01
-7.079666966467571854e+01
-3.462832240043631771e+01
-1.950328334316547441e+01
-2.378057583253112028e+01
-3.032851267925284233e+01
-6.451670062795298577e+01
-5.611534265517195763e+01
-3.243264520640291693e+01
-5.529466758885887145e+01
-6.427539035989092042e+01
-1.643119037036002794e+01
-1.074840938228626186e+01
-6.583437081294036375e+01
-6.782582890338650827e+01
-7.077796413187471103e+01
-2.250405150913749708e+01
-1.937275198477836113e+01
-2.779284143302480814e+01
-2.799946899484358909e+01
-2.904831039480306742e+01
-1.876705818734214049e+01
-2.060224082081938590e+01
-4.273120312099972296e+01
-2.354673179257968485e+01
-2.585499794928254857e+01
-1.700000000000000000e+01
-1.211963879879702262e+02
-1.503117445428382482e+01
-2.682255703268181435e+01
-3.560301852347318885e+01
-1.002263705198259203e+01
-5.634824701267100977e+01
-6.854119132956169835e+01
-1.222251769200345421e+02
-4.921557246352638515e+01
-1.444745740800324185e+01
-7.688291183043830301e+01
-1.684112590982579860e+01
-1.308073508073668734e+01
-2.671032090444695228e+01
-2.928258349201351507e+01
-1.328948343067472493e+01
-4.186304103434951429e+01
-2.742695823826287338e+01
-2.069068166292841582e+01
-1.880584521673736020e+01
-3.025558789808803795e+01
-1.888676951275218840e+01
-7.085344393472405500e+01
-3.033473295873298525e+01
-1.904328618100232262e+01
-6.803987133550160138e+01
-6.511529784583436253e+01
-7.283200319256451394e+01
-1.210041116032276776e+01
-2.867282176722188325e+01
-4.665589583927765460e+01
-1.702338123524838309e+01
-2.161273117849581382e+01
-1.518027588811171924e+01
-2.978038085215321829e+01
-7.797313461738023932e+01
-3.059313769889119783e+01
-1.700573381352593927e+01
-9.674238959317268183e+00
-6.757803292923024685e+01
-1.922371906753560111e+01
-1.914956223639802602e+01
-1.349233898690944855e+01
-1.053809883524805713e+01
-7.126293716449487192e+01
-3.554676301397272908e+01
-2.658951121101746651e+01
-1.184038827263736948e+01
-3.025558789808803795e+01
-2.526953431704047048e+01
-2.687172881556291770e+01
-1.883911227530545318e+01
-2.211273117849581382e+01
-2.765110771988750216e+01
-5.903379892826038144e+01
-2.854262962431074513e+01
-3.464966728527880946e+01
-2.096118172368713317e+01
-3.419930367096197443e+01
-9.949639295050697996e+00
-1.894425069319439814e+01
-5.739311188976614631e+01
-1.613178775443454782e+01
-7.967106861663876316e+01
-1.561654662409423366e+01
-3.642465178861310449e+01
-5.608997261816783464e+01
-1.269486422439435813e+01
-5.584446463103380154e+01
-5.382487343444094563e+01
-4.379636574270263338e+01
-2.742695823826287338e+01
-4.800718605110280635e+01
-9.273161293709808461e+00
-3.625957211744007935e+01
-1.219707053966108745e+01
-1.415099029288030152e+01
-1.043409091664443267e+01
-3.430134471480665326e+01
-3.305567065898651435e+01
-4.435635723122803142e+01
-1.002263705198259203e+01
-3.632651943875302436e+01
-6.310869714580090317e+01
-1.217160611456047405e+02
-7.278405277746026059e+01
-3.338057829940632359e+01
-2.304767398182412563e+01
-1.974799828787349654e+01
-5.578166291148184541e+01
-1.955303282496938166e+01
-7.206644054487394158e+01
-3.066803035941579836e+01
-4.880931159664149277e+01
-1.221817254595149080e+02
-2.215694328753130904e+01
-1.132890959687250643e+01
-2.687172881556291770e+01
-2.019822428669289138e+01
-3.044717338510981364e+01
-5.471892331347105198e+01
-2.212952367346595395e+01
-3.383971139292030728e+01
-1.301946363991578082e+01
-1.972548207213588967e+01
-6.583437081294036375e+01
-2.594871160103709329e+01
-1.335070986430426032e+01
-6.131659724807924761e+01
-5.005556613898596652e+01
-2.211273117849581382e+01
-2.696833185225951368e+01
-6.606071978590040317e+01
-1.326582895417160657e+01
-1.109110566467041892e+01
-1.217005751026507312e+02
-4.395897168475198669e+01
-2.937243474558463063e+01
-1.955891538629345305e+01
-6.947812024564393596e+01
-5.739311188976614631e+01
-2.261703977938760346e+01
-2.916798093304021577e+01
-3.301864242799716465e+01
-9.293869548522703639e+00
-2.314219295902007190e+01
-1.091568068200620090e+01
-6.738150085788515753e+01
-1.887645977289503207e+01
-4.368832075752368382e+01
-1.212564420933334333e+02
-6.041585207173166339e+01
-9.503802964056337288e+00
-2.798576316206696291e+01
-2.949776751470642111e+01
-1.052009847795553910e+01
-6.138052518912328992e+01
-1.909460700512859077e+01
-7.153999411759551208e+01
-3.156481532389487654e+01
-2.671857233763697792e+01
-3.338057829940632359e+01
-2.767374904510013778e+01
-1.071775314576354887e+01
-4.870601734044305431e+01
-1.424389287016930083e+01
-2.977640847162026816e+01
-1.063026605663144508e+01
-2.591844529059904545e+01
-3.528306532914644578e+01
-6.079769129628589042e+01
-2.369499661703216375e+01
-1.083880929454632991e+01
-4.374546595490153322e+01
-5.797068699196437080e+01
-1.278056288037303858e+02
-2.975075184645411497e+01
-2.841873613050199410e+01
-1.934701180085832917e+01
-6.266257236395145469e+01
-1.566684172529939190e+01
-6.945558487451688734e+01
-1.424389287016930083e+01
-4.796633101704039603e+01
-2.314219295902007190e+01
-3.075642181539715736e+01
-1.262731850857681337e+01
-2.422335776899696924e+01
-4.710724602283785600e+01
-2.209488082403752429e+01
-3.089516294999512880e+01
-2.354673179257968485e+01
-2.293218779263328244e+01
-2.782833308772307745e+01
-7.077796413187471103e+01
-5.616190306247682429e+01
-2.628138423993909356e+01
-1.119773806298965724e+01
-1.275874691687507578e+01
-2.211273117849581382e+01
-5.600256837184633696e+01
-2.659492595919569879e+01
-1.684454354710457125e+01
-1.410438261154040873e+01
-6.310869714580090317e+01
-4.631314197959547130e+01
-3.923063713335928071e+01
-9.503802964056337288e+00
-2.205319712379186825e+01
-9.503802964056337288e+00
-1.902385518680313581e+01
-2.229782673858169417e+01
-1.959078982058540319e+01
-2.060735204554530142e+01
-5.462262971358221364e+01
-4.950813000124334451e+01
-1.561927461106086312e+01
-5.481996955221207202e+01
-1.301946363991578082e+01
-1.193390642722720685e+01
-3.468816802335940963e+01
-1.050448796833947540e+01
-1.497460346399702047e+01
-3.063661613180973475e+01
-4.288852601312977697e+01
-1.424256262252933070e+01
-9.091720597682698468e+00
-3.300156614864609139e+01
-5.578166291148184541e+01
-1.904648924887436579e+01
-5.481996955221207202e+01
-2.210224082081938590e+01
-7.431466508903267254e+01
-3.433562212562411275e+01
-3.688424113621607603e+01
-4.710724602283785600e+01
-2.742695823826287338e+01
-6.755345568943039325e+01
-2.549986451159631784e+01
-3.478270762719090214e+01
-6.680822931392697228e+01
-6.613384864674239338e+01
-2.073278384621219672e+01
-2.759246990643358188e+01
-3.807996024095366749e+01
-6.161837424353205961e+01
-2.263584908174313171e+01
-1.389974253858637709e+01
-4.343324444407539886e+01
-3.493917680898330502e+01
-3.283612212915608097e+01
-3.741988293090568618e+01
-2.215694328753130904e+01
-2.423100194737450153e+01
-1.462092641814754757e+01
-6.310869714580090317e+01
-4.156461701145558152e+01
-2.256534893481493853e+01
-2.700872558938491608e+01
-1.187601298110457648e+01
-9.725142635731920393e+00
-4.710724602283785600e+01
-5.347199808807459931e+01
-5.701115388076189561e+01
-1.778739666902962568e+01
-1.091945226945402325e+01
-6.260780970456910666e+01
-7.880665163153658170e+00
-8.750322562735767917e+00
-6.037336155516199199e+01
-2.781749323806098317e+01
-3.146870683564445059e+01
-9.594428876067553347e+00
-6.428161087886731906e+00
-5.984113076476241133e+00
-2.429515985665090483e+01
-2.609959710561743762e+01
-2.335747566911536310e+01
-2.203163367512402360e+01
-5.196748352471826138e+01
-1.344037955926093986e+01
-6.160789612819615968e+01
-5.759823290641510596e+01
-1.881146862114392704e+01
-3.433274781563279987e+01
-2.300013166066491976e+01
-5.789633455534693951e+01
-7.480332495682706195e+00
-6.657981856907902340e+00
-1.786622512422759712e+01
-6.492609614387676231e+01
-7.480332495682706195e+00
-2.174605376663753020e+01
-1.909745013562807969e+01
-8.469895041332069496e+00
-1.862616123465116758e+01
-2.900128300322397124e+01
-4.605806116315153531e+01
-2.747650547114096042e+01
-6.449633738546172879e+01
-3.508282523582215617e+01
-4.368832075752368382e+01
-1.920727451664289376e+01
-1.028702467392839282e+01
-1.860536998556555943e+01
-6.854185360935204585e+00
-5.457061709035761510e+01
-2.715595329450789208e+01
-1.644191069763171242e+01
-1.921219380173513258e+01
-6.449633738546172879e+01
-6.526281499757958215e+01
-6.110926382741352825e+01
-2.342007495377425741e+01
-6.657981856907902340e+00
-2.626482242856701887e+01
-2.653893902400671223e+01
-2.180550876850249509e+01
-2.885734597289932424e+01
-5.348804235928822948e+01
-1.653120877250610121e+01
-6.545306492234270479e+01
-1.394155761351703759e+01
-2.933996514163296609e+01
-2.091100256139124625e+01
-2.884454123608501774e+01
-1.834898846183587295e+01
-1.184203629902079058e+01
-4.654744382094975208e+01
-2.291144735028802870e+01
-1.160619578171774435e+01
-2.418757397078515581e+01
-5.669141539074792036e+01
-2.792387818292425905e+01
-1.830834640852086537e+01
-1.244204700976164730e+02
-6.451670062795298577e+01
-2.531943640715859800e+01
-2.803563586527680229e+01
-4.368832075752368382e+01
-6.528064969001404450e+01
-3.338554380945348754e+01
-8.642169357718493927e+00
-3.338554380945348754e+01
-2.258343608451028928e+01
-3.348779093664498419e+01
-3.528306532914644578e+01
-1.687135037245256797e+01
-1.190745506640489637e+01
-1.765377485767136889e+01
-1.357305870873305764e+01
-3.362625005715419491e+01
-3.126979764668145734e+01
-6.335519961333463357e+01
-2.065182324074750042e+01
-2.772257212783773994e+01
-2.657003386602754347e+01
-2.693202043726147110e+01
-2.399172042262199156e+01
-4.663993426117289687e+01
-3.451123088851884546e+01
-2.079736499139681172e+01
-7.086367377989142824e+01
-1.684454354710457125e+01
-1.665649060051300978e+01
-4.252402217845855859e+01
-3.394372071621249631e+01
-4.146687321892518696e+01
-4.179308858613033806e+01
-1.779615244693039955e+01
-9.935632083274036574e+00
-2.130840398408676606e+01
-5.533224010196387610e+01
-9.164257268066503315e+00
-5.831655873722166916e+01
-3.362625005715419491e+01
-2.625210132550337150e+01
-2.847200926713841795e+01
-5.555935800567189631e+01
-1.217160611456047405e+02
-1.563211668806085441e+01
-8.808210810580686001e+00
-6.492609614387676231e+01
-1.683031211172868069e+01
-2.641161084347455912e+01
-3.374053541755995411e+01
-3.126979764668145734e+01
-1.469423643506429400e+01
-2.258343608451028928e+01
-1.613178775443454782e+01
-1.598906740026831130e+01
-5.630728127183722620e+01
-1.824897175137045835e+01
-1.613178775443454782e+01
-4.317129395069782305e+01
-2.720579518073985170e+01
-1.829615244693039955e+01
-2.414396799395927928e+01
-6.657981856907902340e+00
-2.879806159553791645e+01
-6.131659724807924761e+01
-2.236201813688246531e+01
-1.560066558032476536e+01
-2.923397332190851472e+01
-2.362155796845058475e+01
-2.738928245122339433e+01
-2.236201813688246531e+01
-1.048804161012787617e+01
-1.693676130762566601e+01
-6.588282368075773832e+01
-1.824897175137045835e+01
-2.659907030100185921e+01
-2.410785893218487175e+01
-1.598906740026831130e+01
-4.292242317058819623e+01
-2.646792888835091873e+01
-1.030685374201653204e+01
-2.258343608451028928e+01
-1.563211668806085441e+01
-2.970209118436503459e+01
-3.126979764668145734e+01
-4.950813000124334451e+01
-4.368832075752368382e+01
-6.315646062893426915e+01
-4.710724602283785600e+01
-8.996212231213284838e+00
-6.753156699648816641e+01
-2.880347356032542905e+01
-5.529718056715488217e+00
-1.788082054782063679e+01
-6.774952161080548763e+01
-2.367010091857507703e+01
-2.639356572109824839e+01
-8.469895041332069496e+00
-1.814569349856880009e+01
-6.583437081294036375e+01
-1.656370976018653707e+01
-1.607106146733353214e+01
-5.073800046994045942e+01
-5.337346242992003198e+01
-3.348779093664498419e+01
-6.731822350701598623e+01
-6.984113076476241133e+00
-2.236201813688246531e+01
-1.870843851704719185e+01
-7.777327200176575417e+00
-4.628057161928724383e+01
-2.625210132550337150e+01
-4.670404416814564286e+01
-5.555935800567189631e+01
-2.211273117849581382e+01
-6.899402035726583904e+01
-9.503802964056337288e+00
-7.428665477193138855e+00
-3.411614000000407998e+01
-7.362109756274790584e+00
-4.486369539237704629e+01
-6.428161087886731906e+00
-1.613178775443454782e+01
-2.196475242139139539e+01
-2.324795688758661782e+01
-3.126979764668145734e+01
-2.783342380572860009e+01
-4.944071976194841511e+01
-2.686584024340325172e+01
-2.369602400970327949e+01
-6.002967122422343493e+01
-7.352311524514465901e+00
-9.569881094129591759e+00
-3.411614000000407998e+01
-5.504328345707413916e+01
-1.569658945792212279e+01
-6.862109756274790584e+00
-2.258343608451028928e+01
-3.107523230002869141e+01
-7.871110345625112359e+00
-4.710724602283785600e+01
-6.365410245824882907e+00
-4.950813000124334451e+01
-8.412600138120023274e+00
-2.335544041145893956e+01
-6.474675458330594324e+01
-5.603009037881568588e+01
-6.580483548840425101e+01
-1.140745506640489637e+01
-5.370087484747926965e+01
-6.854185360935204585e+00
-2.456796219814595617e+01
-6.878338338315995770e+01
-1.663183461032721411e+01
-4.654744382094975208e+01
-2.627125191821702188e+01
-2.693028863026727393e+01
-1.909110142475712024e+01
-5.540769429219072606e+01
-2.889165824711553654e+01
-4.697745321679320796e+00
-2.020653569507322445e+01
-6.657981856907902340e+00
-6.310869714580090317e+01
-2.258343608451028928e+01
-1.333530658842598271e+01
-6.545306492234270479e+01
-6.379579954355939719e+01
-1.030189126201936034e+01
-2.258343608451028928e+01
-2.655554221240198487e+01
-1.709073713981074860e+01
-4.926274881525525728e+00
-1.959854138562304371e+01
-1.550255553557815702e+01
-4.136679171383302389e+01
-2.853750051892740913e+01
-3.411614000000407998e+01
-7.777327200176575417e+00
-1.560066558032476536e+01
-2.258343608451028928e+01
-2.966426081288544836e+01
-2.258343608451028928e+01
-9.806853742016532038e+00
-2.186491335246673628e+01
-3.524113288537752453e+01
-1.560066558032476536e+01
-3.000744846753849870e+01
-1.613178775443454782e+01
-1.916232398678698345e+01
-6.657981856907902340e+00
-2.274903857793465178e+01
-2.309962920828196786e+01
-7.196644627610028522e+01
-5.031014434136940849e+01
-2.977664011729653026e+01
-2.939178692284585992e+01
-4.236788094943931782e+01
-2.308126092683606601e+01
-7.777327200176575417e+00
-3.348779093664498419e+01
-4.075844045453348485e+01
-8.041374281823255643e+00
-1.096989504133206950e+01
-6.041064136859890255e+01
-5.280923055677720868e+01
-8.743566382835755491e+00
-4.910441804544052502e+01
-2.236201813688246531e+01
-2.236201813688246531e+01
-1.072225987378044465e+01
-1.829615244693039955e+01
-5.739311188976614631e+01
-2.659844852481063526e+01
-7.905886492261824827e+00
-3.066803035941579836e+01
-2.258343608451028928e+01
-8.173417315925306070e+00
-1.671954375600831710e+01
-6.223840786391983926e+01
-4.683272058878139887e+01
-3.922121932661970334e+01
-7.126293716449487192e+01
-8.940193738891277775e+00
-6.176585861363616203e+01
-2.657568421800271352e+01
-4.965208770785974224e+01
-3.233554335240339839e+01
-1.931688642928275712e+01
-4.011481374401120092e+01
-8.940193738891277775e+00
-2.756255300670841635e+01
-4.105548461321397724e+01
-7.310895627017620768e+01
-5.489320384932280206e+01
-4.368832075752368382e+01
-1.059806409771626790e+01
-6.878338338315995770e+01
-3.508519093862706484e+01
-1.140745506640489637e+01
-6.002967122422343493e+01
-1.781977855698883673e+01
-2.722213348836611146e+01
-3.508519093862706484e+01
-2.911505595262348223e+01
-1.242859735784093544e+01
-1.106518984977403264e+01
-4.368832075752368382e+01
-2.779284143302480814e+01
-2.938251746705061151e+01
-3.362198564453822769e+01
-2.673777702644522947e+01
-5.809197510184793600e+01
-8.940193738891277775e+00
-1.849037335209241562e+01
-8.469895041332069496e+00
-5.582051479174533881e+01
-5.742649359518155450e+01
-3.508519093862706484e+01
-3.078192093537627017e+01
-2.258343608451028928e+01
-1.338890844663821866e+01
-1.822762377306253256e+01
-8.173417315925306070e+00
-1.028025554356538152e+01
-2.246461109667938771e+01
-7.184316686747473568e+01
-2.262652593023067382e+01
-1.311155602564352591e+02
-3.082997408462571087e+01
-2.414396799395927928e+01
-7.969895041332069496e+00
-6.583437081294036375e+01
-6.583437081294036375e+01
-6.562425966920656606e+01
-8.403672062530151976e+00
-5.585509188808767078e+01
-3.216428218449696885e+01
-1.866037036921266079e+01
-1.030189126201936034e+01
-2.258343608451028928e+01
-1.051094074554802305e+01
-1.806123705174419669e+01
-3.072154876775201160e+01
-1.047587667304378556e+01
-7.286795477089533790e+00
-4.628057161928724383e+01
-6.870666094770140120e+00
-1.743879540902910108e+01
-3.146870683564445059e+01
-2.129095365114656246e+01
-2.733971600135313906e+01
-6.451670062795298577e+01
-5.384046558541538730e+01
-2.878478200869482606e+01
-5.936306991944665867e+01
-2.657003386602754347e+01
-1.861244253991139530e+01
-5.632112303802557562e+01
-6.575675662984306769e+01
-2.576937124411301383e+01
-1.392397085588130068e+01
-2.855193191008602582e+01
-2.935355292691209428e+01
-9.423889248086940285e+00
-2.389327765901071743e+01
-6.878338338315995770e+01
-1.563211668806085441e+01
-1.010186359385500765e+01
-9.806853742016532038e+00
-1.705347459720875136e+01
-2.069077240635549231e+01
-1.613178775443454782e+01
-2.304658025572538094e+01
-3.600845481988393715e+01
-2.833852313794512767e+01
-4.990428258040376619e+01
-6.543911637260761438e+01
-6.368447972002685020e+01
-8.041374281823255643e+00
-3.077228904850094793e+01
-8.301954059507828276e+00
-4.262314956248440723e+01
-2.653893902400671223e+01
-1.342359689997450545e+01
-3.216428218449696885e+01
-1.613178775443454782e+01
-2.616913909038524366e+01
-3.126979764668145734e+01
-6.583437081294036375e+01
-5.452821280062701703e+01
-1.176908342740965097e+01
-4.592717972669708359e+01
-3.208921930793266597e+01
-6.451670062795298577e+01
-2.632477787704757333e+01
-8.188611293911847611e+00
-6.643060446476425795e+01
-2.438909707558585183e+01
-2.977640847162026816e+01
-2.687172881556291770e+01
-1.002263705198259203e+01
-1.869294025705093176e+01
-2.659988288171116366e+01
-6.451670062795298577e+01
-1.496242766539273461e+01
-2.237637367062322369e+01
-3.074655269484195230e+01
-8.133844369671663799e+00
-2.624014997468067989e+01
-5.061761952580452117e+01
-2.926637709314267255e+01
-4.950813000124334451e+01
-7.151806484582851908e+01
-6.259890853698958324e+01
-2.275602962500714099e+01
-6.709861278953731301e+01
-1.558044883898721267e+01
-6.519053131840172455e+01
-3.082872698386827537e+01
-2.108622493741799886e+01
-1.339974253858637709e+01
-1.604590061989880567e+01
-2.625210132550337150e+01
-2.161643759758390004e+01
-6.079769129628589042e+01
-1.386135341529539389e+01
-6.721410825918867715e+01
-9.130037571267621388e+00
-7.141743178095255473e+01
-1.239619230442554851e+02
-1.219773806298965724e+01
-6.451670062795298577e+01
-2.345365449075133668e+01
-2.564431268987918955e+01
-1.684112590982579860e+01
-4.582181048202765794e+01
-3.318542548135741299e+01
-1.702338123524838309e+01
-1.637359996205010759e+01
-2.086232041870066567e+01
-5.651619534226284713e+00
-4.411044454987332841e+01
-4.836258711175943859e+01
-2.702759620081408087e+01
-1.857936278860003654e+01
-3.008384914611984584e+01
-6.863682206609516356e+01
-2.145708790925304044e+01
-1.544691543773025444e+01
-2.399723694298467080e+01
-5.437827495177833725e+01
-2.279782673858169417e+01
-6.528553469778506724e+01
-2.736972149068489912e+01
-4.427529359141763621e+01
-2.404498512233987384e+01
-1.302405352615955891e+01
-4.762650624711896796e+01
-1.589100613888160396e+01
-1.093409091664443267e+01
-1.876236350881203663e+01
-9.500000000000000000e+00
-2.873399376668754712e+01
-3.411673239929555734e+01
-9.676760105406543744e+00
-3.300156614864609139e+01
-6.451670062795298577e+01
-1.031701175414807992e+01
-2.548080972357274376e+01
-4.998392914711754287e+01
-6.575675662984306769e+01
-6.449633738546172879e+01
-4.663993426117289687e+01
-1.137766100748799758e+01
-4.950813000124334451e+01
-1.130490400640934467e+01
-1.929797584851102954e+01
-2.211273117849581382e+01
-1.071775314576354887e+01
-1.324399116295570877e+01
-1.063026605663144508e+01
-9.744319010353603261e+00
-1.538087623101164425e+01
-1.015182455490970170e+01
-2.096118172368713317e+01
-3.104034305186916498e+01
-1.079386954852270364e+01
-5.628764759008875274e+01
-1.022514263573192039e+01
-5.867200965142494340e+01
-1.230490400640934467e+01
-2.215694328753130904e+01
-9.117117918595464943e+00
-1.808878377120503700e+01
-1.558044883898721267e+01
-1.830067399730724276e+01
-1.030490400640934467e+01
-6.125421072678874168e+01
-2.746690439884509161e+01
-1.343017455561815510e+01
-2.493464330368705717e+01
-1.918712873873130320e+01
-1.729615244693039955e+01
-5.296290290814422974e+01
-2.488575415732332630e+01
-1.805562604700290308e+01
-1.439132574948182608e+01
-4.886545707496642876e+01
-3.524113288537752453e+01
-2.210076636694445895e+01
-1.128230788146496266e+01
-1.729615244693039955e+01
-6.302773381430622379e+00
-6.802773381430622379e+00
-1.786622512422759712e+01
-1.065462225292851528e+01
-2.574742109543845103e+01
-1.179954460672805538e+01
-6.592308409857039919e+01
-2.687172881556291770e+01
-3.126979764668145734e+01
-1.413329769247541279e+01
-1.613178775443454782e+01
-6.539438200757153652e+01
-6.021191092110460374e+01
-1.765377485767136889e+01
-6.885238520908448834e+01
-1.786622512422759712e+01
-2.258343608451028928e+01
-6.041064136859890255e+01
-2.281843633736767174e+01
-3.532052153658909788e+01
-2.610748771316627526e+01
-6.135756830060880418e+01
-8.683443854277406615e+00
-1.752878258747902862e+01
-5.555935800567189631e+01
-5.474865526557675821e+01
-2.738928245122339433e+01
-7.777327200176575417e+00
-4.368832075752368382e+01
-9.164257268066503315e+00
-3.508519093862706484e+01
-1.732711123284056498e+01
-3.310878082257985966e+01
-4.879655760818618404e+01
-4.368832075752368382e+01
-2.260075587058794966e+01
-4.368832075752368382e+01
-1.192914383921400301e+01
-4.034617664943908721e+01
-2.187079422620239555e+01
-1.342914383921400301e+01
-1.061201465829850576e+01
-7.014290355737925609e+01
-2.983180567828074103e+01
-6.430545861561624577e+01
-2.950292570908191792e+01
-2.258343608451028928e+01
-2.912917229831602484e+01
-1.433961505939036130e+01
-3.787569536851682983e+01
-8.040225744784542883e+00
-1.598906740026831130e+01
-1.106185037137485594e+01
-5.507040805436643893e+01
-2.653893902400671223e+01
-3.069610809008726804e+01
-8.560011822002529414e+00
-4.368832075752368382e+01
-4.621271267057782950e+01
-9.244319010353603261e+00
-7.777327200176575417e+00
-6.608493887994026750e+01
-2.525065707597564568e+01
-1.560066558032476536e+01
-1.193017455561815510e+01
-1.940761283566369855e+01
-4.368832075752368382e+01
-8.178404865784035138e+00
-1.093555109536783476e+01
-6.225381552468853386e+01
-2.523249313013039696e+01
-5.529812033420235196e+01
-2.788928245122339433e+01
-4.663993426117289687e+01
-6.451670062795298577e+01
-2.615465081131396019e+01
-6.867934215831034805e+01
-5.795637379021236768e+01
-3.201315835685307576e+01
-8.461765602930288566e+00
-3.524113288537752453e+01
-9.164257268066503315e+00
-2.653893902400671223e+01
-2.357775305369127850e+01
-8.940193738891277775e+00
-2.317506504966986824e+01
-1.392914383921400301e+01
-5.739311188976614631e+01
-6.592308409857039919e+01
-4.001621765727435331e+01
-6.310869714580090317e+01
-1.958861217069630456e+01
-1.715240186165400260e+01
-7.182985237912049570e+01
-1.770089909687699148e+01
-1.114788206355274269e+01
-3.088652990616783001e+01
-2.331997671941632078e+01
-1.791467915111935127e+01
-6.939119680226400533e+01
-1.094541693754143807e+01
-1.701927952063863358e+01
-4.294547066807209035e+01
-5.504328345707413916e+01
-3.415097122220173276e+01
-8.847838461824714784e+00
-1.560066558032476536e+01
-7.777327200176575417e+00
-1.719705869583509283e+01
-8.469895041332069496e+00
-1.382326203318854709e+02
-5.332035315099568606e+01
-4.020087009551771473e+01
-7.151806484582851908e+01
-1.028914653316076055e+01
-5.585509188808767078e+01
-5.768836613195641405e+01
-7.429326945140965677e+01
-7.347230800261851158e+00
-1.014788206355274269e+01
-1.014788206355274269e+01
-2.024737919519338192e+01
-1.035956608757360442e+01
-1.644799003453564623e+01
-2.472059188162196719e+01
-1.257892689913385169e+02
-7.286304558578429180e+01
-5.529812033420235196e+01
-3.133268911420250902e+01
-1.740731555820891430e+01
-1.021176826502051682e+01
-1.680777080152726199e+01
-5.364791602353139410e+01
-5.891184562317089046e+01
-1.014788206355274269e+01
-1.786560658275289271e+01
-1.594317026241599322e+01
-6.276490156961018840e+01
-2.850930934229987557e+01
-5.570757130721560202e+00
-1.983112652771530193e+01
-2.728331180115344168e+01
-1.085427462091930906e+01
-6.334745935014453266e+00
-6.430545861561624577e+01
-6.511421356272450112e+00
-3.190839654250711277e+01
-2.483758992864699877e+01
-1.425765018517929050e+01
-4.064964275846386244e+01
-5.358654877965913954e+01
-1.731208823249033912e+01
-2.135326965994195803e+01
-2.135473392226626643e+01
-2.955294256549754905e+01
-1.973979882116956475e+01
-8.041374281823255643e+00
-2.294514336786090070e+01
-2.173020332054998249e+01
-6.929740846069307736e+00
-6.510312866137990540e+00
-5.795637379021236768e+01
-1.350469576047350628e+01
-6.541042023001641326e+01
-2.734283862886800520e+01
-1.744072718697935542e+01
-3.131018138173365628e+01
-2.659844852481063526e+01
-2.429515985665090483e+01
-1.622617701125754763e+01
-8.065872793510045824e+00
-1.780055619906331543e+01
-1.763673425275928253e+01
-3.381008903860482917e+01
-8.178404865784035138e+00
-2.703796707251000697e+01
-2.779284143302480814e+01
-2.764372394300580993e+01
-2.612276420040431546e+01
-8.188611293911847611e+00
-1.132219152113303906e+01
-1.738036063609769499e+01
-7.151806484582851908e+01
-2.617372800460776006e+01
-3.310878082257985966e+01
-5.296290290814422974e+01
-1.098951633906460756e+01
-1.705563391296143294e+01
-3.564425484727890847e+01
-3.201445267935044114e+01
-2.696670564110631929e+01
-1.560066558032476536e+01
-4.252402217845855859e+01
-1.536200886828066459e+01
-2.844088133992890022e+01
-8.192025754443964303e+00
-8.547484556993801164e+00
-5.550786787389530730e+01
-3.474286940325805517e+01
-2.059150326710417644e+01
-2.256618044943153834e+01
-7.141743178095255473e+01
-4.792064720679212542e+01
-1.227610984555571036e+02
-2.412760304200842398e+01
-3.242372404719999679e+01
-5.380086725413758586e+01
-2.790488984387166838e+01
-4.928485262548393564e+01
-1.734803907567248515e+01
-2.473103210280664399e+01
-7.097238735208865279e+00
-2.556427725490176428e+01
-1.705563391296143294e+01
-5.358654877965913954e+01
-4.368832075752368382e+01
-7.272649456141370194e+01
-1.563211668806085441e+01
-6.244990905364913658e+01
-2.263078581741534023e+01
-1.436195154352039083e+01
-2.411856141283256960e+01
-1.790400600432073475e+01
