-4.887897372136792029e+01
-1.079761777926534592e+02
-3.809535602295457579e+01
-3.041829461719511229e+01
-5.455669503362988593e+01
-4.083310412245947418e+01
-8.066999394071618212e+01
-3.929915226665032435e+01
-7.623388953063091833e+01
-4.212004691213555674e+01
-3.739961165084711325e+01
-7.103256767664768745e+01
-4.637438703211949331e+01
-5.212478622640384884e+01
-8.034356250080566042e+01
-3.928350984673323865e+01
-8.597695700122248752e+01
-5.034787657415017748e+01
-4.718730157108861789e+01
-3.434113241671839489e+01
-5.218947801513428431e+01
-6.086152456750043171e+01
-4.403011709457560841e+01
-3.582833444351285834e+01
-9.757889017617752359e+01
-1.056054340064070658e+02
-9.318152076875738032e+01
-4.654303968940563152e+01
-4.157525638684848701e+01
-7.636905521670466612e+01
-1.291392664693647419e+02
-5.311100222675727878e+01
-4.914688873602553087e+01
-6.288419874785628849e+01
-8.318642867906071103e+01
-1.184310001831293420e+02
-5.353350669429412534e+01
-2.967745915060840645e+01
-1.199916773049186247e+02
-4.175312493753044407e+01
-5.902498035949329847e+01
-3.548606888904764389e+01
-4.190876188755765241e+01
-5.714497117089437239e+01
-9.259428767150248518e+01
-3.711832098947024861e+01
-2.058182897318637572e+01
-1.158309505717572137e+02
-1.208773488063023649e+02
-1.976932367554725900e+01
-1.287622493359663345e+01
-2.933147554026063730e+01
-5.807047199771700718e+01
-2.807469742572787652e+01
-2.158360274244546773e+01
-1.887356715808150653e+01
-1.260694140701316002e+01
-9.373145970906139723e+01
-4.156874229126823650e+01
-1.116841801452081882e+02
-1.915351616827443593e+01
-1.061145779097547006e+02
-1.576832728807215389e+01
-2.708297878387515212e+01
-1.910644658170281929e+01
-1.091809982240029058e+02
-3.272161825881862995e+01
-5.338883375883371230e+01
-1.455637585127838740e+01
-1.087244368418574680e+01
-4.676834389213151155e+01
-1.195159803926486397e+01
-7.613880319754920833e+01
-1.107493580167742948e+02
-1.925077506465435917e+01
-4.019694445307187891e+01
-3.487451564249292346e+01
-7.971047440467610556e+01
-7.717251678648420921e+01
-1.866964136858691248e+01
-3.295346851727586568e+01
-4.838382355251373212e+01
-2.098953372936633599e+01
-2.813450129969183067e+01
-3.170956836407472323e+01
-1.070029006892487189e+02
-2.861424661425767724e+01
-4.409450141713240612e+01
-3.304186494867748536e+01
-3.451242109008853731e+01
-2.903853258025610984e+01
-3.764934428657375065e+01
-3.190969932097265982e+01
-3.618624538199701846e+01
-1.832077874285901942e+01
-3.935792620705979061e+01
-2.816520890872137528e+01
-4.675638217479426828e+01
-4.753164322385146079e+01
-3.842080794217120143e+01
-2.377216501018391526e+01
-3.305719504066007630e+01
-2.818382297614553167e+01
-1.402997884101963244e+01
-9.083870057591060032e+00
-3.997519030918860494e+01
-3.993294040381308463e+01
-3.071025664863828197e+01
-3.433501269260690947e+01
-2.680189892136044350e+01
-1.115141913883745843e+02
-2.999640824415450524e+01
-1.225211061217481756e+01
-3.311645375956102555e+01
-7.877208028536855977e+00
-3.634101977843858577e+01
-6.283993801327137874e+01
-5.774473330464318366e+01
-9.264320925237842630e+01
-2.244021464299616753e+01
-3.125126501824534131e+01
-2.854250045163061245e+01
-3.877166074425186082e+01
-1.640220803841115327e+01
-3.709111036300380704e+01
-3.069297219673479660e+01
-2.150728377488482224e+01
-2.018338459111327410e+01
-2.949547273797243463e+01
-1.069164340325062597e+02
-1.659482283501252908e+01
-2.385610114966359063e+01
-3.807281358967295404e+01
-3.215928558531254566e+01
-4.220506136163652400e+01
-3.615315241192672602e+01
-2.858253422342540429e+00
-6.113955473604296031e+01
-5.681745317618716484e+01
-3.468682400560384593e+01
-2.449746209082575632e+01
-7.034242817517646529e+01
-3.993561420117433158e+01
-3.151983551805371775e+01
-3.338612587910549223e+01
-5.840934925121565158e+01
-1.468621921348531778e+01
-1.652154949512055637e+01
-1.362801364188991826e+01
-2.394171853283426543e+01
-2.191255620504255219e+01
-5.992818093211519681e+01
-3.016477852003890447e+01
-3.092995648893502292e+01
-1.108675072730022038e+01
-8.916894582178956341e+01
-5.497172903854765025e+01
-6.166785830832903770e+01
-1.855870583783910277e+01
-5.690728299883985386e+01
-3.008700111050078974e+01
-2.291226728399301749e+01
-7.009476426743058042e+00
-1.322150130469733043e+01
-1.822434337870175369e+01
-1.539958261084246338e+01
-1.441697262324204765e+01
-4.832690599818779731e+01
-2.427257635922019574e+01
-1.782725766379771670e+01
-4.573363047555746164e+01
-3.218994820040224880e+01
-2.732775257025221194e+01
-7.749158511329561350e+00
-1.324298967016957995e+01
-7.999280541875457118e+01
-1.699463608740076737e+01
-1.564759075998215465e+01
-4.047877541207595442e+01
-1.931955339680903805e+01
-7.935748669666892852e+01
-3.815903502627055843e+01
-2.515586947943945262e+01
-3.305301734344194386e+01
-1.184885470185222367e+01
-3.126777012679747969e+01
-7.668304816565887450e+01
-1.218780764798638643e+02
-2.995137177701730025e+01
-1.940365631331713558e+01
-4.450085519335569018e+01
-2.379809327486684722e+01
-7.282826193483954569e+01
-3.080460646773080313e+01
-6.350629937771594768e+01
-9.408946176597986266e+00
-5.332314655714540663e+01
-2.043234507702270619e+01
-4.511875800400546410e+01
-1.079210886465618700e+02
-3.116169176893573933e+01
-5.304030420538025936e+01
-1.517995776151727583e+01
-2.487043171108146922e+01
-2.256421623120042597e+01
-5.968003144524446668e+01
-1.764694415439840114e+01
-1.697115436706382496e+01
-5.697060665462844042e+01
-1.336229742619580563e+01
-3.910846862349720254e+01
-1.664572185969466389e+01
-2.378394751827005393e+01
-3.163320879320502854e+01
-6.149712984959357698e+01
-1.680822556569614434e+01
-3.828999070493745194e+01
-4.199592556425066903e+01
-3.693778630932765594e+01
-5.324545926804269413e+00
-1.638886126939809529e+01
-2.757803005612477421e+01
-5.826973555398043914e+01
-3.084112558786286229e+01
-1.533664980234041053e+01
-3.146336470706539146e+01
-3.597540031844865638e+01
-1.034984334621562567e+02
-4.214207306448790291e+01
-2.004840691047453660e+01
-1.782847264457608105e+00
-4.841619777052041229e+01
-3.610359581527595907e+01
-3.602752235035265471e+01
-2.061410333603689793e+01
-5.736758776732933107e+00
-4.970160277331291354e+01
-3.344867417028193302e+01
-3.459784636627215093e+01
-3.470660004845498037e+01
-2.278022383438115028e+01
-3.363623276440016241e+01
-1.958670904872973395e+01
-4.300159388843752595e+01
-6.572913499555629357e+01
-4.276298577605901130e+01
-3.065954088186483517e+01
-6.336078469358132281e+01
-1.721698758957202813e+01
-2.134588988388772890e+01
-5.912233721040237810e+01
-2.952754342304004709e+01
-2.206300433086789781e+01
-5.320264375905262000e+01
-7.013726908166833596e+01
-3.660550426651384726e+01
-1.222681383698073176e+02
-3.467691400616778452e+01
-2.305188931298702215e+01
-3.207200645824075025e+01
-5.086387446290830638e+01
-4.449194081583657834e+01
-1.109413638031682936e+01
-6.907054173631982508e+01
-1.560318438995323653e+01
-4.676744245755718055e+01
-2.585384181272710791e+01
-6.558233189142103470e+01
-4.019642774490575476e+01
-2.007935134143922440e+01
-2.841894846538725261e+01
-3.280173085112496523e+01
-4.495373672281668576e+01
-3.482180411428977607e+01
-4.121830846860942188e+01
-1.958364958122144373e+01
-3.272725794011894607e+01
-2.883627533915037944e+01
-3.633315374990333879e+01
-5.938053165381963083e+01
-3.160487436619292367e+01
-2.441731431494271121e+01
-1.176395475635113428e+02
-3.416505248405862716e+01
-2.134611694131872284e+01
-1.322214163511785046e+01
-1.262074407495636166e+02
-4.978936375682887672e+01
-1.599975643958530291e+01
-1.782847264457608105e+00
-3.613051705889994736e+01
-1.795063908897999383e+01
-1.297348870057620331e+02
-3.929538660849536313e+01
-2.674035759495161813e+01
-4.810343579702165329e+01
-9.008370286489810752e+00
-6.278923419865839151e+01
-2.655161063144239719e+01
-3.130129412379791631e+01
-3.182331897903419815e+01
-1.496899794947619533e+01
-3.249623506783238014e+01
-4.869829296303056765e+01
-8.817497603473803736e+01
-1.211187221144691364e+02
-4.295777558325207934e+01
-2.691217254800995917e+01
-3.975831545214566631e+01
-3.180626565992323407e+01
-2.961967042419848539e+01
-4.659211296262496305e+00
-3.401245395895794132e+01
-3.910309445740760026e+01
-9.187731858079885683e+01
-3.959795743448649574e+01
-4.480994576822088504e+01
-3.161093847094746323e+01
-3.542141492950388937e+01
-3.157403290157265374e+01
-1.046441638826927658e+02
-2.364569923705840182e+01
-3.598994848269321523e+01
-1.134632723705468180e+02
-4.409859500985143654e+01
-3.281375418848260495e+01
-1.090782520820672374e+01
-5.212035992505214210e+01
-2.228252362179665624e+01
-1.057054414940360587e+01
-1.660727945463575850e+01
-4.270766290030906021e+01
-4.488445914028172012e+01
-1.162952901332063931e+02
-3.936494830359790598e+01
-5.164035836267265012e+01
-3.968300561137606053e+01
-3.543428007220247622e+01
-4.106511790116059046e+01
-1.496275860399839530e+01
-5.360921525367729146e+01
-3.392892323060463156e+01
-3.041841141628061251e+01
-1.120888246882345030e+01
-3.384362086859164265e+01
-7.089091416688584957e+01
-1.222485788565701768e+02
-3.276528357979583461e+01
-2.364569923705840182e+01
-1.244264807046071120e+01
-1.982078358514176841e+01
-3.919740103813096255e+01
-2.795517507454661654e+01
-3.365737121568388091e+01
-2.718586166806602833e+01
-1.077044341754757895e+01
-1.497438490339601991e+01
-2.845337083105688336e+01
-7.791142267797003740e+01
-2.901258426275831326e+01
-1.281408303975219454e+01
-4.335018539985051689e+01
-4.143751517524528794e+01
-2.508927905198660468e+01
-2.046324397023192532e+01
-1.104528875054680981e+01
-2.526322493887727916e+01
-6.086347258018172113e+01
-5.004141592526809745e+01
-1.012808781948173475e+01
-5.507551548138155795e+01
-4.076490255401236595e+01
-1.568875904464341353e+01
-5.165464632945477064e+01
-4.345984519444485983e+01
-2.601698818639068023e+01
-2.907685883567533480e+01
-3.414371517429704284e+01
-4.196400674479348680e+01
-5.458682486495320063e+01
-1.014666915674390779e+01
-2.761395709371688767e+01
-3.938988291653019047e+01
-3.357318657337773971e+01
-5.081114557927540964e+00
-4.079346901262001523e+01
-4.588738943741714849e+01
-1.740945724403273687e+01
-3.292835539356987340e+01
-1.804997483478643261e+01
-5.367226219751407967e+01
-3.913449399185290645e+01
-7.016463547001683310e+01
-1.038171921111699021e+02
-3.717816001621747546e+01
-2.631503429359932156e+01
-5.035140232238649816e+01
-2.134879451763615066e+01
-3.084152218350841324e+01
-5.259890726470352718e+01
-2.007954323554645626e+01
-4.335465934515726616e+01
-5.486123699003679377e+01
-3.300654519520929142e+00
-7.058583325739580516e+01
-5.434480188589302685e+01
-6.150912385836109308e+01
-6.972891437963374983e+01
-1.635612563121336649e+01
-1.140212715685526490e+01
-1.664524139343439657e+01
-2.969927977619074611e+01
-3.588513952386902162e+01
-4.688393498042877638e+01
-2.264515738352213248e+01
-1.146974131667168884e+01
-3.395540096392594620e+01
-1.061213573687297469e+02
-8.372080719349348499e+00
-4.675514511781179294e+01
-7.251876761367012136e+01
-2.973348181713321736e+01
-1.327390073399200432e+01
-1.291441352331412773e+01
-2.613219096798569296e+01
-1.190100684934427591e+02
-2.819751612018432851e+01
-3.034123905068992144e+01
-1.554396675189126853e+01
-5.112637337025913098e+01
-5.039235378809433996e+01
-8.315274533287949410e+00
-2.515880577025474096e+01
-3.615454078583039177e+01
-1.772147186197900837e+01
-4.035820375589204190e+01
-1.782296366071842186e+01
-3.148463731598335968e+01
-3.783910695283837811e+01
-4.547017602604728381e+01
-5.261226560711254052e+01
-1.192068254555803719e+02
-4.205965740822405508e+01
-1.025906163222780947e+02
-7.908362881164458713e+01
-6.976660005597791780e+01
-2.839091740887737458e+01
-2.568230963530348276e+01
-1.437382173941220564e+01
-3.370484888986623417e+01
-5.140899643932170449e+01
-1.504764779653381801e+01
-3.364768480914185034e+01
-5.354275750459676431e+01
-1.247383021009620840e+01
-3.804607013334294408e+01
-2.010962590010120721e+01
-2.139197459299977311e+01
-9.216074023775497892e+01
-4.690048192877015509e+01
-3.291624573659470343e+01
-3.643693761159537559e+01
-6.912864087336569696e+01
-3.172256350902905453e+01
-1.062423482036377322e+02
-2.661873751237697050e+01
-2.199197459299977453e+01
-2.699250220673535949e+01
-1.726265527565238500e+01
-2.625649933527561330e+01
-1.817682956269748118e+01
-1.302217411782291556e+01
-2.059466270915280361e+01
-2.620515101497577959e+01
-1.647920223004959084e+01
-3.969377279810818493e+01
-5.354791029272853820e+01
-1.199947136931427991e+02
-1.199729728687805874e+02
-1.075809146503346483e+02
-1.782847264457608105e+00
-2.125511828851435325e+01
-4.722633440411350847e+01
-2.747007898192494224e+01
-8.899437206403602829e+01
-3.031862231159077581e+01
-1.826087780482057710e+01
-4.140301034929385082e+01
-3.301778597325311893e+01
-2.447016496582124390e+01
-2.447886099036472629e+01
-9.260145511653934847e+00
-1.364182116302421477e+01
-1.723956069438398231e+01
-7.116973828362051790e+01
-3.355874587709670465e+01
-5.301353390138743293e+01
-3.266889236923647388e+01
-2.409232893753762994e+01
-1.136120688916937809e+02
-1.699162581247559700e+01
-2.382847264457608194e+00
-1.861986391743804603e+01
-2.817870800636630690e+01
-1.228224136458040938e+01
-3.137986438397672018e+01
-5.242858684014526460e+01
-4.025670331795955548e+01
-3.506384421656542827e+01
-9.656024063624558451e+00
-5.660135285082868783e+00
-9.538271180595208421e+01
-2.702801877958405896e+01
-2.399305493621701757e+01
-1.175621866639828283e+02
-1.344996349618229203e+01
-1.354617697686934186e+01
-1.745938792393573280e+01
-3.146845130647863087e+01
-1.282093561208253440e+01
-2.976679820892931261e+01
-3.964350272888043492e+01
-1.188951885872704395e+02
-2.602561826365788278e+01
-4.381797252137092613e+01
-5.362165438033534315e+01
-3.711798213399817570e+01
-4.927796079001583962e+01
-1.182223390720075002e+02
-1.279543013391576878e+01
-2.032179424530762546e+01
-1.036805765339159109e+02
-8.968514865989792639e+00
-3.415563148689208361e+01
-3.395325209426376034e+01
-2.129950430612900192e+01
-7.356292816027266213e+01
-1.542019788157548277e+01
-1.696237139264796667e+01
-5.677939001849131273e+01
-4.098568508145624634e+01
-5.173266813467323999e+01
-1.263585618114889897e+01
-3.191449658369251097e+01
-3.012247668395247402e+01
-4.459708902205185410e+01
-3.621388007392765473e+01
-7.697545277309268386e+01
-1.133954552481565869e+01
-2.282798233662984444e+01
-3.659761773637306703e+00
-3.580241768661265667e+01
-1.964480164065608392e+01
-1.219137596987785876e+01
-3.442295141522600233e+01
-3.825070518500578487e+01
-7.208688429504148587e+01
-1.965742558909719406e+01
-3.999276225083693959e+01
-6.147573738128042464e+01
-2.733685573988742235e+01
-3.904011216736553536e+01
-4.063697365240540194e+01
-4.527909382764583768e+01
-1.057680200133686412e+02
-2.150831346311508696e+01
-3.328222288174205801e+01
-3.253678687481372833e+01
-3.291134281609643608e+01
-1.544923078435833830e+01
-2.370670124096013964e+01
-1.064374281938364390e+02
-7.661980243187468886e+01
-1.816266613962378074e+01
-3.283756404564927323e+01
-1.892282319788104772e+01
-2.381232297923886776e+01
-8.839896165159066754e+01
-1.720150410573294408e+01
-7.441964277103399183e+01
-1.978348758922612305e+01
-3.043779902141098859e+01
-1.033965485484864928e+02
-3.104545549325274223e+01
-2.226443138038522918e+01
-5.263472313770392219e+01
-1.905775220714980733e+01
-1.315812233695413092e+01
-3.959761773637306526e+00
-2.149169273279122905e+01
-4.716938619936275501e+01
-2.865689983836925236e+01
-4.297930010115890553e+01
-5.265954200367337990e+01
-1.983407257770253551e+01
-3.818672509931975867e+01
-2.021302585606387225e+01
-3.794704537420019363e+01
-2.920554608102267125e+01
-2.338125343743207907e+01
-2.223879457464413534e+01
-5.344456747955609188e+01
-1.359786063904516418e+01
-3.667936490287266338e+01
-1.556279472848665968e+01
-3.949791084070675851e+01
-5.050090070608882087e+01
-5.233781797916222445e+01
-2.314617755596210102e+01
-2.037021610147125017e+01
-2.856092575363471653e+01
-3.451173455381098165e+01
-2.845106917842678840e+01
-1.041648815284022191e+02
-3.164582450514549805e+01
-2.796882455701845061e+01
-3.510898831026466382e+01
-2.029592153243211072e+01
-4.078047365687026371e+01
-2.394725556629710539e+01
-3.091599399648298530e+01
-5.599127399177815789e+01
-1.852082590569880693e+01
-3.197757305136911299e+01
-2.386198899182765842e+01
-3.095539639259870768e+01
-4.103726573806859790e+01
-1.267911446255934393e+01
-4.928925953529234505e+01
-1.923256342101539573e+01
-2.916948450794419045e+01
-1.934160315303440569e+01
-2.573400026010793340e+01
-1.567944313454992589e+01
-2.661528137547926676e+01
-5.508286681573724053e+01
-4.613403776774296006e+01
-5.638102786498767216e+01
-1.882082590569880765e+01
-4.692811527039438602e+01
-3.469003969849205760e+01
-4.211478662029931996e+01
-1.782847264457608105e+00
-2.896652699623151861e+01
-2.829062552336251812e+01
-2.872269396466517932e+01
-4.420012339594789097e+01
-1.514874088514567063e+01
-1.728134128743037223e+01
-1.614450269899015922e+01
-4.666233325821690414e+01
-3.328222288174205801e+01
-1.816455833205080950e+01
-1.113088304783365032e+02
-2.667523023551823513e+01
-1.417164605387369214e+01
-1.216721466696486686e+02
-3.290753939417046325e+01
-3.781944642492874920e+01
-5.466615272909020717e+01
-2.248317959213950701e+01
-1.748367128462991715e+01
-2.957585868391518957e+01
-1.356825588760910328e+01
-2.435160661194571219e+01
-3.848866987061887812e+01
-4.264959578956531772e+01
-1.482757152680444968e+01
-1.838562387622318894e+01
-3.711786281861802195e+01
-1.613136242813090959e+01
-1.084858938241586372e+02
-6.849898242242352353e+01
-4.495732367654015604e+01
-4.053156256894038734e+01
-4.300276418978064186e+01
-3.879707156620064268e+01
-2.489609789544548946e+01
-2.476557661317835368e+01
-2.141685466708871388e+01
-3.222492311101455442e+01
-1.202350369531057517e+01
-3.890679210294476320e+01
-1.676485859081307694e+01
-2.491521927357783994e+01
-3.659761773637306703e+00
-5.284152184665011021e+01
-2.219635771211208208e+01
-4.499814948324527819e+01
-4.133965586636162470e+01
-2.938423090971273410e+01
-1.486427094787234182e+01
-5.317409620675498871e+01
-2.032053131995402850e+01
-1.093320691294912876e+02
-3.478434621178175234e+01
-3.203924044240313407e+01
-3.296719409463597117e+01
-2.255871906373381464e+01
-1.315145860320068323e+02
-3.585635719902120400e+01
-4.889832617677995330e+01
-1.930687287372237648e+01
-4.898749838852452854e+01
-3.282847264457608105e+00
-3.188240058903060259e+01
-2.196659249948406867e+01
-1.737377719694782030e+01
-3.238342746325413657e+01
-1.442452075436594860e+01
-4.475265415833079885e+01
-4.308635345096907088e+01
-2.060267613495073036e+01
-2.693130752429441443e+01
-2.041237196659549369e+01
-1.768040684364934378e+01
-3.301319532270470347e+01
-4.704342808785606422e+01
-5.266359770194898715e+01
-6.862044465594721032e+01
-2.306706433858327898e+01
-3.514527990028008020e+01
-5.710822845278571691e+01
-2.476769808953358520e+01
-3.414785255395529617e+01
-2.914407803395686614e+01
-2.403986880744856336e+01
-1.659630156754406727e+01
-2.632751368214814036e+01
-1.800192340834721705e+01
-3.407108161675232338e+01
-3.203897820114372053e+01
-2.998165855421691006e+01
-3.415444983506801435e+01
-1.319298916633954555e+01
-3.866145913629323161e+01
-3.017715180153996357e+01
-3.077408209074976142e+01
-3.097255954166115899e+01
-4.163803558332835308e+01
-5.204026734716414637e+01
-2.685417871424908753e+01
-1.587113370332789586e+01
-3.038868661076346456e+01
-2.460708363578981661e+01
-2.418597461518693237e+01
-4.028301955726851702e+01
-3.150689493365374005e+01
-1.925615228706592319e+01
-3.324020121126400795e+01
-7.136348812117348928e+01
-3.130166230226121371e+01
-1.541176537288306392e+01
-4.452147872083772029e+01
-1.755316201142951726e+01
-3.039561100059625431e+01
-1.449886860118322929e+01
-3.669793723199813229e+01
-5.318434045578342761e+01
-2.425024881967383905e+01
-1.655172234144938059e+01
-5.001422348689663266e+01
-2.977855243456382439e+01
-2.166752444924109611e+01
-1.193581522507155057e+02
-3.242255813160188183e+01
-1.714828553630121633e+01
-3.095906923349290096e+01
-1.541051704955314428e+01
-7.582075364767293024e+01
-2.986731547199162762e+01
-4.039430870520101280e+01
-1.095687404686188842e+02
-2.279566901667404721e+01
-2.231867258707114843e+01
-4.523233796995594247e+01
-1.460068569072610245e+01
-1.676682740358641865e+01
-4.704516317652833379e+01
-1.061043228362262170e+01
-2.244384821698460186e+01
-3.572659300246044722e+01
-1.283954307324084887e+01
-6.314913148158934675e+00
-5.018368844617575775e+01
-3.686947331923762050e+01
-3.515369109750782428e+01
-3.968737814808764597e+01
-4.847902449125943036e+01
-1.933813101051151051e+01
-2.030283647440827721e+01
-2.903092523268623992e+01
-3.930597652081053184e+01
-1.984480498176811736e+01
-2.542391015797383247e+01
-4.522241249487554882e+01
-3.068009189721309582e+01
-1.241512238850042671e+01
-1.062281956521997905e+01
-2.364300595114780279e+01
-1.574463834550846997e+01
-1.264262510221597147e+01
-3.313619619855554532e+01
-6.309454683877525838e+01
-4.303898148696639936e+01
-3.257781546732498157e+01
-1.355850837466297776e+01
-1.185146221219735274e+01
-4.259761773637306348e+00
-1.060834871784188636e+02
-1.276171847436605766e+01
-5.051696097171447519e+01
-1.698780150459381133e+01
-3.103186444894556928e+01
-3.521314176315829059e+01
-3.204967206365689236e+01
-2.704105908293126959e+01
-4.498948572106039734e+01
-2.877858084184599718e+01
-2.675923199946127085e+01
-1.199155113820938645e+01
-2.380214795941347816e+01
-6.748376857721231659e+01
-1.695245063445326039e+01
-1.942578107807470644e+01
-2.305794411572599145e+01
-2.523970817770932129e+01
-3.568859448705627102e+01
-2.686222962836977501e+01
-6.306906580347146019e+01
-3.282847264457608105e+00
-2.605131649988499731e+01
-5.766445708050868291e+01
-6.125078864196765949e+01
-1.732230130118137623e+01
-4.720936878957142824e+01
-7.870578543599754084e+01
-3.974677976980006378e+01
-4.192167683772706965e+01
-5.821822331569070030e+01
-1.888647889691882753e+01
-2.344116533077901110e+01
-6.530143854612641974e+01
-3.925972315373744692e+01
-3.171445594430930726e+01
-4.193359849747599810e+01
-1.917329999905042115e+01
-1.111437748102900791e+01
-1.785445820853274412e+01
-3.427168000349411869e+01
-2.241631074532243417e+01
-1.637692605160294335e+01
-2.465440589168096253e+01
-3.035397628241722146e+01
-1.268396598819659573e+02
-1.212099465277551786e+02
-6.851898416658399071e+01
-1.792943555803871192e+01
-4.094993845517214481e+01
-5.269325771527309143e+01
-2.112837652164804325e+01
-2.992498793438172555e+01
-1.573299325594188147e+01
-1.417566597892406399e+01
-3.262035119336522371e+01
-3.371728226032523423e+01
-4.849541139262186107e+01
-3.900768359713511302e+01
-3.357390830577826080e+01
-3.178004650420033528e+01
-2.199634113160475479e+01
-2.385214944288063776e+01
-2.676379810409441617e+01
-2.328573430325505100e+01
-3.909746744517279637e+01
-2.075344709255147180e+01
-2.424248854151552379e+01
-3.490417335522133158e+01
-1.424377365186124678e+01
-2.105215913696099861e+01
-1.193066695578975072e+02
-5.867952669116003506e+01
-5.664098407449329642e+01
-3.787879348262092094e+01
-4.805700188738591550e+01
-4.030853556122740144e+01
-3.593642112684268142e+01
-6.907054173631982508e+01
-2.485345399357556317e+01
-2.307263814561265747e+01
-3.363885841584237113e+01
-2.812372654762063817e+01
-3.948133067680441854e+01
-4.559761773637307058e+00
-1.376884910405343554e+01
-3.047156587731059219e+01
-1.216468849181907643e+02
-4.987213359684746905e+01
-2.657848854465498789e+01
-5.063372195309090529e+01
-2.845967570460688378e+01
-5.193205967210817420e+01
-1.156252043788351074e+02
-3.815957987517773375e+01
-2.117771657035400423e+01
-3.978750365653226595e+01
-2.090070915909476312e+01
-2.868357613767016900e+01
-3.039312898724087120e+01
-2.334011761685803066e+01
-3.368666293403110501e+01
-2.249084929569900027e+01
-4.097518864100330660e+01
-3.295507848105260251e+01
-4.626435552780501581e+01
-6.203900674172930962e+01
-2.915128172736287482e+01
-2.431146154506643242e+01
-3.935703518661453870e+01
-2.209769884226273007e+01
-4.208316264601896783e+00
-1.148969190107052611e+02
-4.931413275128754492e+01
-6.749600297308963093e+01
-1.479626576074565847e+01
-2.205179349397428723e+01
-1.117506489793750468e+01
-2.780039697493917217e+01
-2.378003466986539394e+01
-2.757557422611198916e+01
-2.694520834569465606e+01
-3.367134038413530561e+01
-2.895461251886407439e+01
-2.501751458848967502e+01
-2.742078603736647224e+01
-1.993381313286937484e+01
-1.982506278798764399e+01
-1.725664461898567836e+01
-3.836466018074558093e+01
-4.401465593069337956e+01
-5.017553912290830453e+01
-1.329239626059645296e+01
-2.836049940667838243e+01
-4.165608219656849087e+01
-3.522572946145587736e+01
-3.014629150269434987e+01
-2.145724747645211039e+01
-3.517031262993699414e+01
-3.040412768936894850e+01
-4.997909849790074333e+01
-2.055504386942861927e+01
-1.224893122957863483e+02
-1.900993107995513043e+01
-3.659761773637306703e+00
-3.235572142853581568e+01
-2.887846172278015899e+01
-2.784564560149418710e+01
-1.087506489793750397e+01
-7.479144563696742409e+00
-3.842903143411611211e+01
-3.007734010629302190e+01
-1.672654332430742841e+01
-3.441878771787871472e+01
-1.234372851405048692e+02
-2.922014335309362210e+01
-1.192773195810167550e+02
-2.770966049059047620e+01
-2.937002769305030014e+01
-1.063063167119754837e+02
-2.516458437645992774e+01
-3.853521254138256324e+01
-3.360544569848851637e+01
-5.239014080035870080e+01
-2.158909630418321157e+01
-1.037076555974587855e+01
-2.254347649462659575e+01
-3.500218406048943365e+01
-1.404751088129341952e+01
-1.975235567002264148e+01
-2.861274544252567509e+01
-3.041252646016202732e+01
-2.861525620188499630e+01
-2.508583024802737427e+01
-1.242183241398092086e+01
-1.478255511009391121e+01
-3.614208676282679988e+01
-4.409766211889234455e+01
-1.936284510481754140e+01
-8.473204441967693512e+00
-2.775863096430146726e+01
-2.940707660752998009e+01
-2.113791005018130420e+01
-3.442547087896790714e+01
-2.911182555554838913e+01
-2.688434677222735303e+01
-2.331363584519473520e+01
-3.570085571300703720e+01
-1.955294954365981752e+01
-1.542809882163454027e+01
-3.212941158188779411e+01
-3.483114667586643520e+01
-3.395054442890008772e+01
-1.426436180605009163e+01
-1.319537718807126936e+01
-4.202597443892203444e+01
-3.381414018389330067e+01
-4.591935479456677882e+01
-2.011522935682391733e+01
-3.050327134565725373e+01
-3.923832880532828682e+01
-3.949668368872293911e+01
-1.825156476151298079e+01
-2.039483949156168308e+01
-7.297285501567937160e+01
-1.859362032797149311e+01
-3.240435767329114469e+01
-2.817185858888407779e+01
-2.870956283259898711e+01
-3.155510301642720705e+01
-3.961508290702024482e+01
-2.718587041747697342e+01
-1.266157345375930134e+02
-5.577730739399588344e+01
-1.707236141582848177e+01
-8.227126654127847871e+01
-2.103526557698608457e+01
-1.191508487540755645e+01
-7.040858117698816443e+01
-2.255914545201401467e+01
-6.902863711361233356e+01
-4.883698580778842313e+01
-4.525322370118043125e+01
-3.464508100614780517e+01
-6.265451739159092170e+01
-3.758888228870095105e+01
-3.094437013242046319e+01
-1.052619296683394055e+02
-2.337038238643037502e+01
-2.082847264457607928e+00
-2.319771305997205602e+01
-3.387747787678959099e+01
-2.426162974553472651e+01
-2.870115013329665743e+01
-2.454045584725378859e+01
-4.548467747069172162e+01
-4.020707025957513281e+01
-1.825849937270290724e+01
-1.633810202940022549e+01
-1.673810957432598201e+01
-1.804231106313877575e+01
-3.723164322219098210e+01
-1.798411623353421618e+01
-2.162845990325283196e+01
-1.261422459193047558e+02
-3.689173424420479108e+01
-1.404557510783026508e+01
-1.403475988025263810e+01
-9.531176046730958973e+00
-4.162436286324565060e+01
-3.411251473941312895e+01
-3.528393811080073306e+01
-4.088671990177552829e+01
-1.216392432797731438e+01
-3.522511393712041183e+01
-2.355818075883764706e+01
-1.040241875287438056e+01
-2.282409889775503231e+01
-1.191109176797004636e+02
-4.208316264601896783e+00
-2.308297450528117167e+01
-3.438667845024446024e+01
-3.849501782031441621e+01
-1.111343008709295077e+01
-2.082727883973836214e+01
-1.782847264457608105e+00
-2.278424986515207351e+01
-2.682847264457608016e+00
-3.009524030567822095e+01
-2.347060724616055083e+01
-1.586244810000920857e+01
-1.664922514315320967e+01
-2.148690593272587535e+01
-3.010840727915798709e+01
-4.990053189539073486e+01
-2.939263700474233687e+01
-2.587176720101096095e+01
-2.845207502037167302e+01
-2.140918490419436893e+01
-1.149049510018600699e+02
-3.801640551127920276e+01
-2.976268701417401275e+01
-4.021825330952749766e+01
-4.358283982790810995e+01
-3.162913188632954586e+01
-3.076818929530586644e+01
-4.095436405565010318e+01
-3.354030168824414915e+01
-1.085086932321774711e+01
-1.682389676703621717e+01
-1.956677795418088195e+01
-2.708283661759461936e+01
-2.438878647475068107e+01
-6.876380976801792144e+01
-1.557004909410611404e+01
-2.242670672699490808e+01
-3.043818085462721612e+01
-1.827772938343326814e+01
-1.909796373221519517e+01
-2.221765031326467721e+01
-2.138961303838479822e+01
-3.099500144798649970e+01
-2.415690734760223890e+01
-1.934672690672019968e+01
-1.065064428025239067e+02
-1.568539996731612973e+01
-5.375758310251931960e+01
-1.636216431302054986e+01
-3.499938856257911368e+01
-2.010295972171776668e+01
-2.171097795185358947e+01
-3.056089976737792924e+01
-3.899394322857948936e+01
-3.978407839551572778e+01
-4.871717027563940405e+01
-1.543473520885200756e+01
-4.932061023866794613e+01
-2.976268701417401275e+01
-3.255626207875422296e+01
-1.180627322442047245e+02
-1.119535790169598073e+02
-2.437774631534644243e+01
-6.877384936843692742e+01
-1.060560534790498082e+02
-3.193308733221507367e+01
-3.285884289602320507e+01
-3.512392225483500852e+01
-2.809400173523545519e+01
-2.193223592284143209e+01
-4.512851897427561454e+01
-2.650994313045169193e+01
-1.735485079315893486e+01
-5.049892900888861114e+00
-2.859993347988574186e+01
-2.729991362097127805e+01
-4.792632304812232036e+01
-3.139490297493682291e+01
-4.074394147251607734e+01
-1.758871594971242658e+01
-2.751619301837721210e+01
-2.779031466386002691e+01
-3.354111338369393280e+01
-2.664974231873069144e+01
-6.312370726164004253e+01
-3.828326640963825866e+01
-7.855914664241370815e+01
-3.193014162198643291e+01
-1.427797024752018729e+01
-3.538239679078959199e+01
-1.193725257324012858e+02
-1.809901352569354671e+01
-2.693055178918521619e+01
-3.387260769845377695e+01
-3.252915785807798699e+01
-4.208316264601896783e+00
-4.022899098906515292e+01
-3.589193439975038302e+01
-1.990041235626359750e+01
-3.659761773637306703e+00
-3.659761773637306703e+00
-3.003578982577102963e+01
-3.211829545544514275e+01
-5.298468814547232597e+01
-2.131653718610346004e+01
-3.545096148426453908e+01
-1.259289084153262337e+02
-3.064286892101218385e+01
-1.382298013339190135e+01
-3.111040105157769986e+01
-2.221727974867303246e+01
-1.231096234646371990e+01
-1.593035789493048426e+01
-6.916025313974809308e+01
-2.858205322372314683e+01
-2.433105738771849857e+01
-6.734671012529283018e+01
-2.076360312006359266e+01
-2.822412135256082877e+01
-2.442156687879524313e+01
-3.514135066456053380e+01
-1.782847264457608105e+00
-1.433498393531460557e+01
-2.125740644749974706e+01
-1.099088266372911562e+02
-2.466185916631608421e+01
-2.242237624238757476e+01
-2.928781037715656765e+01
-3.436226233998225865e+01
-2.125327210517538390e+01
-6.902863711361233356e+01
-1.931557867311832055e+01
-1.576559956022075859e+01
-3.724259703675558342e+01
-2.086284510481754495e+01
-2.160077726475915227e+01
-3.912572924244182104e+01
-5.138742625792293950e+01
-7.828177887185728423e+01
-2.033282182684105877e+01
-5.366198645217259866e+01
-3.988005374876408382e+01
-3.633080306386047198e+01
-3.659761773637306703e+00
-3.980748460241620279e+01
-1.887873927879005720e+01
-2.251319761978104239e+01
-3.283495077666411532e+01
-3.288734641145259019e+01
-7.557364433256650216e+01
-1.475114094533249798e+01
-5.458342016209687131e+01
-2.458192130080366766e+01
-1.900825520463324736e+01
-1.530485203434199093e+01
-3.980748460241620279e+01
-1.686643734120110949e+01
-1.647539816229749121e+01
-3.599647370041899563e+01
-3.619681911360458315e+01
-2.654366658734015516e+01
-4.173332287635204096e+01
-1.725257598593496766e+01
-1.764464842486383489e+01
-3.386300833894050299e+01
-3.205085210148301655e+01
-2.668022465876046212e+01
-3.605120061451118119e+01
-1.800654519520929142e+00
-2.437818246316441062e+01
-3.211533999529490302e+01
-3.522790002536920895e+01
-1.782847264457608105e+00
-8.318494628422800474e+01
-4.799181073068356795e+01
-1.391696513323632445e+01
-1.966999636936138529e+01
-5.722459926110119710e+01
-7.909692792956936103e+01
-2.149727899141043252e+01
-4.186578528206380412e+01
-2.598500085865159903e+01
-2.805573054750094641e+01
-1.196494791396786894e+02
-3.053515818185189090e+01
-2.033713016741670288e+01
-5.805520744143342426e+01
-3.054971597626040847e+01
-2.487339712336313369e+01
-3.470541006736179668e+01
-1.290809205436922298e+02
-2.441042561081591344e+01
-2.133610480017877720e+01
-1.553023681776827836e+01
-3.437148250631123858e+01
-3.201277839302705530e+01
-3.947915081627365197e+01
-2.948103009329053137e+01
-3.469032123428072367e+01
-1.653563275227511298e+01
-8.763674124566180978e+01
-1.777474799808446093e+01
-3.312723181650731874e+01
-2.816521713285451511e+01
-3.353849479753444740e+01
-2.157608937251152526e+01
-1.096657170913313024e+02
-2.392138773451201317e+01
-1.826828003160430569e+01
-3.447459673923212620e+01
-1.584222527624725352e+01
-6.003655675328376162e+01
-2.859987599276250592e+01
-1.041218948872012220e+02
-3.011966623042077984e+01
-2.658618123494446905e+01
-3.909684839784694077e+01
-2.421749169497400445e+01
-2.137647847881355645e+01
-2.241627603074235608e+01
-1.994600391818625695e+01
-1.656821047826518978e+01
-2.469514920245444145e+01
-3.189127483466989332e+01
-1.645160524356341725e+01
-3.747343017755343197e+01
-1.178016898709233118e+02
-3.765734425819976394e+01
-1.486819265354352382e+01
-2.100218275246319877e+01
-1.774126692588860621e+01
-1.833039093556102017e+01
-2.186192347361883392e+01
-4.029933176232537306e+01
-2.113399673553690761e+01
-2.079087776834402135e+01
-1.504150406329807232e+01
-5.633305666805864576e+01
-4.384564285665206995e+01
-3.626384119663562444e+01
-3.490803650423207927e+01
-5.317430582920977145e+01
-1.421077044966578029e+01
-1.521416918626625581e+01
-2.067829797483749843e+01
-3.221743887174926613e+01
-2.551335815392306472e+01
-3.780341996147545558e+01
-3.197376861569379614e+01
-3.683248261182379224e+01
-1.792763311236981849e+01
-2.787527308680353855e+01
-4.714038852865587614e+01
-2.765477061155124971e+01
-1.357271276451860409e+01
-3.573540936909010668e+01
-4.644140463890387593e+01
-3.430428772385560876e+01
-1.058682014048883246e+01
-3.195249377316076078e+01
-1.269458423409913195e+01
-2.959002364282655151e+01
-1.895620270697784804e+01
-3.821329413981376888e+01
-1.941626792679720381e+01
-2.958023624906072513e+01
-2.194762834659697148e+01
-3.809494781412127651e+01
-1.557299913391622326e+01
-1.072590761740769238e+01
-3.985782410556698352e+01
-3.945054481021499271e+01
-2.023809344923459363e+01
-2.706259575404683559e+01
-2.957895910850777454e+01
-3.997321477576549853e+01
-8.377857528690812217e+01
-1.782847264457608105e+00
-2.107339034858389581e+01
-3.525921697762755969e+01
-3.550949234120780318e+01
-3.217236090979662322e+01
-3.334953137185018335e+01
-2.966047967200804791e+01
-2.830268598130414404e+01
-3.659761773637306703e+00
-1.609032138930513867e+01
-2.503494309365610349e+01
-4.185740785333491942e+01
-1.194749836924905573e+01
-4.043186755178463443e+01
-2.753651352207999992e+01
-3.318134572010231409e+01
-3.680376487130913432e+01
-1.782847264457608105e+00
-3.780822041732311334e+01
-2.090234307174345574e+01
-1.263338836513264063e+01
-6.981250450233594051e+01
-2.478677380458442059e+01
-2.504136536065373519e+01
-2.126245981599269186e+01
-1.249279767560350685e+01
-2.977635569158791995e+01
-1.869938192350985418e+01
-1.181307593148877544e+01
-6.134347587112163325e+01
-4.552844917787521695e+01
-4.791151612054392217e+01
-3.168085263473718882e+01
-1.192308333550939494e+02
-1.208213292142023789e+02
-3.235794806541447599e+01
-1.537712822216575503e+01
-1.454874088514566921e+01
-3.342789847828113636e+01
-2.086391742391457171e+01
-1.738596978463398557e+01
-4.856134697710296422e+01
-2.488138447056336489e+01
-4.470508620108398645e+01
-3.970181835561841410e+01
-2.429924414930712473e+01
-2.913607845788406081e+01
-2.263037819699086128e+01
-2.086845129936678944e+01
-2.360394115663609327e+01
-1.884992178845037714e+01
-1.873765851753811162e+01
-2.355714754077313344e+01
-1.360675969996501244e+01
-2.414801301619361240e+01
-3.305577571311118135e+01
-3.444605589728532635e+01
-3.718957316887984632e+01
-4.002903828815851739e+01
-3.418890309493283297e+01
-2.759655721775148862e+01
-1.416619038611926662e+01
-4.380822495670859951e+01
-2.721831806364268758e+01
-4.655923176066561098e+01
-3.680752513062856934e+01
-2.613105738771850284e+01
-3.958314127882786693e+01
-5.614137130576673940e+01
-3.569341343970622660e+01
-4.484430984622025562e+01
-1.456289330439488694e+01
-1.778115798121069346e+01
-2.111688050585036791e+01
-2.968445119201147264e+01
-1.235863032525083050e+01
-1.184992411642458165e+01
-3.185879860454364021e+01
-3.602025028543249618e+01
-4.358993830636786981e+01
-1.782847264457608105e+00
-1.247866604415973413e+01
-1.737885817256067966e+01
-2.970550432950852837e+01
-2.300212847750701073e+01
-3.519566107222068752e+01
-5.592289426478807890e+00
-3.027227513243367696e+01
-2.469139603425491103e+01
-2.240236788348148167e+01
-2.950341658090615837e+01
-6.247842758016080467e+01
-1.484874088514566992e+01
-2.064293557666919199e+01
-2.756473603374655212e+01
-1.621176218873856811e+01
-2.901926874666462552e+01
-1.681920033851836394e+01
-4.225100736827267411e+01
-2.697771697398775714e+01
-4.949457794549302037e+01
-5.526965430932385459e+01
-3.085098502908543949e+01
-5.534496901196673946e+01
-3.725159286841893191e+01
-1.927492376369917437e+01
-1.651569656441141021e+01
-1.511906600891217245e+01
-2.268799918077404598e+01
-2.511620820632130346e+01
-3.759806530598198293e+01
-1.537712822216575503e+01
-1.418158710341444717e+01
-2.769629138161322857e+01
-5.687705927046501131e+01
-5.816289389739466742e+01
-4.636637620864629383e+01
-4.629189993610607701e+01
-2.184501190374411195e+01
-3.962301868702778052e+01
-2.665872179998704183e+01
-1.792185055616043954e+01
-2.346054726564855031e+01
-1.930439563656730684e+01
-6.525802324061679371e+00
-4.259761773637306348e+00
-4.006383518640060970e+01
-1.237424748929693763e+01
-2.881042776980130071e+01
-2.382424772526181300e+01
-3.809914650634075173e+01
-8.932956787058525805e+00
-2.379283242386530262e+01
-2.493397840743115879e+01
-3.519921775785492457e+01
-2.734656536494948398e+01
-5.308297975310284045e+01
-1.556373203287583706e+01
-3.241634682342106544e+01
-5.046968884663472465e+01
-2.123826075622683618e+01
-2.371965660431089518e+01
-2.258491724767069186e+01
-1.234708113604892610e+01
-1.933405739142928681e+01
-4.440162319059753315e+01
-3.318438807422044334e+01
-3.569883405082117633e+01
-1.841308887340188249e+01
-1.103593718919244537e+01
-1.943878627801577252e+01
-3.801577914817437431e+01
-3.778236247638005807e+01
-3.750247429086427076e+01
-1.477869096130153537e+01
-2.692271730858153234e+01
-1.854212019829678226e+01
-2.682847264457608016e+00
-1.390613106864266513e+01
-3.620018275250360773e+01
-1.274253971740657576e+01
-2.233197138329354203e+01
-2.213498254490578177e+01
-1.037307795373095942e+01
-1.612293371599036007e+01
-3.155423985958787370e+01
-1.644619700307789500e+01
-2.434967209574793401e+01
-2.663709236185871987e+01
-2.235123392110016383e+01
-1.578273220704299540e+01
-2.314974065445901275e+01
-1.205584088908159828e+02
-1.931008390843782152e+01
-3.298960603665377533e+01
-1.785619016917013724e+01
-1.737626872805170919e+01
-3.767780340318388710e+01
-4.841139243360876776e+01
-3.949193976793530680e+01
-1.072756713811084950e+02
-2.122000653473468645e+01
-1.620184446194608441e+01
-1.797009648825077477e+01
-2.485135974145429927e+01
-1.590824990526919613e+01
-2.488513089890761165e+01
-1.612748872959928903e+01
-2.482104821888585988e+01
-1.566581433397442069e+01
-3.366729516096673791e+01
-3.383300973256824307e+01
-1.114708113604892681e+01
-3.959761773637306526e+00
-1.820614358314097103e+01
-3.990642637785754943e+01
-2.207878328634357956e+01
-6.957580538459885133e+01
-1.205399197354551148e+02
-1.161440964713487567e+01
-2.505188678908950095e+01
-3.089062834543316782e+01
-3.320248562440976059e+01
-4.259761773637306348e+00
-3.923132514190211850e+01
-3.977493881725946068e+01
-3.044106249639796502e+01
-3.167339960244066077e+01
-2.243908385030811559e+01
-1.038648402408339280e+02
-3.749543990383456560e+01
-2.975975805200964075e+01
-3.425956433097219644e+01
-1.620184446194608441e+01
-1.114708113604892681e+01
-1.989584719403151425e+01
-4.691809120031557256e+01
-1.422816253049610502e+01
-5.093799269884512171e+01
-2.810326650476630661e+01
-4.173070270023976036e+01
-1.182786857803109193e+01
-4.627382302263610114e+01
-1.782847264457608105e+00
-3.647830885403180190e+01
-1.227337876727538202e+01
-2.235574481679979542e+01
-3.593014512932406745e+01
-4.467139255049114155e+01
-7.165114679948861465e+01
-6.731829526281056353e+00
-2.332752024691734505e+01
-2.884115404610540878e+01
-2.668237235391529438e+01
-2.054967561922723718e+01
-4.906024417801056359e+01
-3.394196506066265329e+01
-6.991126845500130571e+01
-3.356791004166512948e+01
-3.692500976713223793e+01
-5.178166461873509974e+01
-2.347589479722831030e+01
-4.812258547077740900e+01
-3.823158127103899062e+01
-2.936001455297274632e+01
-1.420774023166412370e+01
-1.321697395526888386e+01
-2.259782238773603069e+01
-2.019023630267692937e+01
-4.586804294889624600e+01
-3.474405201976131963e+01
-3.754193270973673435e+01
-5.327546684900143248e+01
-1.769342405953159414e+01
-2.937327993946390237e+01
-1.744987637554418214e+01
-3.797974993364802376e+00
-2.313096054025045234e+01
-1.717401581041004732e+01
-3.371253925439022936e+01
-2.678933156947794814e+01
-4.078469818348087017e+01
-3.081836590933631825e+01
-1.082801554567213032e+01
-5.964229055678278257e+01
-4.482889674573055316e+01
-2.390316273482913445e+01
-1.249844694021285285e+01
-3.883857459510531385e+01
-1.489021297553750856e+01
-3.844982015892601623e+01
-1.024849164373108934e+01
-1.610126510459866722e+01
-1.052813979528417718e+02
-1.509645720675334246e+01
-2.835171284647878664e+01
-4.845664649265491875e+01
-4.630618838550200422e+01
-4.629849663286373129e+01
-2.763016146836387676e+01
-1.846091276313109120e+01
-2.866987313947758054e+01
-1.212526772298790263e+02
-2.514332710976047736e+01
-3.080721813079201965e+01
-3.533547258650777678e+01
-1.557278189852107708e+01
-2.582136377624883039e+01
-2.056271880734800206e+01
-3.768412282216743847e+01
-2.869088969384588594e+01
-6.038685418800574212e+01
-3.862496881924498382e+01
-2.748001988113872329e+01
-5.386599746523816634e+01
-4.178303370909114989e+01
-2.208378549756997700e+01
-2.543715767293756258e+01
-1.580837729036739248e+01
-2.973765713777829589e+01
-1.267995867881511707e+01
-3.997361488826656029e+01
-2.183099461099126160e+01
-1.038648402408339280e+02
-3.983497392681378813e+01
-3.917019297658177379e+01
-1.983629045960602255e+01
-1.862240547629942355e+01
-4.102535121446246436e+00
-1.040439206442194475e+01
-2.777747296955131517e+01
-1.915086441028103081e+01
-2.124143661374283454e+01
-1.798497192935471745e+01
-3.315069378208023210e+01
-2.252529217550971552e+01
-2.730607254532657535e+01
-1.613429744576961866e+01
-1.782847264457608105e+00
-1.733256454487093023e+01
-2.146436965752387138e+01
-5.198825747366547034e+01
-3.153047674439522297e+01
-2.126609870514185019e+01
-1.592619940575993098e+01
-3.549982830550087698e+01
-1.782847264457608105e+00
-1.677109434954550338e+01
-1.960862072350570529e+01
-2.487427114616263424e+01
-4.719800458544246169e+01
-4.080715496034319045e+01
-6.410502079583405077e+01
-2.735754453055939450e+01
-1.570492908719612579e+01
-5.182408393216040565e+01
-3.174775938911609785e+01
-3.105850471738949992e+01
-2.707215988734784773e+01
-8.797091608320044998e+00
-5.375383184066574671e+01
-1.140789095272851128e+01
-2.926384081856704711e+01
-3.225410255671603110e+00
-3.368684722295969891e+01
-2.219900456190007176e+01
-1.760141174065398317e+01
-5.522721673559704669e+01
-6.883042647074060660e+00
-3.887981955364492137e+01
-5.655994052687551488e+01
-3.870020019918996468e+01
-1.165402074764839924e+01
-3.631658390243447343e+01
-2.165842364518852392e+01
-3.062135809244312412e+01
-1.566350366572008923e+01
-3.517608161324012173e+01
-1.465582755143811688e+01
-4.452195893898389301e+01
-4.068398858374234806e+01
-6.055984135939733903e+01
-2.565161025119316918e+01
-3.014106249639796431e+01
-2.957086787146608842e+01
-2.674461771947162703e+01
-3.070932365300986433e+01
-4.116375269727927844e+01
-3.079198820833009975e+01
-1.880627061482223539e+01
-1.693437096374892548e+01
-1.043964167421308389e+02
-1.397946407416109160e+01
-4.630423004962356259e+01
-4.082277614899940943e+01
-4.470508620108398645e+01
-1.707659891498313698e+01
-1.892527657504892247e+01
-1.491129444041133034e+01
-2.964172128354600844e+01
-3.626847309574392852e+01
-3.233982344353196936e+01
-2.278077056493970431e+01
-4.657013446968003478e+01
-3.582676222389611809e+01
-9.234951669381483441e+01
-3.470071536629667719e+01
-2.251953348132288824e+01
-2.276712490951831924e+01
-2.500754452455760202e+01
-1.952333903194461939e+01
-2.372377808055921378e+01
-1.463230809595314241e+01
-2.850854743984666584e+01
-3.659761773637306703e+00
-4.589937917228674991e+01
-5.917241561880967282e+01
-1.160955041278201350e+01
-4.315266160937772355e+01
-3.212552869500856900e+01
-1.376723285511281603e+01
-6.910100009415550915e+01
-2.015550428626199064e+01
-3.123695901475196735e+01
-2.184908633517385113e+01
-1.109964128402165251e+01
-2.132840941436712967e+01
-1.483822075795104922e+01
-3.432270977236525766e+01
-1.710563662578824307e+01
-2.423435644742261275e+01
-2.219260700281520826e+01
-3.660554100473048322e+01
-1.367614522232038610e+01
-2.309226438016213834e+01
-4.337771929320769715e+01
-1.047203162162588441e+01
-3.845167924719058306e+01
-2.595952588365720715e+01
-1.266619038611926484e+01
-2.536312800414810553e+01
-2.259170973468991050e+01
-3.846919953046255358e+01
-2.081116720197735148e+01
-1.613650086301663578e+01
-2.848507487883054523e+01
-1.142534227332638892e+02
-1.471984164450989319e+01
-4.449872193098180162e+01
-3.931083827730944336e+01
-3.469461848406633919e+01
-3.068828277034616292e+01
-3.035830614956175921e+01
-2.931110465590650449e+01
-2.563036520886809200e+01
-2.351934045245488392e+01
-4.223115459690384910e+01
-1.677109434954550338e+01
-4.109617980453812436e+01
-2.587236391544169578e+01
-4.051468279308832621e+01
-3.880047486156234271e+01
-1.753709555285742283e+01
-1.685493252643718520e+01
-2.728942209522763207e+01
-2.372520433567631315e+01
-3.843405340924475411e+01
-1.307614522232038468e+01
-2.718678611627305486e+01
-1.869745277930044480e+01
-2.914328647544287065e+01
-2.173656873586246263e+01
-2.315389875035298672e+01
-2.111753947836043110e+01
-2.694577966839883132e+01
-2.082848947609511470e+01
-3.941232925656356656e+01
-4.208603038853158296e+01
-2.012595817659459740e+01
-5.126393823709132391e+01
-1.043964167421308389e+02
-2.265076060191385920e+01
-1.782847264457608105e+00
-2.766497983505098546e+01
-3.334880224935439230e+01
-2.291302886658946392e+01
-1.996280061562829999e+01
-3.707568346765277312e+01
-4.922629860917290046e+01
-2.847676185039484054e+01
-1.837923513380238560e+01
-1.867482481059027677e+01
-8.673029450885046288e+00
-4.227014479696536142e+01
-3.759741713623555626e+01
-1.373161895891873385e+01
-4.767694573402746272e+01
-3.125844444234778052e+01
-2.607568326233453959e+01
-6.235605215255372258e+01
-3.217232975844287779e+01
-3.717816522903027021e+01
-1.548013425840200874e+01
-4.249552347762319471e+01
-1.832292284391818527e+01
-3.609478694669149235e+01
-1.039215366049555200e+02
-2.161821661603276823e+01
-1.617941344940924608e+01
-3.037114665940730518e+01
-2.291302886658946392e+01
-1.594332654624725443e+01
-1.352370906460095057e+01
-4.630889850630683924e+01
-5.373576164898126706e+01
-2.148539735464751033e+01
-1.527827543109543207e+01
-4.824857984838145342e+01
-1.041167590199576125e+02
-2.608402512451836586e+01
-2.627573686603437864e+01
-2.162178765401969827e+01
-1.078577968759379146e+01
-3.469958224449760564e+01
-2.299475952862968953e+01
-3.341997069921440300e+01
-2.935501975361264471e+01
-3.424762153236939355e+01
-2.570633743498024515e+01
-1.134749836924905608e+01
-5.445271933836087896e+01
-1.556046589244231626e+01
-1.824038623540053550e+01
-4.367384738432843250e+01
-3.056311488638579377e+01
-3.913074036401508238e+01
-3.441329278130317704e+01
-1.243096176144032050e+01
-2.197819913557806260e+01
-1.046943981133519799e+02
-1.629283714024815310e+01
-1.667482902539259371e+01
-1.697287160880416579e+01
-3.030307476039343584e+01
-1.869745277930044480e+01
-1.488921673328817263e+01
-3.461545302544118385e+01
-1.605745093303779214e+01
-2.241419699519060060e+01
-3.936366807472924023e+01
-1.786978265004846733e+01
-2.415370475834172481e+01
-2.672814089149262529e+01
-1.647941344940924679e+01
-1.064986389166272005e+02
-7.148302290616035748e+01
-3.262287116466318082e+01
-1.195876164092143341e+02
-2.977363422364570766e+01
-1.865684982739453091e+01
-4.056015841996772231e+00
-2.650345671139361414e+01
-3.462186411071218828e+00
-2.337499791546055405e+01
-6.116456889400085828e+01
-1.298459453123441953e+01
-2.174480319736496270e+01
-2.039811064581138567e+01
-1.147931599979571615e+01
-5.089239130174279424e+00
-1.934916448077614604e+01
-3.604767491572377480e+01
-2.062283210259221633e+01
-1.214068905982238533e+01
-1.938249933991615848e+01
-2.522601218485314334e+01
-3.519440604062820910e+01
-3.734637264949209623e+01
-2.036762538050790639e+01
-1.857336873022856594e+01
-5.233127909935506494e+01
-3.439001669286471952e+01
-1.331921935470375900e+02
-2.882259096684861888e+01
-2.657032103309776971e+01
-2.313871098907991453e+01
-3.490585922284053311e+01
-4.174479986139921550e+01
-5.962490927345184843e+01
-1.517522414401553377e+01
-1.820614358314097103e+01
-3.671375628909721200e+01
-1.782847264457608105e+00
-2.065389308365111987e+01
-1.232368227732499122e+02
-2.516117502636906877e+01
-1.061412377302128931e+02
-2.442357120355549327e+01
-4.854624891614229831e+00
-7.438263412427315302e+01
-1.373161895891873385e+01
-1.038580827542966212e+01
-2.467512663842299858e+01
-3.670024857609755031e+01
-1.107452683023483075e+01
-3.990681912208304283e+01
-3.585810482702767388e+01
-3.953993685766617006e+01
-4.062401085050096583e+01
-1.549594386442304028e+01
-3.138571409408418944e+01
-2.534338059187524550e+01
-1.223666822818162672e+02
-4.703251846336031861e+01
-3.136938824914546586e+01
-3.703910290763586488e+01
-6.144942107709537993e+01
-2.471204296280666668e+01
-3.577281530147366340e+01
-4.769552841532639320e+01
-2.736249763279729663e+01
-2.207261848827087647e+01
-3.316130614123912324e+01
-5.087199555844111387e+01
-3.785976388501035927e+01
-1.081272179918835690e+02
-3.781815413219143807e+01
-4.076353507325435999e+01
-1.552991473414739509e+01
-2.367868493684063580e+01
-4.854624891614229831e+00
-2.116708180326600086e+01
-2.095389308365112058e+01
-3.273404402922007250e+01
-1.159702176680999131e+01
-2.888228781702295223e+01
-5.158808860318404754e+01
-2.916918215050585772e+01
-2.450449921534321618e+01
-2.000655888226885537e+01
-3.629123366073698520e+01
-2.271419699519060131e+01
-3.927907317003364085e+01
-9.418424120235583175e+00
-1.909996342782259049e+01
-5.042363891819584865e+01
-3.107351893617509830e+01
-3.802100840608802912e+01
-3.941731676477193957e+01
-2.057693682856927353e+01
-2.129088489399538275e+01
-2.741670454950281055e+01
-1.606666324454873518e+01
-2.084744602147376114e+01
-2.338946187755162498e+01
-3.022560044102278809e+01
-2.572126371349169816e+01
-8.318234503139358083e+01
-2.731929617175820724e+01
-3.541238603151317932e+01
-2.631681343503074189e+01
-3.272805826949701213e+01
-3.099546026192286874e+01
-4.065622682236071483e+01
-2.142671203181961914e+01
-2.682688326859431882e+01
-1.338825382265864761e+01
-1.757636650538200485e+01
-1.084265262796462714e+01
-6.034117080492864460e+01
-2.163330738771098893e+01
-1.608818561466723907e+01
-2.096414514779138116e+01
-1.082465385630206178e+01
-3.714722689111029297e+01
-1.052465385630206107e+01
-3.076069075340635450e+01
-2.776782998072167530e+01
-1.675125136779245949e+01
-4.475516194166191042e+01
-3.461529282346793934e+01
-2.660675145439876843e+01
-3.363357371931827089e+01
-3.008791948218329182e+01
-1.133549595911726158e+02
-2.574701992928743266e+01
-3.300122200626746150e+01
-2.349260971259781172e+01
-3.201591395861165523e+01
-6.059932007092110950e+01
-1.256992628169691386e+02
-1.233968285138374554e+01
-2.368238276634481920e+01
-1.657249216369726952e+01
-3.620876501864082542e+01
-4.096232203679110739e+01
-3.999606225404103554e+01
-6.010897741162892771e+01
-3.168868832670885993e+01
-9.785808275429662473e+00
-1.052465385630206285e+01
-1.800898595921633216e+01
-3.021559679496495576e+01
-2.345113503489387341e+01
-1.926922292936218639e+01
-3.618431247511723825e+01
-6.140431908291796503e+01
-7.050101006484821298e+00
-3.044999057058937453e+01
-4.857678188043909984e+01
-1.579997751068848366e+01
-3.214763535690659069e+01
-4.153427533142657069e+01
-6.362318775534285464e+01
-2.802795642937490683e+01
-2.753078357247700936e+01
-1.645763431774740582e+01
-3.696380375226976867e+01
-2.332262862005336856e+01
-1.995187210907583975e+01
-4.272237941333711575e+01
-3.540416382945491591e+01
-2.486395493709224525e+01
-2.700509149817926513e+01
-2.532827163861367481e+01
-3.048052510068716003e+01
-3.952153941120702285e+01
-2.161785284982360977e+01
-1.338825382265864761e+01
-3.425371700586372015e+01
-2.418699900019284854e+01
-2.551136429906295433e+01
-3.165887070584974339e+01
-1.605913310523851578e+01
-8.576213206951527113e+00
-1.005740194957797051e+01
-7.800439838639820778e+01
-3.165887070584974339e+01
-2.082773963870619482e+01
-1.177687243370688890e+02
-5.892389161561987976e+01
-4.180565831007644562e+01
-2.544840491592137610e+01
-1.112528402977332220e+01
-1.209850424412468683e+01
-9.185808275429661052e+00
-3.718620345094912238e+01
-4.650161999678530833e+01
-2.741089597107320941e+01
-2.519461985863791398e+01
-2.017734105783242171e+01
-2.532409898260164027e+01
-3.048257044893311019e+01
-4.895366172867636756e+00
-4.388220952839594702e+01
-9.616317516736421211e+00
-3.446598399115518419e+01
-3.742572163205493041e+01
-2.430852761465717649e+01
-1.376717611110945860e+01
-1.044410635479247986e+02
-3.309288103361615185e+01
-1.650141403608734691e+01
-1.628090647059237384e+01
-4.044380491804692923e+01
-2.406319420886834237e+01
-4.065156196640787556e+01
-1.782847264457608105e+00
-3.529750183322730805e+01
-2.231196953640380087e+01
-2.242082437280711460e+01
-2.028014599765429082e+01
-2.768454039555546231e+01
-3.937201024830108054e+01
-4.357795937523859209e+01
-2.075051781194904876e+01
-4.272237941333711575e+01
-4.040861876586397727e+01
-2.694951226213409612e+01
-3.610919537688401704e+01
-2.450376564435680393e+01
-3.445209925646868498e+01
-3.476645195157294665e+01
-4.854624891614229831e+00
-1.156189533372229228e+01
-3.040544340601880435e+01
-4.833584279731289968e+01
-3.433698383232771789e+01
-4.037617444605805872e+01
-3.157916649798839259e+01
-2.912195471373978606e+01
-1.668522974232386957e+01
-3.813923592829466003e+01
-8.449489472990251215e+00
-3.690454222384920513e+01
-2.098728711512696776e+01
-1.843471957663077987e+01
-2.551888920693970064e+01
-3.048576015784011162e+01
-1.827136259134129759e+01
-1.149466207079304496e+02
-3.554324326425349057e+01
-4.633636658880452330e+01
-4.059649914154122996e+01
-1.875560688702931245e+01
-4.061231578139989296e+01
-2.476727691025881128e+01
-4.382761632326183587e+01
-2.092282234266003460e+00
-1.811374791635602932e+01
-3.192199668388100520e+01
-2.210079773388682867e+01
-4.178691405659680669e+01
-2.260145021840638435e+01
-6.533051278413327623e+01
-3.880047486156234271e+01
-1.826650264136688762e+01
-2.351397070433455028e+01
-2.511430379615264030e+01
-2.829971739485100457e+01
-1.226406738573688493e+01
-2.454840491592137397e+01
-1.483962790130904885e+01
-4.098186828863413567e+00
-3.450234943024024403e+01
-3.053721151121943933e+01
-2.569031499206949576e+01
-1.226572792072933424e+02
-4.604353003338236761e+01
-3.889366945242303331e+01
-2.442282633817780280e+01
-2.092704931703859472e+01
-1.049452996271023437e+02
-3.284931424810980616e+01
-3.714722689111029297e+01
-6.149957223747845347e+01
-1.233227208207088381e+02
-1.579997751068848366e+01
-3.381963028717454023e+01
-1.432691660887564211e+01
-2.631292730913466471e+01
-3.293765806553225417e+01
-6.397816685936389547e+01
-1.742146778326056733e+01
-1.059897300786757199e+02
-4.018658758001811293e+01
-1.277614522232038397e+01
-2.775746047700193131e+01
-1.266779859848800704e+01
-1.192130876642048598e+01
-3.392621474291519945e+01
-5.812433762049266761e+01
-3.022560044102278809e+01
-2.055742704790179332e+01
-2.526793787011593651e+01
-3.223791585433743734e+01
-3.604458797067000830e+01
-3.498617084063315019e+01
-4.385679965278509229e+01
-3.465115019197823187e+01
-1.825143553168894428e+01
-3.154123329657238628e+01
-1.256406738573688564e+01
-3.325028982747407724e+01
-4.454175952745994493e+01
-3.253841857481290134e+01
-1.772465524755580546e+01
-1.193276650284964191e+01
-1.559366468086525614e+01
-6.417760096215299370e+01
-6.179200108205574793e+01
-2.728917460862562905e+01
-2.308631754062753227e+00
-4.411819674728587870e+01
-2.576540772645050126e+01
-1.784017006083059442e+01
-2.894047196767890995e+01
-1.869745277930044480e+01
-6.603178320098351151e+01
-6.552179564080401519e+01
-1.582270819186450339e+01
-1.726980709198250352e+01
-2.136092756498378975e+01
-1.882010992906267433e+01
-2.485852153532945152e+01
-7.050347411237467554e+00
-2.466659726378485473e+01
-3.672894601644674140e+01
-1.148864843978415529e+01
-1.700758858096621395e+01
-1.901535400178976332e+01
-3.821030951221816707e+01
-3.660676666251764289e+01
-1.953807763011636567e+01
-1.304313925171165423e+01
-3.368974520796199812e+01
-2.626052691854804522e+01
-9.458642784275243187e+00
-1.277992069041586909e+01
-1.160355902713825671e+01
-1.754436702167702578e+01
-1.285816895785494118e+01
-3.143180533936412147e+01
-2.264983478390402993e+01
-1.160355902713825671e+01
-2.377846984209162784e+01
-5.475217253028024800e+01
-2.574840491592137326e+01
-9.604695154391800216e+00
-2.799224755691396993e+01
-1.500485203434199022e+01
-2.995335711196987560e+01
-2.521622519122849937e+01
-9.485808275429661762e+00
-1.127340921516318772e+01
-3.146956764185869559e+01
-2.454840491592137397e+01
-6.527264482104769172e+01
-2.319091232780106893e+01
-2.834076154037428097e+01
-1.104178442256598380e+01
-1.338825382265864761e+01
-3.924058244525129879e+01
-4.559761773637307058e+00
-2.722567066374399403e+01
-2.995682794567817808e+01
-2.901686262029655694e+01
-1.577955508851828803e+01
-2.750866708609180122e+01
-3.342809020161489286e+01
-1.782847264457608105e+00
-2.655158458601261273e+01
-3.370501776427089169e+01
-1.854348338414515140e+01
-5.962490927345184843e+01
-1.713639051580222628e+01
-2.036595397204818170e+01
-1.687279859935252446e+01
-3.330596703037470974e+01
-6.834440768051274517e+01
-2.051171800822500302e+01
-1.829327189484256877e+01
-3.201591395861165523e+01
-1.690535893365515108e+01
-1.644099867547114968e+01
-5.414840328202235753e+01
-3.488380640159866175e+01
-3.659761773637306703e+00
-6.236420613707241500e+01
-2.579064805731894339e+01
-2.718393887572674217e+01
-1.128004415821966262e+02
-3.045039276839940712e+01
-3.550431260825064328e+01
-1.654787347386744401e+01
-1.053338738541844677e+01
-2.187226491862544364e+01
-3.416625524536404868e+01
-1.400181446472849522e+01
-1.439889542932916200e+01
-2.596078708943844404e+01
-8.661527097003880016e+00
-2.491513105616230561e+01
-6.018003383046750798e+01
-3.198679688088710904e+01
-3.629102191745563744e+01
-4.923192880577879293e+01
-1.218219665271054453e+01
-3.498581943961764296e+01
-4.341866280719662541e+01
-3.873697508857972593e+01
-3.425235871943171162e+01
-2.532596917983517315e+01
-1.356647106176867901e+01
-1.892020142496898316e+01
-3.201591395861165523e+01
-1.400204016401243123e+01
-1.539812882847202857e+01
-1.589366468086525686e+01
-4.793925184622253255e+01
-3.566770944631555551e+01
-2.569320803336445636e+01
-1.185501047036084366e+01
-2.736674636194815236e+01
-6.260599175512447090e+01
-3.035342869535167765e+01
-3.049123356974343935e+01
-2.561292077558270464e+01
-3.067337730315926692e+01
-7.173561649804334195e+01
-4.449912075042092852e+01
-3.371901089195705481e+01
-4.454175952745994493e+01
-3.365287372899396701e+01
-1.539812882847202857e+01
-2.268742037169302783e+00
-3.029107271070903096e+01
-2.909871101482487532e+01
-9.900183140804923454e+00
-3.850113749972970112e+01
-1.511258740398874068e+01
-3.452340026965377717e+01
-3.856673987826302152e+01
-2.407205661505484429e+01
-1.619397615304967175e+01
-3.095990782637899486e+01
-3.006861855069764999e+01
-1.813608968445545244e+01
-1.093199855997804093e+02
-3.001542584039796324e+01
-2.038841379010203525e+01
-3.666532036759836899e+01
-2.306475361068698504e+01
-1.656411152338547055e+01
-2.682847264457608016e+00
-3.142420598210493310e+01
-3.443629762045414111e+01
-3.618058034759725672e+01
-2.424203565707422214e+01
-2.241421205851920462e+01
-4.381197255191550255e+01
-2.690153124657334160e+01
-8.813523536111407708e+00
-2.051931624663958331e+01
-1.636848865938574704e+01
-3.582847264457607928e+00
-1.667636650538200271e+01
-6.588641407748141887e+01
-4.328252733034592126e+01
-4.612454685530129694e+01
-2.799664422638431915e+01
-1.519794198975806054e+01
-2.641930499674228727e+01
-1.899346996887405581e+01
-3.386019757291257548e+01
-1.198725928966749876e+01
-2.657201583281981172e+01
-3.798612281630818899e+01
-8.813523536111407708e+00
-1.646760657538541039e+01
-2.035008100137473264e+01
-4.418578878514460229e+01
-1.799629528332410899e+01
-4.244519109750001462e+01
-5.991464682182173362e+01
-1.074129892414386056e+01
-1.924013053863298239e+01
-1.226406738573688493e+01
-3.250888932317967317e+01
-4.854624891614229831e+00
-1.091924517433503325e+02
-3.092168436506722173e+01
-2.317444266925600616e+01
-5.962490927345184843e+01
-3.305266590675518756e+01
-5.568619541736657652e+01
-3.865457921399217867e+01
-2.148153127363424986e+01
-1.633101563580805760e+01
-4.303542786286083555e+01
-6.061035221305448317e+01
-3.244463851297015822e+01
-3.160932896544509774e+01
-2.856557016578791419e+01
-4.426480550412880888e+01
-4.098186828863413567e+00
-5.320264375905262000e+01
-2.762293648380971689e+01
-7.518936560582988982e+00
-4.112730953279729107e+01
-7.559237890508674695e+01
-5.962490927345184843e+01
-3.092344177401816196e+01
-7.841049223390987777e+01
-7.712896527153901616e+01
-2.870486478295721611e+01
-3.962301868702778052e+01
-1.330452944272710702e+01
-6.721719641071195461e+00
-3.328344148739796537e+01
-1.703137188349804987e+01
-1.688063486007437319e+01
-3.983939128770923332e+01
-3.162172803077093164e+01
-1.126719254428004575e+02
-1.267006172032462246e+02
-1.489305523141144150e+01
-1.858720942450982250e+01
-3.319990393769008818e+01
-3.744673738308661370e+01
-1.330746915037796185e+01
-5.320264375905262000e+01
-2.109186124731871104e+01
-6.421719641071195639e+00
-5.320264375905262000e+01
-3.331823940322471422e+00
-1.296497186738778851e+02
-3.105192545738118781e+01
-2.818658436042821691e+01
-4.015675970912913328e+01
-3.044299051702751768e+01
-2.925865000003834027e+01
-3.300870318139801896e+01
-1.819196373086257168e+01
-3.112346003057583843e+01
-1.782847264457608105e+00
-1.160355902713825671e+01
-7.385399229961175926e+00
-1.782847264457608105e+00
-2.193797969990797725e+01
-1.800654519520929142e+00
-1.096146815438478583e+01
-3.282847264457608105e+00
-5.358227795327570675e+01
-4.557708289843448313e+01
-1.519305967502629251e+01
-3.293739875025915609e+01
-2.082847264457607928e+00
-3.489232208108394673e+01
-1.071393062552245823e+01
-3.452340026965377717e+01
-1.130631755199887678e+01
-3.049852613999864914e+01
-3.205935720384911747e+01
-3.056697795670711670e+01
-1.804748383188399785e+01
-2.102858487071128835e+01
-1.782847264457608105e+00
-2.035716822888375788e+01
-3.659761773637306703e+00
-3.452340026965377717e+01
-2.594401637699181862e+01
-1.160355902713825671e+01
-2.060706604464854763e+01
-1.994557416274285089e+01
-4.799164177726798641e+01
-6.421719641071195639e+00
-1.127494738108332406e+01
-1.301033515668533980e+01
-3.854904383547653879e+01
-6.739897500929461494e+00
-3.519725739041612655e+01
-2.244246471971710832e+01
-9.860609362166412595e+00
-4.783196866249731727e+01
-2.515942582038481135e+01
-4.062395720638355101e+01
-1.369485189503104650e+01
-4.329182399341657117e+01
-3.902787774875127269e+01
-1.478162584284075187e+01
-1.196494791396786894e+02
-2.984090963880357350e+01
-4.059841416064977437e+01
-3.953791836395196668e+01
-1.019086707944975245e+01
-1.515853527996606687e+01
-3.288768338654371348e+01
-3.332574662211782623e+01
-7.775162048033424256e+00
-2.431226051263761789e+01
-2.484441623370043928e+01
-3.659761773637306703e+00
-3.748436699998747201e+01
-3.982688074235003484e+01
-4.854624891614229831e+00
-1.734884512242955878e+01
-3.661128148785068959e+01
-5.962490927345184843e+01
-1.654787347386744401e+01
-3.655765498680151637e+01
-1.470540641713857966e+01
-1.338825382265864761e+01
-1.388234548575346494e+01
-7.159448306946390517e+01
-6.139367614531296624e+01
-1.223228518388133601e+01
-1.782847264457608105e+00
-1.978348758922612305e+01
-1.264968496204981641e+01
-3.303645569429014728e+01
-1.287737749099025031e+01
-5.962490927345184843e+01
-3.526257740615665170e+01
-2.835473619830759517e+01
-3.174670405267499262e+01
-1.642392821232257560e+01
-3.353902649391173441e+01
-2.200495054757012880e+01
-1.782847264457608105e+00
-2.708840009662723958e+01
-3.982103759775660023e+01
-1.136049900424300745e+02
-2.866176079316517900e+01
-7.778626312240117358e+00
-1.802981034312976760e+01
-1.289337551187646511e+02
-3.754609906237149630e+01
-1.495840782917942491e+01
-3.030107634664943106e+01
-2.829300129942423325e+01
-3.705114106125462570e+01
-3.078903553236612467e+01
-2.950076904811622569e+01
-4.187750466616493128e+01
-1.160355902713825671e+01
-3.304502222824358881e+01
-5.393452422802057811e+01
-2.866614575870531567e+01
-3.282899838931389525e+01
-4.026613482036187719e+01
-2.872891708580469583e+01
-1.928324476372855401e+01
-4.854624891614229831e+00
-2.141844808888750507e+01
-6.804146987871779118e+01
-3.151259405698619886e+01
-7.609364147415772273e+00
-4.390190101429121228e+01
-4.070293382383076874e+01
-5.919640447008937656e+01
-3.228182575492976980e+01
-3.452340026965377717e+01
-3.962301868702778052e+01
-1.711984984664295695e+01
-2.140121264714689886e+01
-5.499394184793773377e+01
-1.644688553111936002e+01
-1.334408476950902234e+01
-1.869745277930044480e+01
-3.518466949909868902e+01
-2.322878200203273380e+01
-1.687654962188135954e+01
-2.462289741849408742e+01
-3.659761773637306703e+00
-3.366482848900494673e+01
-1.568100359754780371e+01
-6.832927639624282179e+00
-1.569403342622169539e+01
-1.197978491263462253e+01
-3.032220080952584240e+01
-3.048302207521084384e+01
-2.241886097751767437e+01
-2.250568975713075304e+01
-1.924262304997071027e+01
-1.277373170722525373e+02
-8.510635990906774850e+01
-3.582996146409217886e+01
-6.625791655019366999e+01
-3.585322186263628907e+01
-1.035527045507985022e+01
-1.330061621711831599e+01
-3.521150660851036207e+01
-1.527893709592703253e+01
-3.798612281630818899e+01
-3.042440047772723233e+01
-1.742146778326056733e+01
-2.950404499868386310e+01
-3.316009974839448660e+01
-1.309316758006505488e+01
-1.848357346745751428e+01
-1.898167695001099631e+01
-4.026613482036187719e+01
-3.600576614095282935e+01
-4.469599882223262455e+01
-3.434543075977917681e+01
-3.853663771919447356e+01
-2.365544445905260318e+01
-3.949334015505174023e+01
-3.718941135912545093e+01
-4.448897727202215435e+01
-4.695384121533601984e+01
-3.948604735140075661e+01
-3.950286887492971744e+01
-1.338825382265864761e+01
-1.237478765858739536e+02
-3.325921730599213078e+01
-1.193615370615410285e+02
-1.070497650857274152e+02
-2.030051158180636861e+01
-3.246861190170065470e+01
-3.459613533155588527e+01
-6.854822612900279921e+01
-5.389487250149556985e+01
-3.975450318786593584e+01
-3.768034391247960002e+01
-4.550441054655805573e+01
-1.538130264869053576e+01
-9.440243203035858954e+00
-2.383911844156371629e+01
-1.622757952638618661e+01
-7.545123136005567055e+00
-3.680211183125577890e+01
-7.609425403961359358e+00
-4.247660816309082321e+01
-1.338825382265864761e+01
-2.823686581067331147e+01
-8.044330235428267883e+01
-3.743052077663212174e+01
-2.261051062639256060e+01
-4.751472323080702864e+01
-1.674286321937836775e+01
-2.402945417379545034e+01
-1.616794861220625990e+01
-3.781424248029154711e+01
-2.160862638041079364e+01
-1.743525776591626908e+01
-3.197477453652351898e+01
-5.794900976419333460e+01
-2.372587256891448604e+01
-1.470540641713857966e+01
-5.794900976419333460e+01
-3.659761773637306703e+00
-1.604034980558778045e+01
-6.286941124114616031e+00
-3.406448471102064701e+01
-4.254538861862833699e+01
-3.042940313554669274e+01
-1.302538074869752371e+01
-3.114386078822240478e+01
-3.029809057294686525e+01
-4.070293382383076874e+01
-3.713625593034272754e+01
-1.231140734099145995e+01
-1.105425509649087878e+01
-1.978348758922612305e+01
-3.441369590933854283e+01
-3.654472669526752782e+01
-3.228139505427083122e+01
-8.479226323241238816e+00
-4.328516270284792000e+01
-1.470688983801880134e+01
-1.595340532406040879e+01
-1.943507771082005320e+01
-3.400113951449403515e+01
-5.763040428500829648e+01
-3.818350667823020217e+01
-3.345628022225634624e+01
-1.782847264457608105e+00
-4.003736693564373184e+01
-1.330061621711831599e+01
-1.069667628559187733e+02
-1.982545213103481885e+01
-3.747158371979301705e+01
-1.450934246553339868e+01
-5.896331625799314224e+01
-5.552293378408377578e+01
-1.369485189503104650e+01
-1.609955739473322112e+01
-1.800654519520929142e+00
-4.475516194166191042e+01
-3.659761773637306703e+00
-2.870682469785412749e+01
-3.503751161093816791e+01
-1.208377294927785073e+01
-3.376639410872687108e+01
-2.628512524561573827e+01
-3.521806643249421143e+01
-2.982631621959899348e+01
-4.482262909405370976e+01
-3.602089305398835961e+01
-5.155648390494040711e+01
-3.027059251764780967e+01
-3.353930353307066525e+01
-2.066589526455854653e+01
-3.709073445470348673e+01
-3.218388338609292987e+01
-7.700531844837225748e+00
-4.475516194166191042e+01
-2.801601236152683683e+01
-3.772949971147978943e+01
-3.287377876041112756e+01
-8.748253895799274460e+01
-2.160345755381981192e+01
-3.619319164387539445e+01
-1.782847264457608105e+00
-6.648342196953895211e+01
-5.086283536579830411e+01
-2.084411505248086272e+01
-3.190006708588475703e+01
-1.179012060876143231e+01
-3.272264294546940278e+01
-3.123591537118142369e+01
-4.854624891614229831e+00
-1.682389160101395476e+01
-8.531400595832971945e+00
-3.250791855996577340e+01
-4.152294156737856845e+00
-3.060061898818701565e+01
-3.190663824963372974e+01
-1.708285078435476478e+01
-1.131565839078013767e+02
-3.280756680766200617e+01
-3.038193135727562932e+01
-1.515853527996606687e+01
-4.070164514703898817e+01
-2.409572888028904813e+01
-3.167111415853766943e+01
-3.668671111499497073e+01
-1.589117021004040353e+01
-1.527245646497870091e+01
-2.192270839924564285e+01
-6.919092209535529037e+01
-1.492129949541051381e+01
-2.521903451052449796e+01
-2.698490386099191696e+01
-3.825660112786177791e+01
-2.261051062639256060e+01
-3.613726527614757345e+01
-3.084453488234613872e+01
-1.892068226172830947e+01
-2.997525678512659653e+01
-3.991138487171253502e+01
-2.687370678845232419e+01
-1.569064419381087383e+01
-1.293269044533561640e+01
-6.124735293828318561e+01
-4.276792511254561191e+01
-4.403895447767678206e+01
-3.296324552223001092e+01
-2.685504960911774575e+01
-1.782847264457608105e+00
-2.751500802917881927e+01
-3.751534768666326869e+01
-1.951364623384263197e+01
-7.993259906240382406e+00
-3.114570011879979106e+01
-2.706625130070326435e+01
-1.391198109040515973e+01
-1.260161714047328303e+02
-5.282672125806286090e+01
-5.635041142369432521e+01
-3.376639410872687108e+01
-3.820180742141077701e+01
-2.016847394311610131e+01
-1.250628181038058102e+02
-6.815267224551652347e+00
-3.343900054308167569e+01
-3.144264010803137666e+01
-2.248117575929313716e+01
-8.008097840956301283e+00
-4.053149958705147782e+01
-3.383031812301416608e+01
-3.095863560273884829e+01
-2.382847264457608194e+00
-4.054281176171282652e+01
-4.102501510602363766e+01
-2.398628728488939998e+01
-2.428111542107308907e+01
-1.609547418772082494e+01
-1.492015066436744064e+01
-2.660311725292467600e+01
-1.928324476372855401e+01
-1.165263626643517902e+01
-3.765718931898252464e+01
-2.700577690645802775e+01
-3.035183671431492058e+01
-4.990688120323814303e+01
-1.338825382265864761e+01
-3.572053020454931982e+01
-3.969770044952553434e+01
-1.520046050551207273e+01
-6.942991342394535081e+01
-3.353110267580254344e+01
-5.962490927345184843e+01
-1.079681948086757437e+01
-7.006260280813167540e+00
-2.216803181334233486e+01
-9.345810117125614269e+00
-1.440138415868161914e+01
-1.193020877462376106e+01
-2.513184744403728743e+01
-1.444996574397679190e+01
-1.800654519520929142e+00
-4.152096925025218610e+01
-4.556619871263247035e+01
-4.854624891614229831e+00
-3.214701377349535960e+01
-4.006510024195156916e+01
-3.968190504793965800e+01
-8.858476027545814091e+00
-1.203824261937725204e+01
-4.399749556381616600e+01
-6.944984235705254605e+01
-1.140158705906893388e+01
-3.840562991776579338e+01
-3.223259642072011388e+01
-1.230327937887755070e+02
-3.382503401169066137e+01
-1.330061621711831599e+01
-2.982406995933863669e+01
-3.018274514384627949e+01
-3.029299136121774083e+01
-1.637194183851683249e+01
-4.563771532755035309e+01
-6.897180451260132372e+01
-4.179659920498951919e+01
-3.496334727864496017e+01
-1.834634312483447260e+01
-2.382160845934192750e+01
-5.962490927345184843e+01
-3.704890567205234930e+01
-5.962490927345184843e+01
-3.581348450904011571e+01
-3.581250822761619190e+01
-5.654189218138438378e+01
-3.652395857382487065e+01
-1.704483677361948324e+01
-6.100997177332949661e+01
-5.840691757409277329e+01
-1.690535893365515108e+01
-3.251738735604216401e+01
-1.338825382265864761e+01
-3.612518065368096387e+01
-4.530627852956474300e+01
-1.160355902713825671e+01
-4.555719410732574204e+01
-3.545698108683849625e+01
-4.318609312790611199e+01
-1.356031667504606730e+01
-2.741482695149516502e+01
-3.209495262289857465e+01
-4.181987008917634085e+01
-2.414571948374025112e+01
-2.733297841198988820e+01
-3.618301375930806074e+01
-5.242820631030605227e+01
-3.018218576040315071e+01
-1.519305967502629251e+01
-3.079058757836162030e+01
-2.062998839361054237e+01
-2.701662733961864760e+01
-3.300012904509578959e+01
-3.064425788986928012e+01
-2.698581047430281288e+01
-2.830459629266482935e+01
-3.147957750451227810e+01
-1.247272145759925195e+02
-1.359324458551114745e+01
-2.938788494350072256e+01
-1.513620095713847746e+01
-3.462982612500459823e+01
-1.471561259036813496e+01
-3.083483831555191657e+01
-2.415833904820879496e+01
-2.110347107833270641e+01
-1.974102661671662062e+01
-1.112035628712148316e+01
-3.651083044393638488e+01
-3.894369644827214216e+01
-1.865347594241717388e+01
-5.339480109408039255e+01
-2.702691609765271608e+01
-2.398515650816929679e+01
-3.487101620076916220e+01
-4.583394595550418416e+01
-2.996878846481325454e+01
-1.782847264457608105e+00
-3.247931463609157277e+01
-2.698140183002417203e+01
-1.305694207288924957e+01
-1.741843186531834675e+01
-3.631464888428146764e+01
-1.287608521450477497e+02
-1.340588664391263940e+01
-1.142180255788065324e+02
-1.582313748622745919e+01
-3.723569613780459520e+01
-2.101756740508020016e+01
-1.646575172543246524e+01
-2.536609060761059098e+01
-4.342071340769561516e+01
-4.497527256033220056e+01
-4.475516194166191042e+01
-1.782847264457608105e+00
-1.202830792000740345e+01
-1.177766441262638963e+01
-5.255405313595626637e+01
-4.161254030823538130e+01
-2.897878618230953762e+01
-4.073471160277312464e+01
-1.718612807062973857e+01
-1.479443697084251674e+01
-2.778744427054602184e+01
-2.734297291629382798e+01
-2.101756740508020016e+01
-4.019315109723524415e+01
-1.978348758922612305e+01
-2.936502712525932779e+01
-5.962490927345184843e+01
-1.571990266656822932e+01
-2.627656929196036018e+01
-1.636848865938574704e+01
-3.154400421667097731e+01
-3.027923206831851743e+01
-3.812029522783166868e+01
-4.004490764405097991e+01
-1.283751240258782502e+02
-3.180089138643606361e+01
-8.672746996840448475e+00
-1.180102872767982802e+01
-1.271273923740415945e+01
-3.806793418215345071e+01
-2.943183714383675564e+01
-1.224798608833601179e+02
-3.211320261842487866e+01
-1.410206253316168201e+01
-3.850174593012934565e+01
-8.916608002863824822e+00
-3.306333317348469336e+01
-1.165263626643517902e+01
-3.215833173984272264e+01
-5.398744310116777001e+01
-3.671575982700738194e+01
-1.979287011703617694e+01
-1.160355902713825671e+01
-3.558987035374687480e+01
-3.356824527347781384e+01
-3.861739181894255069e+01
-5.242748580099645039e+01
-1.582539464695476461e+01
-1.176723242490245980e+01
-5.236977383914884854e+01
-5.962490927345184843e+01
-1.654787347386744401e+01
-1.742146778326056733e+01
-3.011129889172472218e+01
-1.978348758922612305e+01
-1.896948551093099766e+01
-1.820750841093176220e+01
-2.127496386521149319e+01
-1.542187760451370693e+01
-3.376639410872687108e+01
-1.942214930652609084e+01
-3.381803679809106455e+01
-2.289240809631119689e+01
-1.950480169288520216e+01
-2.787884162899775831e+01
-3.719443615357310762e+01
-1.072315366046395901e+01
-1.637194183851683249e+01
-1.919177940773551327e+01
-1.156725495474024257e+01
-4.854624891614229831e+00
-1.978348758922612305e+01
-2.991165178775465705e+01
-1.447242854919720223e+01
-3.248622023048336871e+01
-5.935903312445363866e+01
-3.149744016019065640e+01
-4.209073211894266819e+01
-5.407318141361329822e+01
-3.411134679278538329e+01
-4.479218135277270108e+01
-5.780168621342249224e+01
-3.666025282101963256e+01
-1.762229834377852100e+01
-2.842060333626988466e+01
-2.905906729607811911e+01
-5.398744310116777001e+01
-7.104291710640947599e+01
-3.876407558939268938e+01
-2.685140624604646575e+01
-4.670162262615050963e+01
-3.679982731496036763e+01
-1.788207376958571260e+01
-2.543184744403728459e+01
-1.733167338700812365e+01
-1.957623507118107042e+01
-5.935903312445363866e+01
-3.122645852999767513e+01
-1.519305967502629251e+01
-3.249101619435859334e+01
-1.510824077534344489e+01
-1.782847264457608105e+00
