-6.079823266147802485e+01
-1.165349454351651133e+02
-5.092862230433644299e+01
-8.541388397250392472e+01
-4.728184758036913138e+01
-6.465485545232891695e+01
-8.786269074344190244e+01
-4.469219624792811629e+01
-5.408294538877193247e+01
-3.829357002303117952e+01
-5.366026064662781891e+01
-1.043677366343943334e+02
-5.907829789263974618e+01
-4.381668451277492693e+01
-8.774932621903849395e+01
-9.907897066893742988e+01
-3.924198795346667623e+01
-4.136606584123228458e+01
-4.810855905163295176e+01
-1.107478089999860629e+02
-6.513305012457411181e+01
-8.416161294547110572e+01
-8.783525399158506275e+01
-8.590155076016188218e+01
-4.790649429249948810e+01
-5.079243768474543685e+01
-4.326963286118258623e+01
-5.015986087782958691e+01
-6.827283670274155725e+01
-1.757667360875022950e+02
-4.645119053090861883e+01
-5.263169970445920853e+01
-5.189352910255674090e+01
-5.475494047540995268e+01
-6.560235371778382785e+01
-1.013290469233909050e+02
-4.266994060461709637e+01
-7.754686667446631532e+01
-8.396865076326156441e+01
-8.924564359218899767e+01
-4.339898234264303767e+01
-9.701752823204597576e+01
-6.068908583017189073e+01
-4.037355187855980887e+01
-1.288268308337282164e+01
-4.532611999957613591e+01
-4.328195987445221959e+01
-5.361535666531243294e+01
-1.449278140444263485e+01
-3.779288144577852648e+01
-7.952875899302253515e+01
-2.185346531108033474e+01
-7.135012988648782084e+01
-1.467923749594155325e+01
-2.353949469011966045e+01
-4.338492002942206227e+01
-1.957413533283637008e+01
-1.915008504230534214e+01
-2.054063093815884145e+01
-2.616130916372916460e+01
-2.068845236250936992e+01
-5.922198582074665296e+01
-6.528563043357507922e+00
-5.263269071452105408e+01
-4.183091591260247810e+01
-3.085057059425174231e+01
-1.333029143924624194e+01
-5.517674630135412883e+01
-6.164821535251117979e+00
-3.071629811852954717e+01
-1.326667547947918990e+01
-6.814675252462652111e+01
-6.533186953130705632e+00
-9.783528878660187900e+01
-3.115691563784297813e+01
-7.739688074106182114e+01
-6.887801467106177711e+01
-3.611400240527249395e+01
-9.152513844647138797e+00
-2.946901171961878063e+01
-6.164821535251117979e+00
-4.934436174014680887e+01
-1.704361453518876957e+01
-3.096053281100357069e+01
-1.808822030129797653e+01
-1.349293807231452647e+01
-1.417171500270674755e+01
-6.354301586492757536e+01
-3.030586052056513680e+01
-2.070966828101087032e+01
-2.787787406354242137e+01
-1.812161232364891816e+01
-1.285380377693488896e+00
-5.216174917762916152e+01
-2.553537341377395720e+01
-5.289077290839115619e+01
-2.194934185545148253e+01
-1.179195573836959099e+01
-8.164963089432215781e+01
-1.391334830644573373e+01
-8.980635767682521475e+00
-2.929205218605439143e+00
-1.119119485958622207e+01
-1.495298713804719526e+01
-4.121010528172524090e+01
-2.031369755926571230e+01
-1.723038170362519850e+01
-5.813320753572497068e+01
-7.758498097967223117e+00
-7.036743564722436872e+01
-4.230967235107965507e+01
-6.406835462870208175e+01
-1.190943717696191229e+01
-2.848774828181748475e+01
-2.093416889405237313e+01
-5.366572218528602889e+01
-2.743285743744544547e+01
-5.647108487449638403e+01
-4.980636046818638363e+00
-3.897438712876012801e+01
-4.461317753543819720e+01
-5.994061705910217341e+01
-4.891064643033221415e+00
-2.020167012626009395e+01
-1.202629888284277015e+01
-2.806904700369399919e+01
-5.002682623067134671e+01
-1.209901254279938740e+02
-1.636175256259320321e+01
-1.021946225503016237e+01
-1.880843037690256381e+01
-1.839279181065679580e+01
-4.229252820192658646e+01
-1.759889748191231362e+01
-4.048363901753099015e+01
-5.051537026500812999e+01
-6.534609358301770499e+01
-7.669989039950235110e+01
-1.354441770186834759e+01
-1.899956917798256839e+01
-2.461722147559352791e+01
-1.171467131332576983e+01
-2.851328865099962684e+01
-9.425481403941003578e+01
-8.866838775839021025e+00
-7.340834269396321332e+00
-3.834297021231425617e+01
-1.307057566153892481e+01
-2.833982441248597439e+01
-2.652490265195826424e+01
-5.103905804137738755e+00
-3.717110912212687168e+01
-1.594653963799891017e+01
-1.210773611512956336e+02
-2.670274900664965401e+01
-1.842161097230786737e+01
-1.223591526844755251e+01
-4.542530225625127116e+01
-5.420883371097373526e+01
-7.466741695850673466e+01
-7.994123180064597989e+01
-1.412832722615090475e+01
-4.810786541931567939e+01
-4.409431329276255696e+01
-3.824109330277755703e+01
-4.126264416662689172e+00
-7.249863550353019548e+00
-7.785702988245510880e+00
-5.664282643628011726e+01
-1.732253692619489271e+01
-6.794711971461494215e+01
-5.788406721864582494e+00
-8.706943549936568161e+01
-3.266649552256389200e+01
-6.406553807617317631e+00
-5.578480586040946321e+01
-9.342639782923602354e+01
-4.420638586143311954e+01
-1.966939797709101612e+01
-4.933777211249748973e+01
-1.435218642660757027e+01
-1.584457742151712267e+01
-2.678890886698201967e+00
-2.064329207343910610e+01
-3.143704111172334237e+01
-5.068529141148050599e+01
-9.320879609775563068e+00
-2.518907315849612516e+01
-8.281294095821454704e+00
-4.109326290812603588e+01
-4.643967423506578029e+01
-9.047818608363726867e+01
-2.453669517756642549e+01
-8.099001345131954110e+01
-9.106775763512022337e+00
-2.299972559768492530e+01
-1.098398160701923842e+02
-3.168941814613689800e+01
-1.842210911326911571e+01
-4.867309808393548565e+01
-9.475434165152268662e+00
-2.209145349952911275e+01
-1.924640926181266565e+01
-7.100750370694015601e+01
-1.718619519047411259e+01
-6.237988124348834873e+00
-9.350710732679520731e+01
-9.392920415853593852e+01
-1.660794089811750851e+01
-2.587400861031365906e+00
-9.792752280227130512e+00
-4.570612155884083450e+01
-8.645976832270548584e+00
-1.110815180442535066e+01
-8.222897110769338269e+00
-1.571421456228070568e+01
-1.750050084993581834e+01
-4.232639195694359557e+01
-5.659924415877338788e+01
-6.850110938928391846e+00
-3.295381885098782249e+01
-3.744045065542149331e+00
-2.403899892698901297e+01
-6.938923231758658972e+01
-1.053171816654969888e+02
-1.259441339160959572e+01
-7.372531674914509381e+01
-1.185209445450070689e+02
-4.128047347522240784e+00
-7.999105638730569012e+00
-1.880725447462223698e+01
-3.940092592851483744e+01
-2.860955605462056539e+01
-1.404010717917966389e+01
-1.451277235222719142e+01
-2.166246749572902530e+01
-9.112921424963508343e+01
-8.929894734384827615e+00
-3.831791571268929886e+01
-2.134317347711173696e+01
-5.398103373877027877e+01
-1.766932482100526158e+01
-1.346966389488486726e+01
-1.172070270055801444e+01
-4.765741033484488298e+01
-7.334846004970567890e+01
-4.866667802464873205e+01
-3.736419903207109172e+01
-7.723272258506000298e+00
-7.893114578223224953e+01
-1.283796891227108716e+01
-1.114370694670264328e+01
-8.596500006473103639e+00
-7.249828170579810660e+00
-4.670582253115710358e+01
-8.931921903767431559e+00
-2.005297923118838099e+01
-3.594374437629973329e+01
-5.620963998293991892e+01
-1.002858615418120678e+02
-1.831928383781019321e+01
-5.620963998293991892e+01
-3.571096520825361864e+01
-6.187314096936042773e+01
-8.902091821793533200e+00
-1.649189464219543311e+01
-1.613953129352232452e+01
-6.598073740388265662e+00
-2.406180677461190243e+01
-7.724413891338560489e+00
-1.501067662826235960e+01
-6.391923219681068247e+00
-1.309362592648507828e+01
-6.525699210665098349e+01
-3.525249525190609745e+00
-3.815219426723557206e+01
-5.567256121480284037e+00
-8.410540620959827152e+01
-7.951256975229711088e+00
-8.331341203952450769e+01
-3.334272290889335011e+01
-5.710592057771856389e+01
-1.679661191589142888e+01
-5.428659599946780645e+01
-1.438909839088708154e+01
-2.359879067242197337e+01
-9.234685646210694188e+01
-1.705126440707768154e+01
-3.036511475671527904e+01
-2.897614271326417779e+01
-8.066668683082787084e+01
-5.679286106091918640e+00
-1.876252882181558945e+01
-3.510338497242744893e+01
-3.036511475671527904e+01
-5.450617212534746159e+01
-5.381307638311590580e+01
-8.389416954601454535e+00
-3.595131949668494542e+01
-2.399010958941386562e+01
-4.240294704548630023e+01
-1.999764327405102193e+01
-4.126631604179426205e+00
-2.595751786166670527e+01
-6.824868308117274296e+01
-2.106680202965356941e+01
-2.897614271326417779e+01
-3.012752123033055440e+01
-1.845009707658730846e+01
-3.898301570965526253e+01
-1.178331081346654585e+01
-1.140222737849845203e+01
-4.605697521088727342e+01
-6.549572538418051693e+01
-3.129904513522497211e+01
-3.932018886367285404e+01
-7.334846004970567890e+01
-1.018163305582062321e+02
-5.620963998293991892e+01
-7.470426941701271062e+01
-6.305232892782047571e+00
-4.421715738964493880e+00
-1.620665170623743023e+01
-1.999764327405102193e+01
-2.211049990290423040e+01
-1.159182579970843463e+01
-1.128461376235925684e+01
-5.620963998293991892e+01
-5.964519347788769466e+00
-3.072348434588261057e+01
-6.679059656362721142e+00
-3.017589006233106730e+01
-8.862861042527640620e+00
-3.829019095896926217e+01
-3.345676092664193391e+01
-4.252815904104704003e+00
-5.283576524383944673e+01
-5.620963998293991892e+01
-3.787826819641300347e+01
-1.164240307234478564e+02
-5.904297967519102741e+00
-1.507015684230250940e+01
-1.283796891227108716e+01
-1.386735440004233766e+01
-5.734039121809743733e+00
-2.045009707658730846e+01
-1.359120941129521754e+01
-3.160015529703862214e+01
-3.643752704447651070e+01
-5.620963998293991892e+01
-1.324859393418040909e+01
-2.058047490870336560e+01
-8.000115090319879130e+01
-1.897663068627216276e+01
-2.279996433474863693e+01
-7.451320559304983249e+01
-1.945009707658730846e+01
-8.873041182194661758e+00
-3.510338497242744893e+01
-6.525699210665098349e+01
-4.643034221083709667e+00
-3.412273466634179897e+01
-1.865306673151025763e+01
-3.338039644045253596e+01
-2.475719276808997904e+01
-2.085345162314035861e+01
-1.960486037818258964e+01
-5.620963998293991892e+01
-3.005930641119408264e+01
-9.244069475807715719e+01
-1.044768745367737495e+01
-3.530928834620088708e+01
-1.261280390531183926e+01
-1.324130028385955526e+01
-1.658665645813061218e+01
-3.406722242453261629e+01
-1.011202694294311399e+01
-9.871028695888664117e+01
-2.894205135115475258e+01
-3.298033072508016517e+01
-3.900597987633882724e+01
-7.878799380820321829e+00
-5.160249016281127865e+01
-3.694651085429140380e+01
-1.252863395690617665e+01
-3.329766569820223054e+01
-3.160015529703862214e+01
-3.611705932212142045e+01
-5.312839488517543884e+01
-5.620963998293991892e+01
-8.613093294768400909e+00
-2.573262257313644241e+01
-5.225793787686296810e+01
-3.316916972865115554e+01
-2.608806902318185550e+01
-4.421715738964493880e+00
-7.334846004970567890e+01
-8.234115801777242893e+00
-1.253560631400427994e+01
-4.232639195694359557e+01
-8.075893561718496017e+01
-3.283150146278714487e+00
-1.361389124686762031e+01
-7.994726039207105117e+00
-3.119433424850971548e+01
-7.575248564408347818e+01
-2.697421078988089604e+01
-1.488138271503835597e+01
-2.575645250874160297e+00
-1.495332405416265331e+01
-4.643034221083709667e+00
-4.643034221083709667e+00
-1.363824928929060576e+01
-9.866816655607370024e+01
-5.761073070404378882e-01
-4.881121620042367226e+01
-4.261992477946856184e+01
-1.285380377693488896e+00
-6.796842774395830133e+01
-8.234115801777242893e+00
-8.146170177548341940e+00
-1.585437469222677009e+01
-7.851733950942418971e+01
-7.893114578223224953e+01
-7.334846004970567890e+01
-5.060099892517853704e+01
-5.673656506810954170e+01
-3.314488715480734982e+01
-3.879983113734497380e+01
-5.435577324911176333e+01
-3.754798934163975588e+00
-9.941470790029118376e+00
-1.729038302430289420e+01
-2.684508805940358300e+01
-5.385401735404320078e+01
-1.283796891227108716e+01
-2.458640715041321556e+01
-2.399821859756216824e+01
-3.510338497242744893e+01
-4.913441644671390662e+00
-7.357309814235389211e+00
-3.316916972865115554e+01
-3.332685573224075881e+01
-5.198141044200369265e+01
-1.960486037818258964e+01
-4.681905504381189331e+01
-8.159979467621199944e+01
-5.049470664118763352e+01
-7.087279374865516957e+00
-1.686315302956440831e+00
-3.339849928339042151e+00
-3.530928834620088708e+01
-2.652609193687511180e+01
-3.501874229507829028e+01
-4.904083903494488084e+00
-5.719899166382568012e+00
-4.816288841898646211e+01
-1.812982673056391292e+01
-1.701359223619565597e+00
-7.893114578223224953e+01
-7.893114578223224953e+01
-1.585437469222677009e+01
-6.347344752507886767e+00
-3.036511475671527904e+01
-4.835805451578217173e+01
-1.403039635207758096e+01
-5.051537026500812999e+01
-1.960486037818258964e+01
-3.160015529703862214e+01
-2.933596130529142343e+01
-2.411109257003975515e+01
-2.382652024682245084e+01
-1.283796891227108716e+01
-3.464635888337906522e+01
-4.222909132066902771e+00
-3.915836433885571921e+01
-3.332685573224075881e+01
-5.558181477158490225e+01
-1.268427026910183386e+01
-5.655672590200559569e+00
-1.044768745367737495e+01
-3.637905503077138292e+01
-1.426034442584487749e+01
-7.334846004970567890e+01
-1.283796891227108716e+01
-2.930931370494588606e+01
-1.438013931761683040e+01
-3.888429115862304997e+00
-5.003249620171254719e+01
-9.487139504642553334e+01
-5.097832177988679803e+01
-3.056322906773372594e+01
-4.753295521566941062e+01
-5.904297967519102741e+00
-2.404507169876871586e+01
-2.845953963748374349e+01
-1.120916055253774957e+01
-2.279996433474863693e+01
-3.075095177221941967e+01
-2.582449296392522697e+01
-9.389321862814674091e+01
-1.960486037818258964e+01
-3.036511475671527904e+01
-9.306938382532428022e+01
-3.122659466666833694e+01
-1.759889748191231362e+01
-2.480995660521093882e+01
-4.393833489971108008e+01
-6.837517476305308151e+01
-7.193346541952401196e+01
-5.564774774508521205e+01
-1.289868480674482853e+01
-5.620963998293991892e+01
-7.670600261947914333e+00
-7.670600261947914333e+00
-3.603156100440734377e+01
-3.036511475671527904e+01
-1.888750285844633225e+00
-2.428732792489305581e+01
-3.856337387461259425e+01
-5.535854012772684740e+00
-5.387424425412069695e+01
-1.960486037818258964e+01
-4.949290885575484111e+01
-6.666349526362499489e+01
-4.228243022090161674e+00
-3.748541990625712117e+01
-2.607878243888421821e+00
-2.983946270120967981e+01
-5.505026460022327939e+01
-8.249420811945558540e+00
-1.840693033372827969e+01
-3.566960703087569584e+01
-3.937035471505775774e+01
-1.331141300019727325e+01
-1.331141300019727325e+01
-1.618180918409950664e+01
-3.597547108756199208e+01
-4.423985111253891489e+01
-1.780009580666434132e+01
-3.177962976338288215e+01
-4.800639930359560026e+01
-2.644675808923129878e+01
-8.071723572682675041e+00
-1.759889748191231362e+01
-1.396113963378656564e+01
-5.051537026500812999e+01
-3.648978544015745484e+01
-4.053259437954736200e+00
-8.512493655029075512e+00
-4.606219195094822538e+01
-2.279996433474863693e+01
-1.285380377693488896e+00
-5.676152112993412402e+01
-6.019413530025481407e+00
-1.285380377693488896e+00
-1.999764327405102193e+01
-3.036511475671527904e+01
-9.866816655607370024e+01
-3.977038398762653060e+01
-1.617954150141417458e+01
-5.298509755760544948e+00
-3.008978497980753275e+01
-1.776382711222908029e+01
-3.593263721255454612e+01
-3.071431053627662422e+01
-5.051537026500812999e+01
-4.294742198397717914e+01
-1.449808168851362922e+01
-7.423759637100900477e+01
-1.155889362669789762e+02
-3.409747254345283807e+01
-7.893114578223224953e+01
-4.546626276060020189e+01
-9.385684818929294693e+01
-3.892223586205197705e+01
-2.479202004353075139e+01
-8.299330913707653679e+01
-5.315727034871403589e+01
-2.966198239894614019e+01
-7.562409261630438095e+01
-5.051537026500812999e+01
-8.906492619893796814e+00
-2.542416449670558976e+01
-7.601948868435317763e+01
-1.620661800910173511e+01
-2.479334231147711165e+01
-1.416607044069567323e+01
-2.567161646937693220e+01
-2.294425091320487553e+00
-3.036511475671527904e+01
-1.293239647245749424e+01
-3.545008071839681207e+01
-3.610832496204538700e+01
-4.396639288937531376e+01
-7.128963663459487066e+00
-5.263307838118780779e+01
-5.160249016281127865e+01
-2.377006656898510428e+01
-1.728731293632422350e+01
-4.796549078308471792e+01
-1.529890814017890932e+01
-2.640030715659575478e+01
-1.703074109608924402e+01
-2.535165533404235916e+01
-1.796340623994232288e+01
-6.751998100423215021e+01
-7.193346541952401196e+01
-2.378732792489305581e+01
-2.309993431069720771e+00
-2.676908824172300783e+01
-6.983938586167232643e+01
-1.533763720356117233e+01
-5.160249016281127865e+01
-1.409091208715580734e+01
-5.051537026500812999e+01
-1.759889748191231362e+01
-1.285380377693488896e+00
-2.592283928823219696e+01
-1.334618531196624858e+01
-7.952875899302253515e+01
-2.289777829356644290e+01
-1.283796891227108716e+01
-7.724413891338560489e+00
-3.754798934163975588e+00
-2.479202004353075139e+01
-5.620963998293991892e+01
-3.277347397084338354e+01
-3.071431053627662422e+01
-2.368059769598383113e+01
-5.261087300382074261e+01
-3.935740181778967894e+01
-3.545008071839681207e+01
-5.160249016281127865e+01
-5.218553754670076472e+01
-9.221802386610023916e+01
-2.411296306248702948e+01
-3.530928834620088708e+01
-2.404298641874891018e+01
-6.898125910032908337e+01
-2.162286509813025859e+01
-5.244153493001562083e+00
-2.309993431069720771e+00
-2.225095301479534271e+01
-2.479202004353075139e+01
-2.378732792489305581e+01
-3.013920880276945269e+01
-1.382511534510279105e+01
-1.343348517735858749e+01
-3.252845811184023717e+01
-4.396639288937531376e+01
-1.225464237408473878e+01
-1.206526988763462072e+01
-7.373066064373513484e+01
-8.022246746885230095e+00
-9.941470790029118376e+00
-2.279996433474863693e+01
-1.206385041396352875e+01
-4.439997556745204577e+00
-3.418300462109704085e+01
-3.332685573224075881e+01
-1.191216562652276778e+01
-5.820457318831246596e+01
-3.017589006233106730e+01
-4.894347662577277447e+01
-8.118156007663376528e+00
-8.001923533861820204e+00
-5.620963998293991892e+01
-2.468361144878427993e+01
-1.139513501777211673e+02
-6.878799380820321829e+00
-3.630848213211470465e+01
-1.155122750872597592e+01
-2.094453144990339766e+01
-3.843520399461260695e+01
-1.285380377693488896e+00
-2.090687762151821261e+01
-1.409091208715580734e+01
-2.378732792489305581e+01
-2.410866896623562639e+01
-5.408431058738530339e+01
-6.525699210665098349e+01
-4.278127091607104404e+01
-3.737944055047765346e+01
-2.495059136028655900e+01
-1.153234846775407618e+01
-2.845953963748374349e+01
-9.705969337305884892e+01
-3.565363689051054763e+01
-3.357055596053598379e+01
-5.359872215218883440e+01
-3.504607493685089281e+01
-7.536911331397865865e+01
-2.783437518995910409e+00
-2.024135166985461609e+01
-3.241911448016190889e+01
-2.519039883276366609e+01
-3.864835400026362322e+01
-1.315666217927801540e+01
-2.872288956230939050e+00
-7.652895450845518610e+01
-1.680126286807914227e+01
-5.258647247196373087e+01
-1.744996331575621795e+01
-6.662122817273569808e+01
-2.395160033498425634e+01
-2.474677944871968549e+01
-4.564102119226535592e+01
-2.422858714141639069e+01
-5.620963998293991892e+01
-1.749669994824731489e+01
-1.768824786158717899e+01
-3.853489685664948183e+01
-1.620661800910173511e+01
-3.894918244969362320e+01
-2.754487815812272089e+01
-2.064359315851964993e+01
-5.292735420116574829e+00
-1.111917336758040520e+01
-1.993601246856416154e+01
-3.837532148797053821e+01
-2.388084856742741735e+01
-4.437130759590118600e+01
-9.729622588915543702e+01
-1.289868480674482853e+01
-5.003249620171254719e+01
-9.438479660208123789e+01
-2.423630634976372988e+01
-3.530928834620088708e+01
-2.378732792489305581e+01
-1.160303513938443274e+02
-2.894205135115475258e+01
-5.051537026500812999e+01
-2.168283894856823224e+01
-6.878799380820321829e+00
-5.745658140654737167e+01
-2.329996433474863693e+01
-3.545008071839681207e+01
-3.626778867047344335e+01
-8.442176462566169448e+01
-2.176207349599924612e+01
-3.903765840543688626e+01
-3.418601490609582072e+00
-5.265560198695891359e+01
-2.426174541815065311e+01
-1.786555700877331176e+01
-5.224529511437859242e+01
-3.510338497242744893e+01
-1.512099874626217400e+01
-3.856337387461259425e+01
-3.173021613788110074e+01
-7.577863307811335858e+01
-4.599467280022956572e+01
-8.378799380820321829e+00
-7.517330839466932701e+00
-1.884868665420076184e+01
-4.368317126005539563e+01
-3.447724839782544848e+01
-4.048149196487132429e+01
-5.606173590804868212e+00
-4.709935884793285510e+00
-7.817438724765107594e+00
-1.285380377693488896e+00
-2.562949515158464564e+01
-6.801215056507599854e+01
-4.573019119394308518e+01
-1.617954150141417458e+01
-1.769131794956584258e+01
-5.218553754670076472e+01
-5.773815708268206492e+01
-1.289868480674482853e+01
-5.761073070404378882e-01
-3.572094945416502298e+01
-3.008978497980753275e+01
-4.396639288937531376e+01
-6.525699210665098349e+01
-2.395160033498425634e+01
-3.951514361317632051e+01
-1.129673543842926975e+01
-3.565746533261498286e+01
-2.541035228282953184e+01
-9.698732713898057511e+01
-2.976695353854643855e+01
-5.253079297761289013e+01
-5.705005969148648148e+01
-5.252442745963041659e+01
-2.845953963748374349e+01
-7.451320559304983249e+01
-8.328821579202166703e+00
-3.913618424244697280e+01
-3.023067514484288765e+01
-1.888750285844633225e+00
-7.142938447424771908e+00
-1.136631569648301081e+02
-1.491575841318186946e+01
-4.232639195694359557e+01
-6.890284523536823968e+00
-4.881121620042367226e+01
-1.915131355685180381e+01
-5.051537026500812999e+01
-5.344502966606179939e+01
-1.700551079923371489e+01
-8.025971243216091011e+00
-1.620661800910173511e+01
-5.562349945685912900e+00
-1.397755443474219561e+01
-5.668130001746760627e+00
-3.312120740646955852e+01
-4.643034221083709667e+00
-4.865929059879050556e+01
-1.658771947132846947e+01
-9.171773987480383994e+01
-1.372760162958120134e+01
-1.958601995667859441e+01
-3.774496062061432156e+01
-9.354611472899581059e+00
-2.307253015782275440e+01
-3.531158409129969300e+01
-9.245501440826316752e+01
-7.546560546489493504e+01
-2.389627129344374978e+01
-4.549020614523666239e+00
-1.617954150141417458e+01
-9.698732713898057511e+01
-7.893114578223224953e+01
-1.473427764360166847e+01
-4.167975101210171118e+00
-3.510338497242744893e+01
-2.982480504507452324e+01
-5.123090583350948179e+01
-6.963886526164370139e+01
-3.028987445227007314e+01
-3.853489685664948183e+01
-1.283796891227108716e+01
-2.209844208885717265e+01
-7.525268267552155521e+01
-2.142976256557429338e+01
-1.137967887121381949e+02
-4.796549078308471792e+01
-4.048149196487132429e+01
-8.085529360645605834e+01
-2.156695169215000973e+01
-1.206526988763462072e+01
-2.548481209589534302e+01
-1.489185182166242782e+01
-1.847018128783976465e+01
-3.514197356015923646e+00
-1.285380377693488896e+00
-2.074783835539449228e+01
-2.031682026527380813e+01
-1.965710507621447789e+01
-4.116781237578578612e+01
-6.457416953704658624e+00
-7.952875899302253515e+01
-3.613038909125313580e+01
-3.562296112400403558e+01
-3.510338497242744893e+01
-1.715350618495411084e+01
-4.698679763780915408e+01
-2.562949515158464564e+01
-2.998086702352871669e+00
-2.436638924092410718e+01
-1.335180957637673771e+01
-1.129673543842926975e+01
-3.573555135342846256e+01
-8.651278022760497066e+00
-1.700551079923371489e+01
-3.008978497980753275e+01
-3.526978448497176544e+01
-3.638423924220085581e+01
-1.727470695600533190e+01
-2.141797553782958374e+01
-6.729140811977266878e+00
-3.379287130935900052e+01
-7.334846004970567890e+01
-1.933373363560312796e+01
-4.881121620042367226e+01
-1.159182579970843463e+01
-8.433048531967610728e+00
-2.361975075337193175e+01
-1.688507060779952695e+01
-2.370612603877861702e+01
-7.593353785682839430e+01
-9.301010427590745167e+01
-3.912074591043982963e+01
-1.888750285844633225e+00
-7.474940154813793924e+01
-8.078071834865933454e+01
-7.193346541952401196e+01
-4.456804978823531371e+01
-1.700551079923371489e+01
-1.729038302430289420e+01
-7.822687795604312555e+01
-3.856224891773999275e+01
-2.395280363133845114e+01
-4.928216294971993250e+01
-5.501376178381114812e+00
-4.850954705707019343e+01
-3.613126439492489794e+01
-9.355556045180748015e+01
-5.691386502502179212e+01
-4.870232713253751911e+01
-6.554049482507630842e+01
-3.952364667773116480e+01
-5.620963998293991892e+01
-1.960486037818258964e+01
-4.768175562099440867e+01
-3.545008071839681207e+01
-4.126496973512091415e+01
-1.423358436425600360e+01
-5.003249620171254719e+01
-1.888750285844633225e+00
-3.332685573224075881e+01
-2.765420174871284331e+00
-5.184436018911562627e+01
-2.542355803866228214e+01
-1.267032392010439068e+01
-7.451320559304983249e+01
-1.268427026910183386e+01
-2.104641314023122689e+01
-7.250949815739525661e+01
-4.763236780493436129e+00
-7.421115188207735969e+01
-7.976495494811061349e+01
-5.184436018911562627e+01
-7.334846004970567890e+01
-7.872934461592549837e+01
-3.049071990507048469e+01
-4.126348216657605406e+01
-1.178415338874278007e+01
-2.620067453161047766e+01
-1.173149203149695552e+01
-1.428695938054860903e+01
-4.799292545936383192e+01
-2.064252634470247472e+01
-7.193346541952401196e+01
-2.460417873466013461e+01
-2.395160033498425634e+01
-5.190667422420489174e+01
-3.619675026339845658e+01
-4.881121620042367226e+01
-3.988294282272779157e+01
-1.585437469222677009e+01
-3.754798934163975588e+00
-1.847018128783976465e+01
-4.139377785813735500e+00
-8.036103766018618444e+01
-4.004584829395888335e+01
-5.308808548198697963e+00
-4.881121620042367226e+01
-3.967588074355370509e+01
-5.761073070404378882e-01
-1.044768745367737495e+01
-3.510338497242744893e+01
-3.754798934163975588e+00
-2.279996433474863693e+01
-1.621784556439798308e+01
-3.587404798052554611e+01
-1.831199019954331320e+01
-2.562949515158464564e+01
-4.400723137403674912e+01
-8.820659620809667700e+00
-3.500769514933390525e+01
-2.309993431069720771e+00
-1.044768745367737495e+01
-5.103612739254437258e+01
-7.150160631750701157e+00
-3.865182247491442524e+01
-4.139377785813735500e+00
-9.732968427853836602e+01
-3.352037151406277360e+01
-2.152529710888424574e+01
-3.787826819641300347e+01
-1.289137268928712388e+00
-6.636631950314790629e+01
-6.525699210665098349e+01
-1.682644258106029156e+01
-5.003249620171254719e+01
-5.217852290068253751e+01
-1.847018128783976465e+01
-1.995612109889368924e+01
-7.193346541952401196e+01
-5.292735420116574829e+00
-3.110735303024757314e+01
-9.941470790029118376e+00
-3.136014013841807113e+01
-5.218553754670076472e+01
-2.295611930088949038e+01
-4.941539738271579552e+00
-5.620963998293991892e+01
-7.793953902109024057e+00
-1.643630082424920147e+01
-1.472393062482875692e+01
-3.023067514484288765e+01
-3.332685573224075881e+01
-5.535854012772684740e+00
-1.481570779871452714e+01
-2.586687054276305275e+01
-6.685638898841972377e+01
-3.258740736858422338e+01
-1.842855227549470598e+01
-2.290048630999488211e+01
-2.441704966301404767e+01
-5.767568015993545316e+01
-1.662672611727650462e+01
-5.292735420116574829e+00
-1.746974514566185377e+01
-3.051996809099696506e+01
-2.312908995057779293e+01
-9.220337384457130270e+01
-3.392699622043160446e+00
-2.570706075708759286e+01
-1.036543805215786307e+01
-9.791150677265534341e+00
-9.538165941713029383e+01
-4.232639195694359557e+01
-1.947004872491586269e+01
-1.333777585105288210e+01
-3.531158409129969300e+01
-5.160249016281127865e+01
-6.217015348690981824e+00
-2.823103347085215020e+01
-3.575090916782681205e+01
-2.144542228615320667e+01
-1.827531146532788142e+01
-7.150160631750701157e+00
-7.512837152110438410e+01
-4.143771417839441540e+01
-1.409091208715580734e+01
-4.232639195694359557e+01
-3.544515302247862110e+01
-4.920269844548845128e+01
-2.894205135115475258e+01
-3.754798934163975588e+00
-7.517330839466932701e+00
-1.285380377693488896e+00
-2.643185646864635885e+01
-1.150067631012305895e+02
-2.531344702397239743e+01
-2.637475363527815375e+01
-7.517330839466932701e+00
-7.588732938594330335e+01
-5.700617039631829641e+00
-8.113636965470563212e+01
-5.101913692963286451e+01
-7.150160631750701157e+00
-7.952875899302253515e+01
-3.550445444299657538e+01
-4.881121620042367226e+01
-4.941539738271579552e+00
-3.036511475671527904e+01
-7.193346541952401196e+01
-8.116652272503525722e+00
-6.380493989077717032e+00
-2.309993431069720771e+00
-5.214246057061600226e+01
-7.334846004970567890e+01
-5.051537026500812999e+01
-4.042905556886444174e+01
-2.473270852956781951e+01
-3.217210553260447625e+01
-5.325345719270968914e+01
-1.869869350255735085e+01
-6.186902557916787515e+01
-6.652125018819315017e+01
-7.724413891338560489e+00
-1.289868480674482853e+01
-3.787826819641300347e+01
-4.576136350151814725e+01
-4.434536286234173019e+01
-2.845953963748374349e+01
-2.473270852956781951e+01
-3.400495794488652024e+00
-2.478732792489305581e+01
-1.620661800910173511e+01
-2.592455120429798754e+01
-5.620963998293991892e+01
-7.517330839466932701e+00
-1.999764327405102193e+01
-1.639177543835538842e+01
-7.489217556601627734e+01
-3.932087788926032346e+01
-1.847018128783976465e+01
-3.571022327146385322e+01
-1.020764945063164078e+02
-1.759889748191231362e+01
-3.875030130438216247e+01
-9.356546341720877535e+01
-5.620963998293991892e+01
-5.051537026500812999e+01
-3.847510139023665943e+01
-1.599631655313808665e+01
-3.847510139023665943e+01
-4.232639195694359557e+01
-1.705082530734156876e+01
-5.700617039631829641e+00
-6.832246926087142924e+01
-7.150160631750701157e+00
-2.562949515158464564e+01
-9.285685383222640610e+01
-9.245782924207489373e+01
-5.868255966363744136e+00
-8.495690834811416181e+00
-1.289868480674482853e+01
-7.517330839466932701e+00
-4.941539738271579552e+00
-4.952771348199836154e+01
-8.153900659946226881e+01
-3.018362327577752779e+01
-6.025974003895345277e+01
-1.159182579970843463e+01
-2.444852313681073852e+01
-3.687041298217537388e+01
-5.292735420116574829e+00
-3.500433439775279965e+01
-1.488951835055538808e+01
-4.100511131945761178e+01
-2.309993431069720771e+00
-1.301923766171808694e+01
-9.302157917073759563e+01
-4.881121620042367226e+01
-2.253943859930368987e+01
-5.392689495793962351e+01
-2.130386897560180159e+01
-5.720163898388130974e+01
-4.065975682560632265e+01
-1.317140861108940442e+01
-1.409091208715580734e+01
-1.700551079923371489e+01
-2.478071630995859920e+01
-1.328608776527688207e+01
-1.252040531068168505e+01
-8.433048531967610728e+00
-8.022246746885230095e+00
-6.782361683575825140e+00
-7.952875899302253515e+01
-8.112899482055664180e+01
-4.308416414157775876e+00
-2.454997146721448331e+01
-1.729038302430289420e+01
-2.037924192466402218e+01
-3.754798934163975588e+00
-1.130467418009649947e+02
-1.355695226415139487e+01
-3.199322317358749146e+01
-7.517330839466932701e+00
-5.517231782412483909e+00
-8.557894564277754057e+01
-1.488951835055538808e+01
-2.456953899010371600e+01
-4.941539738271579552e+00
-4.742250484699606261e+01
-7.517330839466932701e+00
-1.759889748191231362e+01
-5.620963998293991892e+01
-7.334846004970567890e+01
-1.771497186279680491e+01
-6.628306640258988125e+01
-1.325554957582019000e+01
-5.026007944713087028e+01
-6.581826747764093710e+00
-1.960486037818258964e+01
-3.246829995833000027e+00
-7.334846004970567890e+01
-5.621125437717981299e+01
-1.098189253274835053e+01
-1.999764327405102193e+01
-3.844166561035495278e+01
-3.074702204773476666e+01
-3.071431053627662422e+01
-1.289137268928712388e+00
-1.129673543842926975e+01
-7.150160631750701157e+00
-2.894205135115475258e+01
-9.866816655607370024e+01
-3.071431053627662422e+01
-1.355695226415139487e+01
-7.334846004970567890e+01
-7.952875899302253515e+01
-6.611712130299436296e+01
-9.938047170558103716e+00
-4.259017857328718293e+00
-1.596579748431840073e+01
-4.396639288937531376e+01
-2.196534691231570235e+01
-2.395160033498425634e+01
-3.408306464612751085e+01
-1.114370694670264328e+01
-2.668403227680355627e+01
-2.309993431069720771e+00
-3.647087878832696362e+00
-1.152929819961606626e+02
-4.643034221083709667e+00
-4.964522760374536858e+01
-2.222209507615137625e+01
-4.857160508891442419e+01
-9.329286237979182772e+00
-1.114370694670264328e+01
-7.620343885209506141e+01
-1.700551079923371489e+01
-1.524754129013133053e+01
-5.292735420116574829e+00
-1.160156017839666376e+01
-2.038914256136862946e+01
-4.742250484699606261e+01
-3.516280863195204631e+01
-3.856224891773999275e+01
-3.973009073030210914e+01
-7.451320559304983249e+01
-9.335523467496521732e+01
-7.683633284024637078e+00
-4.941539738271579552e+00
-2.389627129344374978e+01
-1.355695226415139487e+01
-1.886577058928849127e+01
-3.008978497980753275e+01
-3.008978497980753275e+01
-3.969868203887996572e+01
-1.214466996268676624e+01
-2.644675808923129878e+01
-1.488951835055538808e+01
-5.620963998293991892e+01
-2.309993431069720771e+00
-5.292735420116574829e+00
-5.332694525693173659e+01
-3.754798934163975588e+00
-1.354441770186834759e+01
-2.535425789980213196e+01
-4.483044117956232100e+01
-2.542355803866228214e+01
-4.411467614022797079e+01
-9.056854512945470503e+00
-3.956714019316110154e+01
-2.041544049538381245e+01
-1.960486037818258964e+01
-2.894205135115475258e+01
-5.264623003964153014e+01
-9.941470790029118376e+00
-2.894205135115475258e+01
-9.290807367178460652e+01
-2.199972559768492530e+01
-1.289137268928712388e+00
-3.844879177412578741e+01
-2.542355803866228214e+01
-8.572348415596067639e+00
-1.759889748191231362e+01
-7.517330839466932701e+00
-1.759889748191231362e+01
-5.259630490346999920e+00
-2.658964890977351558e+00
-4.787938570056114429e+01
-2.969107183238188341e+01
-3.850552330133964318e+01
-6.385415319647935917e+01
-9.583736167672448403e+00
-3.008978497980753275e+01
-1.672353323227746458e+01
-5.222909132066902771e+00
-1.488951835055538808e+01
-3.310856022115242325e+00
-4.941539738271579552e+00
-2.845953963748374349e+01
-4.853183224349305647e+01
-1.488951835055538808e+01
-2.845953963748374349e+01
-7.724413891338560489e+00
-3.510338497242744893e+01
-3.071431053627662422e+01
-1.153645140267145663e+01
-7.586971917534526710e+01
-7.952875899302253515e+01
-1.787420052492887734e+01
-3.552720023347042400e+00
-3.934775575427949690e+01
-8.563344947683088293e+00
-2.894205135115475258e+01
-4.941539738271579552e+00
-7.334846004970567890e+01
-4.292545703168065074e+01
-2.130386897560180159e+01
-3.812635102925028718e+01
-4.881121620042367226e+01
-3.545008071839681207e+01
-3.812635102925028718e+01
-5.620963998293991892e+01
-9.505470393576743504e+00
-2.784987991856208822e+00
-2.458756666195671770e+01
-7.871276143577063067e+00
-9.208923665861162533e+01
-5.535854012772684740e+00
-7.952875899302253515e+01
-3.169352468085935470e+01
-2.199972559768492530e+01
-5.117268907276783807e+01
-4.269626914775799520e+01
-2.862949515158464564e+01
-2.130386897560180159e+01
-4.124886912630468316e+01
-2.309993431069720771e+00
-5.218553754670076472e+01
-7.802475157870381395e+01
-3.889691062713157521e+01
-9.620426475591403914e+01
-6.285169513381944739e+00
-5.003249620171254719e+01
-5.199027878021077242e+01
-1.209059512255501190e+01
-5.389036566848604082e+01
-2.042691371859573479e+01
-8.433048531967610728e+00
-4.223624754222767308e+01
-1.741055502078061323e+01
-3.289137268928712388e+00
-3.910488621701581025e+01
-3.408306464612751085e+01
-2.728772710153355163e+01
-4.775274006719209297e+01
-4.881121620042367226e+01
-3.876772063902845389e+01
-2.567456015489041121e+01
-5.292735420116574829e+00
-1.792937313804669230e+01
-9.246846339483461463e+01
-8.467700428952605307e+01
-5.762530881508466507e+01
-1.999764327405102193e+01
-3.578273243412706961e+01
-7.545798941340224530e+01
-6.939214843292209878e+01
-1.136120628684064116e+02
-3.125466438804185287e+01
-1.285380377693488896e+00
-3.873831520722333721e+01
-3.904791397018225751e+01
-1.139204673354372517e+02
-1.093515635552189025e+01
-1.888750285844633225e+00
-5.683067000997347407e+01
-9.420313174151451108e+01
-3.578273243412706961e+01
-1.960486037818258964e+01
-8.654741446820388262e+01
-1.488951835055538808e+01
-1.554964655108285854e+01
-3.008978497980753275e+01
-1.533763720356117233e+01
-1.488951835055538808e+01
-3.258740736858422338e+01
-7.334846004970567890e+01
-1.585437469222677009e+01
-3.168902145309717966e+01
-2.750850172821113659e+00
-2.389627129344374978e+01
-3.267157464225731189e+01
-7.693094645757908268e+01
-1.218047157415490744e+01
-4.396639288937531376e+01
-7.797721192418318736e+00
-5.443073008285114867e+00
-3.545008071839681207e+01
-8.739788680536552334e+00
-3.859979511717647682e+01
-2.027080764598640883e+01
-2.457435300157276004e+01
-3.237253904558043871e+01
-4.352831302661421375e+00
-9.318373678529157189e+01
-5.292735420116574829e+00
-1.253871397556081035e+01
-4.562270790292159006e+01
-7.952875899302253515e+01
-4.965163590897013535e+01
-1.166531153538443562e+02
-6.525699210665098349e+01
-1.289137268928712388e+00
-4.941539738271579552e+00
-1.129673543842926975e+01
-4.120853060924034139e+01
-2.389627129344374978e+01
-1.620661800910173511e+01
-3.332685573224075881e+01
-3.578273243412706961e+01
-3.343919737767002687e+01
-3.835171228433918600e+01
-9.239808866550251309e+01
-3.612504024741380704e+01
-1.157295703952707981e+02
-7.789695896915532103e+00
-7.334846004970567890e+01
-1.999764327405102193e+01
-1.888750285844633225e+00
-4.483866000035344257e+01
-9.998833883199967687e+00
-3.828809614905402725e+01
-5.218553754670076472e+01
-8.433048531967610728e+00
-4.358858382099285933e+01
-2.377006656898510428e+01
-1.355695226415139487e+01
-1.334241576534364171e+01
-3.237253904558043871e+01
-2.845953963748374349e+01
-7.517330839466932701e+00
-4.053083385808841399e+01
-2.309993431069720771e+00
-1.650877655959450507e+01
-1.438118887818329839e+01
-2.389627129344374978e+01
-3.472442742398291671e+01
-3.641116679636350284e+01
-3.770613540362055005e+01
-6.525699210665098349e+01
-1.283796891227108716e+01
-6.878799380820321829e+00
-2.080938150056347524e+00
-7.952875899302253515e+01
-2.044895050064988951e+01
-1.585437469222677009e+01
-1.960486037818258964e+01
-1.289868480674482853e+01
-7.338924891137928341e+00
-2.143258516967433280e+01
-6.536810572788457563e+00
-9.220337384457130270e+01
-3.115303008878190028e+01
-1.129673543842926975e+01
-2.802702885878726846e+00
-2.776327273335045476e+01
-5.061543060033488217e+01
-1.743918342962789225e+01
-7.150160631750701157e+00
-1.661508987828111827e+01
-4.470114496198961973e+01
-1.324130028385955526e+01
-1.493449532914056022e+01
-4.941539738271579552e+00
-3.882776174709221095e+01
-9.698732713898057511e+01
-4.582366008147236158e+01
-3.859979511717647682e+01
-2.726402102687783824e+01
-5.424743483519905851e+01
-1.513449650937653956e+01
-8.103052113363770559e+01
-5.003249620171254719e+01
-9.402619852698954617e+01
-2.377006656898510428e+01
-4.232639195694359557e+01
-1.526886286455937380e+01
-5.218553754670076472e+01
-8.070132877479423428e+01
-6.783940612180255414e+01
-9.371781352685920297e+01
-2.916391683045402061e+01
-5.761073070404378882e-01
-5.761073070404378882e-01
-3.800698439048547073e+01
-4.941539738271579552e+00
-1.289137268928712388e+00
-8.696717902956752511e+00
-6.532868929184920148e+01
-6.285896297288942947e+00
-1.759889748191231362e+01
-3.628931194897347723e+01
-8.993286513614659583e+00
-4.621085750913636048e+01
-8.993286513614659583e+00
-7.611819469318078291e+00
-3.621291554531654810e+01
-2.562949515158464564e+01
-6.878799380820321829e+00
-4.396639288937531376e+01
-3.545008071839681207e+01
-1.234067044314594597e+01
-1.585437469222677009e+01
-9.082050326034735832e+00
-3.754798934163975588e+00
-2.750850172821113659e+00
-3.008978497980753275e+01
-4.396639288937531376e+01
-3.408750322196178217e+01
-4.643034221083709667e+00
-9.950858626462024858e+01
-2.395160033498425634e+01
-7.451320559304983249e+01
-3.625102045290344677e+01
-3.545008071839681207e+01
-8.626433468453475939e+01
-4.816976547439277567e+01
-6.540741954022375637e+01
-8.433048531967610728e+00
-3.242927127201296855e+01
-7.952875899302253515e+01
-1.880115548319702867e+01
-3.063888407649871581e+01
-3.071431053627662422e+01
-2.956281073730278308e+01
-1.786315069175664760e+01
-8.234115801777242893e+00
-1.012328179101281123e+01
-6.525699210665098349e+01
-8.946839712080080886e+00
-1.209059512255501190e+01
-5.184436018911562627e+01
-1.759889748191231362e+01
-3.071431053627662422e+01
-1.729038302430289420e+01
-1.759889748191231362e+01
-7.193346541952401196e+01
-1.289137268928712388e+00
-3.601892838921519058e+01
-1.024302814190655653e+01
-5.003249620171254719e+01
-5.292735420116574829e+00
-3.010207287701829770e+01
-8.433048531967610728e+00
-9.426523440131364850e+01
-2.395160033498425634e+01
-9.941470790029118376e+00
-5.512502360775224020e+01
-2.645877968701983818e+01
-6.783940612180255414e+01
-1.351092738633358081e+01
-6.540741954022375637e+01
-5.276592313004760371e+01
-1.488873005908228109e+01
-2.744675808923129878e+01
-7.529236171512829401e+01
-7.630592303920687414e+01
-1.391182135812246656e+01
-2.377006656898510428e+01
-4.643034221083709667e+00
-5.003249620171254719e+01
-1.488951835055538808e+01
-1.801611347272616470e+01
-3.642902645300232223e+01
-6.783940612180255414e+01
-4.598795319340940324e+01
-1.429924912260134562e+01
-6.532868929184920148e+01
-5.184436018911562627e+01
-1.872509221987452577e+01
-1.748807591765078939e+00
-1.510795006405707497e+01
-1.283796891227108716e+01
-5.830715463464990478e+01
-5.620963998293991892e+01
-1.585437469222677009e+01
-3.316916972865115554e+01
-5.430097597017494593e+01
-7.893114578223224953e+01
-8.349182964788374761e+01
-1.146398581151122187e+02
-7.893114578223224953e+01
-6.758818330294725740e+01
-2.303910172948325297e+01
-5.535854012772684740e+00
-5.160978711049541090e+00
-1.666866259920599092e+01
-7.628948024796189031e+01
-2.309993431069720771e+00
-8.433048531967610728e+00
-5.856755411450592419e+00
-2.750850172821113659e+00
-7.495096363439838427e+00
-3.611752492785456781e+01
-9.791656561915084467e+01
-4.232639195694359557e+01
-6.988604468631571365e+00
-3.474144534861461864e+01
-5.292735420116574829e+00
-4.013902503317099502e+01
-5.137411930957244977e+01
-5.452523247840041165e+01
-1.921997134471470048e+01
-1.227918533067861162e+01
-3.071431053627662422e+01
-1.283796891227108716e+01
-9.698732713898057511e+01
-4.742250484699606261e+01
-4.941539738271579552e+00
-3.071431053627662422e+01
-2.894205135115475258e+01
-1.285380377693488896e+00
-5.218553754670076472e+01
-1.423146083715117882e+01
-3.598095415372288386e+00
-2.309993431069720771e+00
-6.646782648370184177e+00
-4.402879114629357105e+01
-4.922273665535236375e+01
-3.757551581968695587e+01
-8.249874955539844734e+00
-9.220337384457130270e+01
-3.036511475671527904e+01
-1.870168724343779232e+01
-3.606807757658540936e+01
-5.298509755760544948e+00
-1.620661800910173511e+01
-3.754798934163975588e+00
-4.232639195694359557e+01
-2.894205135115475258e+01
-1.354441770186834759e+01
-1.620661800910173511e+01
-1.285380377693488896e+00
-8.224091252318706324e+01
-4.742250484699606261e+01
-1.771076025625181671e+01
-7.334846004970567890e+01
-2.130386897560180159e+01
-2.395160033498425634e+01
-6.878799380820321829e+00
-3.326969098055944585e+01
-2.279996433474863693e+01
-3.843044253271376931e+01
-1.691866883292094315e+01
-4.884283711077462442e+01
-1.355695226415139487e+01
-4.107820801428838564e+01
-7.627563043605395876e+01
-3.036511475671527904e+01
-3.844879177412578741e+01
-1.285908558482767461e+01
-5.620963998293991892e+01
-1.146069753368527699e+02
-1.114370694670264328e+01
-1.160707101597419211e+01
-3.503855924671486832e+01
-1.743918342962789225e+01
-3.419813953816816365e+01
-5.199478762268829257e+01
-2.378840112461400480e+01
-1.289868480674482853e+01
-4.643034221083709667e+00
-4.709935884793285510e+00
-1.289868480674482853e+01
-1.960486037818258964e+01
-3.754798934163975588e+00
-2.982584334662286096e+01
-1.295421936886446446e+01
-9.199539836264142423e+01
-1.547235873623692015e+01
-1.728901351765902206e+01
-3.779645429033045190e+01
-1.700551079923371489e+01
-1.620661800910173511e+01
-9.552934743912025795e+00
-8.578745615343655118e+01
-7.893114578223224953e+01
-3.875803451782857678e+01
-2.845953963748374349e+01
-1.289137268928712388e+00
-2.309993431069720771e+00
-5.334202472057333466e+01
-7.724413891338560489e+00
-3.167887525030081264e+01
-6.853701166167991232e+01
-7.193346541952401196e+01
-2.389627129344374978e+01
-4.414422424568465431e+01
-1.960486037818258964e+01
-1.488951835055538808e+01
-3.316916972865115554e+01
-6.540741954022375637e+01
-1.862584165845401429e+01
-6.722874898576254310e+00
-9.941470790029118376e+00
-3.510338497242744893e+01
-3.036511475671527904e+01
-4.941539738271579552e+00
-2.395160033498425634e+01
-1.764840596387885796e+01
-9.698732713898057511e+01
-3.071431053627662422e+01
-6.758818330294725740e+01
-2.562949515158464564e+01
-9.436997885869908487e+01
-1.291285797730277096e+01
-4.067692249425681439e+01
-1.488951835055538808e+01
-1.289868480674482853e+01
-1.354441770186834759e+01
-1.050847622687966521e+01
-1.640729956142092760e+01
-2.990690678022250637e+01
-1.114370694670264328e+01
-7.517330839466932701e+00
-4.213922842530949708e+01
-6.878799380820321829e+00
-1.132910075305079403e+02
-2.130386897560180159e+01
-6.525699210665098349e+01
-3.332685573224075881e+01
-4.811384194014981119e+01
-5.003249620171254719e+01
-2.199972559768492530e+01
-5.033332465114254717e+01
-5.298509755760544948e+00
-2.279996433474863693e+01
-3.785452542886979188e+01
-2.490788123958306244e+01
-2.062742229094690671e+01
-1.729038302430289420e+01
-3.935507260220233405e+01
-7.724413891338560489e+00
-9.698732713898057511e+01
-2.252773610825288131e+01
-2.939577874845117478e+01
-1.620661800910173511e+01
-4.470114496198961973e+01
-1.459455385525983218e+01
-4.851770686637507879e+01
-2.199972559768492530e+01
-1.564408537333975602e+01
-9.259710809693321210e+01
-5.761073070404378882e-01
-7.893114578223224953e+01
-7.893114578223224953e+01
-2.309993431069720771e+00
-1.268427026910183386e+01
-8.090025130216650950e+01
-5.907826829443230565e+00
-2.056373953976863689e+01
-4.224043288312387290e+00
-1.176912734860545839e+01
-2.622542788918820733e+01
-9.338164209957946582e+01
-5.218553754670076472e+01
-4.543325584844275511e+00
-5.292735420116574829e+00
-9.227507102976940701e+01
-9.248942767608443916e+00
-3.856224891773999275e+01
-5.535854012772684740e+00
-3.510338497242744893e+01
-3.689101450434973373e+01
-3.597547108756199208e+01
-3.237253904558043871e+01
-3.008978497980753275e+01
-2.395160033498425634e+01
-3.545008071839681207e+01
-3.408306464612751085e+01
-5.220424694610309757e+01
-4.941539738271579552e+00
-4.742250484699606261e+01
-3.057986293428552216e+00
-4.483866000035344257e+01
-3.351294976031900319e+01
-2.395160033498425634e+01
-5.218553754670076472e+01
-5.034741719521133518e+01
-3.332685573224075881e+01
-1.028635380818717593e+01
-6.807671476203329064e+01
-5.184436018911562627e+01
-5.051537026500812999e+01
-5.313009825263510777e+01
-1.585437469222677009e+01
-1.960486037818258964e+01
-1.354441770186834759e+01
-4.232639195694359557e+01
-2.037914450073440520e+00
-2.439871693115439300e+01
-3.332685573224075881e+01
-8.999089003456363400e+01
-3.008978497980753275e+01
-2.124683798728498019e+01
-7.647067513621442458e+01
-1.759889748191231362e+01
-2.287100940361224488e+01
-4.076036006752111973e+00
-1.268427026910183386e+01
-2.562949515158464564e+01
-2.395160033498425634e+01
-1.691866883292094315e+01
-1.131971692345378813e+02
-1.888750285844633225e+00
-1.700551079923371489e+01
-1.700551079923371489e+01
-3.250631700106845301e+01
-1.283796891227108716e+01
-3.008978497980753275e+01
-2.303910172948325297e+01
-1.023246249269402597e+02
-5.620963998293991892e+01
-3.480369560394429129e+01
-4.396639288937531376e+01
-5.620963998293991892e+01
-3.036511475671527904e+01
-2.279996433474863693e+01
-1.700551079923371489e+01
-3.423293485740768460e+01
-8.433048531967610728e+00
-1.665473686210751936e+01
-1.298474370733966410e+01
-5.292735420116574829e+00
-2.395160033498425634e+01
-5.218553754670076472e+01
-1.444728516446553357e+01
-3.008978497980753275e+01
-7.724413891338560489e+00
-1.585437469222677009e+01
-3.160015529703862214e+01
-3.160015529703862214e+01
-1.355695226415139487e+01
-1.157507644617759155e+02
-1.285380377693488896e+00
-1.603971620219335747e+01
-9.235380127814403295e+01
-4.709935884793285510e+00
-4.638697407913767279e+00
-4.881121620042367226e+01
-1.137064071356012107e+01
-2.461312267480063909e+01
-2.461312267480063909e+01
-7.290354459171897616e+00
-7.193346541952401196e+01
-5.292735420116574829e+00
-6.878799380820321829e+00
-5.337267315537305024e+01
-1.150548714875186818e+02
-3.332685573224075881e+01
-3.787826819641300347e+01
-3.036511475671527904e+01
-6.842502409360179172e+01
-1.355695226415139487e+01
-8.234115801777242893e+00
-3.990660547675736325e+01
-5.325960636542865245e+01
-4.048149196487132429e+01
-5.292735420116574829e+00
-7.495960680902504691e+01
-9.407182496135564520e+01
-1.404441770186834759e+01
-2.530841656984549104e+00
-2.158037997632383664e+01
-5.160249016281127865e+01
-2.982154739242681885e+01
-3.855924214279920648e+01
-3.332685573224075881e+01
-3.922262475543037397e+01
-1.488951835055538808e+01
-5.003249620171254719e+01
-5.066041925023250769e+01
-6.878799380820321829e+00
-4.132693774053592506e+01
-7.706228561067504756e+00
-3.866419622185861726e+01
-1.839069836304002337e+01
-1.285380377693488896e+00
-7.893114578223224953e+01
-6.723457844172720854e+01
-3.644891517548818172e+01
-2.562949515158464564e+01
-8.276676495533429545e+00
-3.939567994997815958e+01
-3.054579105220657098e+01
-7.893114578223224953e+01
-1.209059512255501190e+01
-3.939567994997815958e+01
-1.807717567468483821e+01
-1.793012138573240222e+01
-5.568869675083277571e+01
-2.636863283937667291e+01
-6.224307799311901590e+00
-9.698732713898057511e+01
-4.262790314896097499e+00
-4.250085397590142122e+01
-7.193346541952401196e+01
-2.279996433474863693e+01
-1.700551079923371489e+01
-4.048149196487132429e+01
-2.309993431069720771e+00
-4.513650699145280498e+00
-1.700551079923371489e+01
-1.440282705389492435e+01
-4.787938570056114429e+01
-1.160707101597419211e+01
-5.259158595150529436e+01
-1.585437469222677009e+01
-7.202555498640361265e+00
-1.665525327202569628e+01
-6.525699210665098349e+01
-4.709935884793285510e+00
-7.518929889666790700e+01
-1.880626291616864521e+01
-3.676138051217714775e+01
-3.623085128713287872e+01
-4.232639195694359557e+01
-8.369881245309299800e+01
-4.881121620042367226e+01
-1.779075494805546498e+01
-4.488795583030729119e+01
-1.533763720356117233e+01
-8.234115801777242893e+00
-8.433048531967610728e+00
-3.900287213431349187e+01
-2.199972559768492530e+01
-7.150160631750701157e+00
-1.283796891227108716e+01
-3.351294976031900319e+01
-8.433048531967610728e+00
-1.450785295601324876e+01
-1.960486037818258964e+01
-6.878799380820321829e+00
-3.691070427472418913e+01
-3.426880419101843245e+01
-2.395160033498425634e+01
-5.218553754670076472e+01
-3.160015529703862214e+01
-8.433048531967610728e+00
-3.754798934163975588e+00
-4.643034221083709667e+00
-1.060666820026144919e+01
-7.150160631750701157e+00
-4.968250000635103447e+01
-3.475277149090649687e+01
-9.346312867464099838e+01
-6.878799380820321829e+00
-5.620963998293991892e+01
-8.234115801777242893e+00
-1.880416855031606360e+01
-8.849751408310805090e+00
-8.234115801777242893e+00
-2.548380424609324990e+01
-2.484965539075128405e+01
-4.851826080180018863e+01
-9.228711391592386803e+01
-3.076435523699395347e+01
-4.411467614022797079e+01
-3.416727544078736400e+01
-3.787826819641300347e+01
-4.709935884793285510e+00
-3.036511475671527904e+01
-3.316916972865115554e+01
-1.029591444674548839e+01
-4.337451642270812613e+01
-2.764689945991481324e+00
-7.098663577285762472e+00
-2.395160033498425634e+01
-9.352758253060613924e+01
-5.519169276875915386e+01
-6.530562987721669543e+00
-4.996328167616617577e+01
-6.878799380820321829e+00
-3.666137669975111635e+01
-3.488870474297505808e+01
-1.090928172405848784e+01
-2.986361429208671936e+01
-4.155419199746316394e+01
-2.750850172821113659e+00
-3.622912440236862608e+01
-7.517330839466932701e+00
-3.237253904558043871e+01
-2.309993431069720771e+00
-9.227507102976940701e+01
-5.051537026500812999e+01
-1.585437469222677009e+01
-4.795108288575923439e+01
-3.695999841036683620e+01
-1.960486037818258964e+01
-2.990690678022250637e+01
-1.759889748191231362e+01
-4.382394631923301631e+01
-3.900287213431349187e+01
-2.466630427499669054e+01
-9.359627976523582049e+01
-5.688363218196425208e+00
-8.165009189858440664e+01
-1.132910075305079403e+02
-1.131971692345378813e+02
-2.441583557284068462e+01
-9.182757729552433545e+01
-1.759889748191231362e+01
-1.114370694670264328e+01
-7.724413891338560489e+00
-1.289137268928712388e+00
-3.856224891773999275e+01
-2.279996433474863693e+01
-1.432966260617224918e+01
-5.535854012772684740e+00
-2.279996433474863693e+01
-5.292735420116574829e+00
-5.049968392027439279e+01
-1.224506326103114873e+01
-7.517330839466932701e+00
-2.449527188911975983e+01
-3.879983113734497380e+01
-2.199972559768492530e+01
-4.513650699145280498e+00
-1.960486037818258964e+01
-6.525699210665098349e+01
-2.395160033498425634e+01
-4.822380603065558091e+01
-6.525699210665098349e+01
-2.199972559768492530e+01
-1.823592932181422910e+01
-3.160015529703862214e+01
-5.051537026500812999e+01
-4.534808576375695566e+01
-9.496065143942151110e+01
-4.149827794563680783e+00
-3.637164365932878241e+01
-1.080355821567624730e+01
-6.196901471899476377e+01
-2.562949515158464564e+01
-3.594070715002307281e+01
-3.812635102925028718e+01
-7.451320559304983249e+01
-1.134948606539707896e+02
-3.997379004818440507e+01
-5.160249016281127865e+01
-6.773157767334386392e+01
-7.724413891338560489e+00
-1.739233032842129134e+01
-1.677027352645972869e+01
-5.231780427704181591e+01
-6.878799380820321829e+00
-1.421413759807870392e+01
-3.426880419101843245e+01
-3.545008071839681207e+01
-7.451320559304983249e+01
-1.238069972232255651e+02
-2.560679707050834253e+01
-1.736678768592672739e+01
-2.764689945991481324e+00
-4.429607936364010357e+01
-1.328608776527688207e+01
-3.787826819641300347e+01
-4.709935884793285510e+00
-9.229974378951770575e+01
-2.091920621498299582e+01
-1.488951835055538808e+01
-3.545008071839681207e+01
-4.709935884793285510e+00
-2.620552788945589739e+01
-3.519866144467829372e+01
-3.714088981779688936e+01
-7.517330839466932701e+00
-2.389627129344374978e+01
-6.525699210665098349e+01
-2.130386897560180159e+01
-1.289137268928712388e+00
-2.377006656898510428e+01
-1.620661800910173511e+01
-1.759889748191231362e+01
-7.590518550866971736e+01
-3.254545489044897266e+00
-2.112839377427400933e+01
-5.003249620171254719e+01
-3.316916972865115554e+01
-7.478145461285505746e+01
-1.999764327405102193e+01
-3.787826819641300347e+01
-6.525699210665098349e+01
-1.888750285844633225e+00
-7.193346541952401196e+01
-5.307833997865097331e+01
-1.120832509912149888e+01
-2.542355803866228214e+01
-4.709935884793285510e+00
-7.150160631750701157e+00
-5.184436018911562627e+01
-3.416727544078736400e+01
-1.759889748191231362e+01
-9.199539836264142423e+01
-1.130467418009649947e+02
-3.386097250956522942e+01
-9.380012686648723275e+01
-5.046450035681820623e+01
-7.451320559304983249e+01
-4.167452827451876374e+01
-3.316916972865115554e+01
-4.709935884793285510e+00
-2.562949515158464564e+01
-1.719090431203725302e+02
-6.539240566800781806e+00
-7.451320559304983249e+01
-6.287069941332294576e+00
-4.968250000635103447e+01
-2.279996433474863693e+01
-3.856224891773999275e+01
-2.303910172948325297e+01
-1.404441770186834759e+01
-3.160015529703862214e+01
-2.606021464962261547e+01
-2.154082087407881829e+01
-2.491041124887088642e+01
-5.292735420116574829e+00
-2.130386897560180159e+01
-5.438170667815544590e+00
-3.754798934163975588e+00
-1.700551079923371489e+01
-9.649325106338721980e+00
-8.423466911475900076e+01
-5.284977382710997773e+01
-3.740068745349622503e+01
-6.878799380820321829e+00
-2.399235962772322495e+01
-2.279996433474863693e+01
-3.332685573224075881e+01
-3.008978497980753275e+01
-7.724413891338560489e+00
-1.848018886796480587e+01
-1.490994308170714078e+01
-2.189030044974759193e+01
-2.309993431069720771e+00
-3.463258970770903744e+01
-2.199972559768492530e+01
-9.245197744979455479e+01
-3.856224891773999275e+01
-1.888750285844633225e+00
-3.160015529703862214e+01
-2.562949515158464564e+01
-1.789203992316293323e+01
-1.289137268928712388e+00
-3.545008071839681207e+01
-3.332685573224075881e+01
-2.348991399001268832e+01
-6.669864886473856558e+00
-1.888750285844633225e+00
-1.759889748191231362e+01
-3.160015529703862214e+01
-5.535854012772684740e+00
-2.562949515158464564e+01
-5.298509755760544948e+00
-6.706765656402104980e+01
-3.922262475543037397e+01
-1.289137268928712388e+00
-2.130386897560180159e+01
-9.286010103414866990e+01
-3.844879177412578741e+01
-1.114370694670264328e+01
-7.334846004970567890e+01
-5.051537026500812999e+01
-5.062932939553635237e+01
-2.389627129344374978e+01
-3.224094714902566494e+00
-2.309993431069720771e+00
-2.199972559768492530e+01
-2.416803289564981227e+01
-3.510338497242744893e+01
-4.421715738964493880e+00
-9.836636470544259936e+00
-5.160249016281127865e+01
-3.551199781756716334e+01
-1.186374087527988408e+01
-4.139377785813735500e+00
-5.125165995329463442e+01
-2.309993431069720771e+00
-2.321201219106807301e+01
-3.571519656348542071e+01
-9.941470790029118376e+00
-2.249972559768492530e+01
-1.743918342962789225e+01
-1.285380377693488896e+00
-5.292735420116574829e+00
-4.043418149888272950e+01
-1.022326017745063496e+02
-2.845953963748374349e+01
-1.419781236660887913e+01
-1.512571430564348063e+01
-5.253861123801310384e+01
-3.844879177412578741e+01
-2.292100777327125982e+01
-6.308378287196415357e+00
-3.933893993802503530e+01
-6.758818330294725740e+01
-1.138979929345916133e+02
-9.177982368920480383e+01
-4.288834734968578744e+01
-5.292735420116574829e+00
-3.841367152462223089e+01
-1.698784336668478900e+01
-4.488795583030729119e+01
-2.894205135115475258e+01
-3.676303775158838505e+01
-8.433048531967610728e+00
-3.841367152462223089e+01
-1.420648951358012368e+01
-1.289868480674482853e+01
-1.005223264820733320e+01
-1.355695226415139487e+01
-8.096970475134983758e+01
-2.309993431069720771e+00
-1.569237797705646642e+01
-3.754798934163975588e+00
-9.175323175136689713e+01
-1.585437469222677009e+01
-3.160015529703862214e+01
-1.185975282585456370e+01
-6.758818330294725740e+01
-4.068938603915474062e+01
-3.856224891773999275e+01
-3.657101655676220986e+01
-1.324130028385955526e+01
-4.412251979658546475e+01
-3.797218581752705546e+00
-2.039308220868348442e+01
-7.999105638730569012e+00
-3.223367751403245052e+01
-1.877994661791449360e+01
-6.788903817009318686e+01
-7.779841946473739256e+01
-9.342206702155101539e+01
-3.776384006079553046e+01
-3.138346137642031408e+01
-3.071431053627662422e+01
-8.418689728372018521e+01
-1.960486037818258964e+01
-1.355695226415139487e+01
-1.285380377693488896e+00
-4.941539738271579552e+00
-1.249114574709814462e+01
-3.844879177412578741e+01
-9.283248959571587022e+00
-5.427113905679095751e+01
-5.597554012952719660e+01
-1.102279285807095377e+01
-8.433048531967610728e+00
-2.389627129344374978e+01
-2.395160033498425634e+01
-1.845298835382960334e+01
-7.517330839466932701e+00
-3.036511475671527904e+01
-1.691866883292094315e+01
-9.941470790029118376e+00
-5.761073070404378882e-01
-9.941470790029118376e+00
-3.071431053627662422e+01
-2.395160033498425634e+01
-5.371002142143420599e+01
-2.623333911908226312e+01
-3.545008071839681207e+01
-2.279996433474863693e+01
-2.309993431069720771e+00
-3.332685573224075881e+01
-2.377006656898510428e+01
-3.510338497242744893e+01
-1.129673543842926975e+01
-2.395160033498425634e+01
-3.008978497980753275e+01
-2.479202004353075139e+01
-1.355695226415139487e+01
-3.754798934163975588e+00
-1.289137268928712388e+00
-2.395160033498425634e+01
-3.036511475671527904e+01
-2.100253454947212362e+01
-4.329643800388715391e+01
-4.537173021422425734e+01
-1.887155046144188830e+01
-3.588422984647372971e+00
-3.844879177412578741e+01
-3.686725644892538156e+01
-3.245700541943847384e+01
-3.160015529703862214e+01
-2.395160033498425634e+01
-3.545008071839681207e+01
-6.758818330294725740e+01
-1.570836509617332055e+01
-7.378799380820321829e+00
-1.620661800910173511e+01
-4.337451642270812613e+01
-4.643034221083709667e+00
-5.292735420116574829e+00
-4.421715738964493880e+00
-6.665271024487843476e+01
-5.535854012772684740e+00
-3.655669692348497790e+01
-3.688238098785824803e+01
-5.761073070404378882e-01
-3.332685573224075881e+01
-2.130386897560180159e+01
-4.232639195694359557e+01
-1.325554957582019000e+01
-3.328080463877324746e+01
-2.039308220868348442e+01
-3.856224891773999275e+01
-3.036511475671527904e+01
-3.071431053627662422e+01
-5.620963998293991892e+01
-8.198373064092604068e+01
-2.894205135115475258e+01
-5.218553754670076472e+01
-6.758818330294725740e+01
-1.283796891227108716e+01
-3.301714401459149428e+01
-2.074901999295112631e+01
-4.712047138126983725e+01
-5.051537026500812999e+01
-5.516068868811771608e+01
-2.279996433474863693e+01
-3.810578216868583468e+01
-8.433048531967610728e+00
-6.878799380820321829e+00
-4.048149196487132429e+01
-2.377006656898510428e+01
-7.517330839466932701e+00
-2.395160033498425634e+01
-2.377006656898510428e+01
-5.218553754670076472e+01
-7.893114578223224953e+01
-1.297165194413265965e+01
-1.169618559032640093e+02
-2.634512097959425247e+01
-1.960486037818258964e+01
-1.332206841608117642e+01
-1.355695226415139487e+01
-3.901036777074578765e+01
-6.883265697193220234e+00
-9.790122205645678832e+01
-1.170791154469467088e+01
-2.845953963748374349e+01
-9.698732713898057511e+01
-2.387739998430994248e+01
-3.689175394566099442e+01
-6.061280678911621322e+01
-1.114370694670264328e+01
-1.153840664723861948e+02
-9.941470790029118376e+00
-5.218553754670076472e+01
-8.784654039342189691e+00
-4.144958530715445733e+00
-8.433048531967610728e+00
-1.483883654054509549e+01
-3.574696594279038209e+01
-2.130386897560180159e+01
-9.272318988277521612e+01
-6.560141243674553380e+01
-1.129673543842926975e+01
-3.008978497980753275e+01
-3.844879177412578741e+01
-1.620661800910173511e+01
-4.881121620042367226e+01
-1.729038302430289420e+01
-2.395160033498425634e+01
-2.368059769598383113e+01
-1.759889748191231362e+01
-1.729038302430289420e+01
-1.284991281300438004e+01
-2.779662419077144619e+00
-4.881121620042367226e+01
-3.008978497980753275e+01
-5.260230013504848046e+01
-1.285380377693488896e+00
-1.285380377693488896e+00
-1.759889748191231362e+01
-7.334846004970567890e+01
-3.237253904558043871e+01
-2.212836754721608656e+01
-1.743748695018715011e+01
-7.724413891338560489e+00
-1.888750285844633225e+00
-3.623270777555632094e+00
-5.184436018911562627e+01
-1.729038302430289420e+01
-4.709935884793285510e+00
-3.071431053627662422e+01
-2.562949515158464564e+01
-8.509053303568943250e+01
-2.375164276484754211e+01
-6.042969995288387963e+01
-1.359816505293485278e+01
-3.826487111929715468e+01
-3.509601304988858317e+01
-5.856025295654012552e+01
-5.218553754670076472e+01
-3.332685573224075881e+01
-6.660959075614847791e+00
-1.531328824722639865e+02
-4.643034221083709667e+00
-3.316916972865115554e+01
-2.309993431069720771e+00
-1.739253376654256655e+01
-1.960486037818258964e+01
-1.620661800910173511e+01
-4.446038197619045462e+01
-9.698732713898057511e+01
-1.129673543842926975e+01
-4.488795583030729119e+01
-2.368059769598383113e+01
-4.852981786512874152e+00
-3.580810365797277228e+01
-1.289137268928712388e+00
-2.395160033498425634e+01
-1.999764327405102193e+01
-1.999764327405102193e+01
-8.220440033142824632e+01
-3.282065789858623361e+01
-2.469162950991708172e+01
-1.119491868311146732e+01
-2.513444719163135233e+01
-5.919418164351544220e+00
-8.433048531967610728e+00
-5.292735420116574829e+00
-3.109813484521299642e+01
-3.496636495286227841e+01
-2.279996433474863693e+01
-7.517330839466932701e+00
-3.419813953816816365e+01
-1.355695226415139487e+01
-4.881121620042367226e+01
-1.236489764215733089e+01
-9.974153091584504693e+00
-3.379683742544344227e+01
-3.160015529703862214e+01
-1.473996313179045714e+01
-1.874695304319083888e+01
-2.569839154290745853e+01
-1.743748695018715011e+01
-5.373470587782522045e+01
-1.354441770186834759e+01
-1.185865859524628618e+01
-7.724413891338560489e+00
-6.762451939458198780e+00
-4.832977152693825929e+01
-1.153590332511921872e+02
-4.884180416295795624e+01
-6.821903512641579681e+00
-7.517330839466932701e+00
-4.667070089851459613e+01
-5.620963998293991892e+01
-1.325554957582019000e+01
-3.160015529703862214e+01
-1.453733002055799517e+01
-2.309993431069720771e+00
-4.732748446274293030e+01
-4.421715738964493880e+00
-8.040084510815705698e+01
-4.881121620042367226e+01
-7.624897191589525391e+01
-4.452380961576407969e+01
-2.632755162799151449e+01
-8.184033200463250068e+01
-2.309993431069720771e+00
-4.643034221083709667e+00
-4.643034221083709667e+00
-1.289137268928712388e+00
-1.283796891227108716e+01
-6.525699210665098349e+01
-1.174485429143505399e+01
-6.758818330294725740e+01
-4.742250484699606261e+01
-8.146317537073372250e+00
-1.888750285844633225e+00
-1.325554957582019000e+01
-3.008978497980753275e+01
-3.424796868980246245e+01
-3.179403621139851666e+01
-1.129673543842926975e+01
-7.193346541952401196e+01
-7.517330839466932701e+00
-3.419813953816816365e+01
-5.218553754670076472e+01
-2.199972559768492530e+01
-3.316916972865115554e+01
-7.269726946443587678e+01
-9.312493678550326592e+01
-5.003249620171254719e+01
-4.742250484699606261e+01
-9.312493678550326592e+01
-3.008978497980753275e+01
-4.337451642270812613e+01
-4.232639195694359557e+01
-5.354537649966748347e+01
-3.008978497980753275e+01
-7.665974693167095211e+01
-4.709935884793285510e+00
-3.438792461119636101e+00
-2.972620119370894187e+01
-1.283796891227108716e+01
-3.684832819010313187e+01
-3.316916972865115554e+01
-2.440036667532632109e+01
-3.008978497980753275e+01
-4.941539738271579552e+00
-5.184436018911562627e+01
-7.893114578223224953e+01
-9.164495506859032048e+01
-4.393734079400246628e+01
-5.160249016281127865e+01
-9.319663397070139865e+01
-5.190873442264042126e+00
-3.316916972865115554e+01
-3.237253904558043871e+01
-1.325554957582019000e+01
-3.610101707093458856e+01
-4.288834734968578744e+01
-1.236489764215733089e+01
-8.354240973732080988e+01
-9.878799380820321829e+00
-1.757770351967479527e+01
-6.461763243349505359e+00
-5.218553754670076472e+01
-4.597106751569009475e+01
-3.787826819641300347e+01
-5.620963998293991892e+01
-2.845953963748374349e+01
-3.892625832918470508e+01
-3.844879177412578741e+01
-2.130386897560180159e+01
-9.363880307397831615e+00
-1.960486037818258964e+01
-2.417378789284137142e+01
-8.369115157937346794e+01
-4.742250484699606261e+01
-1.153592704005210976e+02
-1.283796891227108716e+01
-2.440036667532632109e+01
-6.660959075614847791e+00
-1.801850924757099648e+01
-1.999764327405102193e+01
-5.218949727780484693e+01
-5.037691653180721119e+01
-2.130386897560180159e+01
-3.844879177412578741e+01
-4.337451642270812613e+01
-3.071431053627662422e+01
-2.442585932636702495e+01
-5.003249620171254719e+01
-2.059216878255591610e+01
-1.236489764215733089e+01
-3.545008071839681207e+01
-1.581881546484655487e+01
-7.451320559304983249e+01
-4.337451642270812613e+01
-4.396639288937531376e+01
-4.787938570056114429e+01
-1.020945247070303736e+02
-1.743748695018715011e+01
-5.130717114613581487e+01
-1.620661800910173511e+01
-5.292735420116574829e+00
-3.071431053627662422e+01
-4.421715738964493880e+00
-9.151774828061029154e+00
-1.534987944390043069e+01
-7.724413891338560489e+00
-1.662956350065116951e+01
-7.451320559304983249e+01
-3.856224891773999275e+01
-2.542355803866228214e+01
-2.130386897560180159e+01
-4.742250484699606261e+01
-7.724413891338560489e+00
-5.218553754670076472e+01
-1.790113245433548173e+01
-2.582449296392522697e+01
-5.184436018911562627e+01
-3.596832253073007735e+01
-2.158580535123811117e+01
-8.433048531967610728e+00
-2.464429103986881842e+01
-3.265660710967555502e+00
-3.202290237101512105e+01
-5.218553754670076472e+01
-5.050168768156292032e+01
-9.215497865409486167e+01
-1.570836509617332055e+01
-1.577934610934036996e+01
-5.705778908916430225e+01
-5.128169091494645926e+01
-1.355695226415139487e+01
-7.481362910888026363e+01
-3.316916972865115554e+01
-3.934291330492293071e+01
-1.312800122770064704e+01
-6.878799380820321829e+00
-4.144958530715445733e+00
-3.327012104598030362e+01
-8.662494448618693355e+01
-7.683795109021197334e+00
-1.729038302430289420e+01
-4.507081437810565916e+00
-4.396639288937531376e+01
-1.285380377693488896e+00
-1.325554957582019000e+01
-2.368059769598383113e+01
-3.844879177412578741e+01
-3.008978497980753275e+01
-6.585870184094251556e+01
-3.160015529703862214e+01
-4.566226193789029253e+01
-2.440036667532632109e+01
-1.148906504537813689e+01
-3.316916972865115554e+01
-5.003249620171254719e+01
-4.787938570056114429e+01
-3.844879177412578741e+01
-5.379185070791957202e+01
-7.479670831147514320e+01
-6.758818330294725740e+01
-4.643034221083709667e+00
-1.129673543842926975e+01
-3.427293202263957284e+01
-1.283796891227108716e+01
-2.541336141186433650e+01
-7.378799380820321829e+00
-3.637164365932878241e+01
-1.374355264727561377e+01
-2.562949515158464564e+01
-6.814226366313481265e+01
-1.384762180641487817e+01
-3.008978497980753275e+01
-1.838280583506106680e+01
-2.427574295910986635e+01
-6.019944646206610628e+00
-1.739253376654256655e+01
-7.952875899302253515e+01
-9.698732713898057511e+01
-3.460253400834163529e+01
-3.123639856264273007e+01
-7.952875899302253515e+01
-2.440036667532632109e+01
-2.309993431069720771e+00
-3.367210553260447625e+01
-1.759889748191231362e+01
-6.211237294006519249e+00
-9.998265251266576570e+01
-2.110132228484422612e+01
-9.363880307397831615e+00
-1.759889748191231362e+01
-2.440036667532632109e+01
-3.596832253073007735e+01
-8.433048531967610728e+00
-1.355695226415139487e+01
-4.652185122183288968e+01
-3.071431053627662422e+01
-2.864672751051179844e+01
-3.510338497242744893e+01
-1.695525081396766254e+01
-1.236489764215733089e+01
-9.244351721564720492e+01
-9.315188469127539861e+01
-3.008978497980753275e+01
-3.426880419101843245e+01
-1.549282361370796579e+01
-2.367273647262462077e+01
-4.742250484699606261e+01
-8.434147942864123593e+01
-4.414644857844986348e+01
-4.192498671236646146e+01
-7.325644635741957700e+01
-4.837643899211865062e+01
-2.560928298117732282e+01
-1.700551079923371489e+01
-9.840611148323976209e+00
-1.819395448259434289e+01
-3.844879177412578741e+01
-6.758818330294725740e+01
-1.743748695018715011e+01
-3.552085199269257032e+01
-3.857325181607579623e+01
-1.354441770186834759e+01
-6.788903817009318686e+01
-2.161878996910047235e+01
-1.268427026910183386e+01
-2.199972559768492530e+01
-2.130386897560180159e+01
-1.078047718011383793e+01
-2.416325120494604661e+01
-1.862404577175572840e+01
-7.517330839466932701e+00
-1.129673543842926975e+01
-7.193346541952401196e+01
-1.888750285844633225e+00
-6.773157767334386392e+01
-5.559021155069716258e+01
-2.039308220868348442e+01
-6.337852105788485346e+00
-1.129673543842926975e+01
-3.301935391952410725e+01
-3.594619757982601271e+01
-6.878799380820321829e+00
-4.849106952527208847e+01
-3.507877289940346088e+01
-4.227879617278559010e+01
-7.451320559304983249e+01
-2.440892336852055422e+01
-3.882056416531100496e+01
-2.207447955530881600e+01
-1.351538546922590101e+01
-4.892038129492282650e+01
-1.592165824630591686e+01
-7.893114578223224953e+01
-3.160015529703862214e+01
-7.193346541952401196e+01
-7.150160631750701157e+00
-1.620661800910173511e+01
-9.363880307397831615e+00
-9.244351721564720492e+01
-2.562949515158464564e+01
-4.448302338451726712e+01
-6.878799380820321829e+00
-3.036511475671527904e+01
-3.602782158274051483e+01
-1.561858973481589885e+01
-1.729038302430289420e+01
-3.223798327648994899e+01
-1.541368629557806713e+01
-2.845953963748374349e+01
-4.881121620042367226e+01
-4.867169956023000310e+01
-6.758818330294725740e+01
-2.395160033498425634e+01
-1.662956350065116951e+01
-4.421715738964493880e+00
-5.003249620171254719e+01
-6.561254949053954988e+01
-1.129673543842926975e+01
-1.129673543842926975e+01
-3.625914495293002915e+01
-2.774361305552737633e+00
-3.344688066059867992e+01
-8.433048531967610728e+00
-3.160015529703862214e+01
-1.179587699212164864e+01
-4.643034221083709667e+00
-9.283556687243496697e+00
-2.199972559768492530e+01
-2.265505264346069225e+01
-4.048149196487132429e+01
-4.787938570056114429e+01
-4.036721961432003525e+01
-4.742250484699606261e+01
-3.106871298025002304e+01
-1.775957450415306837e+01
-5.252375991443653902e+01
-3.008978497980753275e+01
-3.829074524595392859e+01
-3.123639856264273007e+01
-4.396639288937531376e+01
-3.237253904558043871e+01
-2.395160033498425634e+01
-1.700551079923371489e+01
-3.087292738016164861e+01
-1.999764327405102193e+01
-1.313833942850730807e+01
-2.377006656898510428e+01
-3.545808875152586381e+01
-3.543800454027345381e+01
-2.845953963748374349e+01
-1.121075370890002532e+01
-1.548103751079001356e+01
-2.309993431069720771e+00
-5.667371045935670537e+00
-1.283796891227108716e+01
-1.680068778592610812e+01
-1.285380377693488896e+00
-6.525699210665098349e+01
-4.830672710890745236e+00
-9.336008381014765689e+01
-2.309993431069720771e+00
-7.724413891338560489e+00
-1.620661800910173511e+01
-5.160249016281127865e+01
-8.684271350822861280e+00
-1.552668203030581751e+01
-3.841367152462223089e+01
-9.842032170212998210e+01
-1.680068778592610812e+01
-2.542355803866228214e+01
-4.643034221083709667e+00
-6.525699210665098349e+01
-2.248539409431989711e+01
-2.377006656898510428e+01
-3.844879177412578741e+01
-4.643034221083709667e+00
-5.003249620171254719e+01
-2.553311909429179849e+00
-9.366147305743524498e+00
-3.844879177412578741e+01
-1.743748695018715011e+01
-4.479751342965671057e+01
-2.377006656898510428e+01
-5.412302921372280906e+01
-2.562949515158464564e+01
-3.053618619578263349e+01
-1.888750285844633225e+00
-4.709935884793285510e+00
-1.129673543842926975e+01
-1.868557876242883609e+01
-2.650614072307838143e+01
-1.999764327405102193e+01
-1.301281503136554818e+01
-4.709935884793285510e+00
-3.094130515488015476e+01
-2.389627129344374978e+01
-8.000220308094871768e+01
-5.826226742030225836e+00
-5.051537026500812999e+01
-1.285380377693488896e+00
-1.268427026910183386e+01
-9.312493678550326592e+01
-1.325554957582019000e+01
-3.087292738016164861e+01
-1.009961993978078709e+01
-1.285953007238850532e+01
-5.220424694610309757e+01
-1.325554957582019000e+01
-7.653981417765072592e+01
-3.844879177412578741e+01
-6.337852105788485346e+00
-3.438792461119636101e+00
-6.865663340144873672e+00
-2.199972559768492530e+01
-4.776427289704722057e+01
-3.237253904558043871e+01
-5.224446722323534686e+01
-3.617818152918032126e+01
-6.758818330294725740e+01
-5.761073070404378882e-01
-2.559214034195873566e+01
-1.960486037818258964e+01
-3.008978497980753275e+01
-3.814550448053235243e+01
-1.673140936098451093e+01
-7.483698748640833287e+00
-3.844879177412578741e+01
-4.421715738964493880e+00
-5.761073070404378882e-01
-8.462401143075670262e+00
-1.283796891227108716e+01
-3.597230087686182287e+01
-1.807198325713714482e+01
-4.709935884793285510e+00
-5.620963998293991892e+01
-4.350606989338908903e+01
-2.447886620543279435e+00
-1.570836509617332055e+01
-5.535854012772684740e+00
-8.433048531967610728e+00
-7.942921348960659600e+01
-4.571667376910785663e+01
-4.421715738964493880e+00
-1.703941448459104535e+01
-9.698732713898057511e+01
-3.160015529703862214e+01
-1.435512466269103982e+01
-1.888750285844633225e+00
-1.327126424548042039e+01
-4.461291538337889051e+01
-5.037691653180721119e+01
-4.709935884793285510e+00
-1.960486037818258964e+01
-4.742250484699606261e+01
-3.332685573224075881e+01
-1.354441770186834759e+01
-5.907826829443230565e+00
-4.742250484699606261e+01
-4.742250484699606261e+01
-2.894205135115475258e+01
-5.105754774385781047e+01
-4.523829467576155139e+01
-4.789594893492225225e+01
-8.704360627935148642e+00
-2.309993431069720771e+00
-2.368059769598383113e+01
-3.927083678300431302e+01
-8.160012429380483212e+00
-2.279996433474863693e+01
-1.999764327405102193e+01
-5.051537026500812999e+01
-1.729038302430289420e+01
-1.771887088077573935e+01
-8.010424555970097060e+01
-3.382479866992618867e+01
-4.787938570056114429e+01
-2.787855134107388722e+00
-3.545008071839681207e+01
-2.188936726598901217e+01
-7.724413891338560489e+00
-2.389627129344374978e+01
-3.805600148368372970e+01
-1.001466626114234515e+02
-3.237253904558043871e+01
-1.355695226415139487e+01
-6.226280964067182566e+00
-7.577970931390300535e+00
-3.236360481760613794e+01
-1.584443663158218740e+01
-7.334846004970567890e+01
-1.570836509617332055e+01
-1.989782995228049245e+01
-1.662956350065116951e+01
-8.630092259601408244e+00
-2.568638599132354017e+01
-5.218553754670076472e+01
-1.396507473274868971e+01
-5.907826829443230565e+00
-3.766799982993528317e+01
-3.844879177412578741e+01
-7.334846004970567890e+01
-6.806264863568048895e+01
-4.421715738964493880e+00
-6.758818330294725740e+01
-7.193346541952401196e+01
-6.878799380820321829e+00
-6.525699210665098349e+01
-1.699933383875187687e+01
-4.414644857844986348e+01
-2.436638924092410718e+01
-1.801199314061506485e+01
-2.395160033498425634e+01
-3.008978497980753275e+01
-2.389627129344374978e+01
-9.244351721564720492e+01
-2.309993431069720771e+00
-1.289137268928712388e+00
-2.186689875142229766e+01
-3.901036777074578765e+01
-1.732381503503651743e+01
-2.636863283937667291e+01
-2.279996433474863693e+01
-1.620661800910173511e+01
-1.601963529415003151e+01
-4.068278952330324216e+00
-7.893114578223224953e+01
-2.389627129344374978e+01
-5.766179508042764468e+00
-7.543476853398180992e+01
-2.279996433474863693e+01
-1.361787381050046619e+01
-1.570836509617332055e+01
-3.129341757151708947e+01
-1.888750285844633225e+00
-3.316916972865115554e+01
-7.238914207608331708e+00
-3.581698312141494966e+01
-4.742250484699606261e+01
-2.845953963748374349e+01
-1.888750285844633225e+00
-4.351822195783177705e+01
-2.423803934349506051e+01
-1.285380377693488896e+00
-5.003249620171254719e+01
-1.317285117593944221e+01
-7.451320559304983249e+01
-2.845953963748374349e+01
-5.160249016281127865e+01
-2.389627129344374978e+01
-5.292735420116574829e+00
-1.129673543842926975e+01
-4.881121620042367226e+01
-1.561858973481589885e+01
-1.534987944390043069e+01
-9.423480752375971292e+01
-4.421715738964493880e+00
-1.433952054370673324e+01
-4.722909132066902771e+00
-6.878799380820321829e+00
-4.396639288937531376e+01
-3.617380543695131934e+01
-5.106848812360304635e+01
-5.060732159218657955e+01
-4.467750051152238200e+01
-9.336008381014765689e+01
-3.545008071839681207e+01
-1.571719511649918388e+01
-8.058145087306589005e+01
-4.462670877624763222e+01
-1.129673543842926975e+01
-4.787938570056114429e+01
-8.325116993613144700e+01
-3.050534524994822760e+01
-1.472345013052017038e+00
-4.709935884793285510e+00
-1.394807418037049018e+01
-6.525699210665098349e+01
-3.036511475671527904e+01
-5.624974434546796687e+00
-5.051537026500812999e+01
-8.433048531967610728e+00
-1.354441770186834759e+01
-5.218553754670076472e+01
-3.868307769410356656e+01
-1.667963304843513583e+01
-7.893114578223224953e+01
-3.063799616686774030e+01
-2.637165405347163727e+01
-2.862949515158464564e+01
-3.844879177412578741e+01
-5.471746880774085753e+01
-3.008978497980753275e+01
-2.130386897560180159e+01
-1.759889748191231362e+01
-5.620963998293991892e+01
-3.545008071839681207e+01
-1.460864705352307169e+01
-5.051537026500812999e+01
-3.456218031630253051e+01
-6.074420407149446532e+00
-4.881121620042367226e+01
-2.199972559768492530e+01
-6.758818330294725740e+01
-1.488951835055538808e+01
-1.427064837621976778e+01
-2.845953963748374349e+01
