-9.927439975471139988e+00
-1.302551895365066059e+01
-8.610800750480633425e+00
-1.157032477846076688e+02
-3.754721430136280702e+01
-2.078496560072068888e+01
-9.184413403418529853e+00
-5.801457348155740590e+01
-4.291133437543198426e+01
-7.908142838745743575e+01
-1.922329176997762445e+01
-5.135753294528874591e+01
-1.201934673090041272e+01
-1.177736879402028158e+01
-3.527391958684626161e+01
-3.739038201257418592e+01
-1.532940459943166900e+01
-2.218143300451184174e+01
-2.717816773796470287e+01
-4.284032881747192789e+01
-1.367628189013186102e+01
-1.058434192816572761e+01
-3.269873149738252494e+01
-1.028183162622397973e+01
-2.421359681948602471e+01
-1.124349158315308728e+01
-2.219027914334023421e+01
-3.616504431716190027e+01
-6.213927006568454203e+01
-7.954184160173635121e+01
-1.999775362218402819e+01
-1.269630443148421364e+02
-9.227503485657440052e+00
-2.172767426562824511e+01
-8.383284266013181707e+01
-2.550464482515550557e+01
-3.911998517685720600e+01
-9.996126226240496848e+00
-9.967958980099057342e+00
-9.874417476654757309e+01
-2.275253366907008967e+01
-1.991422025740651236e+01
-1.920531065781036872e+01
-7.533131525727289102e+01
-4.124165393730532259e+01
-3.095773733449459186e+01
-3.604434359104302388e+01
-2.261832266804724867e+01
-1.502043457966695783e+01
-1.375744876359586222e+01
-8.742238287865296797e+01
-1.067037983646822141e+01
-3.112702904077567467e+01
-8.261899888467020503e+01
-3.537705584620666599e+01
-8.226138611916516297e+00
-1.043550676620789730e+01
-1.955705745892144876e+01
-1.439531421400134192e+01
-7.854342697161580844e+00
-2.349221875285479655e+01
-2.004271132886451312e+01
-2.548660861635729447e+01
-4.420112049242337804e+01
-9.344384456061355593e+00
-2.783497468608005576e+01
-6.770810584198630977e+01
-6.983297759494813128e+00
-9.274421761581496071e+01
-1.053231385177487489e+01
-5.277655312871076809e+00
-1.425428135838589938e+01
-7.187936358716439145e+01
-7.698576598945307126e+01
-1.827349585114066599e+01
-2.255885318059513267e+01
-3.347328692816873286e+01
-8.002585468286405046e+01
-6.833765049336214759e+01
-1.729309874716923190e+01
-4.649099161326816443e+01
-9.391438000449776169e+00
-3.831143096382391633e+01
-2.743983980250882126e+01
-3.687892489705320287e+01
-3.828153297435071067e+01
-8.167447282377130691e+00
-8.459532086800489026e+01
-5.794554409601258271e+01
-1.279311932203930802e+01
-8.621966802987552114e+01
-2.650118301888725014e+01
-5.494587121028224175e+01
-8.151992745330773005e+01
-3.593936355594728127e+01
-2.700363137777027234e+01
-5.088417773363191010e+00
-1.673403071342640658e+01
-5.459714998441043576e+01
-6.976823101939046090e+00
-4.756152712243185476e+01
-6.209910501145675710e+01
-2.334059767807944397e+01
-1.110539375771586990e+01
-2.794714658394988405e+01
-2.643668078528945742e+01
-4.493883604709991175e+01
-1.596713205344930486e+01
-8.495242956325135708e+00
-4.297690665496796925e+01
-1.091393695089309546e+01
-3.594686665732483277e+01
-2.428648238422498551e+01
-2.220266281104870032e+01
-8.434448328061947109e+00
-5.656620485573714063e+01
-1.896257094835733881e+01
-7.522136915635302046e+01
-3.418995022698754838e+01
-1.242619025124046850e+01
-4.767745131474407572e+01
-2.709983432946549797e+01
-1.047921220027663658e+01
-1.878262737721655640e+01
-4.498669423796818023e+01
-1.620747085297375634e+01
-3.050385364743660688e+01
-4.856644254861883070e+01
-5.704125369570291326e+01
-8.293287961766388605e+01
-5.385916112747378293e+01
-1.115760760418912234e+01
-3.747357664887114481e+01
-5.932652305327356146e+01
-2.041910637237981874e+01
-4.037047095047758916e+01
-3.119272514619504832e+01
-1.162853325415686356e+02
-1.560629317732563237e+01
-6.769092643205691928e+00
-6.842134110754548715e+01
-1.119810117771501545e+01
-4.613051889513733528e+01
-2.977978146771194545e+01
-3.493264744990044335e+01
-2.453873433471225596e+01
-8.730168836859348858e+00
-1.472985059147028153e+01
-1.149863217667392945e+01
-1.404762350628711509e+01
-1.564908184613771880e+01
-4.053664235871737276e+01
-4.775033793894733947e+01
-5.104638665753820703e+01
-2.018862089213620692e+01
-4.817179171690233908e+00
-6.057014629243568038e+01
-1.046808021610003863e+02
-5.693242824766934262e+01
-1.923649058177110049e+01
-4.652194783544723045e+00
-6.431809127362957845e+00
-1.306259391760112187e+01
-1.192208724632978267e+01
-3.357151506037362765e+01
-3.086810637418238201e+01
-3.114430515074663930e+01
-1.058584668194853684e+01
-8.266480808731506258e+00
-3.127610600995775769e+01
-9.897495823138294568e+00
-8.295895787690746204e+00
-1.829065018086239647e+01
-1.079196050522591435e+02
-1.653467112148018003e+01
-2.536152224783666043e+01
-7.884193728951386504e+01
-4.408755424179252458e+01
-6.628123214573443889e+00
-6.435723107569808477e+00
-6.255727617913510130e+01
-3.104949355498952102e+01
-1.604331717181210948e+01
-1.325636771173616602e+01
-2.611957330245604325e+01
-3.594122011877821166e+01
-4.094046203581584109e+01
-1.538169629247311221e+01
-3.590168789023368845e+01
-3.905068117110398873e+01
-1.373687000322529528e+01
-6.599975063028561806e+01
-1.818248356600093274e+01
-7.334846004970567890e+01
-1.342260958557838713e+01
-2.739054658122943309e+01
-7.699825845323451290e+01
-9.534819283477814267e+00
-3.268261632259235938e+01
-9.206528470158136912e+00
-5.408025475026644813e+01
-1.925278968340577634e+01
-8.876913157826004763e+00
-1.155674492647133000e+01
-8.977704602358391739e+00
-1.193146344338210696e+01
-9.327242789441299919e+00
-3.765621357099451672e+00
-1.054930381652309279e+01
-2.801022529700817554e+00
-2.254268236606129072e+00
-4.303000208676765226e+01
-3.677792655212595463e+01
-1.408275751609770587e+01
-1.468900031303163090e+01
-6.800412674699528282e+01
-2.105069118278928642e+01
-4.211757258526691317e+01
-7.893114578223224953e+01
-4.854963429719492041e+01
-6.696051957300574564e+00
-3.078427392886773362e+01
-3.602987738286772412e+01
-1.247331366044404533e+01
-3.240027305360906951e+01
-7.440334127608169368e+00
-3.606759552213136999e+01
-3.307282925971572496e+01
-2.967117556457248995e+01
-1.177532411692865466e+01
-4.728835150012484689e+01
-1.931471648226971993e+01
-2.362518531372441721e+00
-1.268773039729906316e+01
-7.361041339789660753e+01
-1.426467610466860592e+01
-4.402595806693707914e+01
-2.843846188392443963e+01
-2.889953645636341761e+01
-1.080159011855023721e+01
-4.288824237050051380e+01
-2.065380528676562477e+01
-3.721935588659588490e+01
-3.333460731121732579e+01
-7.198806146404871598e+00
-1.347795272295699220e+01
-1.434889802628159572e+01
-5.802326512088639276e+01
-7.528882603482927038e+01
-7.193346541952401196e+01
-1.684700825086728315e+01
-7.433644102047290403e+01
-3.511137902913834807e+01
-1.944425649015084900e+01
-1.534554747204841263e+01
-3.714028347071014924e+00
-6.341494036874125584e+01
-1.248145682489206898e+01
-3.259980723195053542e+01
-1.302153470893311393e+01
-1.137915578835364983e+01
-6.576510112870818325e+00
-9.941685453680420892e+00
-8.781220879432840576e+00
-1.099640788471096187e+01
-5.876570706771697417e+01
-5.320439112838305107e+01
-1.198534439079464065e+01
-9.984890142648508160e+00
-4.206064964311168808e+01
-4.607827571464992999e+00
-6.665189419736658571e+00
-3.072358035400382548e+01
-2.228410013391819433e+00
-4.770219967943107520e+01
-3.838015894547854856e+01
-3.202405141610665851e+01
-6.128871618421970702e+00
-1.014579557312377318e+02
-5.395166352603082061e+01
-3.650270076850941336e+01
-4.984802082307854221e+01
-3.222522466290124044e+01
-8.541981814806714368e+00
-3.691305305473085951e+01
-3.787877133818400921e+01
-1.086386882266391396e+01
-1.552206634664054086e+01
-4.465224284041981662e+01
-3.372454759877084030e+01
-5.620963998293991892e+01
-1.315620232300542547e+01
-1.513087864488086254e+01
-4.347708864446033061e+01
-1.208704039784398532e+01
-2.112959990468068927e+00
-6.219873753221604318e+01
-6.395116484701208748e+01
-3.654775011317860844e+01
-7.326662064258242424e+01
-4.740535572359592464e+01
-5.440962309817853892e+00
-2.114149458835719031e+01
-6.694974808810147948e+00
-5.280264422565530680e+01
-5.772980648709502560e+00
-7.893114578223224953e+01
-2.185544722120035033e+01
-5.094642972551017124e+01
-1.516319760400286043e+01
-1.271898939388921690e+01
-1.596686191828909251e+01
-3.270734975738049854e+01
-2.246023125604618897e+01
-2.658519268635160415e+01
-7.893114578223224953e+01
-3.541770079591322684e+01
-2.315364145266065421e+01
-6.945634656449543698e+00
-4.247389457180717898e+01
-4.078754225714972925e+00
-1.363093650275219026e+01
-4.359061907616510467e+00
-1.369332727671936389e+01
-6.613800367034198757e+01
-4.307531200941168947e+01
-6.746586223934913917e+00
-4.399586372474588281e+00
-1.487770384938363222e+01
-5.620963998293991892e+01
-4.143635453580479577e+01
-1.701806539244436145e+00
-2.485861325171870462e+01
-7.264168372304466992e+00
-1.049258286434596243e+02
-2.968885830257710978e+01
-8.561857114488348941e+01
-4.062131197000081784e+01
-1.700441558439828782e+01
-5.620963998293991892e+01
-4.722535856272818933e+01
-3.514702440604965261e+01
-2.004765855770874339e+01
-1.958998164619942273e+01
-2.190309338000963280e+00
-7.193346541952401196e+01
-2.088075765807897000e+01
-4.110007559122565546e+00
-1.591954898795223450e+01
-4.941539738271579552e+00
-5.399108241395984464e+01
-6.614224853622039291e+01
-1.029673554130441104e+01
-1.767212037988833417e+00
-7.155274915955787662e+01
-9.842975251796151070e+00
-2.077143621018993969e+01
-3.036511475671527904e+01
-3.465971577977396123e+01
-1.711993352189188577e+00
-1.303249111778998159e+00
-7.460024886264542943e+01
-4.133364316084204404e+01
-2.962167364256544921e+00
-3.979300932513910283e+01
-3.215294081548815086e+01
-9.029432619961463402e+00
-1.775661257742066468e+01
-8.965460137234353510e+01
-7.893114578223224953e+01
-1.034946966451382977e+01
-2.199972559768492530e+01
-1.115994469733766081e+01
-6.313262940376375809e+01
-2.364297596716326311e+01
-1.397026892219297523e+01
-5.620963998293991892e+01
-2.660951244492458123e+00
-1.324538282414172485e+01
-1.580650761639249247e+01
-1.444976708558926504e+01
-1.705887453989781477e+01
-4.369536131045801142e+01
-3.588111597277622877e+01
-1.472245873814745210e+01
-1.743561325376712290e+01
-2.132421647385989516e+01
-4.941539738271579552e+00
-4.270033643606960361e+00
-2.175177241229093283e+01
-2.411035907122996846e+01
-7.189981621443470772e+01
-1.799044845546662685e+01
-2.780387305325306713e+01
-3.911933067577166412e+01
-2.279996433474863693e+01
-2.109583358536054121e+01
-1.241814969494225984e+01
-1.346085901935483520e+01
-1.600656281274708448e+01
-2.956419621972014866e+01
-1.682251855293154108e+01
-5.620963998293991892e+01
-3.268522602798466892e+01
-2.673201730639762630e+01
-8.377418843526558589e+01
-1.892436801143339409e+01
-3.316916972865115554e+01
-2.289996433474863835e+01
-2.679825421990680567e+01
-1.616521134397547144e+01
-1.087551422791378952e+00
-3.354886958224840043e+01
-8.204572596741888546e+00
-4.831694757301630005e+00
-1.664081045787560953e+01
-3.273455885914052033e+01
-5.051537026500812999e+01
-4.250141977434189045e+01
-2.279996433474863693e+01
-7.193346541952401196e+01
-1.011829669116531605e+01
-2.880831681862844107e+01
-1.837862705199920654e+01
-5.755981393787563682e+00
-2.597440478899927907e+00
-5.503252261728773576e+00
-2.085918049810066321e+01
-5.329285532976103923e+01
-5.223079764418915083e+00
-9.970192496589955766e+00
-1.161819256435134839e+01
-4.803085928571731955e+01
-5.620963998293991892e+01
-1.174305838631102539e+01
-3.735819034023663221e+01
-4.472756979880057315e+01
-2.826776201648575082e+01
-3.135889086992740715e+01
-1.223974515872827418e+01
-3.280861045090714079e+00
-1.013794770818796565e+01
-3.835444379580685847e+01
-1.287366746408652318e+01
-6.543479355265817787e+01
-1.278398397577845103e+01
-1.224443670979454701e+01
-3.403397239841969224e+01
-1.212751840610905596e+01
-6.762648340144037817e+00
-5.655841716408467335e+01
-8.779760361857983142e+00
-3.406251306366931431e+01
-7.797857979264746220e+00
-2.830955043817257888e+01
-1.624710575008887936e+00
-2.741827102106840641e+01
-2.332014281494283026e+01
-3.036511475671527904e+01
-4.375564461963358553e+01
-4.589879464124524588e+01
-4.956866782902579160e+01
-7.316979214423779965e+00
-2.903231324331817476e+01
-1.512076276896511473e+01
-1.939681124972732817e+01
-2.659185943537784524e+01
-4.384831944427924100e+01
-5.588386225157262466e+00
-1.190527895766158473e+01
-1.074425661084934234e+02
-7.304660032055795682e+01
-3.379703368932423757e+01
-1.952911361095394582e+01
-5.665437145013157760e+00
-1.034841234056851711e+01
-6.797852984974146473e+00
-4.921707481123485550e+00
-7.797857979264746220e+00
-4.450925365905352749e+01
-2.538240577830258360e+01
-1.364441770186834724e+01
-4.904635816817612692e+01
-2.747614271326418134e+01
-7.771725392655147502e+00
-4.375497463636054363e+01
-2.759687328908073667e+01
-9.532038927532271444e+00
-2.727914039811156854e+01
-1.361452548543247154e+01
-6.035597571989074339e+01
-2.176522760193113015e+01
-2.190723011080643090e+01
-1.314206256712603071e+01
-4.379662816658141367e+01
-1.268824203907505321e+01
-2.681472667377453689e+01
-1.113525595419894465e+01
-1.977898399149850306e+01
-4.192308817383251096e+01
-3.099279848271759263e+01
-5.837023555544421427e+00
-9.918186906516247348e+00
-3.618210812363204809e+01
-9.813215247596552615e+00
-5.439623595968950731e+00
-1.822698290441871549e+01
-5.141121510753546175e+00
-2.406447565282143586e+01
-7.829939221786091252e+00
-4.609906220267431820e+01
-1.258273702038259323e+01
-8.771968402432085199e+00
-9.748505112578483178e+00
-4.801950194819313111e+01
-1.249931668140622065e+01
-1.699730885091546284e+01
-5.153596498027362571e+01
-1.122267111232079984e+01
-4.920301708155123777e+01
-5.777495223737586727e+00
-1.806792486468605219e+01
-1.905929864044088706e+00
-4.718336713072875455e+01
-1.194145708307777376e+01
-3.928238971816774949e+01
-2.044896687095974386e+01
-2.018438963053487356e+00
-3.049167066878909083e+01
-3.350260518976561031e+01
-3.128270646870802096e+01
-3.172671120911243747e+01
-2.759207968406422751e+01
-4.769664788451024151e+01
-5.594362130336095085e+00
-6.733184549623652870e+00
-9.711388305105438690e+01
-2.240435282332969891e+01
-2.199972559768492530e+01
-4.250244712443797823e+01
-1.367194906413333477e+01
-1.248788001473461406e+01
-2.661491847197035199e+01
-6.988136308287629106e+00
-1.764550401109962419e+00
-1.710474395692885619e+00
-2.821299220343645686e+01
-6.890009534067660368e+00
-4.695434461055191022e+00
-4.681570362723240919e+01
-7.362689710877370430e+01
-5.209857209394186839e+00
-1.557507317928139656e+01
-8.409800655261898683e+00
-4.194756851013971755e+01
-4.205892288937516099e+01
-5.013804056025198008e+01
-1.013591753538986211e+02
-6.978799380820321474e+00
-1.707419618597429434e+01
-4.498269267797542170e+01
-4.227566272230540534e+01
-2.219849425836155987e+01
-2.279104329876877344e+01
-1.663725939705109180e+00
-6.087889964996707448e+01
-7.529915269931859001e+00
-4.114681383411928550e+01
-4.985341393270158505e+01
-5.915121832429987236e+00
-3.132357401386595086e+01
-4.513488704892960612e+01
-1.364441770186834724e+01
-1.384614983200046190e+01
-8.274443546021677776e+01
-1.045805045185558129e+02
-6.074763322893783624e+01
-5.051537026500812999e+01
-1.664081045787560953e+01
-1.201129321097386793e+01
-4.042143883240885316e+01
-1.354441770186834759e+01
-4.971078402978809763e+00
-9.748505112578483178e+00
-1.669104110124176543e+01
-1.488951835055538808e+01
-8.630132919040457651e+00
-4.923174316192893585e+00
-5.292735420116574829e+00
-4.235162428559319636e+01
-2.705376887582502121e+01
-4.881121620042367226e+01
-1.286218287307089803e+01
-3.394822154403977521e+01
-3.532810567029137871e+01
-5.064192617708194888e+01
-1.641664625830363988e+01
-3.686813790335836671e+01
-2.931192589946550697e+01
-3.706064585775437337e+01
-1.521718072065425886e+01
-2.424041913182859886e+01
-4.099745687376531578e+01
-4.319306745402400338e+01
-9.915089942175829663e+01
-4.524315715697789386e+01
-4.787938570056114429e+01
-9.726576419804860052e+01
-8.577205453147076497e+00
-6.252286614701748135e+01
-3.944762590068741748e+00
-2.669903083510562780e+01
-5.836224670136383708e+01
-7.362689710877370430e+01
-1.031894369634958153e+01
-2.644213857038239368e+01
-6.577527734123550296e+00
-9.596714918884542200e+00
-3.394903361639657646e+01
-5.353590624256993280e+00
-7.905770169430606131e+01
-1.313289329206732781e+01
-7.221190247859203737e+01
-3.903102535201670520e+01
-1.491262701640274457e+01
-4.155951411294483933e+01
-2.789484059061931021e+01
-1.486525716256249297e+01
-4.366102544323912582e+01
-5.218502125651378165e+00
-1.989751300162039627e+01
-7.221190247859203737e+01
-1.200966823981584675e+01
-1.184189061553434286e+01
-7.067752327269527512e+00
-1.527643507498907383e+01
-6.719563826457468281e+01
-5.552048226746173931e+00
-2.066508541943759170e+01
-3.372195600774070101e+01
-4.556891110592763994e+01
-7.544720231503248442e+00
-5.092293005455350396e+01
-4.232330707917411416e+01
-9.785131958864836577e+01
-7.626412048343087946e+00
-1.267751411491608771e+01
-1.700610360065152804e+01
-1.944359722773977950e+01
-2.139555665842274124e+01
-3.402911304732457154e+01
-3.491826786697649965e+01
-5.588386225157262466e+00
-5.188092722187931116e+01
-4.532442866100079470e+01
-9.124115586766539110e+00
-8.121525337354199570e-01
-3.187859235610665465e+01
-1.597593763315875037e+01
-7.034060933716943076e+00
-2.644360643594774629e+01
-6.479304051998440173e+00
-1.455602440216157589e+00
-1.722375086575082648e+01
-2.536361689715525358e+01
-2.392023855557249590e+01
-4.810891671324149144e+01
-2.409577153655317971e+01
-1.033080633529040604e+01
-1.201695992381210054e+01
-2.281966180111540510e+01
-3.749945104138276264e+01
-3.126262940842522298e+01
-8.869780667376742755e+00
-1.562654847227130661e+00
-3.036511475671527904e+01
-3.425790539119000755e+01
-7.193346541952401196e+01
-3.284855549601466862e+01
-1.555237432744535120e+01
-2.168885428704091467e+01
-1.160312905797919569e+01
-4.864141601746872823e+01
-8.521025367883238744e+01
-3.954928704993117350e+01
-6.889522658293833501e+01
-1.626792010904680552e+01
-1.835492431253019063e+01
-2.172215760490495029e+01
-7.329051160181741409e+00
-8.613972421250834088e+01
-5.160249016281127865e+01
-3.412315811628495954e+00
-3.219735052124975994e+01
-7.036922296621767714e+01
-2.289585553647039973e+01
-8.386018687309108088e+01
-2.072781177894253091e+01
-3.336122766684287200e+01
-4.151699741242910591e+01
-3.403700213265489083e+01
-1.939578401571933952e+01
-5.712143522555829378e+01
-2.511900015824316768e+01
-7.276851198449411307e+00
-2.329542272152913540e+01
-9.152195427471522748e+01
-1.089888580250029015e+01
-4.630419281090892270e+01
-4.279819102055290614e+01
-2.662949515158465985e+01
-8.670404963627218464e+00
-4.668668856094272179e+00
-5.074977714916381188e+01
-6.371587865095181158e+00
-8.900687775024005433e+00
-1.231280725199070503e+01
-5.430937411737310150e+00
-4.981653045474655528e+01
-3.593932185157702186e+00
-8.650118011612133273e+01
-8.241951476776669949e+00
-4.289126613508511099e+01
-1.126902903123236754e+01
-3.631818892180540104e+01
-1.911951225671241517e+01
-2.076930507437590023e+01
-3.390502478201401715e+01
-1.632818095003370829e+01
-4.647002441020978836e+01
-2.843728200839891684e+01
-1.729039869791452588e+01
-1.392698969230355210e+01
-9.698732713898057511e+01
-1.112287590923930338e+02
-1.854431400779805017e+01
-2.492987559062770231e+01
-5.971549334626988781e+01
-1.262243504511876324e+01
-2.884721937581256057e+01
-2.301552192401748087e+01
-3.543703734686643259e+01
-2.578932311048298942e+01
-8.513744961363826746e+01
-2.084602120617751808e+01
-1.004543120984517657e+01
-7.893114578223224953e+01
-5.204909633250676393e+01
-3.087210553260447909e+01
-1.947923951576883184e+01
-4.875939856365904035e+01
-2.409971963422505681e+01
-7.382586534931228073e+00
-4.584728163753390362e+01
-7.077318896967159390e+01
-5.988910313479537173e+00
-6.863991658796712159e+01
-3.293629522197227288e+01
-8.883178667376578019e+00
-1.306298160141271758e+01
-1.459475941119580256e+01
-2.425160033498425705e+01
-2.471507465278788018e+01
-3.316916972865115554e+01
-2.845953963748374349e+01
-9.083851787112854481e+01
-4.545329296560042565e+01
-7.903671118010107577e+00
-1.453316044175701016e+01
-3.856224891773999275e+01
-8.088376603453980351e+00
-1.021727462563648743e+02
-1.332254984442460000e+01
-1.077900534740111738e+01
-1.283796891227108716e+01
-2.982583584520758890e+01
-1.191350802207965387e+01
-4.881121620042367226e+01
-2.325367228960398336e+01
-3.160015529703862214e+01
-9.358867775475007988e+01
-2.130386897560180159e+01
-5.051537026500812999e+01
-3.036511475671527904e+01
-1.875522804394742593e+01
-4.667113499194904591e+01
-4.151054398359730335e+00
-5.606923684370934780e+01
-7.041292389845482447e+00
-5.330626143495941882e+00
-1.798476932714329379e+01
-3.616355282017889294e+01
-1.896367896400025188e+01
-1.176671465724534755e+02
-4.440492686562151903e+01
-3.450139395751234872e+01
-5.485732793094634907e+00
-1.241035136975034803e+01
-8.999150185147499315e+00
-7.334846004970567890e+01
-4.072218915558446284e+00
-2.800814992757871735e+01
-3.821070312433372607e+01
-3.651068327384410850e+01
-3.253243337329891016e+00
-7.371449384118011494e+01
-3.585863137248508536e+01
-3.337486244682937198e+00
-5.059781422126278017e+01
-3.298338764779705201e+01
-6.215433063921127044e+00
-2.424443525953328304e+01
-2.536218096826555524e+01
-1.123907485929374950e+01
-2.358238944702020490e+01
-2.943560348089057754e+01
-6.253547402849317649e+00
-3.261637835559980214e+00
-5.230710048763274500e+01
-5.064817508910834931e+01
-3.170209722778302108e+01
-4.513652476906764832e+01
-3.316916972865115554e+01
-3.421477104320552343e+01
-3.357695137369199756e+01
-1.354441770186834759e+01
-1.906064518034013844e+01
-1.960486037818258964e+01
-4.089565340799398996e+01
-1.446825185316075313e+01
-5.535854012772684740e+00
-1.759889748191231362e+01
-5.761073070404378882e-01
-2.395160033498425634e+01
-3.154777319620329479e+01
-3.563914951711647738e+00
-6.795604833830865665e+00
-9.067778341018975397e+00
-1.228274489178009432e+01
-2.180490933798340691e+00
-4.870939421151922133e+00
-7.993657294791108647e+00
-1.760391971698463109e+01
-4.643034221083709667e+00
-9.897693264551397974e+00
-7.799361937390213484e+01
-6.695555283703957805e+00
-1.051875473213676848e+01
-6.385046021119956094e+01
-2.654947193697353924e+01
-8.516424022651527537e+01
-1.618174531325719201e+01
-3.036511475671527904e+01
-4.104791116785953875e+01
-3.450278715474790658e+01
-6.202166713654992236e+01
-4.175384641961323240e+01
-2.436815077922861050e+01
-2.879921594577800548e+01
-4.877269229593949262e+00
-3.160015529703862214e+01
-1.266003564638167944e+01
-2.328355810101744794e+01
-2.396722677738184615e+01
-5.114237865727279342e+00
-4.593496526416026882e+01
-2.002162671144042605e+01
-4.609872185950128198e+01
-3.362036932332610206e+01
-8.187492003150433462e+00
-7.006567342934665987e+01
-6.258964674521788396e+00
-6.878799380820321829e+00
-8.433048531967610728e+00
-7.150160631750701157e+00
-9.332662809254117064e+00
-1.998659819103739821e+01
-3.767596011080542695e+01
-1.043707232521128532e+02
-2.520302726040416985e+01
-8.330148768015486382e+01
-7.162280314133934667e+01
-2.269931958466215249e+01
-7.038452441321872755e+00
-2.410966059488603719e+01
-2.329947558228472104e+01
-4.275679321414514078e+01
-3.722869562998573656e+01
-8.301459653522923077e+01
-2.509382903626125128e+01
-6.314842738498318120e+00
-7.038452441321872755e+00
-9.463215459302558585e+00
-7.421885455481342930e+00
-3.432833026683425715e+01
-1.354441770186834759e+01
-2.098915552376160321e+01
-2.510879514563367110e+01
-2.236411749824173256e+01
-2.659130747937391703e+01
-1.473055683348249545e+01
-2.411555943249455680e+01
-2.852750864414960219e+01
-1.224803999037716906e+01
-3.543797685285484533e+01
-5.761073070404378882e-01
-1.270273315559766125e+01
-5.124766790764689439e+00
-5.620963998293991892e+01
-2.328184517626622352e+01
-2.074260225313127748e+01
-2.279996433474863693e+01
-3.160015529703862214e+01
-2.395160033498425634e+01
-1.950974726645221580e+01
-2.362014651863156089e+01
-5.942672204455269735e+01
-4.676540535605235860e+00
-1.074987201051876085e+01
-3.466323577729726679e+01
-3.871305615659895949e+01
-1.321401557427092044e+01
-6.100171145674979556e+01
-4.139190608010621730e+01
-2.799450797274279878e+01
-3.974399423598653502e+00
-3.491128644162560590e+01
-2.077830213675378346e+00
-2.892160582251054635e+01
-8.433048531967610728e+00
-6.896890809147325285e+01
-5.195666927501224386e+00
-3.332685573224075881e+01
-3.660863900847950703e+01
-4.791282665580781419e+00
-1.147918533067861091e+01
-4.649378017318365863e+00
-3.380305073843326369e+01
-2.821390341556255876e+01
-2.788257796534958288e+01
-3.528259999244347256e+01
-8.883532155621297832e+00
-5.989214900602943814e+00
-1.531438828774763650e+01
-2.797344177250510455e+01
-8.197950543128769141e+01
-1.116106569653790359e+01
-2.270309419361723968e+01
-9.509453163564769440e+00
-4.348811253811913957e+01
-5.248024891801135183e+00
-1.483001916575897994e+01
-5.897970399610066039e+01
-5.457998572524785708e+00
-1.081084128953681578e+01
-1.059681108067115574e+01
-6.865285107807460463e+01
-2.431560553427866722e+01
-2.470783911485469275e+01
-6.959662662785714105e+00
-3.950212801650283012e+01
-4.099611128503767077e+00
-9.800928653124377377e+01
-5.160347513048473189e+01
-3.097210553260448052e+01
-5.081259205222750985e+00
-5.191868987309208094e+00
-2.768699526850908654e+01
-9.189921522632108974e+01
-7.605463275007199542e+00
-1.364843343260853636e+01
-5.935401664148847622e+00
-2.494597915701430324e+01
-3.601248158205063277e+01
-9.318014764073518919e+00
-6.515753063563561653e+00
-1.403273727503422919e+01
-3.297495071844397785e+01
-4.027587473728215173e+01
-1.393692865439149031e+01
-1.542011503056064115e+01
-8.384116420992539176e+00
-5.237494888854609343e+01
-8.806212935784932583e+00
-1.004031417400925505e+02
-7.138875939642191781e+01
-1.632818095003370829e+01
-1.573210922288832414e+01
-2.548873688033936347e+01
-4.800034255910595959e+00
-3.540651484143071315e+01
-9.751542535259433464e+01
-3.835228846429891547e+01
-5.633619589501373071e+01
-5.133085373062346690e+00
-3.049167066878909083e+01
-1.582992803710529017e+01
-2.506620308152264087e+01
-2.091211687890323034e+01
-1.647022677799697021e+01
-5.452344547315849610e+01
-7.380292984664495748e+01
-4.376273518728014267e+01
-5.079380732407615540e+01
-2.336297142220625744e+01
-2.690445424508809857e+00
-3.071404302057212821e+00
-6.520589994962725200e+01
-4.564139217430828666e+01
-2.158237042702041464e+01
-4.316940358935819688e+01
-2.030301484647868904e+01
-8.153787877788211347e+01
-6.733698370827234214e+01
-3.130077757646799341e+01
-8.965664477151048573e+01
-5.160249016281127865e+01
-3.291213251256603911e+01
-4.023493724838897379e+01
-4.284132869445141978e+01
-8.345393928557933805e+01
-2.574474483869561325e+01
-6.055443718781410212e+01
-5.715840750315746455e+00
-4.184475879709117407e+01
-4.999484259903558048e+00
-3.555017872622349984e+01
-4.795005324210689146e+00
-1.691866883292094315e+01
-6.610435262008296320e+01
-6.731073098260909937e+00
-6.395244977460381364e+01
-1.034636802241566400e+01
-7.129520047680763639e+01
-6.730530815188516591e+00
-4.645903736309250576e+01
-3.518068358001120544e+01
-2.361330344527820913e+01
-4.491128289813217833e+01
-2.506965997617373176e+01
-6.391696492835489352e+00
-6.323058422419605051e+01
-5.351100346129081231e+01
-3.192806918190409959e+01
-4.487534517881586282e+01
-1.041740185731023871e+01
-5.749281706759472854e+01
-1.317810346703707225e+01
-5.535854012772684740e+00
-5.576317573946434791e+00
-5.251210122288125604e+01
-1.977403220759703117e+01
-1.198472093763673563e+01
-5.995223757076713511e+00
-1.779958331018678308e+01
-1.910994769822067951e+00
-5.848610357241334867e+01
-1.820835576767584030e+01
-7.297881719264304934e+01
-3.284514058449027374e+01
-2.070138079282879406e+00
-2.239056935584691388e+01
-5.620963998293991892e+01
-9.698732713898057511e+01
-5.002985927927119292e+01
-1.964755295070618857e+01
-5.051537026500812999e+01
-2.148482842257275038e+01
-4.305358001121931899e+00
-1.132365575468775631e+01
-5.769624376760832973e+01
-1.354441770186834759e+01
-5.620963998293991892e+01
-1.354441770186834759e+01
-4.048016602829636668e+01
-3.389403205630767957e+01
-3.858769748643318565e+01
-2.516091257190559816e+00
-1.139238351469133192e+01
-8.390191577366701381e+01
-4.102004780918508686e+01
-3.033789794220503211e+01
-9.757228845794756467e+01
-9.675061024652297448e+00
-5.411990646171476627e+00
-3.772218915558446017e+00
-1.196624429776235132e+01
-5.051537026500812999e+01
-1.286785573078902445e+01
-1.715038531032728031e+01
-8.149688474241870040e+00
-1.190735372262451719e+01
-1.998485056668098636e+01
-5.849611752535320619e+01
-5.873018854926346677e+00
-7.132215840424328235e+01
-2.963731093898677837e+00
-3.332685573224075881e+01
-3.563184505722988149e+01
-3.071431053627662422e+01
-1.029611655219690931e+02
-5.117925974662674093e+01
-8.194995631519329748e+00
-2.749700849364618449e+01
-1.696208020950096085e+01
-1.880588701429777032e+01
-2.801786608095945041e+01
-4.408442437209776443e+01
-3.539631381987784664e+01
-2.651947221999089876e+01
-1.392621443807332469e+02
-1.690239862929623627e+01
-5.829067540146989046e+01
-3.391768415017902782e+01
-1.488951835055538808e+01
-2.737561886582056658e+01
-8.523163230966500237e+01
-6.402816138407081858e+00
-6.878799380820321829e+00
-8.240148087993048875e+01
-8.509410016675953869e+00
-3.215128584751818153e+01
-3.550063049009374794e+01
-4.751313701427408276e+00
-7.453652172634946282e+01
-5.218553754670076472e+01
-1.804038700046889332e+01
-1.064488431524959466e+01
-3.663531394993311352e+01
-1.267172119948608433e+01
-1.972867925773104503e+01
-3.007375147772682311e+01
-3.331398376869054800e+01
-1.250206622572734361e+01
-3.466518770192330834e+01
-8.925130924254464304e+00
-3.137445893360506588e+01
-1.046637930223181883e+02
-8.974801064089698244e+00
-3.455568956217600629e+01
-4.790901465630243194e+01
-2.064486363270380664e+01
-4.593066800127965621e+01
-1.084443447350299436e+02
-1.756988839267130587e+01
-3.832550518649083671e+01
-3.790564328813648132e+01
-1.624122813402901144e+01
-1.344973079406529548e+00
-2.385816639337786071e+01
-3.468220445421693654e+01
-4.290656738498513789e+01
-2.279996433474863693e+01
-3.460740330305489465e+01
-4.710360031128094249e+01
-1.045605919945429996e+01
-2.974410461377599546e+01
-2.091006486434736900e+01
-7.584248079847765212e+01
-3.144823399488857518e+01
-9.398112668377883949e+00
-2.002808461916156446e+01
-8.584816753873406014e+01
-1.828595300514687594e+01
-3.289742527435067565e+00
-5.634554262171333505e+01
-3.251128077492609236e+01
-9.302872565369966651e+00
-3.844879177412578741e+01
-4.378320955202605802e+01
-3.708495305196822045e+01
-4.213308945279162998e+01
-8.453609870320947550e+01
-3.722166256680958440e+01
-6.540952844560794688e+01
-2.732745507025583009e+01
-1.084170221934268241e+01
-5.384929208058943573e+01
-1.990208055617167915e+01
-4.808697539915895547e+00
-7.478799380820322362e+00
-5.160249016281127865e+01
-4.022270720591208715e+00
-1.900098844259430564e+01
-3.096331256108101115e+00
-1.527293321266029125e+01
-1.494774508313206951e+01
-2.792795074631263752e+00
-3.422577535825476502e+01
-3.119167752897386237e+01
-3.521199095595049045e+01
-2.214991450245555171e+01
-2.146503463291212910e+01
-7.018176592377631096e+01
-3.754798934163975588e+00
-3.036511475671527904e+01
-4.855522350624849537e+01
-2.730936800671876341e+01
-5.218553754670076472e+01
-5.353987650754303829e+00
-7.599481220502832812e+00
-2.138359596439189048e+01
-7.356512925735780861e+00
-1.323867581044963515e+01
-1.353514917463169454e+01
-2.591170459159871431e+00
-7.263636343354542646e+01
-4.730800650750006753e+01
-4.765703135803128987e+01
-9.897757409023562047e+00
-5.390888584283745288e+00
-8.225191511372779019e+01
-8.862955731225577338e+00
-1.514045066789992866e+01
-5.534327205631766589e+01
-4.742084393002839704e+01
-4.826960799162660010e+01
-1.017940501787844099e+01
-1.700551079923371489e+01
-1.492566183136663582e+01
-1.761975846768587317e+01
-1.352946336727737631e+01
-2.680224352606774829e+01
-1.446568938429626705e+01
-7.716916978691019224e+00
-6.238372319825366219e+01
-1.627443187088594101e+01
-1.009935433463817134e+01
-6.803025817811166576e+01
-2.136781061112555591e+01
-6.373431336733362684e+01
-1.524808658899576486e+01
-6.050686419267451299e+01
-1.311229980156773323e+01
-4.289176221506716047e+01
-1.588413991594191366e+01
-3.844879177412578741e+01
-1.691866883292094315e+01
-3.140951231297920287e+01
-5.944725182136694741e+01
-8.239673745220148504e+00
-8.631092697578742445e+01
-1.098450968105997205e+01
-1.821306281328866916e+01
-3.946491921694362137e+00
-1.909323679435127730e+01
-3.302482567607378883e+01
-5.236289859673000535e+01
-1.204181457615687201e+01
-4.075741891568416975e+01
-4.739213405500450449e+01
-4.640341994153471816e+00
-1.055123780624811936e+01
-2.057118942366907177e+01
-2.183387166514490119e+01
-6.011936788230386952e+01
-8.194031217460573657e+01
-1.018235291028340939e+01
-7.760596650462791679e+00
-9.041718381964887641e+00
-1.051733187959865923e+01
-1.179455371778255568e+01
-6.382398893922643879e+01
-2.206362432882418290e+01
-2.692432302209628503e+01
-4.374677926120523352e+01
-2.043187497263311414e+01
-9.237337707538043219e+01
-8.787533687844418751e+01
-1.533737862022910647e+01
-3.491128644162560590e+01
-9.516843474298565297e+01
-3.709457323565683851e+01
-6.878799380820321829e+00
-1.129673543842926975e+01
-9.079337780621590070e+01
-1.823008139078480738e+01
-7.216920744031629908e+01
-3.071431053627662422e+01
-4.342573514206996776e+01
-4.284429022007632426e+01
-9.442194103338529487e+00
-2.761182047072100687e+01
-4.396674182188322533e+01
-1.049351563432670957e+02
-1.890255174663639082e+01
-2.432575831074216666e+01
-1.088508293387313230e+01
-1.420893881380520618e+01
-4.551735261066367144e+01
-3.036511475671527904e+01
-4.112420892412531259e+01
-6.036105791071607740e+01
-3.719735116718383239e+01
-4.627680126577607211e+01
-7.980571068094218390e+01
-4.990909800185471568e+01
-3.334745458353711278e+00
-2.595645727407373826e+01
-2.651033456867784821e+01
-3.465173219373787106e+01
-2.945737054322941617e+01
-5.134363746299499098e+01
-3.204654025258292904e+01
-7.023154373500885228e+00
-3.707796008205902893e+01
-1.188044201859934823e+01
-1.199592738634281019e+01
-4.158062252550084281e+01
-1.088837482628920554e+02
-2.500953726371616526e+01
-1.326023845156188408e+01
-5.233914962634366397e+00
-4.659968030698579788e+00
-4.727261422392332157e+00
-4.576080130480458763e+01
-4.952923270718742543e+01
-2.115582223988714006e+01
-1.071311452495740824e+01
-9.414735980647716929e+01
-1.831292978438348129e+01
-1.127839106217382792e+01
-1.168757951747650026e+01
-8.729920839994316850e+01
-4.512833075708488195e+01
-2.747316547085922522e+01
-3.036511475671527904e+01
-5.304922948671093152e+00
-1.159540164335376744e+01
-4.925684492407257409e+01
-1.691936557098068761e+01
-4.340558521518411794e+01
-3.605602751966442554e+01
-1.253426110374191182e+01
-3.852805651736841952e+01
-8.696055350397472239e+00
-7.204739130510915857e+01
-1.396847969889770269e+01
-9.877571065790613147e+01
-6.546906952039585725e+00
-2.370424203442543742e+01
-5.051537026500812999e+01
-1.091145888964238253e+01
-3.684319639492505871e+01
-4.745635500597183665e+01
-5.683255139906007969e+01
-3.060846560353449419e+01
-3.738925531545610426e+01
-1.085139313259616856e+01
-1.047752253033358194e+01
-1.308823846560136239e+01
-6.687770812239235418e+00
-3.523524513509580913e+01
-3.417246644886888873e+01
-8.663035403680348523e+00
-1.155821724718929211e+01
-3.952462868305045163e+01
-4.323425780521812811e+01
-5.051537026500812999e+01
-1.672577363394210437e+01
-1.590179034269646507e+01
-3.569362919750408025e+01
-7.817400608065799616e+00
-3.142357858728605180e+01
-5.662008092494132683e+01
-2.797614271326418134e+01
-6.193247810471324222e+00
-3.140827680211991790e+01
-4.562444658984824741e+01
-4.549458077424161218e+01
-3.451045241792930085e+01
-1.055986659930730021e+01
-4.758836002995722936e+01
-5.373957042538010143e+01
-6.302407994981710715e+01
-4.779459392175422927e+00
-1.591470509293424840e+01
-1.160881964327661642e+01
-7.334846004970567890e+01
-9.283539115346147952e+00
-2.692282074283147253e+01
-3.401988057802285681e+01
-1.192449550306762873e+01
-5.840959261741704012e+01
-4.617252517975114046e+00
-1.488257694359654337e+01
-8.672933782187513430e+00
-9.897128236987928318e+00
-2.591709310421425627e+01
-3.493084856283730488e+01
-3.036511475671527904e+01
-9.507484620604333969e+00
-5.160249016281127865e+01
-1.749825259501542973e+01
-8.139051289074284767e+00
-3.613632402274411959e+01
-1.114056303462011499e+01
-1.172364646554640331e+02
-1.283796891227108716e+01
-1.739322419582164869e+01
-5.220944699978177539e+01
-9.966585536649613175e+01
-3.070656018888427852e+01
-3.383254271885934372e+01
-3.470355984379047243e+01
-2.674671989568471986e+01
-3.317344864325746379e+00
-2.083510761977492365e+01
-1.051593793221079842e+01
-1.569140090625425188e+01
-1.354441770186834759e+01
-1.445608810628476881e+01
-1.013504581978081909e+01
-1.584685307065874227e+01
-7.841194053978671263e+01
-8.636205175117066091e+00
-1.393403465175702394e+01
-8.989799349410466789e+01
-2.527032941071500360e+01
-2.251542322944183283e+01
-5.501335219274716692e+00
-9.698732713898057511e+01
-1.183279221894283317e+01
-1.438633415915364289e+01
-1.353694661345740080e+01
-5.192204541160320375e+00
-1.472107488273178255e+01
-5.740410995103568581e+01
-1.749954143583979160e+01
-1.551986145747324741e+01
-3.097847110735861165e+01
-4.422211332400266315e+01
-3.561462239367725147e+01
-2.042028902161337811e+01
-1.398472642838322244e+01
-5.211794189554994183e+00
-1.309399534017834199e+01
-2.438726371378600533e+01
-9.036824754650526259e+00
-1.229152264812235451e+01
-3.708489029558712957e+01
-8.488682966478495473e+01
-5.649064386041147401e+01
-3.332685573224075881e+01
-7.193346541952401196e+01
-1.952809005914899032e+01
-6.119011364830522837e+01
-7.614246227381676135e+01
-8.801588592993990545e+00
-1.909435455124292247e+01
-2.180902281269587295e+00
-6.133206157448507945e+00
-1.231004514900494584e+01
-4.095530848911931798e+01
-1.206842111732974132e+01
-8.950875531478637015e+01
-1.495125234050184559e+01
-3.604511863255162041e+01
-1.623253695068232361e+01
-3.572253521874910120e+01
-2.635493369289101651e+01
-1.094540198307590728e+01
-2.884273098200399588e+01
-3.058739266073915442e+00
-1.880907439269019221e+01
-2.384173306141819637e+01
-4.859330115383041004e+01
-3.703016472673854764e+01
-8.125836874859578174e+00
-1.471263103007716744e+01
-6.588761048178558788e+00
-1.399807594828845936e+01
-8.091276627059873761e+01
-2.713640906210360271e+01
-2.361514903442292734e+01
-1.456829029066855874e+01
-1.202603400443667070e+01
-2.039193798788941692e+01
-5.462458283558115468e+00
-1.395521358730501760e+01
-1.339304867183727943e+01
-3.074324927741592006e+01
-3.931732327985074882e+00
-2.817098744060255555e+01
-1.168445092249012696e+01
-1.317390780568715414e+01
-2.385674723133454123e+01
-8.363754656539889032e-01
-8.535040454211472394e+00
-9.698732713898057511e+01
-2.545129721918128851e+01
-3.289742527435067565e+00
-1.548351797436219179e+01
-3.663008757971305585e+01
-1.825473594770263475e+01
-1.888750285844633225e+00
-1.651183132461631331e+01
-5.296594100318324649e+01
-2.004635913102461586e+01
-1.488152445390235279e+01
-1.261951588196999197e+01
-9.698732713898057511e+01
-1.476833625062874855e+00
-7.645536562753610710e+00
-1.621508987828111970e+01
-5.038470329818115090e+01
-1.699019244256420436e+01
-1.553393816367735525e+01
-1.428009580034449577e+01
-1.231004514900494584e+01
-6.878799380820321829e+00
-1.888750285844633225e+00
-2.577928067627554398e+01
-6.346673471686884227e+01
-5.596898265306858633e+00
-6.519001540823092000e+01
-2.199972559768492530e+01
-4.232639195694359557e+01
-2.118251674329684064e+01
-1.138370650997290845e+01
-1.961968981021229297e+01
-5.477929205326523387e+00
-4.593304857191986912e+01
-1.366566426346039265e+01
-6.878799380820321829e+00
-8.102091821793532489e+00
-1.443873590823988984e+01
-1.537929027809063776e+01
-5.160249016281127865e+01
-3.294976943091889154e+01
-1.326599585063606757e+00
-2.241261240785764031e+01
-6.344966252025818676e+01
-1.285380377693488896e+00
-1.185140559853403630e+01
-1.549606025035110513e+01
-2.102391687874939130e+00
-3.521199095595049045e+01
-1.417240923349887494e+00
-1.484692103595045864e+01
-1.559455168916853651e+01
-2.636210526313464442e+01
-5.411990646171476627e+00
-1.621508987828111970e+01
-7.845223258698776192e+01
-2.130386897560180159e+01
-5.620963998293991892e+01
-2.054957073089054020e+01
-5.620963998293991892e+01
-5.051537026500812999e+01
-9.554545235305313611e+01
-9.808471072891985898e+01
-1.592729952798686810e+01
-1.188147746288250417e+01
-5.715437470027424638e+01
-1.161075423583111288e+01
-1.857396174834415348e+01
-3.071431053627662422e+01
-7.724413891338560489e+00
-4.932769985150056158e+01
-1.217685145505095079e+01
-8.988087331129593238e+00
-3.767268950720027476e+01
-3.679003605925932785e+00
-3.679003605925932785e+00
-2.442326824159708920e+01
-7.520567499612658935e+01
-6.156669643797108193e+01
-5.823458523477584237e+01
-6.109874510702315575e+00
-5.620963998293991892e+01
-2.102391687874939130e+00
-2.301094058566656742e+01
-5.306174094231959515e+00
-3.082075819769791636e+01
-7.019015798189577993e+00
-5.051537026500812999e+01
-1.416077990088052019e+01
-7.193346541952401196e+01
-2.316670419228965105e+00
-2.994395434480091822e+01
-2.382019644070779307e+01
-1.095366841934179547e+01
-2.970318449426130059e+01
-3.754798934163975588e+00
-6.981074413449533722e+01
-5.171754026810354787e+00
-2.716601026676919872e+01
-2.611247953407978173e+01
-1.224501254162105290e+01
-7.283633284024636723e+00
-8.576204257169078460e+01
-1.105975282585456299e+01
-1.439934163499772524e+01
-3.485519299348037237e+01
-9.548180355868833402e+00
-5.168016109604769781e+01
-9.698732713898057511e+01
-6.878799380820321829e+00
-3.376636495286228978e+01
-1.782471855087272061e+01
-1.803711525574400554e+01
-8.289602191970760714e+01
-1.080167433110195319e+01
-1.184287487678782114e+01
-3.160015529703862214e+01
-2.536401635886937456e+01
-2.845953963748374349e+01
-3.036511475671527904e+01
-3.485418756727185041e+01
-3.840826328883314034e+01
-4.577602707091829259e+00
-3.643802937405486375e+01
-4.464957164836462766e+00
-6.837823026627730449e+00
-3.463632226248039103e+01
-3.316916972865115554e+01
-6.878799380820321829e+00
-3.332685573224075881e+01
-1.728488370339998781e+01
-2.276088671672355446e+01
-7.600560061289198188e+01
-1.182713772775747785e+01
-4.116186324956559872e+01
-6.626952699052812079e+01
-6.377391758457132909e+01
-4.881121620042367226e+01
-3.754798934163975588e+00
-2.353390721195773949e+01
-1.703753983972526598e+01
-6.432577655978789721e+01
-4.253446089506057604e+01
-1.476833625062874855e+00
-1.404659406145259526e+00
-6.776563821105284546e+00
-1.466412373744329578e+01
-3.559639866389754559e+01
-2.045688400062492462e+01
-3.933160935378834377e+00
-8.088727734930634483e+01
-1.745779800969862805e+01
-3.195222077278113559e+01
-2.469327127329024307e+01
-6.570537652776798154e+01
-1.712620293927314208e+01
-1.873287438988725029e+01
-1.150330017101072144e+01
-5.371570142201833420e+01
-1.053829683370730663e+02
-1.504361262914000363e+01
-1.045702335346081746e+01
-1.617295250434433740e+01
-3.791969402575148251e+01
-1.440159282196142776e+01
-1.172684236733429408e+01
-1.508830847466701286e+01
-3.316916972865115554e+01
-6.878799380820321829e+00
-4.621879026230516274e+01
-5.652790670143015461e+01
-1.973805694231290886e+01
-4.182349671751586229e+00
-1.621508987828111970e+01
-1.014999299542619440e+02
-4.532127561059516552e+01
-2.361696780805131723e+01
-4.232639195694359557e+01
-1.310080414548220062e+01
-1.282645122956600403e+02
-2.144355458761301847e+01
-7.933186402801166537e+01
-3.933160935378834377e+00
-2.260714840490847255e+00
-3.057608716983223474e+01
-1.046093272343230041e+01
-2.924704683084090462e+01
-3.624575253809017283e+01
-1.348705365198263451e+01
-8.013913454486566224e+00
-4.175195830369995065e+01
-1.242481419477538829e+01
-2.649966969709566555e+01
-7.893114578223224953e+01
-2.767855285159470569e+01
-5.179953237571255187e+01
-3.356270464708983070e+01
-6.120340021001292996e+01
-4.371728364199013583e+01
-1.274874106590523404e+01
-7.645536562753610710e+00
-5.250758104853430552e+01
-5.106646220060375718e+00
-3.332685573224075881e+01
-2.389414545256602906e+01
-1.231004514900494584e+01
-2.781876457670981040e+01
-1.881972319188930243e+01
-2.087655006639357769e+00
-1.352118821452413133e+00
-3.285021598574225266e+01
-8.414650069807800392e+00
-5.539393751059762394e+00
-3.316916972865115554e+01
-9.925810221084172724e+01
-8.585949561272094854e+00
-4.232639195694359557e+01
-5.983740064544923243e+00
-2.540839439688331680e+01
-1.585437469222677009e+01
-7.193346541952401196e+01
-4.145939863776915502e+01
-7.830411687100267137e+00
-1.536636514822814092e+01
-4.695155150581456382e+01
-3.316916972865115554e+01
-4.941539738271579552e+00
-5.160249016281127865e+01
-6.075185466137244816e+01
-7.893114578223224953e+01
-1.580650761639249247e+01
-4.751147714141255918e+00
-4.252203403321453834e+01
-3.332685573224075881e+01
-3.332685573224075881e+01
-1.352118821452413133e+00
-5.147654074746869313e+00
-4.420378190836996879e+01
-5.160249016281127865e+01
-2.768280277128044276e+01
-4.304420077448900628e+01
-3.538577493814540276e+01
-5.160249016281127865e+01
-1.888750285844633225e+00
-3.191219761433441704e+01
-2.003087218940377667e+01
-1.099441339160959608e+01
-4.296318507020183119e+01
-7.893114578223224953e+01
-7.193346541952401196e+01
-7.541883900696903709e+01
-8.491224722818090598e+00
-7.334846004970567890e+01
-1.631250764307392132e+01
-8.166584805307508521e-01
-5.357731771287368439e+00
-1.384285972692797451e+01
-3.531140032576112731e+01
-3.389363007778416659e+01
-3.421550127208537617e+01
-2.425833523104606471e+01
-2.199972559768492530e+01
-4.611299914682464873e+01
-1.052222058768176183e+01
-4.409007280682501140e+00
-7.788467187228749644e+00
-1.599123789144848651e+01
-1.025360421994845694e+01
-2.513816577213404102e+01
-3.499888882185679506e+01
-9.923850377456306049e+00
-4.438994397335081032e+01
-6.085153655130621786e+01
-1.970956250794288378e+00
-3.963061006807927100e+01
-1.572067553524258088e+01
-3.843075540107095378e+01
-6.206057919390644173e+01
-5.079844054930316588e+01
-1.759889748191231362e+01
-1.231004514900494584e+01
-5.048023026937995539e+00
-7.334846004970567890e+01
-7.307915355794689205e+00
-8.149688474241870040e+00
-4.275292297657263418e+01
-3.289742527435067565e+00
-8.776410261208903307e+01
-6.246896388690801416e+01
-2.499697462518991387e+01
-2.420393772197827786e+01
-2.196487551166724472e+01
-6.734589512635066910e+01
-8.234115801777242893e+00
-8.259394129748277180e+01
-7.506018548305032567e+00
-6.191308837212253025e+01
-7.378250710750618779e+00
-9.258766239493830597e+00
-8.043436788747879262e+00
-5.172200046491080450e+00
-1.488951835055538808e+01
-3.405370867629551412e+01
-2.795018337741206338e+01
-2.389627129344374978e+01
-3.754798934163975588e+00
-3.605265416497852815e+00
-5.620963998293991892e+01
-6.878799380820321829e+00
-1.909255503523948505e+01
-4.982371497430995078e+01
-1.777383728679983221e+01
-5.178733487184074669e+00
-5.803351163325424267e+01
-2.491286705745479679e+01
-3.779218614452247493e+01
-5.000790240270363540e+01
-3.036511475671527904e+01
-4.824397437469281513e+00
-7.334846004970567890e+01
-8.091263798177972433e+01
-6.240870862751428660e+01
-1.710474395692885619e+00
-3.316916972865115554e+01
-7.688467187228749999e+00
-7.430716076977727624e+00
-1.065445371538408992e+01
-1.354441770186834759e+01
-3.754798934163975588e+00
-2.126652842323040105e+01
-1.657869348252306452e+01
-8.433048531967610728e+00
-2.699283397301377008e+01
-8.145113812465025660e+01
-2.705531281656407572e+01
-3.954871346704102564e+01
-3.071431053627662422e+01
-9.809247727414839346e+01
-1.250666220262909256e+01
-6.439012911079069568e+01
-3.679003605925932785e+00
-3.602103668127124081e+01
-1.344973079406529548e+00
-1.780477960275880633e+01
-2.768774839084420591e+01
-8.391908195421758876e+01
-5.094448623998255243e+01
-5.809276442209116098e+00
-1.409533362461442607e+01
-5.156494283143538837e+01
-7.645281753085922283e+00
-2.562949515158464564e+01
-5.620963998293991892e+01
-1.725439125923014672e+01
-4.005089121799107588e+00
-1.515429299160600785e+01
-1.821551013165487731e+01
-3.901687110016351490e+00
-3.522706108065739272e+01
-4.503078338631515010e+01
-6.878799380820321829e+00
-2.279996433474863693e+01
-8.231837460956377583e+00
-1.020509257394344047e+02
-5.000928453881569702e+00
-2.377641038632479464e+01
-6.341726494527854641e+01
-4.725633577504474658e+01
-1.939063515614335742e+01
-8.560279416972859678e+01
-2.870789834188573408e+01
-2.796761458408457557e+01
-4.881121620042367226e+01
-3.332685573224075881e+01
-5.857121296152817180e+00
-2.408397458988411088e+01
-1.813158080452685894e+01
-1.333507817859078237e+01
-3.001165819200870644e+01
-3.630247730444958165e+01
-1.608370769888433571e+01
-3.723607046413479793e+01
-2.199972559768492530e+01
-1.334168426252226247e+01
-3.332685573224075881e+01
-3.071431053627662422e+01
-9.543145487387265291e+01
-2.864202246782982542e+01
-4.941539738271579552e+00
-1.960486037818258964e+01
-8.963030963788673589e+00
-2.508778705842539836e+01
-5.160249016281127865e+01
-1.156368730204375339e+01
-7.154054861343281502e+00
-1.051186762667607510e+01
-3.316916972865115554e+01
-6.305724964132494392e+00
-3.787826819641300347e+01
-2.377006656898510428e+01
-1.283796891227108716e+01
-2.780526648851550320e+01
-2.704424509713744484e+01
-4.881121620042367226e+01
-5.441286508770785346e+00
-2.565516091335423710e+01
-2.293248931356536602e+01
-6.878799380820321829e+00
-1.020471292621466546e+02
-3.281309654783193253e+01
-1.355695226415139487e+01
-4.728995906279473971e+00
-7.807505996547533300e+01
-2.180902281269587295e+00
-4.252231109841780210e+01
-7.290466997466757526e+00
-1.581211716797024280e+01
-1.303249111778998159e+00
-4.387739551725262999e+01
-4.434430340380069779e+00
-3.878800408283772327e+01
-2.350644347516054466e+01
-1.282045591428124354e+01
-7.451320559304983249e+01
-5.184436018911562627e+01
-4.343425530480146790e+01
-3.071431053627662422e+01
-5.297656592559572886e+01
-1.086410860103981868e+01
-6.094197940269736335e+01
-8.465816613429545612e+01
-8.447137909537741507e+01
-1.796712106230326356e+01
-3.754798934163975588e+00
-6.249571166091959284e+00
-8.344484864950711511e+00
-2.102391687874939130e+00
-1.423541608733400565e+01
-2.884836079888059146e+01
-2.457710434553795409e+01
-3.011309509695490050e+01
-2.142792320471839673e+01
-3.275755702670014813e+01
-3.051080608517409587e+00
-6.539919909865147929e+01
-4.881121620042367226e+01
-1.315450181005974351e+01
-1.388992720078700316e+01
-1.422106584381378980e+02
-3.088391768142325233e+01
-1.426379290631664887e+01
-1.759889748191231362e+01
-1.585437469222677009e+01
-5.656572052393823924e+01
-7.724413891338560489e+00
-3.459531619609580844e+01
-2.309913588531862061e+01
-3.233551995246121891e+01
-1.118612904764336591e+01
-4.146849125166285432e+01
-4.015097784383051760e+01
-1.211645449652596618e+01
-7.150160631750701157e+00
-3.034296088234091471e+01
-2.199972559768492530e+01
-1.007453581780432330e+02
-4.409754242996490348e+01
-3.036511475671527904e+01
-1.421664704512277666e+01
-2.826034359894410741e+01
-4.943521150681119991e+01
-2.048247579845412147e+01
-6.060124910312551094e+01
-8.239312630953716621e+01
-2.225706734272305098e+01
-5.708742505282000934e+01
-9.151990680212913176e+00
-4.812259541262690021e+01
-2.504370426066770960e+01
-3.754798934163975588e+00
-8.453293277191663435e+01
-7.002328765186906878e+01
-1.283796891227108716e+01
-7.377542486291684298e+00
-4.433737135388269479e+01
-3.316916972865115554e+01
-1.071839227089752171e+02
-3.754798934163975588e+00
-1.888750285844633225e+00
-3.679003605925932785e+00
-1.690233736335701664e+01
-1.686400131985774919e+01
-6.356302511116189891e+01
-2.582949515158464493e+01
-1.787348491797659733e+01
-4.949271499474505731e+01
-3.097263934469211932e+01
-2.491286705745479679e+01
-5.103927696139002990e+01
-4.578194006381892223e+01
-3.821626720387116904e+01
-1.124193103453099525e+02
-3.842480460036384216e+01
-3.071431053627662422e+01
-8.474383569945700856e+01
-4.941539738271579552e+00
-3.230463425108600006e+01
-1.192931288448165361e+01
-4.122897110769338624e+00
-4.763806594205410505e+01
-3.560418765854693390e+01
-2.200959512962318598e+01
-2.279104329876877344e+01
-1.289868480674482853e+01
-6.663209065319284718e+01
-2.491286705745479679e+01
-6.525699210665098349e+01
-2.177847097377674146e+01
-3.316916972865115554e+01
-6.307496425924428607e+00
-3.755699844478759530e+01
-1.323916758917308734e+01
-6.878799380820321829e+00
-8.234115801777242893e+00
-2.494593068403478853e+01
-1.580650761639249247e+01
-4.587168534973756095e+01
-4.173469651807852188e+01
-4.841094372560409909e+01
-1.580650761639249247e+01
-2.491286705745479679e+01
-4.881121620042367226e+01
-1.519792031152336076e+00
-6.947379267002563097e+01
-4.929285351969934226e+00
-6.033241753169342303e+01
-1.795256000432887689e+01
-8.937805516017047580e+01
-5.778810996219868912e+01
-1.003613280644625405e+01
-1.285824338657989330e+01
-3.160015529703862214e+01
-8.868631330132515700e+00
-7.837652664400751590e+00
-9.428660838081057705e+01
-3.332685573224075881e+01
-4.560589759138583332e+01
-1.680228583937416431e+01
-3.744388834424435686e+01
-9.789032750975590602e+01
-3.679003605925932785e+00
-7.003434311799894374e+01
-1.888750285844633225e+00
-2.261326527884348536e+01
-8.500336627875053352e+01
-4.670781858778633833e+00
-2.775184338584165644e+01
-5.051537026500812999e+01
-6.258762841852785641e+01
-4.643034221083709667e+00
-4.266724775652107837e+01
-3.175930836405129298e+01
-1.220806326411925724e+01
-8.234115801777242893e+00
-1.485244496445851681e+01
-1.928947991796689365e+01
-1.258629936722778275e+01
-3.702573994488977860e+01
-8.302608732917906309e+01
-7.402612850639238218e+01
-1.779958331018678308e+01
-1.041943996117114501e+01
-3.754798934163975588e+00
-1.703221375950032268e+01
-1.120568075646570172e+01
-3.754798934163975588e+00
-1.756994480323432484e+01
-7.650123862369861172e+01
-5.124475207740630367e+01
-1.853704873756814209e+01
-8.210439166615614681e+01
-3.045930730344911552e+01
-4.098661377676722140e+01
-2.251051155046106445e+01
-2.479840616185634161e+01
-3.405892487675749436e+01
-7.486993679641062727e+01
-1.663377739469921934e+01
-3.860686592944004758e+01
-1.759889748191231362e+01
-1.960486037818258964e+01
-3.787826819641300347e+01
-2.364694477990180133e+01
-3.581204137800138909e+01
-1.279850306161596762e+01
-4.549292749825124815e+01
-7.078799380820322007e+00
-6.154637831646370572e+00
-5.218553754670076472e+01
-4.528671740468885787e+01
-1.759889748191231362e+01
-4.658761540185585659e+01
-1.988583774082414379e+01
-7.150160631750701157e+00
-1.759889748191231362e+01
-2.488476376189122163e+01
-3.102265960549338075e+01
-5.201975310045781953e+01
-3.112898056467149743e+01
-2.732980367509791364e+01
-4.266724775652107837e+01
-2.693945054365223513e+01
-1.322675284909539606e+01
-7.534489008705968160e+01
-1.258629936722778275e+01
-1.204015502242309843e+01
-5.160249016281127865e+01
-2.562949515158464564e+01
-1.219065546749190965e+01
-1.759889748191231362e+01
-1.141019398235892623e+01
-2.067607914064907604e+01
-5.160249016281127865e+01
-1.980743024666910301e+01
-3.332685573224075881e+01
-1.251881821703511832e+01
-8.016083858034622267e+01
-7.724413891338560489e+00
-8.661208300591134446e+01
-6.567531446149328644e+01
-1.118032089599478240e+01
-1.773458862207857578e+01
-2.800675043745032511e+01
-1.220806326411925724e+01
-2.464149401949701890e+00
-4.811329444735218885e+01
-2.156290168881729130e+01
-5.230662111429629135e+01
-4.914423628892146212e+01
-1.182438954939499354e+01
-1.117956185907063400e+02
-3.022516541491297559e+01
-1.504955313901964331e+01
-3.619905626007553678e+01
-2.769770248552114822e+01
-3.392847068873056315e+00
-5.164977382710997489e+01
-5.264792176535679324e+00
-7.167639285489354961e+01
-3.948625394785602083e+01
-4.202470825327055337e+01
-3.294127255724119152e+01
-3.754798934163975588e+00
-1.212938304866311690e+01
-4.816122897160968819e+01
-1.008298428162120928e+02
-1.410523080057796186e+01
-1.276536147862696779e+01
-5.828366189184220225e+00
-1.334168426252226247e+01
-1.951673496953230114e+01
-5.649759396599387173e+01
-3.406917510318831432e+01
-5.322543864683573211e+00
-1.019751814022459087e+02
-3.135674269134856829e+01
-9.954198992330817930e+01
-1.321701661067285016e+01
-2.409531516726480049e+01
-5.454273533274137264e+01
-2.491286705745479679e+01
-1.085211324856176418e+01
-1.787186349439782873e+01
-3.160015529703862214e+01
-3.175930836405129298e+01
-2.279996433474863693e+01
-3.265164426596538050e+01
-7.645281753085922283e+00
-3.787826819641300347e+01
-3.316916972865115554e+01
-4.876286701377932786e+01
-4.587168534973756095e+01
-4.941539738271579552e+00
-2.155783498130673692e+01
-1.244162959524530265e+01
-1.338420052700513807e+01
-8.700691425996851081e+01
-3.256862104848578099e+01
-8.818022698482094768e+01
-7.429714897034811827e+01
-1.334168426252226247e+01
-7.645281753085922283e+00
-1.893744295088395191e+01
-5.070188880392666420e+01
-1.231004514900494584e+01
-5.091590835876729670e+01
-8.280505730214552784e+01
-1.956222112125786339e+01
-1.089464878046992524e+01
-9.698732713898057511e+01
-1.026155378340407509e+02
-3.332685573224075881e+01
-1.526457921584376187e+01
-6.734434601528539588e+01
-4.549556987918924733e+01
-5.160249016281127865e+01
-2.344867237075507305e+01
-4.619663880545149226e+01
-6.800829525269102227e+00
-4.015081154247061690e+00
-7.996519482324643491e+00
-4.434964225903019752e+01
-1.538378136485698811e+01
-8.234115801777242893e+00
-9.661131852696877687e+00
-1.960486037818258964e+01
-2.316679138109193303e+01
-1.193765567575571218e+01
-1.699054037582660381e+00
-8.521866107404855484e+01
-1.316740356064405404e+01
-8.686680720536945444e+01
-3.663531394993311352e+01
-6.608098573489758110e+01
-1.952417390416847809e+01
-2.601574950265792552e+00
-1.446825185316075313e+01
-3.542109825411214530e+01
-1.238194693539118951e+01
-1.664081045787560953e+01
-6.688919961349907339e+01
-1.231004514900494584e+01
-3.344078160386793286e+01
-7.645281753085922283e+00
-7.724413891338560489e+00
-1.580650761639249247e+01
-3.036511475671527904e+01
-4.232639195694359557e+01
-7.688467187228749999e+00
-1.334168426252226247e+01
-4.143528596751685456e+01
-1.699054037582660381e+00
-1.537653582284587195e+01
-2.288517878139180084e+01
-2.845953963748374349e+01
-3.506829116722458561e+00
-1.909222146569253908e+01
-4.827852490838406396e+01
-3.649818843529865120e+01
-2.352960947776173928e+00
-1.042393590670982206e+01
-3.406917510318831432e+01
-5.411990646171476627e+00
-7.696391403039112333e+01
-4.140348568019756215e+01
-1.937693400779508224e+01
-2.542355803866228214e+01
-1.285380377693488896e+00
-3.675474784632390879e+01
-7.334846004970567890e+01
-1.699054037582660381e+00
-2.845953963748374349e+01
-7.537310686582534913e+01
-1.044025264723937596e+01
-3.787826819641300347e+01
-2.325373179019291925e+01
-7.065933565743600298e+01
-4.685171952813092844e+01
-3.921741385110534051e+00
-1.960486037818258964e+01
-2.723445338491116630e+01
-1.064226287763944612e+01
-6.487638340835214024e+01
-1.701055502078061465e+01
-7.728401662368109726e+01
-7.334846004970567890e+01
-1.285380377693488896e+00
-2.853322453362747169e+01
-3.640163672882194135e+01
-2.199972559768492530e+01
-1.806152952116488208e+01
-1.022279216375347772e+02
-8.117583162203271030e+00
-1.429778529275645127e+01
-1.013883944983540601e+02
-2.150343160337453696e+01
-5.857121296152817180e+00
-4.941539738271579552e+00
-2.064075627479580533e+01
-5.535854012772684740e+00
-3.663531394993311352e+01
-4.754311145479027800e+01
-5.160249016281127865e+01
-7.193346541952401196e+01
-7.519101590884535113e+00
-7.686904348724491243e+00
-9.100141531620431579e+01
-6.728578779861798864e+00
-9.675061024652297448e+00
-5.194322656352316159e+00
-1.591615775360312846e+01
-3.718673217451835455e+01
-2.477436172722214280e+01
-9.984987124002296355e+01
-2.491286705745479679e+01
-1.759889748191231362e+01
-1.076838396037728174e+01
-5.202790834781063012e+01
-3.114530966470989881e+01
-2.368757662651818752e+00
-4.267516913808832157e+01
-1.479943238805232752e+01
-2.881529178055645701e+01
-4.288326028266917689e+01
-6.750406319481299988e+01
-1.045702335346081746e+01
-3.570298448407062608e+01
-1.509604168811349112e+01
-8.197651476275204629e+01
-1.080929152017912429e+02
-2.199972559768492530e+01
-4.941539738271579552e+00
-1.052150967716369401e+01
-1.109015020904392941e+02
-8.234115801777242893e+00
-4.881121620042367226e+01
-3.596395865203167830e+01
-3.473758793275042933e+01
-4.267516913808832157e+01
-4.518940817515932906e+01
-1.688323807549775779e+01
-1.039946381288149624e+01
-2.303405034235541393e+01
-1.046372155883687149e+01
-4.249469457460942579e+01
-2.737614271326417992e+01
-5.778718327838790714e+01
-6.570650704901146355e+01
-3.748503539326549117e+01
-4.595596349075039910e+01
-8.362414319700988585e+00
-7.494120867421716348e+00
-3.289742527435067565e+00
-3.315068999109858794e+01
-1.935782167695325739e+01
-1.610192849177937546e+01
-1.770759587405392921e+01
-1.908766515535883457e+01
-1.285380377693488896e+00
-1.354441770186834759e+01
-5.907069796602834799e+01
-2.474048902786337933e+01
-7.688467187228749999e+00
-7.321406046019541236e+01
-5.411990646171476627e+00
-5.411990646171476627e+00
-2.879063984695319434e+01
-2.224349886390557174e+01
-2.166515856160397036e+01
-3.145367975372442260e+01
-3.428912153026453780e+01
-7.734102005746674990e+01
-1.354441770186834759e+01
-7.193346541952401196e+01
-1.960486037818258964e+01
-2.910503918978077920e+01
-4.881121620042367226e+01
-1.915353655758616114e+01
-3.754798934163975588e+00
-1.049881678083139747e+01
-1.232117654604765455e+01
-3.201591067679696323e+01
-1.285380377693488896e+00
-2.673127913208167072e+01
-1.580724436506632102e+01
-8.460871675234304234e+01
-4.659666518866508511e+01
-4.586614825748728208e+01
-4.777713962227181810e+01
-7.440171511298709461e+00
-1.087551422791378952e+00
-7.150160631750701157e+00
-6.838814824528069991e+00
-3.240083652745209974e+01
-6.918945706300002030e+01
-3.679003605925932785e+00
-4.881121620042367226e+01
-1.055964780668935390e+02
-4.687967230956800790e+01
-3.787826819641300347e+01
-4.881121620042367226e+01
-8.803982342945673167e+01
-1.421664704512277666e+01
-4.470192732978655670e+01
-2.087927779748450519e+01
-1.024430685727672028e+02
-6.758818330294725740e+01
-6.372660830134041987e+01
-1.493564271538186361e+01
-4.386107002385115550e+01
-3.236524440704663164e+01
-3.661549970974445500e+01
-2.282149388833992631e+01
-2.287839504013984282e+01
-3.458551333025204144e+01
-6.213569396793268140e+00
-1.360895856077533850e+01
-5.752063185744007967e+01
-2.113080985403263767e+01
-2.924710834604880461e+01
-3.400175338417483317e+01
-4.006065815954080733e+01
-2.725960355260754753e+01
-1.354441770186834759e+01
-2.562949515158464564e+01
-5.051537026500812999e+01
-6.878799380820321829e+00
-4.207937841377226107e+01
-6.105759191228658977e+01
-1.375962794983145976e+01
-3.836351728288535412e+01
-2.199972559768492530e+01
-3.288119251885723315e+01
-4.421152718065336984e+01
-2.853340664907333490e+01
-1.354441770186834759e+01
-3.438894895409852381e+01
-4.337451642270812613e+01
-4.490962611583682218e+01
-4.941539738271579552e+00
-3.160015529703862214e+01
-4.889130433206419468e+01
-3.415896367118861576e+01
-5.408595532050791022e+00
-3.754798934163975588e+00
-2.659903083510562638e+01
-2.922969606599101766e+01
-1.002391478548316570e+02
-3.491128644162560590e+01
-1.091525559490292885e+01
-1.341060040509191609e+01
-1.579628075072947446e+00
-8.234115801777242893e+00
-3.281079595511607039e+01
-2.845953963748374349e+01
-7.106216147574525799e+00
-9.063848738167759933e+00
-1.542801937510059673e+00
-3.921741385110534051e+00
-3.921741385110534051e+00
-6.401289126151216635e+01
-2.279996433474863693e+01
-1.045702335346081746e+01
-5.051537026500812999e+01
-2.279996433474863693e+01
-1.321759282769364141e+01
-5.874865545871590200e+01
-2.885213064444000963e+01
-5.420759868483121302e+00
-1.892621449132937528e+01
-1.601302062292309358e+01
-5.119898017466132600e+00
-3.158108382701686878e+01
-5.601514764120370415e+00
-3.754798934163975588e+00
-2.279996433474863693e+01
-6.563885268096113634e+01
-3.497401752482277715e+01
-7.645281753085922283e+00
-3.291783499079174646e+01
-9.202140524553843193e+01
-5.051537026500812999e+01
-7.927992296337697553e+01
-3.727053570114043168e+01
-9.788521632187114463e+00
-1.075883159366394182e+01
-5.405067421784970350e+00
-6.110087979540234926e+01
-3.071431053627662422e+01
-3.036511475671527904e+01
-3.418284831061050966e+01
-1.225883326273248564e+01
-8.283518636360429355e+01
-4.449658223595612583e+01
-1.344091204367648018e+01
-6.741851779969204017e+01
-6.555103319438379117e+01
-3.208344357764061527e+01
-1.287471461063830347e+01
-6.428218924873890217e+01
-4.217253456195639849e+00
-2.473054276694537812e+00
-3.118684424909918462e+01
-7.499224219058388208e+00
-4.709677028993583292e+01
-3.220900523866948362e+01
-2.199972559768492530e+01
-5.941429019988819960e+01
-4.364450757917217771e+01
-4.803543276150453067e+01
-4.823812291403415742e+01
-7.056847099851351857e+01
-4.961528944755093562e+01
-1.236742967189010045e+01
-1.942229217431078325e+01
-1.171172843633541163e+02
-8.693694597861556872e+01
-6.180545485657077620e+01
-5.803330023096552992e+00
-9.675061024652297448e+00
-3.332685573224075881e+01
-2.932541960673135151e+01
-2.111444258837455479e+01
-2.471340517652938473e+01
-3.070665079679080023e+01
-1.888750285844633225e+00
-8.233931732100904455e+00
-3.641100477907823318e+01
-2.131036428831354712e+01
-2.279996433474863693e+01
-4.007896028819715895e+01
-7.218434050103427424e+00
-3.248511533236509763e+01
-8.401983249875644333e+01
-1.399094912665925783e+01
-4.567379796327342945e+01
-4.643034221083709667e+00
-2.279996433474863693e+01
-2.897387668745964362e+01
-6.034576651796649038e+00
-3.711452301334325909e+01
-8.239312630953716621e+01
-1.918506279126047787e+01
-6.958609181398989563e+01
-3.676548663328874511e+01
-3.754798934163975588e+00
-4.941539738271579552e+00
-5.761073070404378882e-01
-3.264648684047280369e+01
-4.015750532557518682e+01
-7.297979696295818997e+01
-7.246176823432568881e+01
-1.759889748191231362e+01
-2.947746157174761095e+01
-1.415624581488398759e+00
-1.191006094042158381e+01
-3.211405021451506059e+01
-4.063995507072428381e+01
-4.747216100322444454e+00
-2.141109937486886849e+01
-2.724929708591501765e+01
-2.534138116184723799e+01
-6.419959436832911592e+01
-1.294947671526009003e+01
-4.451145654619220693e+01
-6.912911649553328175e+01
-5.620963998293991892e+01
-4.567341661611226300e+01
-3.347209660930151642e+01
-5.500936470299960135e+00
-8.270117243136286334e+01
-7.454326444686147113e+01
-9.121189843848651435e+01
-3.592575141455601795e+01
-7.599001568424142761e+01
-1.946765034082603663e+01
-1.354441770186834759e+01
-4.408753741168894180e+01
-6.411204048999221072e+01
-4.730991947563137501e+01
-8.074342053275329079e+01
-3.899533783779706830e+00
-1.997924192466402360e+01
-3.211661040780364829e+01
-6.345888675543882584e+01
-6.406470762290454957e+01
-1.183143760769079655e+01
-1.946090105770221257e+01
-2.586206697834285606e+01
-7.688467187228749999e+00
-5.476621772379459685e+00
-2.199972559768492530e+01
-3.316916972865115554e+01
-2.324229320953962485e+01
-8.150539527638652970e+00
-7.688467187228749999e+00
-8.234115801777242893e+00
-6.435246019853883581e+01
-1.936869138850417560e+00
-3.569546199923559016e+01
-1.229508615761214863e+01
-2.693904491046622596e+01
-5.688468688568645959e+00
-8.146536723817513703e+00
-3.316916972865115554e+01
-2.330369236161597968e+01
-3.263531996614013764e+01
-3.036511475671527904e+01
-2.806468856861564021e+01
-5.620963998293991892e+01
-2.380073900442454260e+01
-2.693214852794835323e+01
-5.761073070404378882e-01
-4.709935884793285510e+00
-1.120642441939923906e+01
-5.064087601737365674e+01
-2.007997374888616093e+01
-2.756292470219050728e+01
-2.046324613648012303e+01
-2.248927522901159293e+01
-1.909435455124292247e+01
-2.586206697834285606e+01
-3.036511475671527904e+01
-1.420980667420152699e+01
-3.316916972865115554e+01
-7.193346541952401196e+01
-1.520704397099724581e+01
-3.754798934163975588e+00
-3.652185680631916398e+01
-3.064812180144607989e+00
-4.747216100322444454e+00
-3.830310093630255608e+01
-6.171453795666067066e+01
-4.881121620042367226e+01
-5.115880319963613232e+01
-6.538146380676012370e+01
-1.600656281274708448e+01
-4.232639195694359557e+01
-6.081862798131017200e+01
-7.464998136944378082e+00
-5.897732026106932324e+01
-1.888750285844633225e+00
-1.945604278219283145e+01
-3.529642133185957675e+01
-1.415624581488398759e+00
-1.960486037818258964e+01
-6.636428807623164516e+01
-3.858072723124620751e+01
-2.141751315541733902e+01
-1.630925344659948450e+01
-1.064406254789348694e+01
-1.521539638089224766e+01
-3.289742527435067565e+00
-1.805071666166400490e+01
-4.881121620042367226e+01
-3.114769718164678025e+01
-9.698732713898057511e+01
-8.165071688418380802e+01
-1.202594019628754651e+01
-5.160249016281127865e+01
-1.601302062292309358e+01
-9.698732713898057511e+01
-1.275123120220036910e+01
-7.499224219058388208e+00
-5.420759868483121302e+00
-4.363880483549237965e+01
-4.125822055238525365e+01
-1.750854363456987528e+01
-2.009699511282623163e+01
-6.157694438703235562e+01
-7.893114578223224953e+01
-6.328509183119055592e+01
-3.382893477912212177e+01
-1.252244555656889702e+01
-1.960486037818258964e+01
-1.193253120438167159e+01
-1.354441770186834759e+01
-6.129098988371418955e+01
-4.956115033566022987e+01
-1.363482650414292152e+01
-8.548262327776450675e+00
-4.232639195694359557e+01
-3.275655078816940602e+01
-1.136675783363106262e+01
-3.160015529703862214e+01
-6.364771058148090077e+00
-5.441286508770785346e+00
-4.911252068624204981e+01
-5.051537026500812999e+01
-2.845953963748374349e+01
-1.563635787597429605e+01
-1.289137268928712388e+00
-4.709935884793285510e+00
-4.881121620042367226e+01
-3.036511475671527904e+01
-1.503514524169412780e+01
-3.798443644107625516e+01
-1.606038780349660300e+01
-2.551271160102071534e+01
-8.433048531967610728e+00
-1.759889748191231362e+01
-3.861024995933339454e+01
-8.296454802359245662e+01
-9.689238375034141981e+00
-7.988467187228749822e+00
-8.602397732267803576e+00
-1.574988277386656854e+01
-3.316916972865115554e+01
-2.739284179249740347e+01
-4.389084621794206242e+01
-4.877060022722578481e+01
-1.446825185316075313e+01
-5.620963998293991892e+01
-2.586206697834285606e+01
-8.433048531967610728e+00
-8.234115801777242893e+00
-3.754798934163975588e+00
-1.701183417963984112e+01
-3.932359002447965679e+01
-2.059646323088520958e+01
-8.058686940517448249e+01
-1.277193339129435934e+01
-3.563235462035693502e+01
-8.301044952406085642e+00
-1.552979686956816252e+01
-5.699275909961046693e+01
-1.366911465440140816e+01
-1.197894112261210608e+01
-5.919475041614112421e+00
-7.688467187228749999e+00
-4.073657808924740209e+01
-1.514444569402094842e+01
-1.046161919809483365e+01
-1.669805294752075042e+01
-4.631920752623214810e+01
-1.946765034082603663e+01
-1.233617133450605330e+01
-5.401564578860644872e+01
-6.927917104181085506e+01
-1.713337983351224736e+01
-2.663618364585473586e+01
-4.253001814659140223e+01
-4.761185917635148712e+01
-9.890055115856121404e+00
-6.954870190123525475e+00
-6.962771757985888144e+01
-6.758818330294725740e+01
-1.983584459978827041e+01
-6.233600180505908384e+01
-3.234146588025149072e+01
-5.583324556259793958e+00
-5.217639179746468514e+00
-1.789622478968352581e+01
-5.620963998293991892e+01
-2.038575965821404523e+01
-6.473317802086368999e+01
-3.352562148800025454e+01
-4.730358423813826363e+01
-2.829568991695466451e+01
-1.468140592905010600e+01
-1.759889748191231362e+01
-3.022228653991973957e+01
-5.895640174275932566e+01
-1.096802327252978273e+02
-9.176832744480266868e+00
-9.413833402834191588e+01
-3.460521546040440910e+01
-1.458567511780835879e+01
-1.279850306161596762e+01
-1.354441770186834759e+01
-1.601912842670065018e+01
-2.929724055265017668e+01
-3.652185680631916398e+01
-3.098826012898736693e+01
-5.881598874106656183e+01
-7.082112616964681706e+01
-3.803877876250479062e+01
-2.586206697834285606e+01
-5.441286508770785346e+00
-7.893114578223224953e+01
-3.064812180144607989e+00
-1.135173432845746433e+01
-1.284849509671801471e+01
-9.235008652377327820e+00
-1.473279007408724972e+01
-1.430973758607128943e+01
-1.385073473219821416e+01
-2.624099833238067703e+01
-2.030996835088261676e+01
-1.146272175229062285e+01
-1.025170217515230462e+02
-5.620963998293991892e+01
-2.369639631298686311e+01
-5.051537026500812999e+01
-3.793940589958345555e+01
-1.977343625015396000e+01
-3.043141254221398029e+00
-4.414175957687530882e+01
-3.332685573224075881e+01
-2.199972559768492530e+01
-3.147136667975777868e+01
-4.668099603317183011e+01
-3.665463962733410597e+01
-3.316916972865115554e+01
-1.759889748191231362e+01
-1.901675435850598461e+01
-4.145551819193055110e+01
-4.072651427564378679e+01
-5.160249016281127865e+01
-1.992899997005748247e+01
-4.550974103861819486e+01
-3.723186046291766615e+01
-8.233931732100904455e+00
-2.877171250026734839e+01
-3.160015529703862214e+01
-4.747216100322444454e+00
-1.373776419031998586e+01
-1.289137268928712388e+00
-2.864579267454519851e+01
-3.747794945607337525e+01
-1.082963567059084831e+01
-5.620963998293991892e+01
-4.643034221083709667e+00
-2.164285175558518759e+01
-3.250846108079552721e+01
-8.188467187228749111e+00
-9.593789809458140638e+00
-9.617741464645634508e+00
-1.573894304107005837e+01
-1.065729601329366361e+01
-3.116357820560749836e+00
-8.233931732100904455e+00
-2.628385646936860809e+01
-7.185631958400551866e+01
-1.803392101122291891e+01
-3.289742527435067565e+00
-3.809056150413591268e+01
-5.160249016281127865e+01
-1.129673543842926975e+01
-7.003783284745850324e+01
-2.008409273335663414e+01
-3.336831421310760160e+00
-7.981151205995320197e+01
-4.881121620042367226e+01
-7.499224219058388208e+00
-1.058220260277676417e+01
-3.934490806742017899e+00
-6.340788012234122561e+01
-1.910059598112627910e+01
-4.676884754393689292e+01
-1.247521826147293922e+01
-4.321344949481110120e+01
-6.100598132802414852e+01
-7.338186485027458517e+00
-4.194514850396830496e+01
-1.642609629739905586e+01
-3.332685573224075881e+01
-1.585437469222677009e+01
-1.591839138302641210e+01
-6.673836013678175050e+01
-1.025752442424008564e+02
-1.135281612513388794e+01
-3.332685573224075881e+01
-6.814262471945079369e+01
-1.253351088602810037e+01
-7.688467187228749999e+00
-2.011504150979896011e+01
-5.067703907851830891e+00
-4.290994886048963508e+00
-3.265676092664193675e+01
-1.504217830487047536e+01
-3.541817702029346293e+01
-1.440824448218915599e+01
-3.754798934163975588e+00
-1.412846855618387920e+01
-2.932752130676740521e+01
-3.280455176002013218e+01
-4.093077637963429538e+01
-1.846984193976236099e+01
-9.698732713898057511e+01
-5.675542374397565482e+01
-2.045370390054119270e+01
-7.378065107972599179e+00
-8.433048531967610728e+00
-4.835267822275508998e+00
-7.645281753085922283e+00
-1.546478802397854579e+01
-2.767997651013544669e+01
-3.478535526035349079e+01
-1.410241987614967840e+01
-1.759889748191231362e+01
-1.765128050141730398e+01
-2.435478896328489284e+01
-2.910391034673397925e+01
-4.459227481205657284e+01
-3.074866090492912818e+01
-8.018625614332890450e+01
-1.696107333667550421e+01
-1.607229026815251061e+01
-8.422872645723596463e+01
-1.238711663493095116e+01
-2.089962653432626105e+00
-5.405067421784970350e+00
-4.155267703037760896e+01
-4.616208730674995309e+01
-8.234115801777242893e+00
-2.381836290170643622e+01
-3.679003605925932785e+00
-7.696778101508586545e+00
-1.620001233081432446e+01
-3.463872663601945590e+01
-9.822438163185907456e+01
-1.083935114812200595e+01
-6.297037833314726996e+00
-1.226094662785288136e+01
-3.395784236387084576e+01
-6.771705727749875336e+01
-4.424675800003218740e+01
-1.372956725427680347e+01
-1.585437469222677009e+01
-5.264792176535679324e+00
-4.232639195694359557e+01
-5.620963998293991892e+01
-1.059947751964328262e+02
-7.645281753085922283e+00
-7.822071446538944706e+00
-6.711536188066665432e+01
-3.359236608056460227e+01
-1.970783444631582526e+01
-2.265762639843000414e+01
-2.845953963748374349e+01
-1.902731551576310309e+01
-1.585437469222677009e+01
-1.241208330321081377e+01
-7.334846004970567890e+01
-7.893114578223224953e+01
-3.100483038799782420e+01
-1.833380581761945294e+01
-2.901398495404259137e+01
-1.637106778587495626e+01
-5.819437608112907867e+01
-5.950177563089450672e+01
-9.417895234731753717e+00
-7.499224219058388208e+00
-2.270887703720405426e+01
-3.350288847011201199e+01
-1.283796891227108716e+01
-4.137915842447521086e+00
-6.741465241065455416e+01
-3.533952135967007280e+01
-2.845953963748374349e+01
-1.094501402062732609e+01
-7.894552131506964088e+01
-2.557896196923114829e+01
-1.827937083072997027e+01
-4.044948028984632060e+01
-3.079246356193050005e+01
-8.234115801777242893e+00
-7.688467187228749999e+00
-3.583815766879358478e+01
-7.334846004970567890e+01
-3.592955049713172144e+01
-3.911171941338992042e+01
-4.835267822275508998e+00
-1.599123789144848651e+01
-1.917106599294367797e+01
-1.631250764307392132e+01
-4.881121620042367226e+01
-4.588142079823233743e+00
-1.286754215470579510e+01
-1.285380377693488896e+00
-2.585234397787237981e+01
-4.822502843086909685e+00
-2.982589872678857112e+00
-5.083186754658282780e+01
-3.494168234820178753e+01
-1.502777040754519433e+01
-3.925846321660698379e+01
-6.116749112125266663e+01
-3.057661823289902969e+01
-2.079965905590939101e+01
-2.563535038215366413e+01
-1.800786227238999615e+01
-2.732819093727089310e+01
-1.345315466758145106e+01
-1.112850295556807012e+01
-4.941539738271579552e+00
-3.592955049713172144e+01
-1.759889748191231362e+01
-1.941491734016157622e+01
-2.905552831064496289e+01
-1.065449269343390313e+02
-8.233931732100904455e+00
-8.094701892825851530e+01
-4.038606444830161024e+01
-1.078797484788862846e+02
-4.086014509093877223e+01
-3.332685573224075881e+01
-4.071022128843576127e+01
-1.973618709178699859e+01
-1.102123684203707654e+01
-2.427295955458679799e+01
-4.449319569643714800e+01
-1.757414441426630347e+01
-9.146572069931545812e+00
-1.872861864132439536e+01
-6.283584709518629552e+01
-1.230734221883039936e+01
-9.108123477422346070e+00
-4.232639195694359557e+01
-3.955109940770658739e+01
-1.644779837940576783e+01
-1.273498848183769638e+01
-4.844182595187837848e+01
-1.547617239024392433e+01
-1.244271535665692774e+01
-5.411990646171476627e+00
-3.380418034430729080e+00
-9.762032170212997073e+01
-7.402647982915789271e+01
-4.313109959819743722e+01
