-1.076715837622738263e+02
-3.015579984952489667e+01
-3.563567140341628914e+01
-2.774330945268239290e+01
-2.872621535572463358e+01
-3.968696350378684201e+01
-1.693527562096153360e+02
-7.939040928764433147e+01
-5.180998225512661293e+01
-5.814839843595707691e+01
-9.160740726044267035e+01
-8.099500371630034579e+01
-2.627704175879545545e+01
-5.041636713191919483e+01
-7.746168421932466686e+01
-6.396268853615684691e+01
-1.146727961189346416e+02
-3.027675166653020256e+01
-1.030944982229605529e+02
-4.909403373524570924e+01
-1.463031421310483893e+02
-1.103976426073769517e+02
-6.858007392332720542e+01
-7.946042073063763667e+01
-4.890528936515229219e+01
-9.398396912535730507e+01
-6.374708911838173009e+01
-1.216667727363494151e+02
-1.100852346769941477e+02
-3.833411731434436831e+01
-4.167468557843078258e+01
-2.028328687642052941e+01
-5.970309295525230908e+01
-3.265230300609441372e+01
-9.590274016707817850e+01
-3.034382473040608375e+01
-8.350590467210787438e+01
-4.835873092917901772e+01
-1.058253162454137737e+02
-1.333321880778013337e+02
-1.806261694944916485e+02
-4.267452189935280416e+01
-2.798741419842505351e+01
-5.578913917398617883e+01
-1.178276937021181681e+02
-7.126399327481021828e+01
-3.023623338623638546e+01
-4.284178162123859579e+01
-8.082966366401134906e+01
-6.128898849675096727e+01
-1.649745992148154130e+02
-7.701903877594803305e+01
-3.518830551931961281e+01
-1.524116468912518769e+02
-1.135629039939397558e+02
-3.110525294179934264e+01
-7.219065293050688581e+01
-5.298071897950243425e+01
-1.424749764525143902e+01
-1.080557954241791379e+02
-8.435169418964548527e+01
-5.434697747102652698e+01
-1.576195528403929984e+02
-1.282632526465426679e+02
-6.652105690410422767e+01
-6.858288762593738852e+01
-1.178148125213055124e+02
-4.749756942627811895e+01
-2.468452791607981212e+01
-5.437479935119343111e+01
-6.911481112804595739e+01
-6.321643687085852292e+01
-1.218086585258629952e+02
-9.984944837584038169e+01
-2.149856003435194651e+01
-1.066283802705045360e+02
-7.132329574729858734e+01
-8.171245198912191654e+01
-6.896117196382404302e+01
-6.351032648983843387e+01
-1.127597272646446811e+02
-1.021989239887026599e+02
-5.416819005038859558e+01
-2.202441122264498574e+01
-2.728522474280295995e+01
-3.825141638800155874e+01
-1.806340515132998235e+02
-7.391312120714850664e+01
-8.811587347912551138e+01
-6.499042082000723042e+01
-6.145817249852067476e+01
-4.225012336879038344e+01
-5.516559059010899801e+01
-5.856524911669907851e+01
-9.566803735781415696e+01
-3.619141545300976759e+01
-6.893842018655404047e+01
-2.087912202368622161e+01
-7.660248114615691861e+01
-2.870092386066242440e+01
-9.410597446632377228e+01
-3.476229767460498721e+01
-6.595368522564319846e+01
-1.321009416040326983e+02
-9.711597551480188883e+01
-6.184551169279693283e+01
-3.416988930205017283e+01
-9.396262428033562486e+00
-7.280994080643154120e+01
-1.469262955106988784e+02
-9.795905140731096594e+01
-8.116631575699715029e+01
-6.937155254544892102e+01
-3.270315713058509743e+01
-8.846674640076997775e+01
-1.113000230145842195e+01
-9.610073083857756160e+01
-2.284136656726536430e+01
-8.403563594614651322e+01
-7.983554440280612141e+01
-6.448262360513579949e+01
-2.709394834106643302e+01
-7.830992459373189263e+01
-3.525731226341686408e+01
-6.507292095783066088e+01
-1.092448016624414606e+02
-1.286265659002199300e+02
-1.460618861114172944e+02
-1.283408902453026030e+02
-1.755378468887601002e+02
-1.284443392722721455e+02
-3.593824411742903635e+01
-9.285230865464255601e+01
-2.634054883671803893e+01
-7.847738775196120287e+01
-7.465504704859321805e+01
-4.048400906647521680e+01
-6.325001986826067935e+01
-9.469664371147935356e+01
-1.091060737267411582e+02
-3.799072506048411668e+01
-2.316625885827959763e+01
-2.882116601591107496e+01
-6.817062967499600745e+01
-1.138522634388721286e+02
-6.889782495349234637e+01
-1.422729428006726380e+02
-5.437333835645308255e+01
-6.354414629153357197e+01
-1.005777041001510099e+02
-7.074037351039150678e+01
-9.349528019998450645e+01
-1.487542132277827989e+02
-3.495409572835729506e+01
-1.288333686265030735e+02
-3.465130834854075914e+01
-1.250767675408111330e+02
-7.065378619346626010e+01
-1.054765063522435327e+02
-6.195443844849395987e+01
-3.051452600530490145e+01
-5.464079104485843885e+01
-1.101525237314000094e+01
-8.359553942169758045e+01
-3.614788751295985492e+01
-9.873781728958506676e+01
-9.726894874912285616e+01
-7.181845906036306815e+01
-3.116974669957631860e+01
-8.285655120097878523e+01
-3.692685002383094428e+01
-1.268035977599848110e+02
-7.936438797466962569e+01
-6.933453564912778688e+01
-1.088830035172435373e+02
-3.834615465605416063e+01
-7.576094369035041609e+01
-1.524210044879820316e+02
-4.943496712812098792e+01
-1.208473246328388768e+02
-3.845777696145048452e+01
-1.026378942618447638e+02
-7.955178172186752761e+01
-1.220661741714848887e+02
-2.315119695482520612e+01
-1.329491237575871878e+02
-2.562509169826207156e+01
-1.134448222067244814e+02
-9.352166868078548134e+01
-6.614796139755122795e+01
-1.437906863134478783e+02
-6.718003059869241156e+01
-7.169252731603356210e+01
-8.203419605414309501e+01
-4.052934049641911685e+01
-1.518952335098917956e+02
-4.429542326698954469e+01
-1.080857046709573410e+01
-5.572311394589437583e+01
-7.218380640016876271e+01
-1.312488558550614073e+02
-6.249348228606191213e+01
-1.389559932526791783e+02
-9.044164112679347056e+01
-6.132696038666844629e+01
-1.007756107718187764e+02
-1.794546934905180535e+02
-1.144656654821476280e+02
-7.124829978783618856e+01
-4.251699692543986941e+01
-7.221869281754034375e+01
-9.284565520042930586e+01
-8.529547802041895466e+01
-8.628004990366646609e+01
-4.100155174900345401e+01
-6.283052674788885383e+01
-3.406187758670640164e+01
-8.109305034172824378e+01
-4.401632695762873482e+01
-6.405960478063870767e+01
-8.037608007073527006e+01
-6.681739883844780081e+01
-1.362187395182850764e+02
-4.907353350400203595e+01
-7.090858724602028929e+01
-3.667371854481781668e+01
-1.135865236568011056e+02
-1.097186116289728375e+01
-1.534395384910316693e+02
-5.038029409049119778e+01
-9.847923075409175908e+01
-2.249311579531712724e+01
-1.034914673550577646e+02
-9.068694610489080787e+01
-6.701714095243094960e+01
-8.354645537652071141e+01
-5.291273573150635912e+01
-1.284625113088876560e+02
-8.965643092354022770e+01
-1.052818739338788561e+02
-4.158566016533308130e+01
-5.479738976924760863e+01
-4.710854584048959026e+01
-1.845715653386184485e+01
-5.610219895927157552e+01
-7.355229056826519241e+01
-3.437465005025299547e+01
-8.874835277942655409e+01
-5.001304828631059962e+01
-5.273285827322516184e+01
-1.097186116289728375e+01
-4.571480890057482327e+01
-7.036807964976890162e+01
-9.602075785393019203e+01
-1.186159051936579516e+02
-3.421660285432582782e+01
-1.045314392678565838e+02
-1.290040443642888306e+02
-5.389692166182089750e+01
-1.258905148069558066e+02
-7.271205632027357524e+01
-1.359490782288420974e+02
-2.995689693720013835e+01
-4.605704968378323372e+01
-6.797137195504326712e+01
-8.464407845800184305e+01
-1.956809904827979452e+01
-4.571132348527301303e+01
-3.766788487320418000e+01
-1.228428797947642295e+02
-2.279373341893359139e+01
-1.061330289109415190e+02
-2.993722068215070564e+01
-7.517367605580909640e+01
-9.577481371192739346e+01
-2.470568092620213818e+01
-2.322893213301516724e+01
-1.331502748683972470e+02
-8.970644032417805391e+00
-1.113150224687974656e+02
-7.152357921796135543e+01
-2.780225637562582008e+01
-5.781370867861939189e+01
-2.405212049273521302e+01
-4.955117162583835011e+01
-1.382160916773366637e+02
-1.074168295346607636e+02
-5.749690859380888952e+01
-2.735588738714102774e+01
-6.640464197188194362e+01
-1.002408894847929020e+02
-8.529883905749206008e+01
-4.468701011411364732e+01
-1.159262767946213302e+01
-1.302662043196491197e+02
-4.184477786250898390e+01
-2.745977293958493703e+01
-7.073420618663547543e+01
-1.316860100986940552e+02
-6.422529815202140924e+01
-8.863151985817138367e+00
-5.151606468712537179e+01
-4.579345610841367886e+01
-6.202422268939578487e+01
-9.520849169149775548e+01
-1.449226369296094106e+02
-8.494796617161446761e+01
-1.112992200961011768e+01
-2.754154595606774336e+01
-1.016973131011955616e+02
-1.026606446696674055e+02
-1.056485623934987075e+02
-7.203057706512275615e+01
-1.039123610358580123e+02
-1.025700138172951341e+02
-2.858326475318387239e+01
-4.498211378319334131e+01
-9.696148647419410338e+01
-9.047784759424546053e+01
-2.230217504835838227e+01
-6.923209641474613818e+01
-2.774828396592206303e+01
-5.962047920144988211e+01
-6.090463725989374666e+01
-4.231298357870175408e+01
-1.077662687077252315e+02
-6.272097453509329767e+01
-7.707665252656728683e+01
-3.136472024496115552e+01
-8.927721637994466164e+01
-1.005002669256947172e+02
-7.875431059537126544e+01
-2.258008978393672095e+01
-1.624003536155949803e+02
-1.463120854684709684e+02
-2.602368781545727217e+01
-1.483970470213952524e+02
-2.040925477763678089e+02
-1.255044639176723962e+02
-1.030078729282929118e+02
-8.763841996264022782e+01
-2.230943266233110833e+01
-1.088862998481890898e+01
-2.861834098602594878e+01
-1.306873672910828930e+02
-1.745048485889842738e+01
-3.070232903784588885e+01
-4.387330237356286489e+01
-2.658549842791979501e+01
-5.714231618514141786e+01
-1.011252244246900034e+02
-2.667342211485042469e+01
-5.313604826016715776e+01
-8.269920350846047086e+01
-2.005287257177650986e+02
-8.863151985817138367e+00
-1.274786606300018832e+02
-1.142115935385291152e+02
-1.245659319507760472e+02
-7.789339539004559754e+01
-1.711759202443367300e+01
-3.399432324222555479e+01
-1.735678568242617104e+01
-3.009324172118527940e+01
-1.080533700856549189e+02
-1.287212425480502986e+02
-2.494634949773314503e+01
-6.719933476957561425e+01
-3.957870768907926617e+01
-6.899855247396520497e+01
-7.953281237477689558e+01
-4.375208641933301124e+01
-5.661001588643917160e+01
-8.184927174761934054e+01
-1.012240506351866571e+02
-5.135218020010852058e+01
-1.542142740153438751e+02
-6.982572296902222320e+01
-5.832411843533692775e+01
-1.989369381372916123e+01
-8.304961856216833382e+01
-4.866039948429745721e+01
-2.231218615984160181e+01
-7.753159101235196715e+01
-5.280595866591504972e+01
-9.928386437484283533e+01
-5.420341866332243086e+01
-2.308643821480656300e+01
-5.446218756534287309e+01
-6.121552432455288795e+01
-1.268751123944590518e+02
-1.156795647332712917e+02
-2.517722231049580017e+01
-2.545524922496178988e+01
-9.346474094381588316e+01
-3.010577620484690087e+01
-3.434514353373232609e+01
-1.153031775469084010e+02
-9.247556641659579668e+01
-2.859216641339804355e+01
-9.413382755533564961e+00
-3.106109914739237965e+01
-7.205554704947995504e+01
-8.746393044957711993e+01
-2.715053675956277601e+01
-1.122276201988591140e+02
-1.088862998481890898e+01
-1.552090988090107544e+02
-2.401915364119239982e+01
-4.569789344608912529e+01
-1.088862998481890898e+01
-2.198322482989175697e+01
-1.820149871033232216e+02
-7.516121083565882088e+01
-1.924945679458919656e+01
-9.369387773071355241e+01
-7.741423885428000062e+01
-1.313290637594083989e+02
-8.481402226611471917e+01
-5.272405882049411474e+01
-8.862125808459364862e+01
-1.164094242083024966e+02
-1.027426010611145557e+02
-4.503674509766841538e+01
-6.402756270935752525e+01
-7.149558293116257346e+01
-1.296523097103234079e+02
-1.046233195626104475e+02
-5.047556980597612153e+01
-1.147617279795330774e+02
-9.938529876505909044e+01
-1.022481343710265094e+02
-9.449230160668192013e+01
-5.731414386781230519e+01
-2.194093969586481307e+01
-6.258710125328038032e+01
-2.044281725740945603e+02
-1.146074008710795624e+02
-4.024271842543026878e+01
-6.109845891670853746e+01
-2.663727084141182289e+01
-2.900548888447471185e+01
-1.351852683496236125e+02
-4.106399159398554133e+01
-4.375003845319267270e+01
-1.336951740307023897e+02
-7.965002796312478495e+01
-4.554698328118509210e+01
-8.116386086998366522e+01
-7.224732926061244598e+01
-3.976580484685185013e+01
-1.303416765098080816e+02
-7.717357802517304322e+01
-1.798601357998420980e+01
-9.470791274404672322e+01
-1.792095324472331299e+02
-1.381016040520950696e+02
-1.088257175476920224e+01
-1.905407473275959873e+01
-6.576850008304464268e+01
-7.490665912147304084e+01
-8.746398235791657783e+01
-5.142131288367522757e+01
-7.668349832306321900e+01
-1.260647639932327735e+02
-8.645540136272362020e+01
-5.817867296500874374e+01
-1.112620662513436258e+02
-1.272896727130572572e+02
-3.810871885795793901e+01
-1.395079620936099616e+02
-1.494192207991028454e+02
-1.128622747078572246e+02
-1.116015875481330255e+02
-4.207627666929687393e+01
-1.001220477668875759e+02
-5.440480262302190795e+01
-1.819267244616973471e+02
-1.832871764494271929e+02
-7.224805525592331890e+01
-7.109944467300820747e+01
-1.101472892680921376e+02
-1.874748373751295105e+01
-1.486842256939236790e+02
-6.615585183904251210e+01
-4.803362944814698210e+01
-1.018036310545972469e+02
-1.364480331106619531e+02
-5.595198739311341285e+01
-5.266074937508028597e+01
-1.216597587946759518e+02
-1.349717731669502463e+01
-2.946008236941002423e+01
-6.511295079174328748e+01
-5.940476024553771595e+01
-1.006455770177595497e+02
-4.013605610285222980e+01
-1.403400046765759157e+01
-8.346147948756376422e+01
-1.047988957020417615e+02
-2.002204620507445298e+01
-1.088767053540602063e+02
-3.497164454160161995e+01
-7.809535789593257959e+01
-6.651845423577759675e+01
-7.969563212565645927e+01
-1.906449446234996614e+01
-9.297963496952195328e+01
-9.356599754988647533e+01
-6.977742104782220167e+01
-4.348221772187993395e+01
-1.140402354687568334e+02
-7.338651742821438972e+01
-9.770453517463865012e+01
-9.922361330523077783e+00
-1.866703279927771320e+01
-8.390433523083592604e+01
-7.783314833821066259e+01
-8.317048662737636278e+01
-9.576701917866243718e+01
-1.084896434738667068e+02
-9.316122285508949119e+01
-8.970644032417805391e+00
-3.895685223180934997e+01
-7.908718861373351672e+01
-2.204811712712164251e+01
-7.730302626119416232e+01
-1.473783544799916001e+02
-8.970644032417805391e+00
-2.124171839488888125e+01
-9.779668664306605308e+01
-4.007723384737732175e+01
-6.007788686418783897e+01
-1.306366690278808278e+02
-4.980118977165194138e+01
-1.336023701874568701e+02
-6.396744436742763895e+01
-7.132584733585525782e+01
-2.826008290560715253e+01
-2.114657080731431336e+02
-1.151222677136386352e+02
-7.124785179132378232e+01
-3.682823680209367012e+01
-7.833652497875935694e+01
-1.298312108109991811e+02
-8.210126894543319054e+01
-8.721996199428882335e+01
-5.493731135004858857e+01
-1.214347871688596570e+02
-8.537485318253908417e+01
-6.281140225758440465e+01
-4.790171139133628486e+01
-8.691238708610502783e+01
-6.607337270625535552e+01
-2.148079626901692762e+01
-1.435280422931675446e+02
-1.237651943023854102e+02
-9.437084918237913200e+01
-2.256160715686742790e+01
-7.414496224127097435e+01
-1.389259206756443348e+02
-7.271749278126246452e+01
-3.008246385419587554e+01
-2.171497552959655053e+01
-1.250602587173630127e+02
-3.875311916315490635e+01
-1.876700645357530206e+01
-8.613035213973708437e+01
-4.358170122517186940e+01
-5.567767363286981208e+01
-8.578774979482199114e+01
-6.319077338730340898e+01
-7.089799727661245754e+01
-1.003471543236833412e+02
-4.477017580193010815e+01
-1.048926563369280700e+02
-2.973119878149044126e+01
-2.874405919193307213e+01
-4.037190992235037612e+01
-9.972519501360231686e+01
-8.633105011527194961e+01
-7.739672756491893324e+01
-4.595029754800653166e+01
-1.661881519485966976e+02
-6.663175253005655918e+01
-7.116154023400625306e+01
-5.277310153409659677e+01
-5.230695502784547557e+01
-9.663371603099848528e+01
-6.512365628576048948e+01
-1.098349085625956008e+02
-6.613052386680412553e+01
-3.084166390226700116e+01
-6.505835293891360038e+01
-1.743761987909910545e+02
-4.498622790970416929e+01
-1.929542630454919916e+01
-4.235420722988423847e+01
-1.288507228205914998e+02
-1.182207214710252288e+02
-4.771173865211781617e+01
-2.822083440835390178e+01
-4.834880102301028160e+01
-8.478750481385583271e+01
-5.311991485588386297e+01
-1.193496058215381481e+02
-2.997647728247854104e+01
-1.110079359929309533e+02
-3.010229591003819394e+01
-2.105077619268562827e+01
-5.404618588894682318e+01
-6.406518271878087489e+01
-9.059486779905809328e+01
-1.761475269174324154e+01
-1.131182944208342462e+02
-2.184591423379633213e+01
-3.824284048899490784e+01
-2.304673276301750207e+01
-8.252973129769578975e+01
-1.083683581426695781e+02
-1.716049094166411919e+02
-6.003817296725438268e+01
-3.004917857585690300e+01
-3.010392285480098806e+01
-7.963776121320705670e+01
-9.557497371142932252e+01
-5.633511522330616117e+01
-3.802509000790533378e+01
-8.970644032417805391e+00
-8.620431926609542472e+01
-3.906697674784241769e+01
-5.512547005047110815e+01
-7.229819990315991163e+01
-1.296999767424749450e+02
-8.970644032417805391e+00
-9.291390388135113199e+01
-1.087024551075633667e+02
-3.721045599246878055e+01
-1.313567339248523922e+02
-5.101905270463743136e+01
-9.281533704912334315e+01
-4.687916543283138537e+01
-1.474414152598153578e+02
-6.616420132515554542e+01
-8.787986689453957467e+01
-1.109218919344906169e+02
-9.080895568623176928e+01
-8.645974381814806975e+01
-5.262780441639904438e+01
-6.860317726114817560e+01
-1.247901056617661339e+02
-1.181604929410431168e+02
-9.035661376415660584e+01
-2.498188230715669533e+01
-1.286153202612420046e+02
-9.861854911275827362e+01
-8.561860174394196576e+01
-5.905136324803544312e+01
-1.180092770401711704e+02
-3.369720267060984042e+01
-1.015045810472213361e+02
-6.597931485798180518e+01
-2.923967207490742837e+01
-2.482662036373817571e+01
-6.141204536950933601e+01
-9.780751179126079364e+01
-1.205942214726426300e+02
-6.594829995011299673e+01
-7.302074324863636434e+01
-6.582310875399906536e+01
-3.175429583127017708e+01
-1.287284934148662501e+02
-7.604326047565929514e+01
-8.613041329876368479e+01
-4.697562813039837692e+01
-5.256291077590294947e+01
-5.066878757872777328e+01
-2.473476330119480693e+01
-1.888733156341887565e+01
-1.284753212114742098e+02
-1.258380703057013505e+02
-4.002673995885378133e+01
-5.333190430192843223e+01
-1.168339128786582108e+02
-3.598492677441608123e+01
-2.816545702239751137e+01
-1.167735244218190189e+02
-1.226595155668690467e+02
-5.459021015550421652e+01
-1.587514841311813996e+01
-9.258246312886376472e+01
-5.396464479941361958e+01
-1.261643122507028352e+02
-6.339957887743350540e+01
-7.596939177955866285e+01
-2.520769839334218076e+01
-3.118290981771194836e+01
-8.332033694800651347e+01
-9.392227527239718654e+01
-4.077333491388746012e+01
-9.379225451928155621e+01
-3.466751938825154866e+01
-1.378578095299993151e+02
-1.764658474337434200e+02
-5.830579611879873880e+01
-2.431718577283183080e+01
-7.793857767809389259e+01
-1.211677896665628538e+02
-1.015840966866317387e+02
-4.015342322340521264e+01
-2.306118336532423641e+01
-7.053205857961681602e+01
-3.801418047844381221e+01
-7.031570465326257136e+01
-6.122420915028827437e+01
-2.987590425521698378e+01
-1.008835655826090516e+02
-4.828900168989787289e+01
-6.602915853895567011e+01
-7.228667791138582288e+01
-6.002505060752579169e+01
-7.149522016828727544e+01
-2.087397980318226232e+01
-8.096531049793684076e+01
-4.745282263310784288e+01
-6.281355387366863852e+01
-7.852056081012122490e+01
-2.223935057782127700e+01
-2.948725242629055998e+01
-1.360191582664262171e+02
-8.018338287990523838e+01
-7.570560695525219330e+01
-5.099362448944837922e+01
-3.907130272769521184e+01
-1.095897192176445998e+02
-7.389550011704254473e+01
-2.585073964652285028e+01
-7.161966003333049002e+01
-7.735870481981410762e+01
-1.747364458684746467e+02
-1.343824177100365489e+02
-1.296120549315353117e+02
-4.187596863422828619e+01
-3.025763814461883072e+01
-9.344287379688361739e+01
-1.304478710135448125e+02
-1.563322590155184457e+02
-1.041813493281001399e+02
-7.071735029037851916e+01
-1.999275343814484174e+01
-2.985588609906253765e+01
-6.591794524664122434e+01
-3.655117084083609313e+01
-7.351951510287241831e+01
-6.197783963890741177e+01
-9.566907922476444526e+01
-4.491416242241251666e+01
-6.011322389953017620e+01
-5.794803977384410132e+01
-1.611520419764405574e+02
-3.802998076556232832e+01
-3.894179636697317903e+01
-8.257848069687004511e+01
-2.887018663913953276e+01
-6.660783646819439241e+01
-6.417445639497873344e+01
-7.168871724342533014e+01
-5.591680819915904976e+01
-6.195700317930595702e+01
-7.956100012818863831e+01
-3.986280537401962221e+01
-2.283123415770213072e+01
-1.074832110762903170e+02
-4.069663271458253462e+01
-1.145392295069674304e+02
-5.667720636378142984e+01
-1.297636460270486509e+02
-4.310747331629715262e+01
-1.138947192561132340e+02
-1.167461701956488014e+02
-7.108185013259424068e+01
-9.283065545709585820e+01
-1.742335811121117501e+02
-8.538151132473240068e+01
-3.403025840909574384e+01
-2.353826599893295679e+01
-1.354016497033454982e+02
-3.008520220062853312e+01
-1.110046744410369790e+01
-6.989575027712491817e+01
-7.916227237621470181e+01
-6.461816223240732882e+01
-4.031545113971761651e+01
-2.341799407911755182e+01
-5.089380334527998428e+01
-1.078935911690149041e+01
-6.550598496319948083e+01
-5.339314597715592470e+01
-5.877864836105285917e+01
-3.413219618105971875e+01
-1.088862998481890898e+01
-4.934615090428090411e+01
-9.083067041840799050e+01
-5.572156685256305053e+01
-9.445478381260054235e+00
-5.638960740659882021e+01
-1.925344844145777401e+01
-1.926240368642461931e+01
-3.599213553668788279e+01
-2.982394835698291402e+01
-3.503598187826706578e+01
-7.618477475413389755e+01
-6.730010964318461220e+01
-7.802856831193943776e+01
-1.355184456456655369e+02
-1.719008872642687606e+02
-1.319210094945673575e+02
-3.037765018025084984e+01
-7.392137145962492184e+01
-8.928947941200459582e+01
-3.669163550190904033e+01
-1.584599718420738839e+02
-8.989995096032498623e+01
-1.099043091833322308e+02
-9.659170762982992642e+01
-4.584809421658782469e+01
-6.810574012023516843e+01
-4.342283458487057146e+01
-6.796887280695838740e+01
-2.381571667645772195e+01
-8.589445681793131371e+01
-9.901173667688473756e+01
-4.643285983641850123e+01
-6.377037478080871580e+01
-4.301069090875957102e+01
-1.895722997188551062e+01
-2.950306501071029075e+01
-3.794750550639118813e+01
-6.429548785014861778e+01
-6.287561526238333443e+01
-5.429899118047504203e+01
-2.307207513746447347e+01
-4.047999462843458218e+01
-4.452812037529083256e+01
-6.573354620858984276e+01
-9.025695966472378018e+01
-4.398392079644538200e+01
-6.858553972683267830e+01
-3.942305122649241866e+01
-7.626416471284619547e+01
-6.897213831555100683e+01
-1.235994653788335569e+02
-7.357157396799857807e+00
-1.000407657232909315e+02
-5.333739105613005904e+01
-2.085476727645905726e+01
-6.714767948580416146e+01
-4.882221027371774369e+01
-1.001496104346393139e+02
-1.830801511073304511e+01
-8.022665478197887978e+01
-3.099035805581776515e+01
-5.428019196574440741e+01
-9.866269072500647042e+01
-7.293817329194970966e+01
-6.524651789143658220e+01
-4.473307575712338746e+01
-2.475152472097706635e+01
-4.175433491416451659e+01
-8.889838489416469258e+01
-2.245195441546852066e+01
-6.013048391724274211e+01
-5.398121667705895277e+01
-8.317973108597091425e+01
-8.079359009240805278e+01
-2.901216839309311979e+01
-6.253384986244544308e+01
-2.701799906733683798e+01
-3.192354530240827515e+01
-5.253467014460742490e+01
-5.089240406065413680e+01
-6.132059037405566926e+01
-9.520985873646432651e+01
-1.014762322004322215e+02
-1.088862998481890898e+01
-1.088862998481890898e+01
-6.755006020605333106e+01
-6.944608143548890666e+01
-3.363875766977962911e+01
-5.340974471716550198e+01
-4.645724278632637549e+01
-1.111281037983386710e+02
-5.766448509522086852e+01
-9.935808455408728435e+01
-7.546594954411541778e+01
-6.967228779080765833e+01
-2.545504709055345671e+01
-5.906265384188982637e+01
-5.175402062291117744e+01
-2.548711868847551898e+01
-2.934264988756033077e+01
-2.616955277291970461e+01
-6.986953702448465719e+01
-5.945491857452675788e+01
-4.527302224861603008e+01
-5.676045073056843648e+01
-1.086754486126811514e+02
-8.147409060146863169e+01
-4.365448994303061170e+01
-1.011387822750736092e+02
-5.136274249762085731e+01
-2.455745539839460534e+01
-6.630248739993211871e+01
-1.147690389604793495e+02
-5.570781138598196947e+01
-1.141294804477873726e+02
-6.398320906576258693e+01
-9.368478717838532077e+01
-7.143532091785624516e+01
-1.529158205661317993e+02
-4.017810987507228759e+01
-7.826799798768152527e+01
-6.151692418014413732e+01
-3.147685896066753486e+01
-1.212289174863723105e+02
-6.195376825777319141e+01
-2.589842875692762192e+01
-5.502229886890500410e+01
-2.997806250985173904e+01
-3.815193608138996240e+01
-5.085645584639235750e+01
-5.277124253313389346e+01
-3.917459006345401917e+01
-8.258952832919852938e+01
-5.752135860284923297e+01
-2.677598350616742096e+01
-4.597770730829125796e+01
-9.402013092863280974e+01
-9.318416796872264740e+01
-9.992133520999659879e+01
-8.970644032417805391e+00
-5.487713815792844230e+01
-1.252253616032184027e+02
-1.002041311453630783e+02
-2.994951994875517443e+01
-1.506555561840064570e+02
-3.922827507345599685e+01
-1.076347441921377879e+02
-9.944026891963453352e+01
-2.826687342166966843e+01
-3.991610731848996352e+01
-5.371159004286764826e+01
-6.064999827397200249e+01
-2.486408536036133654e+01
-6.761192342215322526e+01
-6.450992935146554430e+01
-5.379780387063627956e+01
-3.787811913827670907e+01
-1.307231971966392905e+02
-4.178226868967789187e+01
-2.902118383215807995e+01
-6.459645019067762917e+01
-2.516737723412261118e+01
-9.573465325208350407e+01
-4.981598732123763540e+01
-1.737988296132247399e+02
-1.257346848822306384e+02
-4.589274816508597610e+01
-1.245056791079812655e+02
-1.021816036729092190e+02
-7.365732090308642910e+01
-7.045363401078455468e+01
-1.332110500337452379e+02
-6.609043058694020090e+01
-6.053538095555357046e+01
-7.879415201281345560e+01
-1.334858773488342933e+02
-6.790131315696044112e+01
-9.990301008188264120e+01
-4.732458620832210983e+01
-2.686356920791535785e+01
-2.142254557434601736e+01
-6.289404073771351023e+01
-6.923760180300722311e+01
-1.745330819563738700e+01
-6.682279244855696732e+01
-6.542601720402537069e+01
-8.970644032417805391e+00
-5.326940409779809471e+01
-5.969946584511092880e+01
-1.458399541346166188e+02
-5.647734782386547892e+01
-1.684577299894731084e+01
-2.105479570691392155e+01
-1.108504930191625988e+02
-3.693362577917903167e+01
-8.172048395242431695e+01
-3.406194337296494723e+01
-6.436882018713596665e+01
-1.014848981295522208e+02
-1.882023375890601358e+01
-1.012843910369703337e+02
-1.050146565212595533e+02
-1.204187257681365111e+02
-6.181835126228620680e+01
-5.253515714083530952e+01
-1.954442818765926049e+01
-1.066758919808074495e+02
-8.434697448951354204e+01
-3.272720890727454446e+01
-1.021622596157636309e+02
-1.764642702918098749e+01
-1.025963667882800792e+02
-7.339695009814317928e+01
-1.684634746001598842e+02
-6.829302805155839451e+01
-7.812279921090404855e+01
-6.673955664315272429e+01
-6.539803314252033317e+01
-2.724714317667746855e+01
-4.158834978039795516e+01
-6.393249553474552727e+01
-7.436405957122984489e+01
-1.159981715468083934e+02
-5.777505797292798206e+01
-5.559129553554259928e+01
-3.256862006748352201e+01
-6.769056937434064025e+01
-2.926901229197380871e+01
-5.620360555670571046e+01
-5.487591601365671323e+01
-3.127001578124062320e+01
-6.766875739824875780e+01
-5.714978111067935629e+01
-4.047546579108463050e+01
-7.327906837616936286e+01
-3.172635577489943870e+01
-2.323657003874442495e+01
-2.944213436447401477e+01
-4.105753243849599698e+01
-9.258460326879675506e+01
-2.131641841908149715e+01
-1.417061966622368061e+02
-2.493271213088092964e+01
-1.068164369714628918e+02
-4.745617665670782515e+01
-5.191565283313297385e+01
-9.164520275440645491e+01
-7.583188696043853838e+01
-2.252948512216114807e+01
-4.207472007100355427e+01
-3.279079950262238441e+01
-7.389136632596917309e+01
-4.571441607226728365e+01
-7.537945887885879870e+01
-4.798642839332325849e+01
-1.057429955723525836e+02
-5.178628467456023543e+01
-4.839734488107720267e+01
-6.642265176840301422e+01
-1.330758565083941392e+01
-9.193242596800216404e+01
-6.059077716484333109e+01
-8.886877747855589860e+01
-4.497535374593550728e+01
-4.737469550521337425e+01
-1.021874742575933652e+02
-5.820001499167884162e+01
-8.672407457687540955e+01
-3.304179884509400722e+01
-3.505627251936244448e+01
-1.003423304918242707e+02
-1.454548489430200107e+02
-5.480105405180317746e+01
-6.090625493325548234e+01
-7.232197766172849640e+01
-1.289124953212250944e+02
-1.054525373318079033e+02
-5.285190914262963702e+01
-1.285962897366270283e+02
-7.830989672001601321e+01
-6.558709081190869483e+01
-1.026748347748244328e+02
-4.768170933280990909e+01
-3.002288985448044301e+01
-1.226348368006439671e+02
-3.271002281517413479e+01
-2.849799822869511701e+01
-4.125815033978048518e+01
-1.043068526730444461e+02
-7.317726759882013710e+01
-1.260390876046622139e+02
-1.531587497684907717e+01
-4.600069320920546545e+01
-9.104394901745612856e+01
-4.122029573210981823e+01
-5.036398812519836099e+01
-2.948889865808360966e+01
-1.355673405639491591e+02
-7.495485465508987488e+01
-5.720756784424389707e+01
-3.167532676699270766e+01
-9.125490669123088594e+01
-9.621617786945597572e+01
-1.059674854931471373e+02
-3.655456265225416956e+01
-5.567140496457137999e+01
-6.675652676675449015e+01
-9.200468327271080682e+01
-7.260265717337881597e+01
-6.342635052931254336e+01
-9.718124030440971239e+01
-1.462349154294084883e+02
-7.135448417736458282e+01
-2.129674493119391698e+01
-8.467342631396397223e+01
-5.196281961915758529e+01
-5.019926403168909701e+01
-7.363523511569434277e+01
-5.203351211746917215e+01
-1.908822694023610111e+01
-2.497124819774653304e+01
-1.565391469898252907e+01
-2.445838431612989439e+01
-1.122838913313954521e+02
-3.376335593312886374e+01
-4.976054659217832921e+01
-2.637535326175406070e+01
-4.836779568683193986e+01
-5.254334128160868289e+01
-5.578121564141881095e+01
-9.528226675850905281e+01
-5.194766412255503951e+01
-9.747462656896675526e+01
-5.364092812069925742e+01
-6.890573774863887024e+01
-5.842542114573026879e+01
-1.669749841010322911e+01
-1.661050741931120740e+02
-2.835287959970285954e+01
-8.675841631187715564e+01
-4.896734475516304741e+01
-1.923868059031662625e+01
-2.491378394876689484e+01
-7.454179031417140777e+01
-2.730194810137633965e+01
-1.992455233311827101e+01
-1.039127258481248219e+02
-7.511210349071673420e+01
-4.983290037213305368e+01
-5.077566084123991885e+01
-7.133298904821229414e+00
-6.076598057331186453e+01
-4.864241812341693816e+01
-8.796948045539207328e+01
-1.084500286619571057e+02
-8.154071596973611236e+01
-8.014963681194008416e+01
-8.766624714726209788e+01
-7.585939524272205858e+01
-1.039197111406424199e+02
-3.405207870143377136e+01
-9.892672852078686674e+01
-9.580072178284079598e+01
-8.539728024630521830e+00
-4.674988187885880109e+01
-1.157582878020653254e+02
-2.281591472376691243e+01
-2.628104849830322109e+01
-5.439678704186714953e+01
-5.579826081498522683e+01
-2.022988328093780197e+01
-6.841453540051851689e+01
-4.486683867335782594e+01
-6.121888883148437799e+01
-5.101508650137826351e+01
-9.925420841900022140e+01
-8.516147669286691269e+01
-2.250414474172832868e+01
-2.771065126234312359e+01
-3.130660168220477502e+01
-2.285782391205258079e+01
-3.543151816217527283e+01
-5.286806816036914825e+01
-5.220664398087392755e+01
-6.407381669930484236e+01
-7.796225681013596898e+01
-2.427618621640061747e+01
-6.975093072040316144e+01
-6.324562331241528312e+01
-8.840729506501858737e+01
-7.071503012338688166e+01
-2.762478550233083041e+01
-1.140822849613777663e+02
-3.675486542138828838e+01
-9.410279961792318204e+01
-6.841203165709143263e+01
-3.927523806622492941e+01
-6.934555866809947133e+01
-6.483887576450200640e+01
-4.400561398511047173e+01
-3.480520882188356779e+01
-6.916768340396737358e+01
-1.464108450847110703e+02
-7.562991983986076150e+01
-3.760528227769660248e+01
-2.618972010270660178e+01
-1.088862998481890898e+01
-3.700751929387025285e+01
-4.550153265978173067e+01
-2.754256747571912456e+01
-5.579684876468158450e+01
-5.641449881327875460e+01
-4.754132410313766854e+01
-5.243086314689453076e+01
-7.208542458815304599e+01
-2.108709552776123175e+01
-7.838483962267814853e+00
-2.741815951634715631e+01
-2.600529585214736628e+01
-2.325821915043773913e+01
-5.583879387042412645e+01
-9.655312328876502193e+01
-6.451113881456240051e+01
-5.691629415422724492e+01
-5.584451555701093639e+01
-8.880616516889597278e+01
-4.242265072382386393e+01
-6.772624786543201481e+01
-1.427784225245544292e+01
-8.405006032956178430e+00
-7.579336509180374826e+00
-5.990237490545029431e+01
-2.723215553573658454e+01
-5.709040443874529558e+01
-2.143516606700391591e+01
-2.171252128536071169e+01
-2.747449524560997602e+01
-2.608000714048053936e+01
-6.308227832433225046e+01
-1.727397157315746767e+02
-6.514431381374448904e+01
-2.055857714298396743e+01
-5.900401285053069245e+01
-1.159875830998593216e+02
-9.025837290562178339e+01
-4.632962808941826438e+01
-5.796041270992967043e+01
-1.184984234606658049e+02
-3.963595331250769505e+01
-3.002781795484999350e+01
-6.816306889263150026e+01
-4.421785268377911393e+01
-2.770129799707353158e+01
-1.043134687072909941e+02
-4.070184862606755871e+01
-5.383324486385635055e+01
-5.773295482207340967e+01
-1.693054618210234707e+02
-4.133871960441383209e+01
-5.785036271740533209e+01
-7.845962866571932182e+01
-1.205155851948687484e+02
-4.938577454460370575e+01
-3.695719445013654081e+01
-4.437318776016682875e+01
-9.761616156540650735e+00
-5.965056430987475267e+01
-7.749110416933227441e+01
-1.860182728728645429e+01
-2.770129799707353158e+01
-3.961867914432638571e+01
-3.797146072365550395e+01
-7.067983247480948705e+01
-9.977474524706092041e+01
-3.076492961133891058e+01
-3.451056471310575802e+01
-2.214330548457492043e+01
-6.675636094065069415e+01
-1.754650680631665978e+02
-8.970644032417805391e+00
-3.518704644288746408e+01
-3.777369534975670007e+01
-5.998013910203701471e+01
-2.076583022093589292e+01
-5.878738789793406738e+01
-8.970644032417805391e+00
-7.863878450900580219e+01
-7.490168854687266276e+01
-7.039161436875704680e+01
-2.686278578335061340e+01
-1.336817872895981054e+02
-2.159930804576699614e+01
-2.291410001627021131e+01
-9.229402249223355170e+01
-3.760320554183196151e+01
-8.844711058067221643e+01
-3.648722268117041523e+01
-5.534849749186044221e+01
-2.329119742471439736e+01
-9.988108762674322350e+01
-4.352760102841090628e+01
-4.595252571966915411e+01
-3.401513030997280396e+01
-5.481794269501941130e+01
-6.439686178263370664e+01
-3.541623857306441181e+01
-1.088862998481890898e+01
-2.279826605107345117e+01
-8.510190348836616181e+01
-5.356550765658353441e+01
-1.545949856046785840e+02
-7.103721192047760269e+01
-8.300206437580501984e+01
-4.106688762911647927e+01
-7.950213128658728579e+01
-5.808489794063478939e+01
-7.862491208602754966e+01
-1.097186116289728375e+01
-5.200967942374101938e+01
-2.519334484249265671e+01
-3.073362616794099722e+01
-6.407818315472181325e+01
-6.578227236286431889e+01
-3.839603353091533222e+01
-7.620425002001120163e+01
-9.392893114219995709e+01
-6.343210459063496387e+01
-8.082949795459859388e+01
-9.666025784476435234e+00
-5.658417493806563670e+01
-3.526925760126973586e+01
-1.068377206083287376e+02
-9.186958156396241293e+01
-1.437572467474800249e+02
-1.402517799767456097e+02
-4.679813225418368461e+01
-9.340848277544323253e+01
-7.645552692317589560e+01
-5.581856277788918419e+01
-4.563493128139515420e+01
-1.164560799933636304e+01
-1.226217606208328448e+02
-4.888521276319767139e+01
-1.027164103374699380e+02
-5.481104651610635869e+01
-4.977214033629510936e+01
-6.089198613912469682e+01
-8.970644032417805391e+00
-3.368827087311389334e+01
-6.170102719703102423e+01
-4.796254829739542203e+01
-2.759938659188764376e+01
-8.727189036358480223e+01
-6.070830114976445202e+01
-3.220519197631816866e+01
-1.047269465573496063e+02
-7.783954504655740436e+01
-6.342497200080596542e+01
-5.448264767089619909e+01
-7.212090911727723608e+01
-5.152150779012288950e+01
-4.350357541969243158e+01
-1.055852944180442847e+02
-2.907093002356690548e+01
-1.088862998481890898e+01
-6.573286583750652312e+01
-3.283759781549323264e+01
-5.538399432206774975e+01
-4.788071985367964345e+01
-1.581098944028738806e+01
-7.120830582639861461e+01
-6.820986463029751690e+01
-6.199323178367451703e+01
-8.853882675157024096e+01
-2.718428067463751674e+01
-5.850964008374457137e+01
-8.913163294132239400e+01
-6.699202700047584358e+01
-3.687032582253131352e+01
-2.024068832790599970e+01
-6.731603194860542771e+01
-2.118619634858950107e+01
-4.051229304637672612e+01
-2.483798446339622501e+01
-1.705987341215611366e+02
-6.202728053299689748e+01
-9.579212963543037063e+01
-1.178390481783751653e+02
-5.719835773709786508e+01
-5.510229175323311779e+01
-4.171159339610534289e+01
-5.452540436879211683e+01
-2.456028075994008830e+01
-5.701302173439547261e+01
-1.047469119600958720e+02
-3.511622334623810104e+01
-1.921395274302754430e+01
-1.022699134347064955e+02
-8.764493651820679077e+01
-5.356371310563307020e+01
-1.202667649521630580e+02
-8.146127077374504211e+01
-5.546446166610508044e+01
-5.125462068668831250e+01
-9.646341148034792923e+01
-4.742057146836425829e+01
-1.088862998481890898e+01
-1.663330904969400308e+02
-2.517322645892542710e+01
-1.164168443101666242e+02
-6.328921312721305981e+01
-9.224741779796399044e+01
-5.397001679041486000e+01
-6.201270378657304150e+01
-5.630534872817405301e+01
-1.132643441831731081e+02
-1.906449446234996614e+01
-7.621746739948529026e+00
-1.157636638761627808e+02
-2.119810461807007229e+01
-3.190802276100580670e+01
-7.921919415124517627e+01
-6.131372217183161411e+01
-6.422011516020569388e+01
-4.627984142357762920e+01
-1.683172541769748136e+02
-9.438080431094246592e+01
-2.545049621194378631e+01
-5.453469347105185960e+01
-1.074440157905702335e+02
-5.613634463341322345e+01
-4.367246323431137967e+01
-5.591184930128495978e+01
-1.791908511040158913e+01
-1.044752062999439914e+02
-4.049409814368650018e+01
-6.346232046878535016e+01
-1.032472068131950849e+01
-4.009918437946279823e+01
-6.223564944891015216e+01
-6.166302800002881668e+01
-5.686030970756853264e+01
-6.798991310022979917e+01
-4.943246779444550043e+01
-1.413928730539162757e+02
-3.586603864492050064e+01
-5.846814848424729405e+01
-8.702738143453143493e+01
-2.424506858838361367e+01
-1.936266052894146483e+01
-5.591315756464689457e+01
-1.089977436602966492e+02
-6.137169042777048844e+01
-1.038149492053134963e+02
-7.214718340373096339e+01
-7.302165023868830929e+01
-4.800862047771143182e+01
-8.554957068374396556e+01
-1.002547272917451977e+02
-8.807992961131506604e+01
-1.126174603714420073e+02
-9.804606498974342443e+00
-2.300401152100368307e+01
-5.703272145846472085e+01
-9.769743482883865227e+01
-6.293204033885796633e+01
-6.909207790915436931e+01
-3.931829908930498618e+01
-7.141696933482072041e+01
-5.459175416250166535e+01
-1.134507115508151145e+02
-9.736602160390246752e+01
-2.499217935018031511e+01
-1.732830659098369210e+02
-5.401791432645511293e+01
-5.440766882571986685e+01
-3.008617043653595502e+01
-8.970644032417805391e+00
-3.003813806919849227e+01
-3.703632194760361074e+01
-9.532981347271980610e+01
-8.222812694433088154e+01
-2.559924030998350020e+01
-1.054735382552193812e+02
-4.216416366568321905e+01
-9.796321447486019451e+01
-6.431082412847588614e+01
-9.116266028996660964e+01
-7.239624974873618157e+01
-8.854432644684592901e+01
-1.188465834243322661e+02
-9.980138780174439717e+01
-5.601830232054238934e+01
-1.237624984258954157e+02
-4.444705059796133639e+01
-9.535148543837567559e+01
-1.745787289023775486e+02
-1.249472377527041260e+02
-8.188460360701533602e+00
-9.166963574030756945e+01
-5.934630833982507880e+01
-7.610856455145909649e+01
-5.222091703359620851e+01
-1.108415625412436611e+02
-6.138677075271998973e+01
-7.145250512848336655e+01
-6.345684666469603030e+01
-6.687019814832356701e+01
-6.453031078694489509e+01
-2.852849963541338951e+01
-5.457639886681384667e+01
-7.099354048084165925e+01
-7.623752874155256620e+01
-2.184768481633869541e+01
-4.270041756739369276e+01
-6.322185135319090676e+01
-2.692920369457776530e+01
-6.174306903081074438e+01
-4.574034748359289893e+01
-2.813984708449693883e+01
-4.846169245176146489e+01
-7.059148087352218681e+01
-3.940955553974343673e+01
-2.734248140545773609e+01
-1.107377972229576670e+02
-3.050616237947764020e+01
-1.394481083943068356e+01
-6.375323072229009824e+01
-8.182542005751116676e+01
-8.568497893118369291e+01
-5.629332060540370719e+01
-6.115122421953870457e+01
-2.478546639844507382e+01
-2.712733116887558893e+01
-8.665128350035465132e+01
-4.865949846056533090e+01
-5.206487523776053195e+01
-1.432603650298538014e+02
-3.825969012474554631e+01
-1.767826570538924500e+02
-3.019734399029911387e+01
-7.856750664466071044e+01
-8.989534029513821167e+01
-1.674334985113816572e+02
-5.695433575800484505e+01
-1.643015204934412168e+02
-5.965254080653620861e+01
-9.503111574239687798e+01
-9.884118170092224887e+01
-9.563956290831322349e+01
-8.970644032417805391e+00
-2.047906610315549969e+01
-3.317914243732603552e+01
-1.251498957840925641e+02
-3.191250588617255701e+01
-8.200092887370863082e+01
-5.582730451528121307e+01
-1.940652836105441637e+01
-2.898332501461750255e+01
-1.085628658314947188e+02
-5.962048122756647217e+01
-9.586775581692931780e+01
-2.932713483122019227e+01
-8.665229498687290288e+01
-6.828447700632675321e+01
-9.003081017554104903e+01
-9.687132283845839709e+01
-3.615497673825207414e+01
-1.519717060674318176e+01
-6.002312365718927367e+01
-2.095893008082867226e+01
-2.505741691247941105e+01
-5.545258212482679028e+01
-2.421387933074754173e+01
-5.670313797742134909e+01
-2.264732472777365047e+01
-6.667922831952171236e+01
-2.589375643863850840e+01
-2.310194660996696925e+01
-5.113197877630725685e+01
-1.437232122341535501e+02
-4.680875202098113164e+01
-2.981908283428855455e+01
-1.052286642593837058e+02
-9.339704439558359184e+01
-5.699852744425298567e+01
-5.880121578653503178e+01
-4.195272850504127859e+01
-1.270933638970015807e+02
-2.074981469248990962e+01
-1.276492723769291331e+02
-1.177879517883472005e+02
-6.867910928877488175e+01
-2.659176792400068834e+01
-6.833673604374465071e+01
-1.839417338232212629e+01
-2.333397612621363137e+01
-9.163773875170952010e+01
-5.302392831733554601e+01
-2.517253495417660147e+01
-6.742102855500397141e+01
-8.353822474689394539e+01
-6.752010617000661341e+01
-4.934280591040953112e+01
-4.958164276938070714e+01
-2.757288586947192144e+01
-5.008066757320709428e+01
-1.154978543205087220e+02
-6.090792027150556009e+01
-7.279215697538809593e+01
-3.540851014546941400e+01
-6.335869179307052690e+01
-1.039403527112625198e+02
-5.680168352563323708e+01
-6.488748135458740762e+01
-1.004256905324452589e+02
-5.471184442304816997e+01
-2.996718646219034099e+01
-1.041905871721645696e+02
-6.057762562517975624e+01
-3.446573191688688098e+01
-6.362149281322653849e+01
-8.682654740245084213e+01
-4.366000043891938986e+01
-2.240039493236445622e+01
-3.895125663154033191e+01
-1.672966016260687354e+02
-6.466665816867798355e+01
-1.088862998481890898e+01
-1.088677868305727259e+02
-4.430225666364191994e+01
-1.634607664713721675e+01
-1.064665389756253262e+02
-8.718337440880453926e+01
-9.424929272768143562e+01
-5.100793360618897765e+01
-8.420870900146803706e+01
-1.256434023122275505e+02
-7.163775578703024394e+01
-5.058801563781493371e+01
-5.753527536578282309e+01
-7.887826921017484949e+01
-3.897548879086988904e+01
-1.371598275530890589e+02
-7.627850968289277489e+01
-2.224971116721452802e+01
-4.766740275197187771e+01
-3.183135021706719314e+01
-1.278357914105017841e+02
-7.768429829897570471e+01
-2.167148026903941016e+01
-9.607187890616893355e+01
-1.113441014778690601e+02
-4.048527423321647944e+01
-6.424977756087895386e+01
-5.868467250384772171e+01
-1.320729549344903546e+02
-4.059019692220886100e+01
-5.097242904784951634e+01
-4.098987498622827985e+01
-2.695277224099190860e+01
-1.075353902026636632e+02
-3.130427848048883988e+01
-1.158117326994988083e+01
-1.697306810236049657e+01
-5.365774849098762900e+01
-1.856219041648883206e+01
-8.119883816623901396e+01
-2.087615801132906768e+01
-5.194170307551517851e+01
-9.296340272801434423e+01
-5.750402952795271005e+01
-1.059985217343610202e+02
-9.894886720519698642e+00
-2.509298344452841079e+01
-4.545774639329602707e+01
-4.259573948945296706e+01
-1.808925909520802122e+01
-1.033965830845150577e+02
-9.342689194277866704e+01
-1.873067525293153324e+01
-6.882000034495962382e+01
-2.451665872711989635e+01
-2.818472064977761704e+01
-1.048576596002745163e+02
-4.170782252928340483e+01
-4.395861935912810026e+01
-5.513546388774577167e+01
-2.780434140153332834e+01
-1.505839121726589838e+02
-1.611940053579740351e+01
-2.501639256631300157e+01
-4.720000849972507240e+01
-5.443295375224327159e+01
-4.470008699740055391e+01
-6.333226235993210906e+01
-7.962742234987720735e+01
-9.148155447510259819e+01
-2.167940540781669867e+01
-1.918424024424982477e+01
-3.209843889125034622e+01
-3.928387839546937954e+01
-7.294515420694486352e+01
-6.338326616451237072e+01
-1.221164659449234193e+02
-1.625544086051920942e+02
-5.240689452776673818e+01
-1.278342585224963130e+02
-1.134831178081845877e+02
-4.184244441557311234e+01
-1.076550981202483683e+02
-1.058050926316443849e+02
-5.926990116013723764e+01
-1.771305138290200887e+01
-6.954051958773078468e+01
-1.144325080767295901e+02
-7.683798641292713683e+01
-4.689348213386258379e+01
-5.769714325561011492e+01
-5.985723023492641914e+01
-9.568453396291471336e+01
-2.646310198239146061e+01
-8.756877513719238948e+01
-1.425237315643572060e+02
-4.528904116005134739e+01
-6.264790633747198711e+01
-2.338429808165212265e+01
-2.874864134516797520e+01
-1.037759588590007098e+02
-6.899374944342032734e+01
-5.351051083770150285e+01
-8.063885853790434055e+01
-6.044023310731245147e+01
-1.073213323804892951e+02
-8.503426510735098987e+01
-6.700017443229990022e+01
-7.883236118938538084e+01
-4.745977962229105884e+01
-2.834845921672835800e+01
-5.547984560599323345e+01
-4.754580535005077024e+01
-1.201107177760553810e+02
-6.589566170964683067e+01
-4.561926443223888583e+01
-3.762528369600783407e+01
-7.166534993426961364e+01
-7.915358301654369200e+01
-1.114898269280408414e+02
-7.095263430276644101e+01
-7.643747158018175014e+01
-2.419428808170236067e+01
-9.716693760638298727e+01
-6.302777815714703991e+01
-1.171407912634500690e+02
-1.125807356814663933e+02
-2.909240650269996564e+01
-4.647185593942858617e+01
-7.078763878705210288e+01
-8.285432415220954283e+01
-1.998984604531133158e+01
-2.294207313772814771e+01
-6.365422682414767053e+01
-8.259194692781343861e+01
-3.588595703276338611e+01
-2.741638849387765831e+01
-7.543781427371230563e+01
-1.053728326207694437e+02
-1.221148574127065558e+02
-7.034279268367559723e+01
-1.010613628716308199e+02
-6.722375626943014026e+01
-7.100324657069910472e+01
-2.453868891586845180e+01
-2.014713856794526237e+01
-7.121944087163275583e+01
-8.871288115765416649e+01
-3.113064051500794704e+01
-5.719639505834278026e+01
-2.814783622834388765e+01
-2.831139007975762567e+01
-7.606532118745846560e+01
-9.262078898757177114e+01
-9.104111385208753404e+00
-5.906350942928304448e+01
-8.841215936102202022e+00
-1.057558879166832639e+02
-5.775590613910846116e+01
-2.109304096378759041e+01
-1.063307837297612046e+01
-9.146518965578474436e+00
-1.095584420455415398e+02
-1.369314750131034657e+02
-9.202629944779850746e+01
-5.345698211185964510e+01
-2.165978869311010868e+01
-8.019824713479938794e+01
-6.400100632562937619e+01
-7.729552195936084225e+00
-4.874430365811104338e+01
-9.354379302857698519e+01
-1.380790240319397242e+02
-4.121721146792903312e+01
-1.214324987840148395e+02
-8.974908331656622806e+01
-6.832945046927262922e+01
-4.819965551824756034e+01
-5.578628390211822818e+01
-9.594792069987627769e+01
-2.371337356163025234e+01
-7.347444900894646480e+01
-3.806895443536128454e+01
-4.727223105032930306e+01
-1.018453049502049907e+02
-7.474062215165209011e+01
-9.300657138348147157e+01
-7.375877683316713274e+01
-2.975713816240735810e+01
-5.927530074506362467e+01
-7.744279948261717550e+01
-2.156532306558061407e+01
-6.583898351523987458e+01
-6.119586933480842816e+01
-1.130267972991516672e+02
-4.259898014416516787e+01
-8.632319846911448735e+01
-4.212841029444454222e+01
-9.464061987699443534e+01
-7.872994847162124188e+01
-2.340353665875316835e+01
-2.154743252513728535e+01
-2.930439679983563650e+01
-3.043801689295135304e+01
-6.219026577527098709e+01
-1.139190566119827253e+02
-9.103244892708387681e+01
-1.161947729499775050e+02
-2.662961805274067828e+01
-5.543235999123330515e+01
-6.231628288154245610e+01
-7.484172414252323335e+01
-2.012156541234857343e+01
-2.260973852462885247e+01
-5.348207438325325569e+01
-4.551317147883993641e+01
-6.761567434602838489e+01
-1.835776927621232346e+01
-5.298110136678918991e+01
-5.672796026462774677e+01
-1.039624102129490382e+02
-1.784201920576603584e+01
-1.125236065320453918e+02
-1.006554514776023410e+02
-4.067260684787625280e+01
-6.169454778401787109e+01
-2.507926351132796938e+01
-1.419281724477431510e+02
-6.379418452618746471e+01
-1.351707081658993843e+02
-3.614208583172896283e+01
-6.100869948686028010e+01
-7.667094284094372370e+01
-1.109079890889945297e+01
-9.485985263303728487e+00
-8.214362982926026291e+01
-1.199498222291443881e+02
-1.024745633475665230e+01
-4.933189110955027701e+01
-2.417404395361725022e+01
-2.565740619774612696e+01
-4.474274066658421134e+01
-7.778499351799933947e+01
-5.736046322753357174e+01
-8.642708915524417534e+01
-2.358876678477745514e+01
-9.077561259622523693e+00
-6.034067366278949862e+01
-9.143611830614030112e+01
-8.903121843493620702e+01
-1.432655307031003531e+02
-8.561645568711013254e+01
-6.309975301430630878e+01
-7.224815459705502008e+01
-7.368596211939160412e+01
-5.715748022127371542e+01
-9.422740824268247195e+01
-4.201002926230927415e+01
-2.227073906928931635e+01
-3.439177617109231733e+01
-5.534145520861538614e+01
-3.915136081394008727e+01
-8.722226365699067685e+01
-6.865408431861408189e+01
-2.729506001513798807e+01
-1.089955291404856439e+02
-4.293232007816096996e+01
-2.113070076845749412e+01
-6.400054525317722209e+01
-7.430733114476721823e+01
-2.206541021294276561e+01
-3.488070502864405853e+01
-2.947735229125001410e+01
-6.105219427676752275e+01
-9.899337830674858196e+01
-3.238502418690583795e+01
-6.670513875438346929e+01
-9.160642219651153084e+01
-9.312451761921990112e+01
-5.410621906164981709e+01
-6.973101607173535399e+01
-1.106782471792588218e+01
-4.257456944456724557e+01
-1.024032268271946435e+02
-3.369252437972377834e+01
-6.276672442907960914e+01
-9.574929950118784916e+01
-1.024110685145906245e+02
-2.787989576917379608e+01
-1.097186116289728375e+01
-1.039058629246957679e+02
-6.742144471474145462e+01
-8.708777396573211149e+01
-6.480782111579779325e+01
-1.057905977411413829e+02
-1.119064853004393854e+02
-5.110590767293344072e+01
-6.323206300346008391e+01
-6.268088639551140062e+01
-1.181079748142758348e+02
-5.673801230498990833e+01
-1.223625564804432884e+02
-2.005080799720060369e+01
-5.895412440081798167e+01
-1.996089717086531579e+01
-8.995549782034972353e+00
-6.457444754906251205e+01
-2.761862737831905434e+01
-4.195503113186969557e+01
-1.744561469262958440e+02
-5.732190248786869802e+01
-6.243773863438130434e+01
-6.748134197294271530e+01
-1.136264907528002084e+02
-1.097186116289728375e+01
-1.305946009673156993e+02
-1.160587651889099448e+01
-1.175146009490810570e+02
-5.795222006073165488e+01
-5.377760161405878847e+01
-2.898683820785725018e+01
-2.636446901272226029e+01
-5.698482069306176356e+01
-1.042576392287607092e+02
-5.762270417933269329e+01
-3.689418266258759616e+01
-2.451125098929984603e+01
-5.909317537853731750e+01
-1.060171135883311280e+02
-2.649491475145513419e+01
-1.068826216212479210e+02
-7.730817058549129683e+01
-3.532274562972864373e+01
-5.083918121130953693e+01
-7.525075644011802467e+01
-2.487361090308969835e+01
-1.282001777715982982e+01
-2.565076452787496564e+01
-1.024030523437223223e+02
-1.296892858236134032e+02
-6.050584702490643707e+01
-5.254288881767433850e+01
-3.036999805855559842e+01
-2.404946611589759797e+01
-1.094153888739008238e+02
-5.611789080178668598e+01
-8.995549782034972353e+00
-2.399832707974099577e+01
-7.504550407676060786e+01
-4.550433080180117429e+01
-4.786516784194452612e+01
-2.653132162807612104e+01
-1.379765693783100176e+02
-1.637261343798348605e+02
-1.185991442036619077e+02
-5.951827465839392062e+01
-6.759536096696423613e+01
-1.283634256165776435e+02
-5.772473317902188938e+01
-2.582250308396423222e+01
-6.964157412657043267e+01
-7.655499987163958053e+01
-6.807228151628955004e+01
-5.215952195494233479e+01
-4.686223948521148941e+01
-4.351791409806556032e+01
-3.762921668513973827e+01
-5.164322585550188904e+01
-1.046673879676684606e+02
-1.001309186990119429e+02
-5.520180447875732455e+01
-5.583278956478002897e+01
-8.897415661857002078e+01
-3.779727072888857720e+01
-5.860606997089782766e+01
-3.372628886455333941e+01
-6.343920347866843201e+01
-2.860783299599138374e+01
-6.139148607144092296e+01
-1.222992312462266113e+02
-1.066895323626674497e+02
-7.142421503295476271e+01
-4.607282958409940932e+01
-4.200478802737741546e+01
-4.593587620208450062e+01
-7.966096711512474826e+01
-2.955045158343259359e+01
-9.459773420690383716e+01
-5.396570199618574293e+01
-4.244451593208663809e+01
-6.325357483281198512e+01
-8.587777029309452814e+01
-7.808044611622365494e+01
-2.549605359145452255e+01
-1.359852414833645753e+02
-1.106456825880965056e+01
-4.583062270179277675e+01
-4.704484104499198338e+01
-2.313210785560838545e+01
-5.545437625799423387e+01
-1.116008248348786793e+02
-6.202106018563273437e+01
-2.819284956573048717e+01
-5.060507260688017084e+01
-1.039624228234035002e+02
-9.462792751156862892e+01
-1.051663537414574563e+02
-5.612526862091449686e+01
-1.028256066915158016e+02
-8.970644032417805391e+00
-5.725774399720172880e+01
-9.169607033286604292e+01
-1.097186116289728375e+01
-2.682701347513578938e+01
-9.524541563936739408e+01
-2.709586851194028156e+01
-3.430800549720542847e+01
-2.636711375725632323e+01
-9.079977691672254991e+01
-1.001427673977604940e+02
-1.228918549981728603e+02
-9.594396804773931819e+01
-4.787270401819579035e+01
-8.866592608501076711e+01
-6.062083461578772869e+01
-6.664271365940584246e+01
-5.302697501499140031e+01
-2.613207965712478398e+01
-2.443634688164245361e+01
-9.873451294663466626e+01
-6.499354608961729696e+01
-7.997185814672820925e+01
-4.010720847507269582e+01
-1.107456384194280048e+02
-5.033704329957070200e+01
-7.136470150672533919e+01
-3.458923706091096761e+01
-3.190589529273200853e+01
-2.853148978269064528e+01
-7.931730632936428549e+01
-4.637325198082017153e+01
-4.594418400111730705e+01
-1.038326670743586533e+02
-5.231731662271241134e+01
-3.140551620009552636e+01
-1.011849808333911085e+02
-7.439129545197884852e+01
-4.866204083152148030e+01
-5.933250717303458543e+01
-4.555449566433277653e+01
-2.391326080799447595e+01
-2.691783502877360235e+01
-1.047937328544704201e+02
-5.481674455708960636e+01
-3.965885381351571937e+01
-4.209097366451047861e+01
-5.702200831139933257e+01
-2.855149851023282892e+01
-1.071362024872628069e+02
-3.269180922676075340e+01
-9.071245352109612270e+01
-2.922375267681692890e+01
-3.508160431805877977e+01
-5.801613010820603478e+01
-5.150371388403840456e+01
-5.742806583597685943e+01
-5.351854718925304155e+01
-4.576219135743679800e+01
-6.212225584076286111e+01
-6.614866278699253144e+01
-2.864102458969862397e+01
-1.097186116289728375e+01
-4.430233165652225580e+01
-3.164739354804871851e+01
-2.384646071186472582e+01
-2.294894511470692322e+01
-8.105241810552067250e+01
-7.180197100238549979e+01
-6.164117746582975599e+01
-3.501610836478201350e+01
-5.115614826388337377e+01
-6.155582134959413310e+01
-1.095500720643483135e+02
-1.150667462018732010e+02
-2.491592948226728055e+01
-1.016456341081333932e+02
-5.682137344372913645e+01
-1.080333241072860204e+02
-3.964282051564720177e+01
-6.663560103022464887e+01
-5.180030183716846892e+01
-9.368081993705511934e+01
-3.936770242494068839e+01
-2.914760575149616528e+01
-3.362774986839130520e+01
-5.807122050805887881e+01
-5.769331731908670946e+01
-4.286038350762896698e+01
-3.523753200515096751e+01
-5.678928192787898865e+01
-3.124756044522216314e+01
-1.030112828557112259e+01
-9.357731078069531350e+01
-1.384286535476785218e+02
-8.032329456086263519e+01
-5.981413625248838173e+01
-5.421354290532305953e+01
-4.397345450771732089e+01
-4.417663516586948447e+01
-1.323264227408267288e+02
-7.227626048721677421e+01
-4.349306838235101225e+01
-6.788897640821623725e+01
-2.435019206053219065e+01
-3.382909900880989085e+01
-4.113022788059043933e+01
-8.312305631261622807e+01
-4.814622069586792463e+01
-5.150603195889578245e+01
-5.734441281967541215e+01
-7.818799568047501225e+01
-9.815573425606956448e+01
-5.729193039403149612e+01
-8.017712589706924575e+01
-6.267288377296011959e+01
-6.558387672943904079e+01
-1.389634965050080950e+02
-2.700914099286286074e+01
-5.430760801854630415e+01
-3.660871521259496575e+01
-7.280327917023879536e+01
-3.695898493861855627e+01
-2.606462558699741905e+01
-2.626362814667854906e+01
-5.661806810847866700e+01
-2.661721977963568975e+01
-3.519746243158912336e+01
-2.769485038453765569e+01
-1.033356918098987620e+02
-7.315375176581092376e+01
-1.101370561169561029e+02
-2.591057035449149382e+01
-7.790957332782228661e+01
-5.280951752187955606e+01
-8.914425457256828622e+01
-1.875171476509627055e+01
-3.054817434726529157e+01
-2.621610553609871985e+01
-9.116393096587820821e+01
-7.086329467313102271e+01
-4.359632916594148355e+01
-3.088135778397226261e+01
-4.151013590500899397e+01
-3.921925557312592048e+01
-7.804488164426325625e+01
-1.896998432902869425e+01
-3.117329820899400161e+01
-1.736760279882481584e+01
-1.841765513473234961e+01
-9.035661459961247033e+01
-8.502014168725749244e+01
-6.898861497751877891e+01
-9.351067310634620355e+01
-5.750216086020195405e+01
-1.088862998481890898e+01
-3.620505439541307879e+01
-5.225972334594041513e+01
-9.191389297433092409e+00
-5.950625228135712774e+01
-4.915514517953446472e+01
-1.298896426649644411e+02
-2.130832997205708068e+01
-3.316373745412356300e+01
-4.572637578884054932e+01
-2.192516733852777122e+01
-7.436632912768490655e+01
-2.850607329637045950e+01
-3.147566424736463375e+01
-6.672216278978031312e+01
-5.521245811425102090e+01
-2.559975566093924826e+01
-4.644013724718980285e+01
-2.557115808445419702e+01
-5.617440296780782916e+01
-7.901117534760048500e+01
-6.786613222297695813e+01
-4.343228294340500639e+01
-4.823151096143664773e+01
-3.916570800481496661e+01
-7.139366490781881680e+01
-6.582697860146153346e+01
-1.127346432402704295e+02
-4.877764541263960041e+01
-3.746211224976250520e+01
-3.713828617574731084e+01
-2.662952305224762384e+01
-5.188162878955874646e+01
-1.088862998481890898e+01
-1.366245113212418687e+02
-9.952223326302933515e+01
-3.125858782420861459e+01
-4.305860445385117430e+01
-6.116883025590360035e+01
-8.506312007203830206e+01
-5.548287247690333146e+01
-3.320494601213560770e+01
-2.610816985166747273e+01
-5.868908012983884248e+01
-5.381815729714409713e+01
-1.140768807813313757e+01
-1.922760863243999907e+01
-9.466796332725796503e+01
-3.574982516289807677e+01
-1.387458867566338654e+02
-5.696996492171116699e+01
-2.997919027808769243e+01
-1.053686835958551740e+02
-5.891019048102076994e+01
-7.087883216397611363e+01
-1.028490950708296054e+02
-1.118856988340992054e+01
-2.539499898073641049e+01
-6.787064813110890782e+01
-8.616077925006975136e+01
-1.322033637244286410e+02
-3.596076182025694123e+01
-2.369435301375758840e+01
-4.007485934763188595e+01
-2.484743086584875726e+01
-1.953015508056937932e+01
-2.561675509902553927e+01
-5.578109633001599832e+01
-3.906446760503047244e+01
-2.732665657396784198e+01
-8.026504664501139530e+01
-9.448017395215921965e+01
-1.010433730284081975e+02
-1.072666057301447893e+02
-1.097186116289728375e+01
-8.806307641058282343e+01
-8.070629787057596616e+01
-4.372525754147471844e+01
-9.048749117556353383e+01
-2.371459492401623237e+01
-6.244520638573008142e+01
-7.980587292732133164e+01
-5.929031199820555997e+01
-5.864755115044201261e+01
-3.427966841913404039e+01
-5.715854813448773086e+01
-3.401225880178803607e+01
-8.766222442734027709e+01
-6.136748030995358505e+01
-4.413793275097474123e+01
-5.570275067331294849e+01
-2.469120126841115237e+01
-3.800188102220964481e+01
-8.150565616096066890e+01
-5.802838456775017306e+01
-3.387458534338376381e+01
-4.782719732755965936e+01
-4.536912861929769036e+01
-2.686870935142973593e+01
-2.445527608050544188e+01
-6.652157162909404065e+01
-3.790120448680457343e+01
-2.243419290720002124e+01
-1.284239704825504020e+02
-3.928558373763177514e+01
-8.432036081518614878e+01
-1.654234112750867425e+01
-4.824882090183489680e+01
-8.892719906822401299e+01
-8.151029538955117459e+01
-5.367503801897041171e+01
-1.181731639255176347e+01
-6.149548517419168547e+01
-4.041056252240881008e+01
-2.491592948226728055e+01
-5.472145130264243562e+01
-2.127622053621674780e+01
-8.105166145632259145e+01
-6.112710318776242957e+01
-8.057949507628964625e+01
-4.410272752786499950e+01
-1.502101242777291077e+02
-4.743608045880756663e+01
-7.331229042443393951e+01
-6.041940164274557645e+01
-4.143596494826855547e+01
-1.233422738087730579e+02
-5.024543237534595619e+01
-8.294614565493557734e+01
-6.184235872731045447e+01
-5.408934471043548342e+01
-9.301126159218918588e+01
-4.385365276246967170e+01
-2.822252530043590468e+01
-6.771924012323296438e+01
-3.292893821957336087e+01
-6.284663155866481077e+01
-5.846739920238785970e+01
-7.760255597040332987e+01
-2.519882151931300740e+01
-1.118552040405248960e+02
-2.391795441569904312e+01
-5.353909652425999610e+01
-5.980014383258527744e+01
-4.137361642152517760e+01
-9.704683417189446004e+01
-1.543527638189396001e+01
-6.367862956675416797e+01
-6.127526332686730370e+01
-5.770535985796135492e+01
-2.951790192141443470e+01
-9.818364150358283027e+00
-3.725602315607780213e+01
-5.370903036310500767e+01
-2.557371708916815933e+01
-1.113368060622053974e+02
-1.069835318432086524e+02
-1.050695337534686189e+02
-4.943005800883580036e+01
-5.158525710896386585e+01
-2.569992218446510890e+01
-9.321791825941431853e+01
-3.637667228185119228e+01
-6.948734756861394146e+01
-8.900281785575732840e+01
-4.140566014322028821e+01
-2.152163320366888399e+01
-5.061643235046767586e+01
-4.201126830756511055e+01
-6.474748911345727720e+01
-9.303862360353653571e+01
-1.088862998481890898e+01
-1.110270869556786444e+01
-2.765413927299902852e+01
-4.402862816724795891e+01
-3.580061923206956465e+01
-3.317085469593543223e+01
-4.132663306163291850e+01
-2.660286975701831835e+01
-1.084332002458346977e+01
-3.630979186439638084e+01
-5.240814610201962864e+01
-2.208453796934905355e+01
-4.219748112457513400e+01
-3.762238080216425828e+01
-1.285346526134750320e+02
-1.655921159157383613e+02
-4.920113383342665259e+01
-2.683757899653574341e+01
-2.810475477649061560e+01
-5.414010466665584431e+01
-6.468991385252903115e+01
-1.548307192035655362e+02
-7.344533242724359923e+01
-8.824972268015253007e+01
-7.397366927740588949e+01
-4.340919989146320290e+01
-4.339806320113722649e+01
-2.807293408926429734e+01
-2.480739948606088063e+01
-2.116847623914414811e+01
-5.342098419701804346e+01
-3.428406246803093893e+01
-6.856899976121570717e+01
-4.729176445818012553e+01
-2.740003672976480686e+01
-2.857752399126940190e+01
-5.994603652166694019e+01
-8.053693527769394223e+01
-7.191737540589910793e+01
-8.970644032417805391e+00
-7.124293838746385177e+01
-6.631127112516020361e+01
-4.641875864921399852e+01
-4.192315331616274676e+01
-2.508834836587964645e+01
-1.095683399099735666e+01
-6.057854677123829390e+01
-4.271190031793986464e+01
-2.897566686960282567e+01
-4.529142879628017937e+01
-6.601193356588383665e+01
-6.079627585583870797e+01
-4.826012402047919636e+01
-2.819628270725493380e+01
-6.287093519849621970e+01
-5.164952580157648754e+01
-8.782840311987473569e+01
-5.581436870234200143e+01
-3.930497826834314878e+01
-4.439067061826688132e+01
-2.778946656692981776e+01
-6.112245380131623307e+01
-3.702689559247453133e+01
-9.284376328530682088e+01
-1.760017884801644072e+02
-5.788138179346279344e+01
-1.196314995305704514e+02
-5.163644663988685579e+01
-7.734819565323452650e+01
-6.156905338714621934e+01
-2.622102090985348966e+01
-5.108503292671978357e+01
-2.891206450276056827e+01
-5.593519968289167110e+01
-4.597745522402439633e+01
-6.014779254025984301e+01
-5.856369723203000888e+01
-5.213812163398020516e+01
-4.842196476168339814e+01
-3.824503225553604580e+01
-1.058570618741712721e+01
-1.789206424795978378e+01
-1.890161606550964990e+01
-2.770129799707353158e+01
-5.963012778011383830e+01
-4.338832705381685884e+01
-2.926980357679680012e+01
-4.782941379599597553e+01
-8.798247116254498223e+01
-2.017621589496951628e+01
-5.124054488049579703e+01
-7.480254156545487376e+01
-3.842431870903011770e+01
-6.067648313690693840e+01
-4.171112203528308982e+01
-2.080742361011681396e+01
-3.211078058342875607e+01
-5.856605934779310019e+01
-4.624304632626090239e+01
-9.886798379957689065e+01
-9.075053260273216438e+01
-1.088862998481890898e+01
-8.465689755807053984e+01
-9.615965382854525956e+00
-4.862099268997506130e+01
-7.283326691470152525e+01
-4.878808725516778111e+01
-5.883237328276828748e+01
-5.309348547569165078e+01
-4.674813550602067380e+01
-6.546873467140608227e+01
-9.894422739257478838e+01
-9.490371416134035343e+00
-8.295134868818081486e+01
-6.919849277623212913e+01
-2.404929510061977993e+01
-4.574476695546195515e+01
-5.812095782716069436e+01
-5.393162455213417417e+01
-1.312356534031051751e+02
-3.222065875203546170e+01
-4.379290799133901402e+01
-1.893506636603441251e+01
-3.055312714942687791e+01
-3.780273471936878593e+01
-2.170460663426089809e+01
-2.771510992447158372e+01
-5.285822897686395549e+01
-3.721492121663033004e+01
-8.470579371369659327e+01
-3.651984667470490109e+01
-2.530506917294989933e+01
-2.616084451466048932e+01
-6.125174131904226016e+01
-5.266741031681879548e+01
-3.685961152921020556e+01
-4.540583636801598288e+01
-4.732270712585294348e+01
-5.672796887095550744e+01
-7.224957577402396680e+01
-1.205335291181609847e+02
-4.883745749081490573e+01
-5.657780885992654873e+01
-5.785498084378414774e+01
-5.183928706464516267e+01
-2.395229643252152840e+01
-4.599066638563675014e+01
-4.489110372822025852e+01
-2.733919082389765975e+01
-1.079452135405489202e+02
-3.666721105487574306e+01
-2.123646639168760686e+01
-4.538241411588416696e+01
-3.651488398748854536e+01
-8.970644032417805391e+00
-1.088862998481890898e+01
-6.080936128184728773e+01
-4.375140762770389813e+01
-1.729498890841546554e+01
-4.142648938280061088e+01
-1.268717555331593019e+02
-6.333839866592987278e+01
-3.299381080242227426e+01
-7.523440268697490296e+01
-8.696270032632875768e+01
-4.579293468558989133e+01
-5.124727526946172418e+01
-8.585499996553450330e+01
-6.226997200273211064e+01
-2.866243577633418482e+01
-3.491052452800992967e+01
-2.489258509615999770e+01
-5.589403464912702901e+01
-8.328115492423958699e+01
-3.397442020471086721e+01
-7.968526496929428049e+01
-2.951162211257710055e+01
-8.932520501887213982e+01
-5.051561199514950573e+01
-8.816288248046415532e+00
-5.725254218146649521e+01
-3.959916592050020512e+01
-3.779014232509582882e+01
-4.582945451905075629e+01
-8.012941590361064925e+01
-5.219508302989990511e+01
-3.476267383424445256e+01
-6.187003949698569727e+01
-9.149440482798527796e+01
-5.815892581966595287e+01
-9.310728461617738105e+01
-8.274916722352678278e+01
-6.397954038922613051e+01
-9.312755791141267991e+01
-3.303113430903893999e+01
-1.713167230569312238e+01
-8.280301724310960765e+01
-8.066439704601926053e+01
-4.233430594329935559e+01
-4.270701970605267661e+01
-1.899995765401639858e+01
-5.247876711630703994e+01
-4.263633519255585469e+01
-3.062773077316850490e+01
-1.290567883734024974e+02
-1.264665286954039480e+01
-7.438960525020382875e+01
-1.502580747379255968e+02
-1.048474487062897254e+02
-8.493849915221072422e+01
-9.127746042824716710e+01
-5.487715903272566464e+01
-8.118889119700526180e+01
-4.878335640551451036e+01
-1.667013922085797617e+01
-2.408014769899908103e+01
-2.626166292472484187e+01
-5.179943095438755307e+01
-2.734131799082716086e+01
-5.976997394632088145e+01
-5.358182958321309286e+01
-6.260638304385420838e+01
-1.079091382529261978e+02
-1.538982839956894964e+02
-2.300401152100368307e+01
-3.831751231241393896e+01
-2.234732542301871305e+01
-5.538574734564899416e+01
-8.249519840934554793e+01
-7.695424144685735257e+01
-4.732189406020830091e+01
-5.258858396891088205e+01
-4.447289139972811256e+01
-6.379558084685045571e+01
-1.886099724501949382e+01
-1.912577960215119433e+01
-1.898953792442599564e+01
-8.970644032417805391e+00
-6.385767453016977413e+01
-5.164765637643914431e+01
-1.006642361223445050e+02
-4.859695983255145535e+01
-8.794622705422661113e+01
-5.982175165860944333e+01
-5.684671899230060887e+01
-1.882528677340984302e+01
-2.516584794790667701e+01
-9.577011335652567681e+00
-4.518849396079181702e+01
-3.647391598567809723e+01
-3.937903698874195157e+01
-2.884883316753344218e+01
-6.303220291508061024e+01
-6.898871856747697962e+01
-1.340774246848969256e+02
-4.657086344443859360e+01
-4.066832871767493174e+01
-2.985179146141542716e+01
-5.558563176564329211e+01
-6.866840057098129080e+01
-2.670598118678933375e+01
-5.332124054181911532e+01
-6.173611695933762178e+01
-9.772886682342573295e+01
-3.698161872535578709e+01
-2.762164125316386887e+01
-3.569727978489810027e+01
-4.781598751064647956e+01
-2.349862528478760382e+01
-1.396185246082566493e+02
-5.645142848545678760e+01
-2.408209700668954767e+01
-6.660508315088368647e+01
-7.130043531964335557e+01
-2.110078043798791469e+01
-6.673174560426355129e+01
-8.970644032417805391e+00
-4.692456148784729919e+01
-2.709218901957123649e+01
-7.928342686781391535e+01
-7.589984244985657824e+01
-5.923935314573678568e+01
-6.117845888507814323e+01
-6.137213439686422589e+01
-5.426066421059708489e+01
-3.314743962360238783e+01
-1.798130712197724179e+01
-7.464727841360091531e+01
-6.359151179816560528e+01
-4.134393087278428425e+01
-1.669787681557816370e+02
-8.393649581212297051e+01
-7.581870001412252691e+01
-5.691198199280172076e+01
-6.374116559619962175e+01
-5.590656750041313217e+01
-4.022195574068405932e+01
-7.069105901647469636e+01
-2.849402490444477465e+01
-5.916510214653322208e+01
-2.425189866519865944e+01
-8.850696942304645631e+01
-5.276715812281599938e+01
-2.540913090358443682e+01
-3.161312031446770376e+01
-9.744840952020672376e+01
-9.295878690170219727e+01
-4.583572472212927096e+01
-4.999656306238708225e+01
-2.433358211778902458e+01
-2.437055935538310081e+01
-1.038147738437092613e+02
-3.477367825435591442e+01
-2.751504110855305996e+01
-1.091605410637730813e+02
-5.021472204431385933e+01
-4.006952183670026812e+01
-8.338254055530478581e+01
-7.141905976121859112e+01
-3.418598865130938691e+01
-1.867486004290859825e+01
-9.202867628183717841e+01
-4.449057499608736066e+01
-2.317510641901204238e+01
-3.607770222337443045e+01
-3.686866521599544200e+01
-3.466799508128352159e+01
-1.098678898582584367e+02
-2.731762521147396683e+01
-5.755456753346360443e+01
-1.169747622507881459e+02
-2.698126021241375838e+01
-2.792477129727505059e+01
-4.572256230086640016e+01
-1.409210850101725896e+02
-4.375970235193147317e+01
-2.128197964694733457e+01
-4.384393688713284831e+01
-5.629535855344515483e+01
-3.937396800093259230e+01
-1.006282787633895026e+01
-6.127384988247956699e+01
-4.144561178726870310e+01
-3.893025526277170911e+01
-3.909576429091615069e+01
-7.605042202351134506e+01
-2.791211033720835744e+01
-8.970644032417805391e+00
-5.182540752030732278e+01
-5.932264006026854730e+01
-4.338148270873788448e+01
-8.970644032417805391e+00
-4.452116053409721985e+01
-1.107071836096760080e+02
-1.055368404898156882e+02
-1.044247026595974681e+01
-4.520519849479514818e+01
-8.655588949455565739e+01
-4.782887028056777012e+01
-7.038569003091816967e+01
-2.443237697353770699e+01
-2.994030329315718575e+01
-4.789282468198353371e+01
-1.022631413489373244e+02
-8.573788441198591670e+01
-8.943109885024470884e+01
-1.173516901306610549e+02
-6.585414134848457479e+01
-2.902577354943460719e+01
-2.621824355346860358e+01
-2.171737960678151325e+01
-5.237715019686966400e+01
-7.067291593441164821e+01
-3.905248617318449078e+01
-2.279485487295832513e+01
-3.162950755426109239e+01
-1.732815403312069336e+01
-2.970733619319993224e+01
-5.989767500376349574e+01
-3.960505587021400942e+01
-5.525545651642671174e+01
-2.416172897792811369e+01
-6.328106741980317906e+01
-4.778282358981775246e+01
-1.015778227946388199e+02
-4.984548263661031342e+01
-9.632788911478567684e+01
-3.742082771666831320e+01
-8.644058141398197392e+01
-5.176999491317465640e+01
-5.873799324595067617e+01
-3.136154900714834426e+01
-2.986461232877961436e+01
-1.172775492409867155e+02
-2.478081184113876390e+01
-7.405116423114844793e+01
-2.909193799162934368e+01
-7.358414057269369835e+01
-9.378541938015577273e+01
-6.780833353213779446e+01
-2.192015363907584913e+01
-8.850819474116602237e+01
-1.541380248625798117e+02
-5.155381623015928483e+01
-2.306500768355522268e+01
-4.772702502913413269e+01
-9.232605251145825775e+01
-3.677296099260844642e+01
-4.010166153200155037e+01
-3.116456454932225384e+01
-5.525678720018075296e+01
-2.731164802352385834e+01
-1.418020820118621828e+02
-5.815556406606816608e+01
-8.445866361325393257e+01
-5.651484288784173771e+01
-5.878501724137737483e+01
-1.033972032764450972e+02
-9.097155885807495679e+01
-6.572729247565237642e+01
-4.046402061579503595e+01
-1.088862998481890898e+01
-1.024931152044172649e+02
-5.405132619619149636e+01
-6.330611147154432672e+01
-6.590545438230213904e+01
-1.980731921947598551e+01
-5.384732866146971020e+01
-8.682831763811424253e+01
-8.562282385339216262e+01
-4.376760412478853368e+01
-1.022144218861984939e+02
-8.301831256619028920e+01
-3.042132898274540764e+01
-1.646679553746229274e+01
-1.701291799876585173e+02
-6.574625896716909779e+01
-1.122582556782985996e+01
-5.166205411052199281e+01
-4.253742502682055715e+01
-3.319286280707855497e+01
-2.350616257766591488e+01
-1.606311072336200141e+01
-2.469323045494031632e+01
-6.293150208957081304e+01
-4.918562880602891596e+01
-3.966114600873634544e+01
-2.770010942083515815e+01
-4.926193705584580584e+01
-5.054481203436037617e+01
-5.269592009361863916e+01
-9.508053788779113802e+01
-5.415314461703188442e+01
-4.144389234606072847e+01
-1.309120397072006199e+02
-9.858243129986550457e+01
-4.632989480551010786e+01
-4.273645369493051049e+01
-1.050732633131410410e+02
-4.226995515661323566e+01
-6.058905964529810717e+01
-6.710222639762184826e+01
-4.313722707825174751e+01
-1.035501343974457171e+02
-5.098815545852875175e+01
-6.081809107344672327e+01
-3.204304359411450775e+01
-8.057882418877659347e+01
-5.052925543905622874e+01
-7.047060733839322211e+01
-5.335885311604359060e+01
-4.071370226030559536e+01
-5.103509861624922905e+01
-1.302624963913988267e+02
-6.054712523175945194e+01
-6.333890459964795383e+01
-1.014716325120846676e+02
-5.560087629294344680e+01
-3.779829372116381592e+01
-4.759900588005285726e+01
-5.590746728819012645e+01
-4.579689870679922592e+01
-6.648228772682743681e+01
-3.502060753675745275e+01
-9.790328128319414702e+01
-6.324602366531185282e+01
-2.461063748083369163e+01
-4.865150651994125042e+01
-6.071445887263394070e+01
-2.316520060673659742e+01
-2.318670868854170308e+01
-2.734658098393718006e+01
-6.216985521340288301e+01
-2.936645107289768575e+01
-2.555896558121813200e+01
-6.314941164929155804e+01
-3.951900940590108746e+01
-3.704091664199285816e+01
-4.897102019166251097e+01
-3.368511415753263094e+01
-8.426818375752716861e+01
-4.467465682059115295e+01
-1.048912834322891641e+01
-6.003252242045600440e+01
-5.174004036616878466e+01
-6.496011979652411128e+01
-6.556049495448240805e+01
-3.205781735428161028e+01
-8.111894396610777846e+01
-8.961068750675509875e+01
-4.001126050732864314e+01
-3.655224056651108810e+01
-1.078988798997401801e+02
-5.428706633293189299e+01
-4.374633417960579607e+01
-3.332689816102177360e+01
-4.538039245428059587e+01
-4.758724212340500515e+01
-6.412084173240455698e+01
-3.840476388176929845e+01
-2.660303263266557394e+01
-3.024108924332499981e+01
-4.877451050843352931e+01
-5.335341823061095567e+01
-2.446082847705665486e+01
-4.886107296077740614e+01
-3.713973654761333876e+01
-8.725573086053515226e+01
-1.037346858407008483e+02
-2.503130121130588392e+01
-7.173201134979483129e+01
-3.004804468619297353e+01
-8.937949923248056905e+01
-8.560473552017722909e+01
-4.652717182295721443e+01
-5.041159184368957114e+01
-3.447198409308838052e+01
-4.159674702928991508e+01
-3.186640503565541493e+01
-2.344689454743988932e+01
-4.728034254686080828e+01
-6.511545358169020403e+01
-1.059608416693177091e+01
-2.932909282498232528e+01
-8.970644032417805391e+00
-6.828645708776676315e+01
-2.681900931287450263e+01
-1.199113002144285360e+02
-4.515011474359340582e+01
-3.493712334543146625e+01
-2.130464023583301270e+01
-8.275086291337200350e+01
-4.359791252320815147e+01
-2.740627585765075480e+01
-5.325703977429481739e+01
-9.359597149662747029e+01
-7.452320437295891509e+01
-9.469546195494761776e+01
-2.148609182443516730e+01
-5.861902996537830290e+01
-6.002444637594197729e+01
-4.607310502663541740e+01
-6.327245095511879214e+01
-4.694275880162129511e+01
-6.318795945811221770e+01
-5.518279603360905838e+01
-5.844590250355773264e+01
-9.565479117080209903e+01
-7.405894317163055973e+01
-5.137539551694602835e+01
-6.284022419989854313e+01
-6.032528030370566796e+01
-9.425508667075462199e+01
-3.350209291407649914e+01
-3.484141520055358399e+01
-8.383794006524971110e+01
-3.196475609983493982e+01
-2.187701736188796886e+01
-6.712909746051994375e+01
-1.892405861658910027e+01
-4.252208058239608590e+01
-1.803130251399402084e+01
-5.796577674872130359e+01
-3.298451559284767143e+01
-6.281930065688004561e+01
-2.758402015181611233e+01
-8.625860120181000923e+01
-7.953219998998091000e+01
-3.282947390375313290e+01
-3.010486522453688707e+01
-4.982793812518769982e+01
-8.268777594744551607e+01
-5.326071152805309339e+01
-7.929501511926940793e+01
-1.238157110535804151e+02
-2.785271190069706648e+01
-1.885893941619335124e+01
-7.326917803774725257e+01
-6.004373018768657744e+01
-6.011683143793967332e+01
-6.029814191949127178e+01
-5.155765707406162335e+01
-5.815458036143954956e+01
-4.287572699076218896e+01
-3.341609606885702988e+01
-8.970644032417805391e+00
-2.698611492719039262e+01
-6.873114957658241053e+01
-2.008382309158929147e+01
-8.391241926217293212e+01
-6.033257859396003653e+01
-9.346088916359130394e+01
-8.907127365798208984e+01
-6.275631160021754340e+01
-5.064383411680815783e+01
-5.800201565841616969e+01
-7.767106784057897073e+01
-2.001891440865467331e+01
-2.853502315323525451e+01
-8.150474889213860763e+01
-2.362335469283240741e+01
-4.450638909248571906e+01
-2.880676210826779737e+01
-3.597383459372288428e+01
-5.197644552855513211e+01
-2.843997833514960760e+01
-5.125522407258820579e+01
-3.871593639384283136e+01
-5.533109993727190101e+01
-5.728821030762512123e+01
-1.039608245273484641e+02
-6.270980984521779078e+01
-3.454204721294789948e+01
-1.944651008950076587e+01
-2.981383523059682972e+01
-8.394550202288868945e+01
