-9.682654417472518560e+01
-6.309381159801442607e+01
-5.360439760518631402e+01
-5.464115722859496316e+01
-4.908709135374272137e+01
-6.524774299478497142e+01
-6.565343117758101243e+01
-5.413933231971812177e+01
-7.292534709549536842e+01
-7.431541539703121657e+01
-1.115780132763232473e+02
-7.809452976071705166e+01
-7.680535117736901896e+01
-6.581443974221014059e+01
-5.964951961848746720e+01
-6.201466841052460666e+01
-6.726287339152065670e+01
-5.028342957652148471e+01
-6.534030583673455794e+01
-4.865149651716137669e+01
-5.968961865497809782e+01
-5.679676512923762743e+01
-6.490080074197321380e+01
-7.837731227690895253e+01
-7.344437281032629983e+01
-5.387977815458962993e+01
-6.417389000803531474e+01
-5.087520105110546353e+01
-6.373785173200316478e+01
-6.102325753774682937e+01
-6.206779175774943269e+01
-4.742154921308566884e+01
-5.701842692177098115e+01
-6.794200335341803054e+01
-9.720083117772074388e+01
-7.131551505742467612e+01
-7.390093253635458836e+01
-4.307764475119049052e+01
-5.678395960374525941e+01
-8.500523675024065540e+01
-7.140599179715232481e+01
-3.267235421713340315e+01
-4.394204603929811981e+01
-6.730753547593293717e+01
-3.468760122873361240e+01
-9.491611905053910903e+01
-1.433534057123017291e+01
-2.745739375835878704e+01
-1.180330216194284674e+02
-5.989899905594019458e+01
-8.258203934851363215e+01
-5.918203835672795776e+01
-1.227348890461346897e+01
-4.277385249847739601e+01
-4.679455413819070486e+01
-8.930367437863128544e+01
-9.789848270546245601e+01
-2.820134813337977420e+01
-2.656452000657342083e+01
-2.379497873659545348e+01
-6.767596584685419714e+01
-2.369323248524503356e+01
-3.727374320219902870e+01
-1.790155452543732650e+01
-9.851928812231561494e+01
-5.967843849333993234e+01
-1.918507198531643709e+01
-2.033925149385743580e+01
-2.820953629032907628e+01
-4.150808643103430029e+01
-2.004131872397957892e+01
-3.888661793792059029e+01
-3.793958924034726010e+01
-3.083686781567314483e+01
-1.826116491726937952e+01
-3.631939842006489982e+01
-6.852102353125458478e+01
-5.924191267419159601e+01
-1.129378151474424641e+02
-2.866066705572237794e+01
-6.411764696172369327e+01
-5.251379175846997072e+01
-3.933656242200485309e+01
-2.223437409465779524e+01
-3.322347434347703654e+01
-4.486926972550033099e+01
-6.613367279821102329e+01
-2.081771893668680917e+01
-4.948068947656865646e+01
-1.114075382609345866e+01
-1.292714750071752405e+02
-2.079959324040681423e+01
-1.143448726984624741e+01
-4.752587619859072277e+01
-3.656326618030294640e+01
-2.851981041572473430e+01
-2.459318829232565307e+01
-3.049536540052361033e+01
-2.503926376573379287e+01
-3.233699207812475152e+01
-1.752566211111958694e+01
-2.694178271793725443e+01
-1.242865534737683504e+02
-2.652114683550166063e+01
-3.127147548557566381e+01
-1.701383697875212420e+01
-4.154316272973436242e+01
-1.094125259787204030e+01
-1.923914945525191555e+01
-2.201464638292783960e+01
-4.705991255511830218e+01
-1.703274931740186560e+01
-9.749205130166817668e+00
-3.974292005293037278e+01
-2.875104578120005527e+01
-7.584756592752857074e+00
-6.506148228516013887e+01
-2.349989012486428308e+01
-2.731439758884956248e+01
-2.181244401016219925e+01
-2.806323877121992538e+01
-1.984736793628271911e+01
-8.030802642655295642e+00
-6.350872987957078664e+00
-3.898073304566648289e+01
-2.162474380573484112e+01
-7.907635985546590973e+00
-5.674283512567386367e+01
-3.122000304635081136e+01
-6.294310918765091145e+01
-7.030416520217036691e+01
-5.556420248140126716e+01
-1.791146608478480218e+01
-6.328705855253684120e+00
-2.807018965918816278e+01
-1.710004297411592589e+01
-1.763787726056719052e+01
-1.982825808170502313e+01
-6.409507233942397875e+01
-1.464283757916684081e+01
-4.929380949418744251e+01
-1.036278011429376988e+01
-4.539156447875059541e+01
-6.682857543349990692e+01
-3.366303155277769577e+01
-6.118088929042485802e+01
-3.934725074634377506e+01
-2.804108618982718326e+01
-6.014670196977100147e+00
-1.747268003297122263e+01
-4.866396340659832731e+01
-5.567634546505048831e+01
-5.981847609815719835e+01
-2.362239803510084002e+01
-5.637723242792508671e+01
-6.270691752843831779e+01
-4.085129009460555949e+01
-4.493525280113060205e+01
-4.250072975690788724e+01
-1.092661790534445743e+01
-3.323323058264131902e+01
-2.186525962237953991e+01
-3.696267528338675845e+01
-4.734182142744464272e+01
-7.698588093829988566e+01
-3.034369790285087021e+01
-1.659090198528166482e+01
-2.264557965525215977e+01
-3.340390489986081946e+01
-3.417765879297672882e+01
-3.221462134784191989e+01
-4.499185247033757662e+01
-6.513702132939613421e+01
-5.423824737415007036e+00
-4.226628121235366109e+01
-1.248251310379315271e+01
-1.621397172495035832e+01
-6.188270629669378309e+01
-1.653596937483017015e+01
-6.512368314621841847e+00
-2.427039227636910823e+01
-1.588780482459984000e+01
-6.055635675427752318e+01
-1.228777355620179179e+01
-4.538370819619328245e+01
-1.324942214510227956e+01
-9.275532484915729015e+00
-1.757176058350599490e+01
-8.365076795008187105e+01
-7.884599735061438963e+00
-2.051205133754244159e+01
-1.747840626050685131e+01
-7.896268920771269961e+00
-4.185002084506150766e+01
-4.913630417985354626e+01
-5.372648888348604146e+01
-1.708740361033668265e+01
-3.970616210601254181e+01
-1.703250030789123315e+01
-2.807380753737375301e+01
-2.054261509893623128e+01
-1.757703564686991271e+01
-5.068181988105816771e+01
-2.430958731510132509e+01
-1.333235939808414798e+02
-1.316844443510678886e+01
-3.326345566844577206e+01
-8.861903721630628894e+00
-1.887868791170512139e+01
-1.063864152300501331e+01
-4.218175493015074551e+01
-5.187884808324972141e+01
-1.652794976758229950e+01
-8.581715639471657653e+01
-1.983214437118311579e+01
-3.010860875904804246e+01
-3.901499817611158250e+01
-6.036041620274733077e+01
-6.434288402419858244e+01
-4.044669031018811722e+01
-3.716730375664624830e+01
-2.657821508956248735e+01
-3.259994728601181180e+01
-2.048870678584564686e+01
-5.530305313180760152e+01
-1.236227284448788311e+01
-5.793618653680355379e+01
-1.822533038520650450e+01
-4.121520529562385349e+01
-1.931288743874918623e+01
-5.648111104662785920e+01
-7.070498893816136388e+00
-1.143347430857818736e+01
-2.893794233849506625e+01
-3.092534253061331739e+01
-5.925104379156646672e+00
-4.828035101128487838e+01
-2.807381400650461956e+01
-1.443997278350883917e+01
-1.254948499045634236e+01
-3.508819129915708857e+01
-2.733930831756780222e+01
-2.730718924952839544e+01
-2.583570969463103140e+01
-1.496352470372578836e+01
-6.364607941424563364e+01
-5.390062650201075201e+01
-5.564559138617040901e+01
-2.002059701396730418e+01
-5.330742668760824188e+01
-2.212963960272423947e+01
-2.230936389836087486e+01
-2.654003406959470013e+01
-2.568513798184400088e+01
-3.899891256282998597e+00
-1.078113801665139704e+01
-8.365178491535667149e+01
-2.776994272564742516e+01
-6.319868367795944408e+00
-1.707331937135586486e+01
-6.594771607489033727e+01
-8.307501821611000992e+01
-1.761221653257424791e+01
-5.178056921070157159e+01
-6.019381126673546589e+01
-5.562349671008441732e+01
-1.467666547651361952e+01
-8.521663517014609113e+01
-2.036643262179430991e+01
-5.950981989564201768e+00
-3.098799736547486106e+01
-3.102877006935904447e+01
-2.338968493390076731e+01
-4.808280373004715358e+01
-1.306355453466909822e+01
-6.369246238800867843e+01
-1.413687271342920226e+01
-6.478772243021854393e+00
-2.533362866816082715e+01
-4.586981277214503905e+01
-1.984130319308969348e+01
-3.899891256282998597e+00
-3.767068824147577999e+01
-5.111685437115633590e+01
-9.480179110912374085e+00
-3.853106187707085439e+01
-1.077674477807298103e+01
-1.870169563418694736e+01
-4.673987078050133448e+01
-8.443224883202145037e+00
-6.476291566506017716e+01
-4.464852517477922333e+01
-1.003916651714877517e+01
-1.649219493723460772e+01
-1.685610887354904008e+01
-3.689717929655600415e+01
-2.297044134051472497e+01
-2.007846349111119721e+01
-1.004937523542363920e+01
-6.407879663331911502e+01
-2.995549340952114648e+01
-4.989242738872797389e+01
-4.588521262311381577e+01
-5.595728468427419955e+01
-8.988935245815113717e+00
-1.148311625250282120e+01
-1.139149307454219340e+01
-4.486312580159211194e+00
-2.055424581519995186e+01
-5.386461229399220940e+01
-6.195271096977924685e+01
-9.583457150036000627e+00
-3.931072593390470615e+01
-1.352466877216702201e+01
-5.178827357243569907e+00
-2.180935478878656397e+01
-2.799019847876564171e+01
-6.910909302046222535e+01
-6.767197453832230281e+01
-2.371271662333450081e+01
-3.025114745835123387e+01
-8.321256259839761071e+01
-4.327855964670642663e+01
-8.532918634973906791e+00
-1.265349817261378362e+01
-3.931072593390470615e+01
-9.480179110912374085e+00
-7.453997629292791771e+01
-1.228404482141961651e+01
-3.092534253061331739e+01
-4.179618658432099210e+01
-3.794656978616799847e+01
-1.968103462781176916e+01
-8.416935308834794682e+00
-1.679259151347701007e+01
-2.511260127332904446e+01
-3.092534253061331739e+01
-8.474021776478267043e+01
-3.176166405919724056e+01
-1.011651366897806170e+01
-2.850125413200300528e+01
-2.110068887451701158e+01
-2.528106684428101758e+01
-6.210421335845300916e+01
-6.895819930081518123e+01
-5.177387726321281036e+01
-7.303644948759000499e+00
-9.480179110912374085e+00
-1.038657981430761268e+01
-1.257915968299436926e+01
-2.447442926905500471e+01
-1.464128768633314337e+01
-4.419640994577454762e+01
-6.002498645447037973e+01
-2.710744904438397640e+01
-6.118088929042485802e+01
-3.929484479821987009e+01
-1.707331937135586486e+01
-4.097866449169458036e+01
-4.890273879578332128e+01
-2.371271662333450081e+01
-4.641809937083301918e+01
-3.205861834156806367e+01
-8.670992116612367795e+01
-8.349011259548412056e+01
-9.712359817166007048e+00
-2.039319951104572937e+01
-6.314526975303157741e+01
-1.045807643134655152e+01
-6.118088929042485802e+01
-6.118088929042485802e+01
-3.178538810914291091e+01
-4.119307379543998593e+01
-9.369535955067313182e+00
-5.190324676841039775e+01
-4.122052544023002696e+01
-2.301665578449032168e+01
-2.751499010054989824e+01
-3.212216967992991812e+01
-2.003611283890170114e+01
-5.719067027434390127e+01
-1.767492658442031939e+01
-8.207130788800446908e+01
-3.002442135913478438e+01
-6.800108299736440642e+01
-6.194439442760426573e+01
-7.488782132507560618e+01
-9.934388292785399699e+00
-6.458949064858187228e+01
-1.197508440814418762e+01
-2.297390557785123377e+01
-3.459624092047351951e+01
-1.214674981136126632e+02
-5.969348278132258656e+01
-4.576735402968087385e+01
-3.931072593390470615e+01
-2.906190107392031763e+00
-8.714144797298440892e+01
-6.118088929042485802e+01
-1.533003090970393956e+01
-6.369246238800867843e+01
-7.255022701716853817e+00
-3.098799736547486106e+01
-8.434692782178231596e+00
-6.118088929042485802e+01
-3.062437759298939000e+01
-4.473068351928399977e+01
-5.795657767418914119e+01
-3.009338425772821779e+01
-6.019487841024991326e+01
-1.469332384491858789e+01
-2.906190107392031763e+00
-3.421156006252775228e+01
-1.858477773510705688e+01
-2.426351944898012647e+01
-1.193206130074970517e+01
-3.111307752796947312e+01
-2.437050452010097956e+01
-2.933787058593620500e+01
-1.679259151347701007e+01
-3.751743822608525392e+01
-1.908477773510705688e+01
-2.716606295908936275e+01
-6.954161597026622843e+00
-1.707331937135586486e+01
-1.828830630143221825e+01
-2.456524359688799919e+01
-6.039436282071327611e+01
-3.586519317492221148e+01
-4.258916353436481472e+01
-3.480967058952955284e+01
-6.402947390682879103e+00
-5.649774676836073439e+01
-1.231117098653673381e+01
-1.841557378787488375e+01
-4.572382533120836712e+01
-1.448447086452756949e+01
-3.090007876050526647e+01
-3.399800107018991469e+01
-3.899891256282998597e+00
-2.555278425140767595e+01
-1.404964721704968866e+01
-1.139149307454219340e+01
-3.638375669619210839e+01
-2.850125413200300528e+01
-3.344220848469834095e+01
-2.674505728455696740e+01
-5.616584012189746034e+01
-5.979294976956759911e+01
-5.070332970238703041e+01
-1.139149307454219340e+01
-8.585552545825336779e+01
-3.092534253061331739e+01
-8.459335056071623171e+01
-8.554618932591399982e+01
-3.899891256282998597e+00
-2.127726455374055803e+00
-3.242533723151900915e+01
-2.149674473544009956e+01
-2.744332453588224041e+01
-1.283014729275774073e+02
-3.233903233717796866e+01
-3.661469447355094076e+01
-2.140346809049338361e+01
-1.936087677719807587e+01
-6.741245908815167809e+01
-1.707331937135586486e+01
-3.500498758279660905e+01
-1.810575956007811627e+01
-3.092534253061331739e+01
-1.785300103445481668e+01
-6.896928937703803797e+01
-2.534642402517100734e+01
-1.635724203800229759e+01
-4.852785770290008571e+01
-7.422029163077269232e+00
-8.358723832569101120e+00
-1.101489005941923125e+02
-2.561643572466741148e+01
-1.178235492318577826e+01
-6.749940289784337466e+00
-4.437548549755076976e+01
-5.443619618286817285e+00
-1.295841000729733494e+01
-3.845695715829342021e+01
-2.631071753307754335e+00
-2.585249011932056362e+01
-5.401241445698279620e+01
-2.731439758884956248e+01
-6.959765584802429572e+00
-2.730718924952839544e+01
-1.781249961969873752e+01
-3.098799736547486106e+01
-2.427320577696475112e+01
-9.480179110912374085e+00
-4.205312398830460552e+01
-2.533173016086967877e+01
-3.486490980843644394e+01
-5.533713969355450502e+01
-8.988935245815113717e+00
-1.952812294459021913e+01
-9.955692191349264419e+00
-2.533173016086967877e+01
-2.513796451084235528e+01
-3.158426166067727792e+01
-3.978276569830148190e+01
-6.918023212143278755e+00
-9.177190789866951803e+00
-1.178235492318577826e+01
-1.360442930651655047e+01
-3.160861982271516979e+01
-2.158168545618530487e+01
-3.463618233741223662e+01
-9.810241518159223517e+00
-3.185025468054171327e+01
-7.706450884562718784e+01
-3.423866448819255481e+01
-1.717862905249032224e+01
-4.952720344302848332e+01
-4.651310602240818781e+01
-1.482162314559599636e+01
-3.463911768148177828e+01
-7.279149005682260309e+00
-3.615905951616117875e+01
-2.533173016086967877e+01
-2.533173016086967877e+01
-1.242882710553002994e+02
-1.139149307454219340e+01
-1.457675524304069725e+01
-2.462269243603703117e+01
-3.098799736547486106e+01
-1.595042975959010079e+01
-2.574884155184286882e+01
-6.912156847277606175e+01
-7.400156255204161937e+01
-8.814642494360356295e+00
-2.814189683234178574e+01
-2.653233917359237637e+01
-3.479677473269582322e+01
-7.718022401397579557e+00
-2.097883215803575041e+01
-1.248203572763145885e+01
-3.633170289108829820e+01
-3.681871584610227899e+01
-1.221886839562943194e+01
-2.592750829389503053e+01
-2.781203936305368529e+01
-6.648551607248755602e+01
-1.495548621125831446e+01
-5.500463625298991133e+00
-2.164685588356306312e+01
-1.139149307454219340e+01
-2.815895271860874516e+01
-3.092534253061331739e+01
-5.422215838185480408e+01
-4.373151141172299106e+01
-3.364162287954518860e+01
-4.432870717761296930e+01
-2.851026287497942846e+01
-4.305725145314727342e+01
-1.674877470772422683e+01
-1.588955343984316571e+01
-4.483253636334265479e+01
-3.425313851134005461e+01
-3.136417832134924311e+01
-8.985782330909479754e+01
-3.532437519259019609e+01
-1.747840626050685131e+01
-1.030085234142298845e+01
-3.853882302077271049e+01
-1.813500001075551893e+01
-8.605025731651500109e+01
-6.342672054087396560e+01
-1.851482932818392158e+01
-4.179018210999154803e+01
-1.271569650573939114e+01
-3.554268765413821285e+01
-5.010270828261503340e+01
-4.284146372152122240e+01
-2.766687523494634249e+01
-8.927369079696624965e+00
-4.080933039625779202e+01
-7.770386684139559463e+01
-2.996100752663877742e+01
-1.984736793628271911e+01
-1.637918391041411681e+01
-1.622572891683175555e+01
-6.535095907574034868e+01
-1.203696207401548790e+01
-3.589736617447960043e+01
-7.650105087331876064e+01
-1.952812294459021913e+01
-4.429945122568753391e+01
-1.936257622830349945e+01
-4.389605593506620096e+01
-3.027627527780502348e+01
-5.957244491431951872e+01
-2.574884155184286882e+01
-2.131071753307754335e+00
-2.533173016086967877e+01
-2.260808039570132522e+01
-3.092534253061331739e+01
-5.615218906871065485e+01
-7.751267955872161508e+01
-3.684198267942059601e+01
-5.964147177384694487e+01
-4.632087104867111549e+01
-3.848275013001330080e+01
-7.687806940569896597e+01
-6.510791597136886821e+00
-6.311045686690009404e+01
-2.157500360179490073e+01
-1.951050850551592220e+01
-8.988935245815113717e+00
-1.515272360119579176e+01
-5.222406480882229118e+01
-9.675969278260980388e+01
-2.371271662333450081e+01
-1.661624266933320371e+01
-6.710284671865592543e+01
-1.655103437154334500e+00
-1.024326124826999873e+01
-1.519661814035972824e+01
-6.020858798630418107e+01
-8.422462668055882773e+01
-1.856846315616047605e+01
-1.856846315616047605e+01
-1.074288019388191984e+01
-8.214433430047216689e+01
-3.207317660569616180e+01
-3.901255263103738002e+01
-2.767478897203619326e+01
-2.236165012210732428e+01
-6.138155060125812668e+01
-4.466604498852760230e+01
-4.311932193929668244e+01
-2.450541276572913318e+01
-2.822802621745961815e+01
-6.608598109402248610e+01
-4.101829161839027904e+01
-2.934325874543013768e+01
-8.186585705567742366e+01
-5.627029577944193761e+01
-3.835593350690827208e+01
-2.131071753307754335e+00
-2.780486643615593678e+01
-1.309143287862919536e+01
-4.704318585480190507e+01
-1.605613047675596761e+01
-2.235005094946574644e+01
-7.738458530989203155e+01
-3.725411301674982667e+01
-3.606814198216699197e+01
-8.831158857847567845e+01
-1.449938829362000803e+01
-3.042993970195737319e+01
-2.574861170813349176e+01
-2.456524359688799919e+01
-3.834345520908452443e+01
-1.147660262465603509e+01
-8.893512950554772090e+00
-3.520716471242633361e+01
-4.720734148912394090e+01
-1.237613689592189203e+01
-1.679259151347701007e+01
-5.722595790991084641e+01
-1.348307222976429998e+01
-1.038804183877163325e+02
-2.015483684972738843e+01
-2.127726455374055803e+00
-5.936616890249609924e+01
-2.429415348715827250e+01
-1.657544123509394751e+01
-1.229137650566605942e+02
-2.975899190082686729e+01
-3.846698232674727080e+01
-4.194085425813970858e+01
-5.379210031032109640e+01
-2.849019847876564171e+01
-2.960887610905925982e+01
-2.730718924952839544e+01
-6.193258537751457027e+01
-5.869656216821745431e+01
-3.347900850861287836e+01
-7.829529198681957070e+00
-1.727884437069101509e+01
-2.486147291780802249e+01
-1.120288477266489124e+01
-3.344613364888346041e+00
-2.250708692407998868e+01
-8.251763035138998248e+01
-4.097866449169458036e+01
-5.067768985135495541e+01
-1.036326265416543890e+01
-1.389976382253559706e+01
-2.928219170574602614e+01
-3.293895837775367852e+01
-5.752183859284324541e+01
-1.107914117282160404e+01
-5.964133857918537984e+01
-2.308193722973538087e+01
-1.707331937135586486e+01
-1.855963074297523008e+01
-2.319889472249360196e+01
-7.780972104519850774e+00
-1.395221838251247704e+01
-2.719480743735845962e+01
-5.199003702390064063e+01
-2.533173016086967877e+01
-3.202044297372584225e+01
-2.031574129692691955e+01
-6.032558313017757712e+01
-3.073467103869869632e+01
-4.532947815370626188e+00
-2.751975064788349457e+01
-2.522830091871609071e+01
-1.513683407225974875e+01
-9.480179110912374085e+00
-5.672818738077010892e+01
-9.787323921464437859e+00
-1.446556003719371475e+01
-2.451163035619000397e+01
-4.228149158264326246e+00
-9.810241518159223517e+00
-3.451625549289711614e+01
-1.515152331950203646e+01
-3.965353452183435934e+01
-1.274686296711674416e+01
-4.228149158264326246e+00
-3.451625549289711614e+01
-1.803946558915385268e+01
-4.362846402120746347e+01
-5.713335468062189904e+01
-1.178235492318577826e+01
-6.425612130163793267e+01
-3.129567079363131654e+01
-1.147660262465603509e+01
-1.707331937135586486e+01
-5.688477980140483226e+01
-3.025821274866557431e+01
-2.578436347193744638e+01
-2.114984623245412365e+01
-2.823031240024783273e+01
-2.694120755400950529e+01
-3.580686476228619597e+01
-2.525538896393547361e+01
-3.883455597247055380e+01
-2.208308414764303862e+01
-9.908739139491015635e+01
-5.326777584553369138e+01
-5.732559496204673621e+01
-2.231623059245327312e+01
-4.036842750706961169e+01
-1.139149307454219340e+01
-5.317348808721172304e+01
-2.285776119575851340e+01
-3.499426543165895254e+01
-2.622658077419781009e+01
-2.607751569531680147e+01
-1.681791168256016178e+01
-1.917513486152427760e+01
-1.580864096624322457e+01
-1.707331937135586486e+01
-4.327988462018328875e+01
-1.020896573597730494e+01
-3.370625634093001821e+01
-1.200891326136041570e+01
-8.905180880459437276e+01
-1.394225895391562631e+01
-4.280731084094574612e+01
-2.966477882286721979e+01
-1.653752750527831950e+01
-1.679259151347701007e+01
-2.859716315530305053e+01
-2.795291957390878679e+01
-2.667887766588631138e+01
-2.557482603883036631e+01
-1.942513987953324772e+01
-3.865996159063534776e+01
-3.512456821812694585e+00
-1.441445408468795364e+01
-8.988935245815113717e+00
-4.353377738199374392e+01
-2.775654651430949116e+01
-4.909156519217773962e+00
-3.869101587657564068e+01
-8.795972775274408662e+01
-2.473107885798890493e+01
-3.039904222595075467e+01
-2.601228613895060704e+01
-2.801282319321094860e+01
-8.752820720275272492e+01
-5.204726614981339594e+00
-3.981277298524661035e+01
-3.504537175735548260e+01
-1.443275575354888574e+01
-1.603846569101967745e+01
-4.305256199686920837e+01
-6.311990446769279828e+01
-2.371271662333450081e+01
-1.942513987953324772e+01
-1.674877470772422683e+01
-3.152205478489082324e+01
-1.389976382253559706e+01
-2.142637068951471946e+01
-7.524284819455491657e+00
-2.995569163876934482e+01
-3.239803620729242795e+01
-3.322851595723804508e+01
-4.297606656752885357e+01
-1.115026432305907633e+01
-4.707139171060828176e+01
-4.330764239872020482e+01
-2.333062263871233810e+01
-3.028966382683638159e+01
-1.590995523065683415e+01
-2.450541276572913318e+01
-2.849019847876564171e+01
-2.186594956506230147e+01
-7.608661417105830083e+01
-6.762556564055816466e+01
-4.401753106810959792e+01
-4.596782017912219942e+01
-8.214433430047216689e+01
-4.309023286612182346e+01
-1.581116695850272080e+01
-4.733273413795592433e+01
-2.405781228134303618e+01
-2.768267160003898653e+01
-9.480179110912374085e+00
-6.414443497025283136e+01
-2.946423910075857222e+01
-1.792875032051593820e+01
-1.498206487692204547e+01
-4.798376890796853900e+01
-2.171318440875085898e+01
-8.988935245815113717e+00
-2.249302360821202740e+01
-7.577104935734553237e+01
-3.888312947840650224e+01
-6.212903807632987707e+01
-2.371271662333450081e+01
-3.179279070434787613e+01
-2.820032569651845478e+01
-2.015483684972738843e+01
-4.311932193929668244e+01
-1.588955343984316571e+01
-2.604541771637042302e+01
-3.899891256282998597e+00
-6.402829734520712179e+01
-3.341966686668742170e+01
-1.603227712508332914e+01
-2.208568499937215890e+01
-2.855646524741017700e+01
-5.627029577944193761e+01
-1.942513987953324772e+01
-3.056060078238260047e+01
-3.146016798139146431e+01
-1.760003854188103034e+01
-2.644370430162202723e+01
-6.323676918228898103e+00
-6.403277739321566742e+01
-2.186958883207163851e+01
-2.547304019012277010e+01
-2.079430316494298481e+01
-5.627029577944193761e+01
-3.220341094449943142e+01
-4.143996281387919112e+01
-1.784769130340201215e+01
-4.853062810901042923e+01
-1.913848934959325732e+01
-1.848286331266776017e+01
-4.593431900240987176e+01
-1.581116695850272080e+01
-8.229836420553718312e+01
-1.139149307454219340e+01
-2.223202957531866630e+01
-3.344613364888346041e+00
-1.848286331266776017e+01
-2.775810240585063582e+01
-2.231623059245327312e+01
-7.139902488166184469e+01
-8.229836420553718312e+01
-1.283886323385587858e+01
-3.762927696867033944e+01
-3.615729398230885749e+01
-6.323676918228898103e+00
-3.111842394646971854e+01
-2.322135445654349084e+01
-1.193169620207980159e+02
-9.480179110912374085e+00
-3.344076473143233841e+01
-3.280353560782001665e+01
-5.417877575873308160e+01
-2.317685561869374311e+01
-3.899891256282998597e+00
-3.848275013001330080e+01
-4.709269382196389131e+01
-1.848286331266776017e+01
-2.850125413200300528e+01
-6.038295926390965462e+01
-5.642558559849494060e+00
-2.171318440875085898e+01
-2.406314075138750397e+01
-2.843462519528020493e+01
-9.193405170625597123e+01
-6.405018433684961110e+01
-9.480179110912374085e+00
-1.581116695850272080e+01
-4.346785743851388872e+01
-7.670078371365960379e+00
-1.707331937135586486e+01
-1.178235492318577826e+01
-2.760682602081467607e+01
-1.003916651714877517e+01
-7.395615019977151405e+01
-5.117431828627461243e+01
-3.192738730440954598e+01
-3.031583563061796838e+01
-1.326151714586623953e+01
-1.139149307454219340e+01
-2.730718924952839544e+01
-2.533173016086967877e+01
-8.263606343211395711e+01
-4.379769887762036262e+01
-2.798649586467735872e+01
-2.436977760619424416e+01
-5.789818456269470914e+01
-2.574861170813349176e+01
-1.664327527296149611e+01
-3.157916916321424949e+01
-2.991817821142888789e+01
-8.916391178553874397e+01
-5.969100044121486093e+00
-1.219939537363971027e+01
-5.840737764426795309e+01
-2.749119184434723806e+01
-6.959765584802429572e+00
-1.707331937135586486e+01
-1.707331937135586486e+01
-2.574861170813349176e+01
-2.715237925466019320e+01
-4.445140226965971664e+00
-1.974663578577039758e+01
-3.471258355403206508e+01
-3.422849434651860179e+01
-5.668697015907000747e+01
-2.015483684972738843e+01
-6.749940289784337466e+00
-2.627583409249602653e+01
-4.724239804656533437e+01
-1.178235492318577826e+01
-4.533699460040114815e+00
-1.735120591014862157e+01
-3.047482886649522626e+01
-6.050877943535935799e+01
-5.869656216821745431e+01
-4.876127973128832593e+01
-2.278666077745359786e+01
-1.225139257794630154e+01
-3.899891256282998597e+00
-6.464140156483610156e+01
-2.079430316494298481e+01
-3.147665527878362113e+01
-1.118391667435967562e+01
-6.085827133958884616e+01
-2.850125413200300528e+01
-9.906695948879202263e+01
-4.097866449169458036e+01
-4.556810866823853701e+01
-1.822578576681955198e+01
-6.182112850231763446e+01
-3.058889696510578915e+01
-3.993915318316503260e+01
-5.377842396123332236e+01
-3.058107506452894242e+01
-3.813166284534268158e+01
-9.952788013157261560e+01
-4.022489197688526019e+01
-3.931072593390470615e+01
-3.957622251257120638e+00
-1.003916651714877517e+01
-2.574861170813349176e+01
-9.746402267247177065e+00
-6.098112213201247300e+01
-3.102965084242164551e+00
-3.572512591326992748e+01
-3.188556424485913965e+01
-2.736272960516474129e+01
-1.581116695850272080e+01
-4.595957332209364665e+01
-2.874401932301038798e+01
-6.118088929042485802e+01
-1.747840626050685131e+01
-2.755385570700748588e+01
-5.376199261452769917e+01
-5.901829342599348394e+01
-4.307054476797688380e+01
-2.583629011762515404e+01
-4.245808975216142755e+01
-2.024047767550339216e+01
-5.402259218770839766e+01
-2.060188033130109275e+01
-7.569585754240559794e+00
-5.615218906871065485e+01
-2.079430316494298481e+01
-1.364047332312292937e+01
-1.293644360602769439e+01
-3.819017848559319361e+01
-4.587097042400652924e+01
-2.456289094010634955e+01
-6.596870204741847488e+01
-9.810241518159223517e+00
-1.806941087234355336e+01
-3.670315011764208180e+01
-3.287473706859926637e+01
-1.495548621125831446e+01
-3.112568674072468156e+01
-1.581116695850272080e+01
-5.500463625298991133e+00
-1.162207252433187321e+01
-6.034561351521517736e+00
-8.274959794919423928e+01
-3.235769609067438068e+01
-4.185474028635717048e+00
-1.848286331266776017e+01
-2.573912645807861566e+01
-2.823155214770240917e+01
-8.857132836786655616e+01
-1.424992428405739275e+01
-4.587811686048084425e+00
-6.153399204967108460e+01
-3.899891256282998597e+00
-8.091072524752316042e+01
-1.336567401191194335e+02
-6.032558313017757712e+01
-3.119166139189154663e+01
-6.460660446197914553e+01
-1.789160755018969340e+01
-2.850412891235897916e+01
-1.949159441179465801e+01
-3.736717040465829598e+01
-6.180799785470411223e+01
-1.981220261406192762e+01
-4.905305816002057639e+01
-2.975349800660267618e+01
-2.202330617312997418e+01
-6.412800520466142018e+00
-6.508288713178160378e+01
-2.601000755922932228e+01
-3.931072593390470615e+01
-2.238060697928507281e+01
-7.228248504184838907e+01
-1.268876390112449215e+01
-3.116729714228164028e+01
-1.301496606437123944e+02
-1.581116695850272080e+01
-6.045627178584484795e+01
-6.032558313017757712e+01
-3.538780137651041002e+01
-2.490490268045710565e+01
-2.675714191318374446e+01
-2.226380281250644799e+01
-2.524884155184286882e+01
-2.905939807198351943e+01
-6.841489961408674958e+01
-5.289695692219638801e+01
-1.495666970488859349e+01
-4.933548807395099089e+01
-3.559625711163086237e+01
-2.923380471834601479e+01
-3.451625549289711614e+01
-1.923663560071634748e+01
-4.437562521234013957e+00
-2.050831954826960057e+01
-2.487725107108952471e+01
-1.581116695850272080e+01
-1.638130373317016009e+01
-3.272305790132230641e+01
-3.499426543165895254e+01
-2.670967088295800451e+01
-2.672347363831273626e+01
-2.203920900933949767e+01
-1.172057341269363917e+01
-2.056149544637136373e+01
-1.243981988068017941e+01
-3.899891256282998597e+00
-3.168537067645175753e+01
-6.970551279619405705e+01
-2.651425024020224441e+01
-3.327247017058330414e+01
-2.079430316494298481e+01
-3.407787286666255255e+01
-4.466866962862924595e+01
-1.178235492318577826e+01
-1.184588801659544544e+01
-1.769448782379937768e+01
-1.985529328115552872e+01
-3.263921238006010128e+01
-1.678602461291235670e+01
-2.533173016086967877e+01
-3.931072593390470615e+01
-5.951968068835122239e+01
-3.451625549289711614e+01
-1.949159441179465801e+01
-3.102965084242164551e+00
-2.377104257276207733e+01
-1.538019238857572901e+01
-2.226380281250644799e+01
-1.215449204800010108e+01
-1.908468304149790029e+01
-6.787622773229890072e+01
-1.139149307454219340e+01
-7.959634219559113433e+01
-5.204726614981339594e+00
-2.598888103678104144e+01
-2.395606648056777033e+01
-2.730917533934309205e+01
-2.475818725790015051e+01
-5.966875772241247944e+01
-1.795266569967623482e+01
-3.043942863518102371e+01
-2.839058623679163418e+01
-3.127726455374055803e+00
-2.856830822175156115e+01
-3.899891256282998597e+00
-8.988935245815113717e+00
-5.082626834977504870e+01
-5.333528550432123438e+01
-2.839213852181282505e+01
-1.437544620132270623e+01
-8.229836420553718312e+01
-2.301424579616892885e+01
-3.620023685840483552e+01
-1.337647150366145254e+01
-9.149502039590032609e+00
-3.932607331739585277e+01
-1.371136947402866610e+02
-8.929876083900143868e+00
-9.543861457630185896e+00
-2.091775692597475000e+01
-8.416935308834794682e+00
-3.505113208063573182e+01
-4.696042973036085755e+01
-3.938839861551258537e+01
-5.869656216821745431e+01
-4.461470215266653838e+01
-9.331819111629563679e+00
-8.641129205737193786e+00
-6.363642880281949488e+01
-1.363591921239760651e+01
-4.713651097848764948e+01
-4.957731087794510927e+01
-1.707331937135586486e+01
-2.064689170910915905e+01
-1.139149307454219340e+01
-1.172057341269363917e+01
-5.163734740336332152e+01
-2.731526179790151332e+01
-3.899891256282998597e+00
-1.474247805589536142e+01
-3.375831700569185045e+01
-4.208736792186531517e+01
-5.853143374900366069e+00
-2.366327165796943532e+01
-9.618321343610507057e+00
-1.754240775711786426e+01
-2.247879053698951068e+01
-1.055395087058237280e+01
-4.138747216639821147e+01
-3.672170078813253724e+01
-3.007406164807391491e+01
-2.877114196138760249e+01
-1.102607461049570148e+01
-1.661915676646470175e+01
-4.417117939329945386e+01
-2.748504062223252475e+01
-2.854601267168574452e+01
-5.066044869990512467e+01
-9.787323921464437859e+00
-2.262263680694726986e+01
-2.127726455374055803e+00
-2.040154324400708319e+01
-1.679259151347701007e+01
-2.397081550291909480e+01
-4.148278137062393967e+01
-6.749940289784337466e+00
-3.013567582034374581e+01
-2.456524359688799919e+01
-2.817792418213759831e+01
-6.933480616190556134e+01
-4.099352800031167021e+01
-5.182036565131879513e+01
-2.730718924952839544e+01
-1.557313261897024859e+01
-2.820351195557961788e+01
-1.679259151347701007e+01
-9.695463563612147340e+00
-1.285687420165231032e+01
-3.148358151416870498e+01
-1.595179292318741204e+01
-3.837593182546860504e+01
-1.335124280687491449e+01
-5.867059509852443000e+01
-2.488035856894082087e+01
-3.746171630306334777e+01
-1.495548621125831446e+01
-3.280353560782001665e+01
-2.471737930480527012e+01
-2.563917354568524587e+01
-4.041705328706557765e+01
-6.759272654708259154e+01
-4.857427376404307751e+01
-2.067235353142940824e+01
-8.416935308834794682e+00
-1.699107353701950984e+01
-4.187236187177493463e+01
-6.526218398327316095e+01
-4.116452618563947397e+01
-1.718956968004544095e+01
-1.178235492318577826e+01
-6.756592914172277631e+01
-8.383465544616259990e+01
-6.436219038061764763e+01
-2.337027987643751104e+01
-5.883292369387447707e+00
-1.162105624170865781e+01
-1.707331937135586486e+01
-1.809461314377828245e+01
-3.947697753503630480e+01
-4.788739591718595534e+00
-4.356591876580770872e+01
-1.473244215931364209e+01
-1.407097131330967699e+01
-1.967737757365677354e+01
-2.869085127630425447e+01
-2.471737930480527012e+01
-1.203891192754792527e+01
-3.187282462314574971e+01
-8.988935245815113717e+00
-5.642558559849494060e+00
-2.575496910598366185e+01
-2.738482674822392227e+01
-1.952812294459021913e+01
-4.139772509549834467e+01
-3.451625549289711614e+01
-1.328597337513835797e+01
-3.989475716303071096e+01
-5.184417141696180664e+01
-4.403502364663675195e+01
-6.125716132103708134e+00
-4.507556031278092945e+01
-1.255033529698575023e+01
-5.631893412696113899e+01
-4.407356302273465332e+01
-4.759153598813466601e+01
-2.636392732537667882e+01
-3.997073811039624047e+01
-3.466751421185340121e+01
-5.311481355678097316e+01
-2.394609950581370583e+01
-8.813540277414253410e+01
-3.057149493536481444e+01
-6.549363241245740141e+01
-5.238476453872102212e+01
-2.611651525634263749e+01
-3.392105995237061222e+01
-1.451389765999578785e+01
-2.310828241406670358e+01
-7.276408776825938673e+01
-2.195232447504004369e+01
-2.750036918344282100e+00
-4.325723677256398503e+01
-2.079430316494298481e+01
-8.097498763886102324e+01
-3.276139827485329192e+01
-5.101386704301936703e+01
-3.903430775138185993e+01
-1.995892786985992728e+01
-3.747428612939420844e+01
-4.004809851168803903e+01
-1.952812294459021913e+01
-2.684207281714227022e+01
-3.899891256282998597e+00
-4.507556031278092945e+01
-4.485684430179419735e+01
-4.573460845606265934e+01
-3.306119908102215277e+01
-7.955797796657545717e+00
-1.023642900642322573e+01
-4.631453789796040610e+01
-1.496711229520493447e+01
-1.337717435993907955e+01
-1.268307143482486765e+01
-3.595717645344603142e+01
-1.021036981604965987e+01
-4.101544303231706579e+01
-1.542768242448889282e+01
-1.139149307454219340e+01
-4.138242043890546995e+01
-3.850335357072421516e+01
-3.296423892864421390e+01
-1.992605473038769048e+01
-3.480397806548160133e+01
-5.642578658520491786e+00
-6.952943423349275065e+00
-3.935938910581324990e+01
-2.483578445828656811e+01
-2.622732967375158353e+01
-1.683984350702021260e+01
-2.371271662333450081e+01
-5.402819521242980727e+01
-2.588391398377802233e+01
-5.642558559849494060e+00
-5.500463625298991133e+00
-1.674877470772422683e+01
-5.150357841197416064e+01
-4.287382228517682847e+01
-3.392105995237061222e+01
-8.988935245815113717e+00
-9.810241518159223517e+00
-4.654107447881989401e+01
-3.910769337513356447e+01
-2.404545462007958889e+01
-2.005439405164593936e+01
-3.997370047126102577e+01
-4.010864235265992761e+01
-4.464000037872229143e+01
-6.556693809081806990e+01
-2.934279162955142084e+01
-2.946047685584971632e+01
-4.933199385247191060e+01
-8.988935245815113717e+00
-2.137984380278530594e+01
-8.115495932127483769e+00
-3.430107152790620972e+01
-2.007598183124308378e+01
-2.806735609644946550e+01
-2.384560057203264449e+01
-5.702439964502733005e+01
-3.381777337742957457e+01
-3.092534253061331739e+01
-2.942254431778768975e+01
-2.361781711304030296e+01
-3.518436604908609411e+01
-3.451625549289711614e+01
-1.105805313437828374e+01
-2.229180729594177279e+01
-2.075009215643303762e+01
-2.620563456562338800e+01
-5.568424631994969332e+01
-4.980489044670149212e+01
-1.863597040514621028e+01
-1.269834376312912028e+01
-3.747074865997051063e+01
-1.847525237670167542e+01
-3.952009839234327870e+01
-1.613796990273468879e+01
-4.104957156733618717e+01
-9.335932349784474837e+00
-1.364047332312292937e+01
-1.495548621125831446e+01
-1.045027585256562830e+01
-2.888631043252722108e+01
-2.930856635216608552e+01
-1.939952939043421054e+01
-6.528782441130653069e+01
-4.981570332308137949e+01
-1.107513632214908839e+01
-2.999019847876564171e+01
-3.216707684254221533e+01
-1.268777205037196509e+01
-3.289800912284239587e+01
-9.668110346676758837e+00
-3.932709435062652403e+01
-4.085413910701145568e+01
-2.928362626379832179e+01
-2.237220794635412702e+01
-1.257061126152169095e+02
-7.785501868465118491e+01
-2.032257047631604152e+01
-3.091631077797606864e+01
-3.834322797879545419e+01
-3.672838738645570800e+01
-8.646405319329669936e+00
-1.584160119941924094e+01
-5.214667690805922007e+01
-3.899891256282998597e+00
-4.984278180828061977e+01
-2.574739432012998819e+01
-7.951927705010453451e+01
-3.981321443446065445e+01
-1.043467898761270973e+01
-4.956601666361528657e+00
-3.486768376517448331e+01
-3.940878739398107911e+01
-8.416935308834794682e+00
-3.926988187455275181e+01
-4.835183070898230540e+01
-3.356727391043479258e+01
-2.959501803936808884e+01
-2.951246677698967957e+01
-4.319405715165902393e+01
-6.909789637278787922e+00
-2.037441039239709895e+01
-2.805850995930538971e+01
-3.372087687143439183e+01
-8.037141389860003926e+01
-3.005570580804259251e+01
-1.284351104084809236e+01
-1.089240723772738662e+01
-3.735840738136786854e+01
-1.858477773510705688e+01
-1.956026963247271411e+01
-1.976139254953241675e+01
-1.279334961927703773e+01
-4.945163358070325899e+01
-1.328597337513835797e+01
-5.113453883314828374e+01
-1.751849112166830480e+01
-1.057786987020207548e+01
-4.934509547112321570e+01
-1.952812294459021913e+01
-6.369246238800867843e+01
-2.684481061169463345e+01
-1.554777012109803280e+01
-6.369246238800867843e+01
-5.116242558591265777e+01
-1.588955343984316571e+01
-2.371271662333450081e+01
-1.178235492318577826e+01
-4.228149158264326246e+00
-1.094897881635967707e+01
-1.966364119956010370e+01
-5.359279378434629137e+01
-1.539315870055543911e+01
-2.535897668073274858e+01
-2.624500367516619903e+01
-6.047625869079251260e+00
-3.178579728002540961e+01
-7.293311812299769770e+00
-8.988935245815113717e+00
-2.166575098102897812e+01
-2.402611076463153950e+01
-6.724373919118255571e+01
-2.092771265294990002e+01
-3.280353560782001665e+01
-2.635073874778955272e+01
-6.351515258679960141e+01
-2.408674409579295883e+01
-2.771468713231003278e+01
-4.826017189927407003e+01
-3.430743335258262761e+01
-1.748536860623203282e+01
-2.881362384609586158e+01
-5.333528550432123438e+01
-1.296049395661842496e+01
-3.727852103767067149e+01
-4.508535805200024527e+01
-2.065137940130585292e+01
-1.221783139719777296e+02
-3.762396699613229600e+01
-2.590889120929037404e+01
-3.612650739891649465e+01
-1.213085145564975775e+01
-2.338124525000027631e+01
-6.539320370950069616e+01
-8.379938376009498313e+00
-2.235132477515982075e+01
-1.930101409883572572e+01
-3.899891256282998597e+00
-1.946787468879833227e+01
-6.782757367763665002e+01
-5.141359330793396509e+01
-4.332171851651793304e+00
-1.331312083875361552e+01
-2.040393423976512821e+01
-2.861567571672930299e+01
-1.340385876016432221e+01
-1.172057341269363917e+01
-4.985331995482992795e+01
-3.451625549289711614e+01
-1.058368308480715001e+02
-1.843822200110895793e+01
-7.923528183882797293e+01
-1.822030833094554580e+01
-1.172057341269363917e+01
-2.384560057203264449e+01
-2.278805338424927385e+01
-1.588955343984316571e+01
-1.311026906759125268e+02
-4.460122565774705095e+01
-2.127726455374055803e+00
-3.822131598382974005e+01
-2.361668527480396662e+01
-1.969382727262807364e+01
-4.470776875633406888e+01
-2.409648787116859836e+01
-3.801912339674468200e+01
-2.479710127614169934e+01
-3.701701284329585917e+01
-3.837593182546860504e+01
-5.442002684425779080e+01
-6.749940289784337466e+00
-8.080796178547824837e+00
-7.127219129274809717e+00
-3.706797727491665739e+01
-2.105494761450156105e+01
-8.988935245815113717e+00
-3.499182238478026363e+01
-5.715552170876215143e+01
-2.502623513266679467e+01
-4.534950338403842807e+01
-2.356489930753387796e+01
-4.445402999069760597e+01
-2.966322043278906051e+01
-3.739945367111130281e+01
-9.787323921464437859e+00
-4.951137265074811467e+01
-3.386075614035283365e+01
-1.542768242448889282e+01
-1.492401604883956523e+01
-1.909241691063311563e+01
-2.520574022719167928e+01
-2.834757007580498112e+01
-2.065137940130585292e+01
-2.711889739744387740e+01
-7.740899755039524166e+01
-1.805007964632589790e+01
-1.976469417223094993e+01
-1.260417672197300831e+01
-2.839751835812872471e+01
-3.634753560328675803e+01
-3.535791342141397564e+01
-2.752034413971822602e+01
-6.398103012592025607e+01
-3.664595177702916118e+01
-1.897406896494298678e+01
-3.887619847412371143e+01
-5.238476453872102212e+01
-3.684813331425016969e+01
-1.139149307454219340e+01
-1.742354434425057619e+01
-2.640026232222070135e+01
-8.095073025037478942e+01
-4.244028349371700415e+01
-6.282516172298265644e+00
-1.139149307454219340e+01
-2.448884721704800427e+01
-2.531390880609749061e+01
-4.710941169397669626e+01
-2.611220126546083975e+01
-1.339045042074714331e+02
-2.808663610945600553e+01
-5.892374144475924425e+01
-2.731439758884956248e+01
-2.316445357183437181e+01
-2.883710630548294773e+01
-2.361668527480396662e+01
-5.245423008671586729e+00
-9.253411910194653700e+00
-2.803734941029949113e+01
-2.368490407048387070e+01
-1.707331937135586486e+01
-6.039963423404945786e+01
-1.495548621125831446e+01
-2.174611009368832271e+01
-5.625311773968192597e+00
-2.079430316494298481e+01
-1.939997328451990199e+01
-6.069808383530837403e+00
-1.172057341269363917e+01
-3.917266318967918437e+01
-4.880083790392873766e+00
-3.406442891471210999e+01
-1.186511557625577495e+01
-3.104754424230911170e+01
-8.673145397849069127e+00
-6.959765584802429572e+00
-6.658599145126937913e+01
-2.533173016086967877e+01
-4.881756921136795313e+01
-3.047336516869049206e+01
-2.497067872587143356e+01
-6.032558313017757712e+01
-4.592877647308743860e+01
-1.437999214308511498e+01
-3.344613364888346041e+00
-9.565194316471401947e+00
-2.557553053854058689e+01
-8.028799113657257180e+01
-4.587811686048084425e+00
-1.761447803443053317e+01
-2.684207281714227022e+01
-1.966878854815746891e+01
-4.956601666361528657e+00
-2.186193626554441138e+01
-1.089240723772738662e+01
-1.969382727262807364e+01
-3.608064487202375403e+01
-4.486545257089343863e+01
-2.033752143372942811e+01
-2.259018380418574168e+01
-1.257721579216180530e+01
-1.364047332312292937e+01
-2.291710792669416819e+01
-3.899891256282998597e+00
-1.495548621125831446e+01
-7.575069237730046723e+01
-3.931072593390470615e+01
-2.625505066879151528e+01
-1.018257733855204350e+01
-9.810241518159223517e+00
-1.090255026056745180e+01
-3.451625549289711614e+01
-9.719584918568230592e+00
-7.293311812299769770e+00
-2.285319842173579730e+01
-5.517218179970080882e+01
-6.290698478706876529e+01
-3.907091783236684535e+01
-2.911422029071070483e+01
-3.738555990165752974e+01
-9.810241518159223517e+00
-2.127726455374055803e+00
-4.585223669949456848e+00
-1.147660262465603509e+01
-5.333528550432123438e+01
-3.931072593390470615e+01
-2.411510688798991353e+01
-2.448884721704800427e+01
-1.283886323385587858e+01
-5.264687032549504409e+01
-5.367984765076347031e+01
-5.912328451247910266e+01
-1.003916651714877517e+01
-2.539311119981763909e+01
-1.004591069641444534e+01
-4.228149158264326246e+00
-1.542768242448889282e+01
-4.228149158264326246e+00
-2.540353790423830560e+01
-1.178235492318577826e+01
-4.431199147212015532e+01
-4.144217610586655098e+01
-1.089240723772738662e+01
-4.725882022607764554e+01
-2.104560904875670246e+01
-2.825962708341017660e+01
-5.915577809860657510e+00
-8.223986654774542160e+01
-2.432156200358632958e+01
-2.122167818183091725e+01
-2.364675172222153421e+01
-1.969382727262807364e+01
-4.012733305177253840e+01
-2.440129759778818297e+01
-5.890157727874282045e+00
-7.610126474292002285e+00
-2.105809102475485162e+01
-4.807473824069787582e+01
-2.054444047268838958e+01
-8.390402496840739843e+01
-1.261547929277450208e+01
-5.357775737798738191e+01
-7.117839007726081491e+01
-1.679259151347701007e+01
-3.285476944115845299e+01
-2.850537561780466689e+00
-2.318352869966237861e+01
-3.665546619621278523e+01
-5.798727158970947926e+00
-5.930027224588496182e+00
-2.611220126546083975e+01
-2.235132477515982075e+01
-1.558890770603944986e+01
-2.781944320831073014e+01
-2.933993129045448001e+01
-1.243686472175718620e+02
-2.127726455374055803e+00
-1.363591921239760651e+01
-1.218129355195276418e+02
-2.648058420983885242e+01
-7.674863478301251973e+01
-4.571741910477973647e+01
-3.138135584618479257e+01
-6.749940289784337466e+00
-1.213679815256672256e+01
-9.153080663126459626e+00
-1.707331937135586486e+01
-3.754797726819642634e+01
-1.858477773510705688e+01
-3.650529568815156267e+01
-1.700525510983064947e+01
-9.477837671714897994e+00
-3.818670448642761528e+01
-9.042010053838641426e+00
-3.451625549289711614e+01
-6.819213772278985175e+00
-3.451625549289711614e+01
-8.752499351991735921e+01
-5.386407157387120748e+01
-9.973365554544546541e+00
-6.959765584802429572e+00
-2.747998413997854428e+01
-4.249138492954782720e+01
-2.292409717667185021e+01
-4.462051526300645321e+01
-2.401088334629689669e+01
-2.310828241406670358e+01
-1.340784914392723408e+02
-5.798052542501952189e+01
-3.330466081051787341e+01
-5.609151054895312427e+01
-7.308061389583343725e+01
-6.683451276494093207e+00
-1.496200702138745697e+01
-1.162105624170865781e+01
-2.317311454825259176e+01
-3.682410641433402532e+01
-8.159166613218967967e+00
-1.253480736356738490e+01
-7.035740176583335881e+01
-1.638708015451163647e+01
-3.908835381165284417e+01
-6.369246238800867843e+01
-5.602195788779319230e+00
-2.565420937888039532e+01
-4.168557170904396258e+00
-1.777296626915605771e+01
-1.147660262465603509e+01
-7.674439451573550741e+01
-3.992453607451916753e+01
-6.363642880281949488e+01
-2.489428817435687691e+01
-1.888042650888326790e+01
-4.716623268775225597e+01
-2.629055684728646725e+01
-1.172057341269363917e+01
-6.177602511403624419e+01
-5.342655592024404854e+01
-7.999275571920481553e+00
-3.899218852552371573e+01
-8.529758871823425181e+01
-3.321248154656440477e+01
-4.350425019128829263e+01
-1.003916651714877517e+01
-1.172057341269363917e+01
-3.850335357072421516e+01
-2.235792475962459136e+01
-2.771468713231003278e+01
-2.137112089084891053e+01
-2.171318440875085898e+01
-4.587811686048084425e+00
-3.398692993628532122e+01
-5.131068167776410860e+01
-2.671626924064660713e+01
-6.959765584802429572e+00
-3.800388293912456561e+01
-2.268629807552173006e+01
-1.718956968004544095e+01
-1.273199062991817954e+01
-2.446303336218969093e+01
-2.767858813844428667e+01
-3.316607909416553923e+01
-2.994909742493572935e+01
-2.884413883499236775e+01
-3.641163739589764248e+01
-6.502197506561703477e+00
-1.952812294459021913e+01
-1.126559414432172090e+01
-2.408334578443998453e+01
-2.050152536758503530e+01
-2.646516230067744502e+01
-9.890215377988685219e+00
-5.336817016631795951e+01
-1.089240723772738662e+01
-2.217046449033278677e+01
-3.899891256282998597e+00
-5.500463625298991133e+00
-3.321248154656440477e+01
-8.110411831226727486e+00
-5.452692749805312644e+01
-2.889079721410212187e+01
-2.226612910288089253e+01
-4.226360318702393926e+00
-2.736272960516474129e+01
-3.837593182546860504e+01
-3.048530398576539113e+01
-2.949140264973534187e+01
-3.148440956329523743e+01
-6.676918608799708466e+01
-1.319516525080445746e+01
-4.486252082214004133e+01
-4.586796756569824396e+01
-4.653083916450048463e+01
-2.171318440875085898e+01
-1.364047332312292937e+01
-2.362265348868445614e+01
-1.969382727262807364e+01
-1.767534048746042430e+01
-1.802456904698784967e+01
-2.053295013675547409e+01
-1.536460741955024289e+01
-2.735052048577462713e+01
-1.152735356406089906e+01
-2.085967771950124572e+01
-1.089240723772738662e+01
-1.590276346459546986e+01
-1.266401240568382036e+02
-1.089240723772738662e+01
-2.054907008447332828e+01
-3.321248154656440477e+01
-2.431675531620414077e+01
-2.079430316494298481e+01
-8.729734988614477942e+00
-2.468329736551596199e+01
-1.894292255291606608e+01
-2.590379055191558777e+01
-1.172057341269363917e+01
-5.663092936573221436e+01
-3.425256150697619972e+01
-2.773587244153279485e+01
-5.978837342290128021e+01
-3.006006578864437273e+01
-8.117576307526999813e+01
-7.847607319306541740e+01
-1.209327897933944129e+01
-5.627029577944193761e+01
-1.502789580343046083e+01
-6.756307581363552117e+01
-3.695406163375914588e+01
-4.486504461798286059e+01
-1.295088604335778015e+01
-1.966543567057081177e+01
-1.003916651714877517e+01
-3.981225934341318151e+01
-2.363383579344185392e+01
-3.203409748138679447e+01
-8.988935245815113717e+00
-2.147772714646541914e+01
-1.004745039181394972e+01
-2.366705323057672317e+01
-2.373290608688852998e+01
-1.495548621125831446e+01
-4.153839972687745785e+01
-5.665670376636943217e+01
-1.609466226064063221e+01
-1.495548621125831446e+01
-2.390306843750243715e+01
-3.451625549289711614e+01
-6.959765584802429572e+00
-1.034681182844306235e+01
-1.010403464581033006e+01
-1.139149307454219340e+01
-1.264328979836247413e+01
-1.202500320440844561e+01
-1.050907322796580345e+01
-7.243621363143443403e+00
-7.597475102316892048e+00
-1.533565430754687853e+01
-6.369246238800867843e+01
-1.237301524176419321e+01
-8.411873279939950976e+01
-2.161295645914749386e+01
-1.243187489558888501e+02
-2.105499614030395250e+01
-2.729513530687415113e+01
-8.010766867492026222e+01
-4.684882017216465755e+01
-4.228358950776198810e+01
-4.007157102678826277e+01
-3.575612342299511681e+01
-1.209134011510272089e+01
-7.278026251619054676e+01
-4.903901715386886195e+01
-9.153080663126459626e+00
-2.280640070176609768e+01
-4.494202697821256720e+01
-2.130673466564225649e+01
-4.117095456290316235e+01
-1.542768242448889282e+01
-2.242481330738700507e+01
-4.589734767838788088e+00
-2.910398024554924490e+01
-5.500463625298991133e+00
-2.208788083537206148e+01
-4.059630564349159698e+01
-4.274213552553316475e+01
-5.069878343091133388e+01
-2.730718924952839544e+01
-2.277577302537508785e+01
-4.589734767838788088e+00
-2.105001606370638711e+01
-8.549286741843854287e+00
-1.172057341269363917e+01
-9.117000969154002377e+00
-3.873780981308539140e+01
-1.552853310731642011e+01
-4.602125341675604631e+01
-1.045027585256562830e+01
-2.680750232577387848e+01
-8.162104511130177542e+00
-1.220050226747661526e+01
-1.172057341269363917e+01
-1.172057341269363917e+01
-1.172057341269363917e+01
-8.313696832798045477e+01
-7.339963261252638915e+01
-7.099742856769364607e+01
-4.122944066948019781e+01
-8.227811587645927460e+00
-3.062393406982101496e+01
-2.584771474523157053e+01
-4.119827060607312319e+01
-2.646516230067744502e+01
-2.488144305481839424e+01
-4.290642886781799348e+01
-5.911439135791841437e+00
-4.089827506367488752e+01
-6.098420381665791012e+01
-4.228149158264326246e+00
-1.147660262465603509e+01
-4.956601666361528657e+00
-2.024047767550339216e+01
-2.785972419633441532e+01
-4.045169423207043735e+01
-2.623737882305332647e+01
-3.388432786154807275e+01
-4.097866449169458036e+01
-1.560974436928435694e+01
-6.390232536811963371e+01
-1.365276430469050410e+02
-2.153938202862924101e+01
-1.679484580450010256e+01
-5.663092936573221436e+01
-1.330519664090756748e+01
-2.404545462007958889e+01
-1.273199062991817954e+01
-7.751012545722943514e+00
-1.584160119941924094e+01
-1.946787468879833227e+01
-1.858477773510705688e+01
-4.384639659340960804e+01
-1.291470167880488873e+02
-5.238476453872102212e+01
-5.238476453872102212e+01
-3.048530398576539113e+01
-2.431675531620414077e+01
-4.448178755757923852e+01
-6.959765584802429572e+00
-3.391636975081442529e+01
-2.447262413036553497e+01
-2.404545462007958889e+01
-1.160607558886403368e+01
-3.880087265141079911e+01
-1.003916651714877517e+01
-1.360241973477162958e+01
-3.025841477387131562e+01
-4.097866449169458036e+01
-1.858477773510705688e+01
-6.959765584802429572e+00
-1.417774551571666919e+01
-3.088139394089224865e+01
-8.988935245815113717e+00
-3.978334923229179765e+01
-6.313595655044285593e+01
-1.317631646286280400e+01
-2.759637695246585309e+01
-1.823127082667269860e+01
-3.633581748940954981e+00
-1.147660262465603509e+01
-3.713941472813876032e+01
-6.749940289784337466e+00
-1.376740689968918474e+01
-1.204469133990380953e+02
-5.196542817878740550e+01
-3.259506677341867942e+01
-1.959681726548354064e+01
-2.977726164088753791e+01
-5.561432647069430857e+00
-5.333528550432123438e+01
-6.869573696562838450e+01
-2.015705176210421001e+01
-1.952812294459021913e+01
-3.931072593390470615e+01
-1.279944009218564105e+01
-2.385351328234123969e+01
-2.654464027539198767e+01
-2.730718924952839544e+01
-7.507961308399174527e+01
-7.645811400641921551e+00
-3.547443369220945186e+01
-1.865486808974494082e+01
-3.186367012584540959e+01
-4.776029123540786259e+01
-3.451625549289711614e+01
-3.451625549289711614e+01
-5.057868512055043908e+01
-1.968103462781176916e+01
-1.232571591209123341e+01
-1.225556639105008685e+02
-2.079072369585039581e+01
-4.097866449169458036e+01
-3.187886530636654570e+01
-3.931072593390470615e+01
-2.016187932615475731e+01
-2.152326737622778197e+01
-9.810241518159223517e+00
-2.383677441757588511e+01
-2.799198558341248599e+01
-5.050533650267439612e+00
-9.953427018148865102e+00
-1.679259151347701007e+01
-3.451625549289711614e+01
-2.477742720570464030e+01
-1.003916651714877517e+01
-1.711163674554928349e+01
-9.152374735595650179e+00
-1.865486808974494082e+01
-1.478398795956065825e+01
-2.731439758884956248e+01
-3.710822717212028721e+01
-6.586436255570428955e+01
-8.729734988614477942e+00
-1.348898174649669812e+01
-2.693546068033350949e+01
-1.531668826691040408e+01
-1.139149307454219340e+01
-2.204358610362186255e+01
-4.255598534759398888e+01
-2.808926369301511983e+01
-7.827696048773007931e+01
-1.679259151347701007e+01
-3.830418539194899097e+01
-3.747241198528885775e+01
-1.674877470772422683e+01
-5.577963628787315997e+00
-2.519960427016554050e+01
-3.321243422311417248e+01
-1.537831286421376475e+01
-4.834649239862096692e+01
-5.663092936573221436e+01
-3.547416730266402851e+01
-2.600701373086382517e+01
-1.879993043518319240e+01
-2.622358446228860629e+01
-9.983850461341269522e+00
-2.176225398174922887e+01
-7.175957541150228280e+01
-2.787188396307048777e+01
-3.931072593390470615e+01
-2.767152849124779124e+01
-1.433400256830408637e+01
-2.827352228232843601e+01
-8.988935245815113717e+00
-3.092534253061331739e+01
-1.277216458931025755e+01
-1.984789634002819980e+01
-2.448540924316614209e+01
-2.011206597135959839e+01
-4.662136693708617941e+01
-7.066569648030095152e+01
-1.003916651714877517e+01
-8.023874813161246067e+00
-6.369246238800867843e+01
-1.674877470772422683e+01
-1.230848019912573932e+02
-1.765926092738001074e+01
-3.451625549289711614e+01
-2.467367056887160714e+01
-6.341869422558035296e+01
-6.374931036154178798e+01
-2.318995908126094818e+01
-5.345383519474157197e+01
-4.218245062440855264e+01
-1.812663519235974618e+01
-1.858477773510705688e+01
-1.707331937135586486e+01
-1.172057341269363917e+01
-4.271770583970420887e+01
-8.811373402965099899e+01
-1.232571591209123341e+01
-1.930101409883572572e+01
-6.377865122371875373e+01
-6.039963423404945786e+01
-3.385650681496612435e+01
-3.451625549289711614e+01
-2.201789304324412910e+01
-3.931072593390470615e+01
-3.143751782375128201e+01
-3.060423648176442057e+01
-1.253480736356738490e+01
-1.679259151347701007e+01
-3.986371502628695396e+01
-3.899891256282998597e+00
-8.242274658169816348e+01
-2.868183321019969512e+01
-2.079430316494298481e+01
-3.808086970100343649e+01
-4.773662864399842931e+01
-2.165866813425715520e+01
-2.214596834085383037e+01
-8.855710297173231993e+00
-3.653181655380925008e+01
-3.734578167289896555e+01
-2.127726455374055803e+00
-2.620167337460973300e+01
-1.707331937135586486e+01
-2.759571375390155623e+01
-1.495548621125831446e+01
-2.310828241406670358e+01
-2.751163050692530732e+01
-6.959765584802429572e+00
-8.300760959438814979e+00
-7.562210185891045455e+01
-5.072150333237885889e+01
-1.112081522309432202e+01
-6.490333855602719382e+01
-4.228149158264326246e+00
-4.455571926780445580e+01
-4.338398912385255812e+01
-2.000204208098993774e+01
-4.057125778957515649e+01
-2.804536350847306636e+01
-2.789360959909538451e+01
-1.930101409883572572e+01
-7.697610739973970340e+01
-7.724556667727614467e+01
-8.354005761448595990e+01
-2.010042241220062920e+01
-4.902982854454837991e+01
-2.334132551212181284e+01
-2.531382945819559893e+01
-2.666318945423434883e+01
-2.942254431778768975e+01
-5.904868820967898557e+00
-6.648559709367223292e+00
-3.931072593390470615e+01
-2.897797027833257033e+01
-3.740116784349763179e+01
-1.981220261406192762e+01
-3.654464558227445536e+01
-3.169505676674920380e+01
-5.663092936573221436e+01
-9.291883045353348081e+00
-8.988935245815113717e+00
-4.895146042685774290e+01
-1.836035772229841001e+01
-4.452913311031161214e+01
-4.097866449169458036e+01
-3.087266620614429868e+01
-5.920468745323038462e+00
-2.079430316494298481e+01
-1.147660262465603509e+01
-4.458828924747450628e+01
-1.952812294459021913e+01
-1.172057341269363917e+01
-3.824711802942452721e+01
-2.740193856901807479e+01
-8.508513938449520708e+01
-2.424526542097403947e+01
-3.546294704296153100e+01
-1.142022329230953304e+01
-6.468782234716680080e+01
-8.885641055223629792e+00
-8.885641055223629792e+00
-2.658259930696028306e+01
-6.213040245745148127e+01
-2.000175757228284823e+01
-7.324962420803234409e+01
-6.369246238800867843e+01
-8.683402921490504411e+00
-3.417965403005058533e+01
-5.238476453872102212e+01
-2.379961421603511695e+01
-3.011440660808738556e+01
-2.493784730483926637e+01
-2.730718924952839544e+01
-3.480827938793569842e+01
-3.913625701688897607e+01
-5.335820150175091925e+00
-1.874914231596459047e+01
-7.598577873578081210e+01
-3.742968620668901991e+01
-4.089827506367488752e+01
-3.572031259650105994e+01
-4.266459010721540324e+01
-1.673245820271531414e+01
-1.758760166289039972e+01
-2.738015452237902281e+01
-3.991900737568394675e+01
-2.717327427664036321e+01
-3.925231722412861757e+01
-4.204931149637523902e+01
-2.830875104197141212e+01
-1.085115936463057196e+01
-2.537017206622517307e+01
-2.203608454590174048e+01
-3.177365700706396368e+01
-6.396293413276362116e+01
-4.087033794428103306e+01
-1.550264761489412280e+01
-1.261480356219438903e+01
-2.379746570774731396e+01
-3.731862186340756438e+01
-1.257792892899809090e+01
-6.400094112320374506e+00
-3.901579551568188720e+01
-1.487372661195280088e+01
-4.097866449169458036e+01
-1.205033786097940762e+01
-6.484198764820252592e+00
-7.756481699371391869e+00
-9.153080663126459626e+00
-1.139149307454219340e+01
-8.988935245815113717e+00
-1.067274535231927857e+01
-1.892896377955746345e+01
-3.931072593390470615e+01
-2.220541701356505726e+01
-3.801540849776539233e+01
-1.777403367289362635e+01
-1.274686296711674416e+01
-2.127726455374055803e+00
-4.429945122568753391e+01
-3.505203548008660874e+01
-2.991718453202859251e+01
-3.655722072401376721e+01
-3.869229498590388516e+01
-5.238476453872102212e+01
-1.089240723772738662e+01
-3.314367154290539474e+01
-4.446911688727189471e+01
-1.707331937135586486e+01
-1.674877470772422683e+01
-2.079430316494298481e+01
-5.094074020944123049e+01
-2.929983274525604386e+01
-3.332365076950505056e+01
-1.356482180505236457e+01
-2.468873590430574083e+01
-1.089240723772738662e+01
-2.586521177083740852e+01
-5.627029577944193761e+01
-1.163101791349759750e+01
-1.369255745686681394e+02
-6.609850400789488845e+01
-2.630677314155088453e+01
-8.229836420553718312e+01
-1.309331188478192587e+01
-6.650060463250238030e+00
-1.147660262465603509e+01
-7.210741377874526847e+01
-1.836007237169686945e+01
-1.248752128928898841e+01
-3.547416730266402851e+01
-6.363642880281949488e+01
-2.550148939613232457e+01
-2.955953181729619672e+01
-2.289846009288724105e+01
-9.238220272251407295e+00
-1.240402850316705212e+02
-1.776049700762847650e+01
-8.609606401778029294e+01
-1.246522040368855926e+02
-3.018717431007567242e+01
-3.305660407621830643e+01
-3.899891256282998597e+00
-1.516738174943882811e+01
-4.040583617209652800e+01
-3.899891256282998597e+00
-2.000204208098993774e+01
-2.925300787378524703e+01
-1.475183099919260599e+01
-3.422305790132230641e+01
-5.238476453872102212e+01
-6.833817918763742227e+01
-2.090375233969672664e+01
-1.408887934028169298e+01
-6.102292488347057287e+00
-1.359289663341423875e+02
-8.988935245815113717e+00
-6.749940289784337466e+00
-3.458723778072643995e+01
-2.106030423312062183e+01
-6.408247509402832520e+01
-3.847536975028162942e+01
-1.085926550848176930e+01
-1.516738174943882811e+01
-2.161230668227623752e+01
-2.776337151869402575e+01
-2.127726455374055803e+00
-1.850690307789892231e+01
-3.013124179768180966e+01
-1.990862182266812397e+01
-8.988935245815113717e+00
-4.178296400442688707e+01
-4.383529764510763016e+01
-4.519089650812624370e+01
-2.813718707865944424e+01
-3.222639755591282551e+01
-1.383146265435981448e+01
-4.956601666361528657e+00
-2.079430316494298481e+01
-2.753278923732377237e+01
-2.201018616943972006e+01
-2.430509203210294089e+01
-2.474029945370539707e+01
-3.210754401182734341e+01
-2.114828966776924801e+01
-2.956082637875397268e+01
-1.855209865786867951e+01
-2.161230668227623752e+01
-2.666584036439513028e+01
-3.400186511585603455e+01
-3.899891256282998597e+00
-1.495548621125831446e+01
-1.147660262465603509e+01
-3.833042756585657429e+01
-3.392303014390819982e+01
-1.172057341269363917e+01
-2.550148939613232457e+01
-3.142332326661230368e+01
-3.102965084242164551e+00
-2.955953181729619672e+01
-2.232899224002352412e+01
-1.003916651714877517e+01
-2.404714963391932514e+01
-1.581116695850272080e+01
-4.223589352320247059e+01
-6.749940289784337466e+00
-2.718628161817890998e+01
-8.354804167341281840e+00
-1.303828371756703675e+01
-1.854300939163807627e+01
-1.495548621125831446e+01
-4.097866449169458036e+01
-8.585653131573691610e+01
-5.333528550432123438e+01
-6.959765584802429572e+00
-4.149972580708018910e+01
-8.549286741843854287e+00
-5.663092936573221436e+01
-9.102450208843657720e+01
-2.334500164046622217e+01
-2.773660062536311699e+01
-1.132370164951199598e+01
-2.653552385931736879e+01
-2.101753368856228832e+01
-2.831717633693535774e+01
-3.417965403005058533e+01
-3.291290675217918249e+01
-1.461358891686749928e+01
-2.562926663633885482e+01
-6.389784140759996234e+01
-1.389543361081196338e+01
-2.421317399201267762e+01
-1.105136421180682049e+01
-2.761501665079549994e+01
-1.295685951990061113e+01
-4.429945122568753391e+01
-1.864503309529978026e+01
-1.234082227095312234e+01
-5.238476453872102212e+01
-1.480619567435979178e+01
-3.643224255574833137e+01
-2.791189313129256533e+01
-4.056826631248813442e+01
-3.854267981223731709e+01
-2.008896451211531087e+01
-3.899642121810586559e+01
-1.968103462781176916e+01
-1.856939494376559097e+01
-1.928277367188156077e+01
-3.403766067810015272e+01
-7.125905554799182084e+00
-3.827368460550781037e+01
-1.003916651714877517e+01
-1.777403367289362635e+01
-2.916521966106386898e+01
-1.289315481772884198e+01
-1.172057341269363917e+01
-2.040000903250276210e+01
-1.636802531420824991e+01
-1.230296708864957935e+02
-2.773660062536311699e+01
-3.280353560782001665e+01
-2.235436384519970332e+01
-1.178235492318577826e+01
-1.234082227095312234e+01
-1.941094748023495598e+01
-2.359368610329072169e+01
-1.194190078362713336e+01
-8.984265530334933914e+00
-2.550148939613232457e+01
-5.238476453872102212e+01
-3.363259324779633630e+01
-4.009648685199667284e+01
-7.922231626572752816e+00
-3.899891256282998597e+00
-1.958003270426944198e+01
-2.730718924952839544e+01
-2.586521177083740852e+01
-2.312449993190368147e+01
-3.402913367006334511e+01
-1.139149307454219340e+01
-5.794691762930840184e+01
-2.191523137198173288e+01
-3.847940135119361571e+01
-3.327397927034903802e+01
-7.904673123391320644e+01
-3.409923612374304724e+01
-8.132385100665081268e+01
-1.815270121451950303e+01
-1.679259151347701007e+01
-3.808382935245495560e+01
-7.858323101385413167e+01
-2.374092487159310139e+01
-2.773660062536311699e+01
-5.627029577944193761e+01
-1.172057341269363917e+01
-1.147660262465603509e+01
-2.791189313129256533e+01
-3.922287348342236157e+01
-2.790035181217479732e+01
-4.240993931982252718e+01
-1.858477773510705688e+01
-1.674877470772422683e+01
-2.161230668227623752e+01
-1.777403367289362635e+01
-4.116565820421276101e+01
-4.670539114507842982e+00
-9.291883045353348081e+00
-5.238476453872102212e+01
-8.061814703370733071e+01
-2.730453489893702468e+01
-1.679259151347701007e+01
-3.272305790132230641e+01
-4.398595542896995170e+00
-9.983850461341269522e+00
-2.430509203210294089e+01
-2.804600397304662351e+01
-1.967846959987874200e+01
-2.334500164046622217e+01
-1.624165316144150495e+01
-1.551404087478072213e+01
-2.856643154403623086e+01
-2.533173016086967877e+01
-4.786917715782043103e+01
-1.928277367188156077e+01
-2.963466923795370178e+01
-1.952812294459021913e+01
-1.178235492318577826e+01
-1.563175359827081934e+01
-3.910730062456882195e+01
-5.670282901431800582e+00
-1.893382422611344396e+01
-2.923654817281209617e+01
-1.674877470772422683e+01
-1.707331937135586486e+01
-1.003916651714877517e+01
-2.318995908126094818e+01
-4.243860442758104057e+01
-3.430634449768978556e+01
-8.163636462646550740e+00
-2.586521177083740852e+01
-3.899891256282998597e+00
-9.244036451892437611e+00
-1.707331937135586486e+01
-2.603956836667261854e+01
-2.966245478367202892e+01
-2.431675531620414077e+01
-6.777382311192109654e+00
-5.117483330047697621e+00
-2.127726455374055803e+00
-2.211833267244565704e+01
-2.684461800642533191e+01
-1.254279902880403768e+02
-3.769626601679993882e+01
-2.430599909325366070e+01
-1.271290704352781376e+01
-2.511242517768258509e+01
-3.801293993508666347e+01
-6.816540869650996370e+00
-1.741752825999409993e+01
-1.241924613929461074e+01
-3.899642121810586559e+01
-6.164744025166582020e+01
-2.156573851844130374e+01
-3.054091274688940416e+01
-9.810241518159223517e+00
-1.139149307454219340e+01
-3.105493641188746068e+01
-4.997968657009273130e+01
-2.844200483607699681e+01
-7.515185819880247209e+01
-7.142571259350201274e+01
-3.731834874623489640e+01
-4.254896801134999862e+01
-2.734031007925396395e+01
-4.956601666361528657e+00
-4.801477595000471865e+01
-1.474827644648208747e+01
-3.075279770447237482e+01
-3.978334923229179765e+01
-1.679259151347701007e+01
-8.847380918847388642e+00
-3.280353560782001665e+01
-6.363642880281949488e+01
-1.721646721798019186e+01
-1.952812294459021913e+01
-1.952812294459021913e+01
-6.024985131885795653e+00
-3.218506283145937630e+01
-2.254690253246569043e+01
-1.965635303526217470e+01
-2.425883130292843148e+01
-3.931072593390470615e+01
-3.187019436406014705e+01
-2.215576719109539638e+01
-1.094897881635967707e+01
-2.189678488369147402e+01
-2.983099142213623978e+01
-3.142332326661230368e+01
-4.608079970088034827e+00
-6.784879766072336338e+00
-2.032508240988273585e+01
-1.707331937135586486e+01
-4.041876719729997092e+01
-2.073945018039650634e+01
-1.311740752558557332e+01
-6.030182962635560528e+00
-1.147660262465603509e+01
-2.694722927680064473e+01
-9.810241518159223517e+00
-4.894910767071952762e+01
-1.674877470772422683e+01
-1.495548621125831446e+01
-3.054091274688940416e+01
-4.813047793578623157e+01
-1.952812294459021913e+01
-3.451625549289711614e+01
-8.101657764100893644e+01
-6.959765584802429572e+00
-3.538224219328931497e+01
-2.574399244063404524e+01
-1.364047332312292937e+01
-2.653552385931736879e+01
-9.331819111629563679e+00
-4.476467425863268090e+01
-2.964650315305880923e+01
-3.471015069837056899e+01
-2.079430316494298481e+01
-3.426526799637721155e+01
-3.254947175840300133e+01
-2.392729760115321014e+01
-2.976936349190158992e+01
-3.899891256282998597e+00
-1.139149307454219340e+01
-1.147660262465603509e+01
-4.097866449169458036e+01
-1.178235492318577826e+01
-6.749940289784337466e+00
-2.691508727796911771e+01
-1.716792411323290679e+01
-1.119473304531944535e+01
-3.899891256282998597e+00
-1.273974660691320508e+02
-4.429945122568753391e+01
-1.178235492318577826e+01
-4.135542331598129806e+01
-6.039963423404945786e+01
-2.032508240988273585e+01
-1.599149430869200827e+01
-4.555912538206804641e+01
-8.693632430804974831e+00
-4.956601666361528657e+00
-3.899891256282998597e+00
-1.147660262465603509e+01
-4.956601666361528657e+00
-1.147660262465603509e+01
-1.139149307454219340e+01
-8.458303198668929213e+00
-2.085906966660553152e+01
-4.182633985563155932e+01
-3.921209412279304729e+01
-3.054091274688940416e+01
-2.124993974816419495e+01
-2.165954986834218232e+01
-3.833042756585657429e+01
-4.429945122568753391e+01
-1.952812294459021913e+01
-3.910730062456882195e+01
-6.030182962635560528e+00
-1.649340183981505348e+01
-1.587557237202331351e+01
-8.458303198668929213e+00
-2.032508240988273585e+01
-4.095144004340284027e+01
-2.584200139353322356e+01
-1.003916651714877517e+01
-3.331064546515747793e+01
-1.641788073088148536e+01
-5.679005158969353317e+00
-1.232571591209123341e+01
-1.560845353687251702e+01
-2.127726455374055803e+00
-4.895146042685774290e+01
-6.935723897376838920e+01
-3.931072593390470615e+01
-7.932213541116652777e+01
-2.404545462007958889e+01
-2.263739918886525615e+01
-4.429945122568753391e+01
-4.228149158264326246e+00
-1.721646721798019186e+01
-1.705974087977896758e+01
-3.033912134038362396e+01
-7.062998450568741760e+01
-2.460505873157256573e+01
-8.988935245815113717e+00
-8.229836420553718312e+01
-6.513579926193743574e+01
-3.289240393973670962e+01
-7.039848555493009030e+00
-5.849441034555656671e+01
-6.363642880281949488e+01
-4.847539446069202285e+00
-2.660468457570346246e+01
-1.178235492318577826e+01
-7.090377356259998010e+01
-1.794587764615717163e+01
-4.142167199923781595e+01
-5.627029577944193761e+01
-2.544100236307219021e+01
-3.768858728515409240e+01
-6.604753910193025490e+00
-2.214726933193489700e+01
-5.627029577944193761e+01
-2.411510688798991353e+01
-1.952812294459021913e+01
-3.979244214270396185e+01
-3.210577406054046889e+01
-2.923600135570215031e+01
-3.865305775861887128e+01
-2.646516230067744502e+01
-2.494569160497094629e+01
-1.121644421670063352e+01
-5.969027121970396621e+01
-2.371271662333450081e+01
-1.675388117409098143e+01
-3.901188369409486967e+01
-2.550148939613232457e+01
-2.721095182735307461e+01
-1.523269313908345168e+01
-1.843512648385044272e+01
-4.857878465366093224e+01
-3.817455911354578291e+00
-2.479529212364564472e+01
-1.083971486904132675e+01
-2.579841453360375425e+01
-3.215902200727070692e+01
-4.355428562417905169e+01
-3.548010173390316879e+00
-7.292054461659077447e+01
-6.409702201523131748e+01
-1.679259151347701007e+01
-3.142332326661230368e+01
-2.691820956116968233e+01
-1.319786041248930886e+01
-3.087710171360926736e+01
-1.152241168605795352e+01
-2.438131418257552951e+01
-3.770723716242812174e+01
-2.777672347829261668e+01
-3.820810008468842511e+01
-2.206379951850198395e+01
-3.461197631205159553e+01
-2.460505873157256573e+01
-1.003916651714877517e+01
-2.680750232577387848e+01
-2.277196025920736133e+01
-8.383300660656890102e+01
-1.364047332312292937e+01
-2.195877070842527701e+01
-4.676996562725521756e+01
-1.495548621125831446e+01
-8.820750579182889339e+01
-2.114828966776924801e+01
-1.207283339356543195e+01
-3.162337543476115798e+01
-2.126185066430410942e+01
-9.810241518159223517e+00
-1.291170470930853469e+02
-1.099565909617933102e+01
-8.223674799933084500e+01
-6.363642880281949488e+01
-2.411510688798991353e+01
-1.854516071883704953e+01
-1.147660262465603509e+01
-3.133668238982273380e+01
-1.495548621125831446e+01
-3.931072593390470615e+01
-1.170687650310489403e+01
-2.411510688798991353e+01
-6.803938504934230025e+00
-6.024985131885795653e+00
-3.176329576314532943e+00
-9.291883045353348081e+00
-9.810241518159223517e+00
-9.331819111629563679e+00
-2.441182812461720530e+01
-8.988935245815113717e+00
-2.651018112700588603e+01
-1.139149307454219340e+01
-7.968415935306003917e+01
-3.813595282865153990e+01
-3.033912134038362396e+01
-6.749940289784337466e+00
-3.127726455374055803e+00
-3.142332326661230368e+01
-3.759936967524711804e+01
-4.902533410601289177e+01
-5.069246074465493024e+00
-1.082438044150906364e+01
-2.411510688798991353e+01
-3.716730375664624830e+01
-3.208213621587119491e+01
-1.981220261406192762e+01
-1.524934675045178167e+01
-2.038321126470748013e+01
-2.127726455374055803e+00
-1.560845353687251702e+01
-9.307918118021984100e+00
-3.076538485640384479e+01
-1.679259151347701007e+01
-6.959765584802429572e+00
-1.707331937135586486e+01
-1.437999214308511498e+01
-2.632115393554384397e+01
-3.804176880583555231e+01
-1.337647150366145254e+01
-3.192003619625198851e+01
-8.425973787785412128e+01
-2.123753544500886647e+01
-1.200891326136041570e+01
-1.768665527888497735e+01
-1.495548621125831446e+01
-3.899891256282998597e+00
-3.343183795497765232e+01
-2.758440786585119042e+01
-4.492593972980981931e+01
-9.331819111629563679e+00
-2.976005081611549841e+01
-3.429876522469010069e+01
-3.152161392910311477e+01
-3.861150046705405003e+01
-3.931072593390470615e+01
-3.275504224720472024e+01
-6.008017832434191519e+00
-3.023689546905297831e+01
-1.560845353687251702e+01
-1.351345426762856405e+01
-6.053814817477237398e+01
-5.627029577944193761e+01
-2.465766061011646926e+01
-2.518489660136953745e+01
-1.003916651714877517e+01
-6.458026220810300799e+01
-6.749940289784337466e+00
-3.799259769362811312e+01
-3.601320140478689780e+01
-6.202382066907364333e+01
-1.952812294459021913e+01
-2.865024435520237489e+01
-4.110149715071197818e+01
-2.079430316494298481e+01
-3.899642121810586559e+01
-2.700529485599428625e+01
-1.232571591209123341e+01
-6.092850219018654911e+01
-1.744178966844123835e+01
-6.363642880281949488e+01
-1.588955343984316571e+01
-3.417965403005058533e+01
-2.079430316494298481e+01
-6.581728336222963094e+01
-8.315193419568794297e+01
-3.925029375107259000e+01
-2.109119710569242656e+01
-2.371271662333450081e+01
-6.749940289784337466e+00
-1.701156858553856921e+01
-1.952812294459021913e+01
-3.931072593390470615e+01
-3.664320864524395205e+00
-3.217987409432974744e+01
-2.543218070075284487e+01
-3.013049236305019818e+01
-5.792547710063662691e+01
-1.254954660587212345e+01
-4.063481327088066308e+01
-3.008714678471556070e+01
-3.451625549289711614e+01
-7.925506326910426225e+00
-4.895146042685774290e+01
-1.675216718242251801e+01
-2.914917786527841770e+01
-3.336169293368807587e+01
-4.195634758622090033e+01
-2.260836020365196930e+01
-1.236943918471992845e+02
-2.489183854491593451e+01
-6.749940289784337466e+00
-3.054091274688940416e+01
-2.055846595343241034e+01
-2.124911012040595537e+01
-6.749940289784337466e+00
-4.766593576336057225e+01
-1.437999214308511498e+01
-3.160247620071801933e+01
-2.460505873157256573e+01
-1.178235492318577826e+01
-3.899891256282998597e+00
-1.003916651714877517e+01
-8.279776742492476416e+00
-2.465766061011646926e+01
-1.274427443875105581e+01
-6.769057076764018177e+01
-9.549676957515721654e+01
-4.097866449169458036e+01
-6.749940289784337466e+00
-3.746617010910239287e+01
-6.396293413276362116e+01
-1.158087807078404907e+01
-1.674877470772422683e+01
-4.914754952878195127e+01
-1.139149307454219340e+01
-3.217987409432974744e+01
-1.679259151347701007e+01
-1.139149307454219340e+01
-1.346225540462573633e+01
-2.877934299316683919e+01
-3.110858225478408201e+01
-4.486504461798286059e+01
-2.235132477515982075e+01
-7.803373060893292745e+01
-2.120738475315209470e+01
-1.045609008588181155e+01
-2.235132477515982075e+01
-2.251401494205682852e+01
-6.363642880281949488e+01
-4.940264633624948942e+00
-7.047319332659203184e+00
-2.045530301507175253e+01
-4.318096019346841530e+01
-8.294486779319367287e+00
-6.444035737811050524e+01
-1.172057341269363917e+01
-2.416317015212731789e+01
-3.393390493912655614e+01
-6.456541795951189044e+01
-2.222336388963645248e+01
-3.054091274688940416e+01
-3.216786092992294499e+01
-1.437999214308511498e+01
-4.240993931982252718e+01
-1.884259388695565463e+01
-3.739779689147969322e+01
-3.054091274688940416e+01
-4.097866449169458036e+01
-2.954770027063624482e+01
-5.853143374900366069e+00
-6.024985131885795653e+00
-4.128754331171174385e+01
-7.754254913627227097e+01
-6.436489198636539300e+01
-2.991434615352080328e+01
-1.590524689233081190e+01
-3.102965084242164551e+00
-8.133068032314799467e+00
-1.858477773510705688e+01
-1.871777115015992976e+01
-4.712220026369561054e+01
-2.611418461303644278e+01
-4.021753916583009669e+01
-8.988935245815113717e+00
-3.188714470929935629e+01
-4.097866449169458036e+01
-3.102965084242164551e+00
-7.148306323086508485e+00
-1.364047332312292937e+01
-1.172057341269363917e+01
-3.569313037282324075e+01
-1.741752825999409993e+01
-1.437999214308511498e+01
-2.714931008229291365e+01
-9.291883045353348081e+00
-5.853143374900366069e+00
-2.324085863788862838e+01
-3.393390493912655614e+01
-9.716249303150355843e+00
-5.581218817277263611e+01
-7.366965867238829446e+01
-3.866016077792286865e+01
-2.542046397764793397e+01
-3.330639157950217566e+01
-4.223589352320247059e+01
-3.833042756585657429e+01
-3.451625549289711614e+01
-4.687032868685506060e+01
-5.238476453872102212e+01
-3.833042756585657429e+01
-1.721646721798019186e+01
-3.139499819727084784e+01
-3.461449350523528068e+01
-1.679259151347701007e+01
-3.701701284329585917e+01
-1.364047332312292937e+01
-1.304281660961556781e+02
-1.045609008588181155e+01
-2.379063731537083015e+01
-6.292315596580306192e+01
-3.142332326661230368e+01
-3.537956694267069224e+01
-8.229836420553718312e+01
-7.578082079996913478e+01
-3.717016089131942636e+01
-8.229836420553718312e+01
-8.441237693009785659e+00
-6.302683666607045154e+00
-1.559116951244505245e+01
-1.273247584299001574e+02
-2.187042884884575145e+01
-5.003268135220255175e+01
-3.162755873171195731e+01
-7.860030978144007463e+01
-1.003916651714877517e+01
-2.235132477515982075e+01
-1.199468989098740934e+01
-1.815108677223705058e+01
-3.931072593390470615e+01
-3.957622251257120638e+00
-2.757980005273748958e+01
-1.299938324431948544e+01
-2.460505873157256573e+01
-2.412893023669164094e+01
-4.001736478349965864e+01
-2.574861170813349176e+01
-5.728191371992102887e+01
-2.375432229668050255e+01
-4.340188592085591779e+01
-2.169501397821158406e+01
-3.725576851880912699e+01
-3.494143915116975307e+01
-3.263116753820709448e+01
-4.307250708897174718e+01
-2.550148939613232457e+01
-1.389976382253559706e+01
-6.363642880281949488e+01
-1.624157330988924031e+01
-1.370085462622491335e+01
-2.937509326105261209e+01
-1.228083767471321721e+02
-2.220222286357742547e+01
-4.895146042685774290e+01
-4.112101669453700481e+01
-7.530966337360905527e+01
-3.206479411196447415e+01
-4.526619660968069780e+00
-2.534262655988725754e+01
-5.238476453872102212e+01
-1.632915409626939507e+01
-7.278607351347666565e+00
-3.451625549289711614e+01
-1.495548621125831446e+01
-4.097866449169458036e+01
-1.147660262465603509e+01
-1.707331937135586486e+01
-4.669126474714940400e+01
-1.020146383736979487e+02
-1.560845353687251702e+01
-4.850929012680852281e+01
-5.141520512791464625e+01
-4.895146042685774290e+01
-7.433700993624807296e+00
-1.048226642783355089e+01
-2.316445357183437181e+01
-3.628145410742124000e+01
-4.076061842592211804e+01
-2.633415139195235710e+01
-5.853143374900366069e+00
-1.003916651714877517e+01
-6.092850219018654911e+01
-2.574861170813349176e+01
-2.854439366432926661e+01
-5.627029577944193761e+01
-2.975992691726392891e+01
-2.408674409579295883e+01
