-4.208493115931477035e+01
-5.586548109366324155e+01
-5.242898285124701374e+01
-3.303875236433297147e+01
-4.805540451073571262e+01
-2.404593405423666042e+01
-9.506200728300790104e+01
-4.187942061303306929e+01
-6.294609843294544760e+01
-8.751197318779962586e+01
-6.193329161675289640e+01
-7.661534018329771811e+01
-7.523263241296697856e+01
-5.566522464615779597e+01
-6.223377265689912718e+01
-3.093175187698140860e+01
-4.244224257239694253e+01
-3.867341661593427204e+01
-4.841467051862139215e+01
-8.045843133705018602e+01
-7.266534466794902869e+01
-7.658093289114012236e+01
-5.512084457920844471e+01
-1.752730732076290678e+02
-5.854217195017207587e+01
-7.221053512949359288e+01
-5.165889146215267402e+01
-6.014075482940553030e+01
-3.609864630342348590e+01
-1.265747333841660094e+02
-3.398953622651870887e+01
-4.880914483423738659e+01
-3.451391346957457529e+01
-7.047141088567239819e+01
-2.732506708282608443e+01
-1.901044503903125715e+01
-5.014091507952299764e+01
-7.012155567112405663e+01
-5.808795925202127108e+01
-3.092627396730741651e+01
-4.878518585366141735e+01
-2.305776663526472703e+01
-4.504782540522432299e+01
-7.459548056415340511e+01
-3.735448464555106796e+01
-3.686759073712534729e+01
-2.630193319367616667e+01
-1.358927730310671222e+02
-3.856710187073313278e+01
-5.479522672878170653e+01
-5.928560580032987559e+01
-5.297150883323114101e+01
-1.956905887767118912e+01
-3.173422867238758727e+01
-3.204707064525545945e+01
-7.667830317443417698e+01
-3.088368121190456606e+01
-1.671399404950348000e+01
-6.291912633767765328e+01
-6.275491753186133081e+01
-4.765680771223413359e+01
-4.143855901146928034e+01
-1.897271741321115002e+01
-4.832014989661039550e+01
-4.837051744710537804e+01
-3.764946115042422292e+01
-4.050521273815721202e+01
-7.698839795410958686e+01
-4.771232153086851469e+01
-2.976786312021549818e+01
-1.063552682039567259e+02
-7.190084463104648194e+01
-2.128879781792459269e+01
-3.053898804393406152e+01
-1.308406829237925706e+02
-3.836589959369038638e+01
-3.390460779148483539e+01
-3.505260897271472942e+01
-4.732362273626274884e+01
-3.292840197151217296e+01
-5.495848355893709680e+01
-4.793328904715077243e+01
-3.001934967740491089e+01
-3.328104436609617522e+01
-2.730911749297666802e+01
-2.243484604464840970e+01
-4.579837167801198916e+01
-7.160730410095855802e+01
-3.515527693418264477e+01
-1.127668288685259590e+01
-1.895796524706979724e+01
-3.388473206434619556e+01
-5.133798022490812940e+01
-1.381647803235849814e+01
-6.744036665322202850e+01
-3.894172263756299657e+01
-7.438865734359967519e+01
-1.844944912575044427e+01
-2.401224908014756565e+01
-1.460728438198084511e+01
-7.995034161965740793e+01
-4.233963794497006461e+01
-1.922751765907088384e+01
-4.476989433029362431e+01
-6.689714821091871499e+01
-4.736827459541106577e+01
-3.642602815247631298e+01
-1.121391295032913575e+02
-5.668425457725126648e+01
-4.250676285667427834e+00
-1.382333268340306098e+01
-3.389203753342858505e+01
-5.887841752923988281e+01
-6.876955487330951655e+01
-3.129722115429730778e+01
-4.902897529623529493e+01
-3.603630764074503645e+01
-4.817484174644648931e+01
-2.766332699458361688e+01
-3.188904331954191562e+01
-1.427835169930805748e+01
-1.287202371357876984e+01
-2.331739729811471307e+01
-3.903532692400247583e+01
-7.782788040391416473e+01
-1.639871459501700457e+01
-5.998582440054461173e+00
-3.554584056812805670e+01
-1.057402380942770748e+01
-1.155746262655218715e+01
-2.100000000000000089e+00
-1.277860918480903791e+02
-1.442132081605209493e+01
-3.722315224244561449e+01
-2.371991862281373997e+01
-7.831094727318198068e+01
-2.787441172204808737e+01
-3.810008053206399126e+01
-4.084999431110067292e+01
-2.149322833990439463e+01
-5.087269628049847370e+01
-5.283878455363239368e+01
-4.344668264964809623e+01
-1.715981520663090620e+01
-1.611698249239428504e+00
-7.369544085559812174e+01
-5.743399461392428407e+01
-2.906593455580415153e+01
-2.634389473968636963e+01
-2.442330045598436783e+01
-3.550101819484756049e+01
-2.575178266496751789e+01
-3.788391665770291183e+01
-6.039072690455184755e+01
-1.995095232644793981e+01
-5.352489610014013266e+01
-4.358924115061888926e+01
-6.081958887528222135e+01
-1.223703198788043380e+02
-8.351856066093371567e+01
-4.336694893466780343e+01
-2.934369832618130758e+01
-3.649592547530050979e+01
-1.561079933043860990e+01
-1.235576080896741580e+01
-9.945333485750083469e+01
-3.535681510611370726e+01
-3.930921444556889099e+01
-1.541543642333098596e+01
-4.472576914915805446e+01
-4.002008846573174594e+01
-2.717496005036744577e+01
-1.301577538808662950e+02
-5.422015020678982999e+00
-1.613671499127620379e+01
-3.171794515840138118e+01
-4.002154652395599044e+01
-7.202577370498362086e+01
-5.823655015604654039e+01
-7.715878869404261309e+01
-4.598323400304442998e+01
-4.694893214681037108e+01
-6.289589529258440592e+01
-1.628192661681243010e+02
-3.873808004206739497e+01
-1.811514416583432308e+01
-3.780017621998963051e+01
-3.322268974321890767e+01
-1.306569719680442176e+02
-4.176792796409905861e+01
-3.048317102969497938e+01
-1.439435931336197712e+02
-8.345341708386536084e+01
-1.455507121648910385e+01
-8.819205049107378613e+01
-5.446263780322095016e+01
-3.403572469598578465e+01
-1.206249039619046926e+01
-3.320686191773516782e+01
-3.108248694997837447e+01
-1.960550724486052232e+01
-4.902641730834679379e+01
-1.327480110993552032e+01
-2.958231830899181958e+01
-1.892354394232377857e+01
-4.783887396411369508e+01
-3.556441409891709782e+01
-1.242080315398629509e+01
-3.818496275826048958e+01
-2.399999999999999911e+00
-1.722660544063164778e+01
-1.024813035488643607e+02
-1.431251516947023283e+01
-1.178277181592059186e+01
-4.765153276801340354e+01
-5.367734971747422890e+01
-7.337478903656334239e+01
-2.999999999999999112e+00
-1.610765070114178599e+01
-9.409281290929644115e+01
-1.624005505289897044e+01
-4.380800616865712982e+01
-4.996419418748862640e+00
-2.552884574266724016e+01
-4.206020134383663844e+01
-2.071243271983313150e+01
-1.651780954147875136e+01
-4.025167787056534507e+01
-4.102344817671136212e+01
-1.082600755066253129e+01
-3.910532161756331959e+01
-4.607011018594986496e+01
-1.265638903447102734e+02
-3.582583621720078781e+01
-1.970171683603818025e+01
-1.151008317471616351e+02
-4.420294187755151682e+01
-4.333290259843117553e+01
-5.458479050025408696e+01
-3.847671983695774856e+01
-1.726510603603315275e+01
-4.896688002698775932e+01
-5.257849202750718831e+01
-7.788939763754757450e+01
-5.401130284312190355e+01
-9.211414358553329862e+01
-1.705723705093510034e+01
-1.952350831733981806e+01
-2.012542472534880389e+01
-5.785250555639673564e+01
-6.674356773488547390e+01
-6.060088661406901167e+01
-6.105785151471606298e+01
-4.054911537622705708e+01
-1.195529356271103616e+01
-5.637261759191012800e+01
-7.086749543917019878e+01
-1.073294473861749196e+02
-2.588411482878013814e+01
-1.756269555041835417e+01
-2.771609700627333694e+01
-5.550014471269605565e+01
-7.962614596851184956e+01
-8.293062762492856166e+01
-2.906772845396827165e+01
-4.939776996271171505e+00
-5.186012263962935265e+01
-1.563068650807269648e+02
-4.867550109875161723e+01
-2.677132757636189453e+01
-1.945365031087381169e+01
-9.514911235962263447e+01
-8.872981998648832302e+01
-3.333301032082843562e+01
-4.706744632152857832e+01
-4.939776996271171505e+00
-3.834551647881913539e+01
-7.076688565092790384e+01
-2.953426864918927919e+01
-1.774458564152619999e+01
-5.742134286319806158e+00
-5.510858976984516744e+01
-1.230113170757572760e+01
-7.042700130429244609e+01
-2.064117199885404830e+01
-2.440459937213116959e+01
-6.108450742632459196e+01
-1.448145310633523941e+01
-2.844399392147541050e+01
-4.714028135118802254e+01
-5.938222584769611068e+00
-9.424011067244234141e+01
-5.561913406709811269e+00
-9.276431355276085355e+01
-2.048039539702604728e+01
-4.435990394996912300e+01
-2.148400474723390907e+00
-5.136417347692633939e+01
-6.543591478563013197e+01
-7.762926190678652461e+01
-2.006924081477502853e+01
-5.022891925983416428e+01
-3.163005445379270952e+01
-3.424617683887721142e+01
-1.290033697280830793e+01
-7.139251245399259460e+01
-9.466786262320576384e+01
-6.922487138126264483e+01
-6.659705471660731746e+01
-1.071867713730064793e+02
-5.829314925062038100e+01
-1.742596455086780693e+01
-4.560288277613496888e+01
-8.470016150113461606e+01
-3.156664806246618937e+01
-1.905922694733365219e+01
-2.983963425927754898e+01
-1.635840013064763809e+01
-3.634244895252501806e+01
-2.462258310039279152e+01
-3.374328545715709993e+01
-4.288980268059515311e+01
-1.860374424321500442e+01
-6.114364870208821401e+01
-9.387991463299675843e+01
-1.981735926081022114e+01
-5.993701948006905411e+01
-5.149424980995294732e+01
-1.742596455086780693e+01
-1.364582466915455328e+01
-5.891021031835551724e+01
-1.097560832813694631e+01
-7.753168299660727314e+01
-5.540715802883669383e+00
-1.341154280860630976e+01
-5.309764278719384123e+01
-4.469463090889792056e+01
-5.013186344256716609e+01
-4.091963837241915769e+01
-2.236655629398349276e+01
-5.227415788732586321e+01
-6.729941540710674985e+01
-3.036486752082595686e+01
-4.787638898731998438e+01
-6.895169493429084184e+01
-2.940988518053908152e+01
-4.939776996271171505e+00
-6.726876253648777038e+01
-6.290737541039555936e+01
-2.646456523316627596e+01
-1.434604821309340927e+01
-1.097560832813694631e+01
-6.068606159577391423e+01
-5.807107504788484675e+01
-1.374603171898631970e+01
-1.077909638104913199e+02
-5.077252527188315412e+01
-4.939776996271171505e+00
-1.147021431503336970e+02
-9.873382585781021703e+01
-3.623211215255250295e+01
-5.529105826233912069e+01
-3.643832102247000648e+01
-4.231083678766874812e+01
-4.153184911597764284e+01
-4.915307212656882996e+01
-2.270414954912292416e+01
-2.672119862597082829e+01
-2.437189324523621892e+01
-3.310752442212039170e+01
-2.623597648776615543e+01
-5.993360953387765022e+01
-1.896072606640391811e+01
-1.337918643290976428e+00
-2.517832308227114879e+01
-8.112285214018677948e+01
-5.415081714127205004e+01
-3.448997479264443200e+01
-3.335161423634723832e+01
-7.275536444090300847e+01
-8.500708373939207263e+01
-2.422503545731568408e+01
-1.639606174578488051e+01
-3.435484569107334352e+01
-4.396053607337216107e+01
-7.773911851961250363e+01
-2.337949636764409789e+01
-1.095475020756217965e+01
-1.298145310633523941e+01
-8.561303296743132307e+01
-4.160545496415470978e+01
-3.901861674669432745e+01
-9.600514740757650145e+01
-7.648164338307479682e+01
-4.021859630262598273e+01
-4.483713388511055342e+01
-5.047974125366880571e+01
-1.971130154737581108e+01
-5.839547681809104063e+01
-5.543345584337140508e+01
-4.421799588184066465e+01
-5.166659388009347964e+01
-3.754217834556899902e+01
-1.091445019895293882e+02
-4.153790584130187824e+01
-2.427601716432641155e+01
-5.918123123746719472e+01
-2.554113239478710184e+01
-2.776564002471179649e+01
-9.930456044554024686e+01
-1.070231750905087011e+02
-5.047908656139956918e+01
-3.587349057442025924e+01
-2.859754194061973820e+01
-3.334514999716935080e+01
-1.358145310633524083e+01
-2.236655629398349276e+01
-2.653294053912967243e+01
-1.374603171898631970e+01
-4.939776996271171505e+00
-5.426176995565457872e+01
-2.653530778311515093e+01
-5.115797171231031371e+01
-1.095161446841844537e+02
-3.007120673406393152e+01
-3.613119034293974607e+01
-2.986974408959609306e+01
-1.040228857782138228e+01
-9.995488960791783484e+01
-1.573060390367822858e+00
-3.215949343707512753e+01
-4.065586074671200834e+01
-4.692975229303073093e+01
-4.496962703001644712e+01
-3.872569195994521607e+01
-1.177769636118023300e+01
-3.389300723608359078e+01
-2.850254009744905304e+01
-8.064082207918737311e+01
-1.000403617291852072e+02
-5.239776996271171328e+00
-2.638416650401795138e+01
-1.358145310633523906e+01
-1.374603171898631970e+01
-5.145173992647519867e+01
-3.904334976723107076e+01
-4.931509049524733790e+00
-2.221201341470291624e+01
-9.849389091722235889e+01
-2.682365602486379785e+01
-5.872494393898108456e+00
-1.742596455086780693e+01
-3.417215407424789220e+01
-3.912627657325457875e+01
-3.072316367046835239e+01
-1.062704178649121012e+01
-5.667602166769438554e+01
-3.530108259565319884e+01
-1.975663783129517981e+01
-3.037451896773320215e+01
-1.097560832813694631e+01
-5.313459479247353556e+01
-1.128818779492183353e+02
-4.420989808063182380e+01
-5.425852584570111503e+01
-8.022505081816581196e+01
-1.718644128056704901e+01
-1.385367757970554692e+02
-1.099301747492817185e+02
-4.727609832456407446e+01
-6.359841979631134734e+01
-3.248835200158492853e+01
-3.849032696579823920e+01
-4.990908766789485895e+01
-4.642249481147963763e+01
-1.772819336467701135e+01
-2.057394104320932016e+01
-9.864222984136154082e+01
-5.416031909666758537e+01
-1.229153898116701704e+01
-2.112680624256185880e+01
-4.787754855901291506e+01
-8.003044499743073459e+01
-7.220442758935054428e+01
-1.742596455086780693e+01
-4.939776996271171505e+00
-4.412681461518873505e+01
-2.796231552381633279e+01
-1.742596455086780693e+01
-4.564084863686771598e+01
-2.918689373653919716e+01
-7.116808090611040427e+01
-6.990081212372209052e+01
-6.969025610828296635e+01
-2.181642158218862093e+01
-5.807275641441812297e+01
-6.074651047356184819e+01
-3.130348587644197522e+01
-8.107088065335537408e+01
-2.572136671919394857e+01
-1.195333040714813500e+01
-2.800759682876516621e+01
-1.097560832813694631e+01
-3.178187562128076138e+01
-5.447649044149918751e+01
-1.233563405874156871e+02
-6.279128284140315763e+00
-2.700619224801917184e+01
-2.088891733485844426e+01
-5.872494393898108456e+00
-1.070135570262253566e+02
-2.071110964892209338e+01
-1.358145310633523906e+01
-2.861229148816756762e+01
-4.012559281475216721e+01
-2.077456494135103782e+01
-6.812022955659182344e+01
-9.028847059673397268e+01
-1.070116765635333778e+01
-5.713839087878611878e+01
-1.070116765635333778e+01
-1.033190101729917565e+01
-4.621307906001266019e+01
-1.126077947793998959e+02
-2.323257251239700594e+01
-4.196646368511143521e+01
-1.210440325231278891e+01
-1.282958773733553528e+02
-5.543345584337140508e+01
-1.704385041946410695e+01
-3.111299829503550640e+01
-5.084222402025659449e+01
-6.420923900410743101e+01
-2.862037319308861782e+01
-4.940057335546111261e+01
-3.091520024824198387e+01
-5.152210835722097926e+01
-5.812142708318886264e+01
-3.475667484740923641e+01
-1.097560832813694631e+01
-5.854198861878682436e+01
-5.935211358350841238e+01
-3.565478594706072357e+01
-1.073528635577372228e+02
-6.216556826361765786e+01
-7.474152419210336973e+01
-1.243229457003665273e+00
-5.543345584337140508e+01
-1.326107148152657373e+02
-2.230940232597874129e+01
-4.976710877336584815e+01
-2.081891852341710702e+01
-4.484452796200469038e+01
-4.144053793732039992e+01
-3.657785852962395978e+01
-8.198236170719745530e+01
-1.187167699941968735e+01
-3.185271141077475932e+01
-6.086091622313927729e+01
-1.015391735528637298e+02
-1.319164758149551631e+02
-1.781958234019555221e+01
-3.609085511830074466e+01
-5.692018353927794294e+01
-1.130774630322257792e+02
-1.180159627882591167e+02
-1.229153898116701704e+01
-3.552635633498663026e+01
-6.251607483766511564e+01
-2.824897539897406773e+01
-7.010668641152497571e+01
-4.725051204811780536e+01
-4.489415460470581820e+01
-7.485892600932577068e+01
-6.901370914486655295e+01
-1.374603171898631970e+01
-1.643546514593511887e+01
-1.424545907522280430e+01
-2.433028148500547516e+01
-1.097560832813694631e+01
-2.557218288130640005e+01
-1.642590348474104900e+01
-6.878283343358285151e+01
-2.986974408959609306e+01
-4.492919750066732121e+01
-1.138435539697915289e+02
-3.437895203834224844e+01
-8.866654160707494725e+01
-3.071862525772622021e+01
-3.971712123248899928e+01
-3.269055063845874542e+01
-8.328394874244553137e+01
-1.229153898116701704e+01
-4.601742467382524637e+01
-4.939776996271171505e+00
-4.125193694361775698e+01
-1.108864737177232342e+02
-2.290087361525369403e+01
-5.446332540997164529e+01
-1.436758412383500172e+01
-3.164471153226614319e+01
-2.746360935796155900e+01
-1.596080777569381937e+01
-4.424452252841604150e+01
-2.673875598867132553e+01
-3.867849546292420371e+01
-7.454304376807421306e+01
-1.273282818359760000e+02
-5.963910214231238882e+01
-1.718644128056704901e+01
-1.857442967834925440e+01
-9.885426015042105519e+01
-1.054984565948712429e+02
-2.084694279981491860e+01
-2.575851577177603602e+01
-6.900248379310716018e+01
-1.718644128056704901e+01
-5.156772828049661683e+01
-4.252620097784384967e+01
-1.332466363919837136e+02
-7.793418526088059650e+01
-7.904832946159066864e+01
-3.423327185451286425e+01
-2.236655629398349276e+01
-2.499653666367580129e+01
-5.333544354695571599e+01
-4.261094567883233708e+00
-6.138299993903497409e+01
-3.920069403700555455e+01
-4.939776996271171505e+00
-5.297271496719938710e+01
-1.202551963602790863e+02
-2.168515017522219779e+01
-7.368885608760290040e+01
-2.478764378794864243e+01
-2.337800244875443667e+01
-1.635379657289770350e+01
-2.351754526953144619e+01
-5.045938272222203125e+01
-8.049460910871631825e+01
-1.070116765635333778e+01
-1.774975167683581390e+01
-1.713051811040963202e+01
-6.968315751146731429e+01
-5.093918917840493776e+01
-2.843661511291031374e+01
-6.326469413342300641e+01
-5.078578822942176885e+01
-1.990206895965497225e+01
-7.408436291445680411e+01
-2.847142524669585129e+01
-2.490190456509795780e+01
-4.812504149780608032e+01
-2.189174985668457296e+01
-3.653286661415633318e+01
-4.074730546580549628e+01
-2.386611181117706337e+01
-1.812229944573687490e+01
-3.773881092495688705e+01
-1.199699008500290631e+02
-7.939934485435978218e+01
-8.597145779156961964e+01
-1.885464066700024688e+01
-1.419042400515296087e+01
-2.397699469396444627e+01
-2.316568382374839530e+01
-2.415113967336598577e+01
-3.360586847793625509e+01
-4.401034648970232155e+01
-3.586985509874188693e+01
-2.384763349769302110e+01
-8.488819641635251401e+01
-6.716228582236090006e+01
-3.416092005601999659e+01
-4.440491668094323785e+01
-6.720036983233239880e+01
-7.226908393532052344e+01
-5.384788842972858447e+01
-7.244267835314380477e+01
-1.742596455086780693e+01
-2.386611181117706337e+01
-2.381422168615209145e+01
-1.678441445867665038e+01
-1.070116765635333778e+01
-2.295069853700232798e+01
-6.946073684445373431e+01
-4.282444186495951755e+01
-6.050284204116687903e+01
-5.940441380742101529e+01
-2.062078392279122596e+01
-1.026808972378892690e+02
-3.281465746296771613e+01
-1.275566068652784857e+01
-3.481550021371958081e+01
-1.963085848393130917e+01
-4.939776996271171505e+00
-2.508965711707068635e+01
-3.367515150339356467e+01
-1.487454186651872945e+01
-4.421642155802875607e+01
-3.532026353007177732e+01
-5.309863535992528227e+01
-2.360911278941107483e+01
-6.212738299737696224e+01
-1.252779512249007965e+01
-1.128193157672415339e+02
-1.521417083976659868e+01
-3.517478819970992987e+01
-6.464561108972424108e+01
-5.728230125540668638e+01
-2.236655629398349276e+01
-1.431235828414527234e+01
-1.157660275969771533e+02
-2.034965566252221336e+01
-6.405275856390845490e+01
-6.383294559102552768e+01
-3.829220087779696513e+01
-2.441665328392854661e+01
-5.511656473304730497e+01
-2.392890740726607390e+01
-2.850254009744905304e+01
-2.486533000865190957e+01
-5.807275641441812297e+01
-6.863979862273080812e+01
-1.769878617973794022e+01
-1.032456589461135223e+02
-3.466792507163069814e+01
-2.487447510606531509e+01
-4.909781177315202427e+01
-4.480535414411070150e+01
-1.082375573333565200e+01
-2.300676990077720774e+01
-6.659804631489693350e+01
-5.872494393898108456e+00
-3.283253436654187141e+01
-7.690830866396093768e+01
-3.961094567883233442e+00
-3.725567584937743959e+01
-4.827906513024486657e+01
-1.097560832813694631e+01
-2.050417069106780943e+01
-2.428692619556558441e+01
-4.850473162074710842e+01
-1.118124917330325587e+02
-1.208491094375089148e+02
-3.297151110202383961e+01
-1.195844075734351577e+02
-6.281205236285883586e+01
-5.024585161750638207e+01
-1.097560832813694631e+01
-1.070647588723752648e+02
-1.479132332298092933e+01
-3.295198098579327706e+01
-1.807540018868470355e+01
-2.056569317139858200e+01
-2.323257251239700594e+01
-4.120813783553405329e+01
-1.070116765635333778e+01
-2.784454209147718018e+01
-2.183936268273344439e+01
-1.812228100653288720e+01
-2.300676990077720774e+01
-2.805921754861946127e+01
-1.137679296334181913e+02
-7.103762143321638689e+01
-3.826334392534306517e+01
-1.989449339975250197e+01
-3.904296116509487291e+01
-2.814397974110761425e+01
-7.460180055019642964e+01
-1.070116765635333778e+01
-1.742596455086780693e+01
-8.349781438263852351e+01
-1.543109082724883478e+02
-9.032186287441517436e+01
-7.241401513260647960e+01
-2.836676537925880837e+01
-6.809980709219017569e+01
-2.714641191790379793e+01
-4.939776996271171505e+00
-1.070116765635333778e+01
-3.188415122079958053e+01
-2.355063503035484374e+01
-2.092504754120344046e+01
-1.564101688675640389e+01
-4.716416774845345117e+01
-8.022505081816581196e+01
-5.145630648283259490e+01
-2.611886902299928792e+01
-9.614669475632455331e+00
-7.605357438399700243e+01
-2.207343203490437844e+01
-2.165778789031853435e+01
-2.745097899229894978e+01
-2.585588615015831238e+01
-1.164562180938582827e+02
-2.236655629398349276e+01
-3.314565618360843757e+01
-2.092633318152960342e+01
-1.051910836895184786e+01
-2.181463723081610695e+01
-5.872494393898108456e+00
-2.539367876040206440e+01
-4.548345881407515634e+01
-3.267272202983652107e+01
-7.744741743722320848e+01
-6.151057844996364565e+01
-7.161222562115968060e+01
-2.864516376833714162e+01
-1.643610444797125680e+01
-3.642135936561226828e+01
-1.002173102857460236e+02
-1.084886685781954583e+02
-2.422063177785856070e+01
-7.751023292778265272e+01
-2.471971610334382063e+01
-7.638507654281360715e+01
-2.656456575773323436e+01
-9.568224321547258171e+01
-5.371273239380033715e+01
-2.429036760385846350e+01
-2.205458559636977256e+01
-3.446668696857413039e+01
-4.370986755194088857e+01
-3.109873451191693405e+01
-1.070116765635333778e+01
-4.140859654255079647e+01
-3.444797513859921168e+01
-3.038077895783892757e+01
-3.484197707138804834e+00
-1.341615465131599017e+00
-2.195093985664575342e+01
-1.742592767245978891e+01
-2.496974849424736220e+01
-4.794161568781002813e+01
-2.269351114761456145e+01
-3.496614047391786784e+01
-1.712488021647015657e+01
-7.925618784555998886e+00
-2.888962704606731435e+01
-3.118336139172117782e+01
-3.000904288248555574e+01
-1.252779512249007965e+01
-4.165173851854228104e+01
-1.496107860190336325e+01
-2.216802602163152613e+01
-2.043213550970908088e+01
-1.335783240742972389e+01
-2.439153634314570951e+01
-3.966654841157351896e+00
-5.952568995569507138e+01
-2.386611181117706337e+01
-1.090696553698822235e+01
-2.196957882131525608e+01
-6.286984754092421923e+01
-4.906429792130230538e+01
-5.322713439999034080e+01
-5.049486003947427548e+01
-4.087866435691250189e+01
-4.665220165478398684e+01
-2.688640255092641951e+01
-5.648118158673135980e+01
-4.898950713763105824e+01
-3.658775663872066275e+01
-2.746046819153194107e+01
-1.229153898116701704e+01
-5.989855027550808586e+01
-4.942542226527811522e+01
-2.640415828533972586e+01
-9.845149631403229762e+01
-4.842078668525196861e+01
-5.494808838972345200e+01
-6.722553724223355687e+01
-1.569731828420153619e+01
-2.480009262378495194e+01
-2.574799220943517142e+01
-3.440613609650927174e+01
-6.145265637789644586e+01
-1.123540714322046163e+01
-3.335940251346103480e+01
-6.473680389475069319e+01
-2.236655629398349276e+01
-5.702622596881544048e+00
-3.070372618789279073e+01
-2.911797562310830045e+01
-3.852234334570194108e+01
-2.338165946265961637e+01
-7.339286065642453138e+01
-3.048209811567613503e+00
-2.060036123393410534e+01
-4.915701184176635508e+01
-6.370652183924665479e+01
-3.272464215880994232e+01
-7.485158397177924883e+01
-2.280390101337046715e+01
-5.652669155390815092e+01
-6.033465587378761796e+01
-2.891960539842639832e+01
-1.860659022303750021e+01
-3.061675047175024389e+01
-2.184539113441563885e+01
-1.856373711600851095e+01
-2.993752281043626695e+01
-5.412859707570339651e+01
-6.104974044714231951e+01
-1.061911062590276629e+02
-2.876601641272113952e+01
-3.213532222893725532e+01
-2.361448420030257367e+01
-9.255200334618753288e+01
-1.880595558321259730e+01
-7.344176930249490454e+01
-1.718644128056704901e+01
-3.514865864425615882e+01
-1.419090065865898076e+01
-2.692308049856653085e+01
-4.112700950420296664e+01
-4.439141310471593016e+01
-3.431699264264860005e+01
-2.323257251239700594e+01
-1.374603171898631970e+01
-3.869646828808047445e+01
-2.913721032650619236e+01
-1.871926169141373109e+01
-2.699283390312746533e+01
-2.673875598867132553e+01
-8.640753316184363086e+01
-4.204861614604917008e+01
-4.902721523689980643e+01
-1.109986441751108721e+01
-4.122986437660014047e+01
-5.665307907812231747e+01
-3.338930388816720551e+01
-4.190358469282850962e+01
-2.386611181117706337e+01
-1.233803872619347786e+01
-1.732306702950376120e+01
-3.024602784235247555e+01
-4.770598467743064397e+00
-6.742609054709029159e+00
-4.380933268773553380e+01
-2.026634024047782745e+01
-4.143701466278645285e+01
-4.077485343334902979e+01
-5.170024610788796160e+00
-4.215952080234548305e+01
-5.237278283134500612e+01
-5.586898649073064149e+01
-2.685716143853397142e+01
-4.063236088580233485e+01
-5.872494393898108456e+00
-9.770100713684330174e+01
-4.267336430855147711e+01
-6.479112097392436453e+01
-2.853113187932083505e+01
-5.625203053199467007e+01
-4.939776996271171505e+00
-2.537449628659314627e+01
-8.219835323736005250e+01
-4.049185407466338660e+01
-6.626652971949657456e+01
-1.182079436879832102e+01
-2.052301384210749191e+01
-2.721915975256369791e+01
-2.361531571515259031e+01
-2.520772018877248399e+01
-4.852810243830246861e+01
-3.844540871797921966e+01
-4.986178180993017861e+01
-9.272446826274118337e+01
-7.933197203516999529e+00
-3.115238277943692680e+01
-3.048209811567613503e+00
-3.150714469568617915e+01
-2.600700827724574538e+01
-2.247184564459438505e+01
-1.229146522435099520e+01
-4.710876697385147338e+01
-2.692601134520228356e+01
-1.015092512428202554e+02
-7.975150220597515727e+01
-3.289358124981325915e+01
-2.135264560088723584e+01
-2.906891291144758327e+01
-2.020136188895084928e+01
-3.514154220986719679e+01
-2.667449631254875086e+01
-1.070116765635333778e+01
-2.100154996869692781e+01
-5.793123603275500244e+01
-4.012423216006734350e+01
-4.504386765738669851e+01
-1.694111079126297525e+01
-3.048209811567613503e+00
-2.060036123393410534e+01
-9.866099924596149151e+01
-4.997748870688133138e+01
-9.344914484722461623e+01
-2.088891733485844426e+01
-2.323249875558098765e+01
-2.946819972350512984e+01
-5.872494393898108456e+00
-4.088124095958786341e+01
-3.538129824901844955e+01
-4.917977951508018464e+01
-3.721418330745814274e+01
-5.622420529243444065e+01
-3.363139097900456420e+01
-1.964314541453888552e+01
-4.878109217068925751e+00
-2.328970200044513916e+01
-1.827544158908371230e+01
-2.538053701726629541e+01
-3.048209811567613503e+00
-5.479494360275382547e+01
-1.338919131106926308e+01
-1.942148518661770140e+01
-1.447611673394135678e+01
-2.153639025572801913e+01
-2.088891733485844426e+01
-2.181642158218862093e+01
-2.236655629398349276e+01
-5.872494393898108456e+00
-2.802422219030421857e+01
-2.983630891148087727e+01
-4.666346940658061726e+01
-1.031012280412888913e+02
-6.180152075999145467e+01
-2.407091775970061320e+01
-3.345758081069467238e+01
-1.123837510686460028e+01
-1.155301019867783552e+01
-5.252019756090526670e+01
-4.005676508864426211e+01
-4.582289668968975604e+01
-5.353167108901896398e+01
-4.939776996271171505e+00
-5.070455474772932547e+01
-1.070116765635333778e+01
-2.546353106213466688e+01
-1.587168203684284862e+01
-3.882891063867101167e+01
-9.094179127663983309e+01
-2.512034636722579961e+01
-3.530374023795666005e+01
-5.161094567883233175e+00
-1.243229457003665273e+00
-2.342113877830117019e+01
-2.598463206164978700e+01
-5.031070073384766772e+01
-5.779276366709677859e+01
-3.820739008950634030e+01
-1.107612625170652265e+01
-1.374603171898631970e+01
-1.848997356798384928e+01
-2.329091507172752173e+01
-3.284176518046298554e+01
-4.109206394528242612e+01
-1.997145643722760866e+01
-4.521186613491006767e+01
-2.861091754688400002e+01
-4.672317049756281904e+01
-2.216883110793375167e+01
-4.146253468898149919e+01
-1.243229457003665273e+00
-3.010909089017773432e+00
-1.325638315524832755e+01
-4.176348242230476160e+01
-1.918337178272286181e+01
-5.528375464401204908e+01
-4.438405361578050901e+01
-3.402462083825866301e+01
-1.841150826881125369e+01
-3.107056521666849846e+01
-4.345533295135837903e+01
-3.967494623299278800e+01
-6.506265129075414677e+01
-4.212833040713019983e+01
-2.620997850392096140e+01
-2.423826882309062469e+01
-6.283451291189039978e+01
-4.159489628312590526e+01
-3.398552933734377035e+01
-3.266118746640223947e+01
-5.684552068704991967e+00
-3.304757986543220483e+01
-7.442161610810272521e+01
-3.473205472549617667e+01
-3.091523011141430288e+01
-1.252779512249007965e+01
-2.388832202265885840e+01
-2.685716143853397142e+01
-6.297315095571634913e+01
-1.493425469054674437e+01
-4.420475882629263253e+01
-4.778547089178721308e+01
-4.223221932406351442e+01
-2.180601592712588754e+01
-4.768047801922149631e+01
-2.406154615344546954e+01
-4.246351368413879612e+01
-5.656595100932214848e+01
-3.483093695386707367e+01
-5.530875606720552007e+00
-1.711864272097583139e+01
-9.682120821868669225e+01
-1.957922984036240877e+01
-1.747901710613783521e+01
-2.302558219694925157e+01
-1.438143713591268202e+01
-5.668808400748081766e+01
-6.716114796166765188e+01
-1.133254440928476043e+02
-4.370269980247684316e+01
-1.247174544590288647e+01
-4.154563582953593226e+01
-3.500985346900920803e+01
-2.892875874522273705e+01
-5.886640849616053117e+01
-2.099047666474675111e+01
-2.834063228634753173e+01
-3.181196252414222769e+01
-1.146498062896213952e+02
-4.931637669857086337e+01
-3.043986055357094145e+01
-2.028329463898308305e+01
-4.476463854721586699e+01
-2.087035021385073108e+01
-4.336386942092548225e+01
-2.685716143853397142e+01
-5.593538447912303724e+01
-2.271814176051818990e+01
-3.285867673585871529e+01
-3.165018173236082433e+01
-5.527217960004226427e+01
-5.071326544363528654e+01
-2.406154615344546954e+01
-2.072152163615588449e+01
-2.037579819177326357e+01
-1.765081654071658335e+01
-1.874035586439617873e+01
-2.516494807098751352e+01
-1.243229457003665273e+00
-1.838380622759650151e+01
-3.535638039549417044e+01
-3.994605924303220235e+01
-3.066952246836281404e+01
-1.913449976135325059e+01
-3.865417086239490629e+01
-1.229153898116701704e+01
-3.889466147508119320e+01
-4.997748870688133138e+01
-3.722646114020537311e+01
-2.685716143853397142e+01
-2.476752195695667780e+01
-7.512222070423713660e+01
-4.288508496576201701e+00
-3.223335103766503806e+01
-4.697510129276390956e+01
-1.169678054497627429e+01
-3.562625407663914956e+01
-2.759204526654479039e+01
-1.158017946506392448e+01
-2.397691311594506303e+01
-2.867700562513017459e+01
-3.060877692919079252e+01
-1.846540969951145428e+01
-2.182652242851962043e+01
-2.910093621335554204e+01
-3.847638162097099723e+01
-3.173663931695057627e+01
-1.853462579298867396e+01
-2.780111364793564377e+01
-1.620901011247921275e+01
-3.011610842426378909e+01
-3.160604083590953195e+01
-1.318160855034584955e+01
-3.375271964429219906e+01
-2.473656327168423630e+01
-4.285147956565424465e+01
-1.929881396390279136e+01
-1.845909392995519838e+01
-1.978901637325698815e+01
-2.157758844394576414e+01
-1.646614026633994854e+01
-4.556150781648937453e+01
-3.021354834665300615e+01
-2.199651375316738822e+01
-2.509597978379799699e+01
-7.916723232857803794e+01
-6.698845215189878388e+01
-3.173787146052636388e+01
-1.610618806802189340e+01
-2.919138457524148222e+01
-2.672496173010632248e+01
-1.982786744973399351e+01
-1.732101495711234307e+01
-2.235756853512991782e+01
-7.231585321846294789e+01
-2.182745870794101606e+01
-1.901796767529397059e+01
-2.060036123393410534e+01
-1.546475629485034808e+01
-3.907867019987587298e+01
-1.968243342261276752e+01
-5.874397676430989179e+01
-2.421478962387573475e+01
-2.998931593962288389e+01
-3.672470973371937397e+00
-4.071363873766907204e+01
-3.770875420703862613e+00
-2.918656077756601519e+01
-1.731639078472564464e+01
-1.362523241756405934e+00
-4.427616773245888027e+01
-1.190514888983364372e+01
-3.349803460910423780e+01
-3.013919693985134529e+01
-1.484902756319037387e+01
-2.060036123393410534e+01
-4.307611954137147592e+01
-5.935558404560988066e+01
-2.269238912448506795e+01
-2.353628344909161996e+01
-2.465009342628248845e+01
-6.012389612217848622e+01
-2.619303631002634702e+01
-3.428090722289177883e+00
-7.121923637653240746e+01
-1.729446015069195042e+01
-2.944863177350686101e+01
-1.333745972103671384e+01
-2.228532090080707917e+01
-1.330709484369727669e+01
-4.683719621846285008e+01
-2.128594443316354301e+01
-1.440155221308411626e+01
-1.881989218334166125e+01
-3.287768273542798170e+01
-5.622128581272676229e+01
-2.275304088847555661e+01
-2.640373926860143072e+01
-2.548297469737740428e+01
-4.487725776446245618e+01
-3.057971604213197381e+01
-4.116473004065079522e+01
-2.918061892592672635e+01
-1.762349903666348183e+01
-3.988254719312493535e+01
-1.860404016943144256e+01
-2.139822938845293976e+01
-2.329753459299223906e+01
-3.400490539633281628e+01
-2.032927918988459837e+01
-3.257967515851126450e+01
-3.086775472098394602e+01
-1.139825489692622362e+01
-4.452381578265534046e+01
-1.772848908050175964e+01
-5.306485979950857512e+01
-7.679888815986667794e+01
-2.556636647070043722e+01
-2.540256797616968143e+01
-4.430635933953773531e+00
-4.288508496576201701e+00
-2.605395238372473088e+01
-6.726336747782460179e+01
-2.572507094164399888e+01
-2.471638544360084211e+01
-2.196043102856233986e+01
-4.128822082389031323e+01
-1.573443591717364676e+01
-3.220432774901098583e+01
-1.746612413745322812e+01
-1.563117802574241821e+01
-1.944746405995212513e+01
-7.523224922986555896e+01
-1.560209280419712030e+01
-1.676288212190263494e+01
-1.755852822008894876e+01
-1.933109291958064091e+01
-2.184021237902404877e+01
-2.546617827840672987e+01
-3.905641870846569219e+01
-5.895683926017934340e+01
-4.223393161937740814e+01
-4.939776996271171505e+00
-1.223957273032683535e+00
-4.552488155280143900e+01
-5.062044180495726664e+01
-1.529181663248923861e+01
-2.017814340469828593e+01
-2.212182884756317947e+01
-2.186539429737473128e+01
-3.706037030711250679e+01
-3.049311989258654876e+01
-3.035586466979592402e+01
-9.860814087195423383e+01
-2.554098710443467724e+01
-1.138528592814794926e+01
-1.331994702427685873e+01
-3.292097692360418648e+01
-3.948342960559389070e+01
-5.278167786921989801e+01
-1.252779512249007965e+01
-1.252779512249007965e+01
-5.545369802356632682e+00
-2.546686088757441979e+01
-2.776328384224765600e+01
-2.477372192710501153e+01
-1.328145310633524012e+01
-9.552860108248842153e+01
-3.274188905683267592e+01
-1.043587917543183430e+01
-1.879363915236577398e+01
-3.672443943590815252e+01
-3.532252247836790104e+01
-4.553510247409598577e+01
-4.939776996271171505e+00
-2.476942665907684216e+01
-2.519290172404904027e+01
-1.889999999999999858e+01
-4.074970524426459662e+01
-1.961248267000176071e+01
-3.160806587415396862e+01
-2.564079062809020471e+01
-4.939776996271171505e+00
-3.998991754726157666e+01
-1.049947982340978569e+01
-8.917171000347747167e+01
-3.261484476269080091e+01
-1.483339607644246527e+01
-1.053641647493939359e+01
-1.252779512249007965e+01
-2.949130783216281770e+01
-1.643852260334616489e+01
-4.939776996271171505e+00
-2.895821762469623195e+01
-2.466314896988347272e+01
-1.670024277620761666e+01
-1.603662440152806568e+01
-1.097560832813694631e+01
-3.817789891258805568e+01
-1.367520477463977358e+01
-2.901837452424473796e+01
-3.243829008390095225e+01
-1.452252948670481203e+01
-3.994489301127317304e+01
-4.488253608468797751e+01
-2.926255381192605043e+01
-7.644557446621958263e+01
-4.288508496576201701e+00
-4.997748870688133138e+01
-1.688964253258456338e+01
-4.997748870688133138e+01
-4.263116616984794405e+01
-1.732119283198846560e+01
-1.285218707896577506e+01
-3.260391486772120828e+01
-2.058305177980328438e+01
-1.171243068754223593e+01
-2.413832255910654112e+01
-1.553244177540297954e+01
-5.711567566188613831e+00
-3.058052077237641342e+01
-3.977777190934449436e+01
-5.174724072522413110e+01
-2.534601064404343873e+01
-2.744205403070619198e+01
-5.034537707525831252e+01
-2.236655629398349276e+01
-1.506611781440591891e+01
-2.310310714207880878e+01
-4.542481512015374534e+01
-2.914354919676625499e+01
-1.679999999999999716e+01
-9.101870639868320012e+00
-2.027653285123934168e+01
-3.171053144904890431e+01
-8.817453869618152140e+00
-4.907057673049773427e+01
-2.008862843424432043e+01
-2.448188999343058470e+01
-4.831025585304240622e+01
-8.480078684153804502e+00
-1.826590352499195902e+01
-5.026478373982357084e+01
-2.290641695320078952e+01
-1.570060148827372437e+01
-6.905373665789046989e+00
-7.109974266380315555e+01
-2.981358719103461397e+01
-4.768620299852062061e+01
-2.335085140332259712e+01
-1.884730759391181820e+01
-2.015355361554277636e+01
-2.467111222552198058e+01
-4.260775722339243288e+01
-1.672770792018541997e+01
-2.641172070764452684e+01
-2.293832255910653828e+01
-3.308751025791953992e+01
-1.950010517687208278e+01
-1.964370271224565201e+01
-1.998046976295809074e+01
-9.614669475632455331e+00
-2.518221993399911440e+01
-4.247450038119855265e+01
-1.450350556341494013e+01
-7.941798531926514215e+01
-5.818130392089021719e+00
-1.918574780654153145e+01
-4.955853356682071365e+01
-2.122446743048460149e+01
-2.010162916242438413e+01
-3.200957064640580541e+01
-4.233602626263127000e+00
-2.949894783185848368e+01
-3.860932232045886536e+01
-1.613276178303374309e+01
-1.798029157765820685e+01
-7.381663504142180443e+01
-3.466634089523572726e+01
-3.504680116260767164e+01
-3.305279919872333494e+01
-9.933614232163770907e+01
-1.472528525412924338e+01
-3.136606116540294664e+01
-2.101363316146642646e+01
-2.191496997398678204e+01
-4.997748870688133138e+01
-2.081873054100806186e+01
-5.974619257653672300e+00
-3.169695402572671838e+01
-3.965996621543605727e+01
-5.043561820291278508e+01
-7.335676759299518324e+01
-3.244872727964961001e+01
-3.108308323396082784e+01
-3.411509693622011952e+01
-4.997748870688133138e+01
-1.546764748813131263e+01
-1.684180264275146399e+01
-3.564878808077331485e+01
-3.652418230985837511e+01
-2.398117687053879266e+01
-3.245834406285466400e+01
-2.559959331452489550e+01
-1.807902179973580559e+01
-2.212182884756317947e+01
-1.460919842597407481e+01
-1.909145238139615230e+01
-2.232993544977108158e+01
-2.359751482773421216e+01
-2.212182884756317947e+01
-4.997748870688133138e+01
-2.624885263510626743e+01
-8.121477854609841529e+01
-4.654575822417166364e+01
-1.432547323217269053e+01
-2.608607310432475401e+01
-3.249660628185030475e+01
-3.846603586933071028e+01
-2.207042188556605566e+01
-1.059186121240624345e+01
-2.443693513279066565e+01
-2.899382416640749938e+01
-3.404417488483188237e+01
-1.551124961165976934e+01
-5.872494393898108456e+00
-1.097560832813694631e+01
-3.748778328651229685e+01
-3.977777190934449436e+01
-4.038397280287344238e+00
-1.213265152864867424e+01
-1.031769295494708061e+01
-5.282294891194809772e+00
-1.002996005515401947e+02
-2.791724063080973650e+01
-3.061733319474654280e+01
-3.977777190934449436e+01
-5.392926324358246148e+01
-2.805502872820441951e+01
-2.332034908323154454e+01
-5.222708701239376694e+01
-5.500774397236309454e+00
-1.210639430109083259e+00
-2.053925234149432555e+01
-3.803117702260957600e+01
-2.717154947493204276e+01
-4.374317928321639215e+01
-6.235613787496323823e+01
-2.236655629398349276e+01
-1.961498660742711309e+01
-4.133673804081415426e+01
-3.052541765781570504e+01
-2.671951462231476526e+01
-2.146394433399731483e+01
-3.369392581852441992e+01
-1.424847616023181729e+01
-3.603752505451447519e+01
-1.428537093809738323e+01
-3.134842291443074203e+01
-1.252779512249007965e+01
-1.935811884408614603e+01
-3.478748296845536458e+01
-1.935825318084416224e+01
-3.789933883836446427e+01
-4.225933782728559152e+01
-3.984502374032380345e+01
-5.359381093625472658e+01
-3.977777190934449436e+01
-3.746643471851423612e+01
-3.682596945057665039e+01
-1.137604935343253771e+02
-1.140847021523109674e+02
-7.584061240576573937e+01
-2.646674360746597188e+01
-2.905266899337457431e+01
-2.057280222506295786e+01
-2.217686060565471706e+01
-1.461875616239290991e+02
-3.558726810527265627e+01
-3.752067531196674821e+01
-1.198405863161780882e+00
-3.786649845828132754e+01
-3.802155308833673075e+01
-9.730830288068716527e+00
-2.396608153952121611e+01
-2.276857952356571246e+01
-1.013470877041031031e+02
-1.864625320106359752e+01
-3.840597795651640922e+01
-4.772968677868561826e+01
-3.863805753929784714e+01
-1.922138389751236431e+01
-1.210639430109083259e+00
-4.512420399818429928e+01
-3.041132445233418125e+01
-4.303198997624593858e+01
-3.446424134373777548e+01
-6.861783968175518567e+01
-2.059553158304326459e+01
-4.939776996271171505e+00
-6.595136481144680829e+01
-2.748391434642336861e+01
-2.470756140334963291e+01
-3.608696875659281034e+01
-7.018056461823037750e+01
-3.123817433091524265e+01
-1.495119686873063714e+01
-2.268065261696276735e+01
-3.159223599929656956e+01
-1.466066226303021480e+01
-4.791981337096994764e+01
-2.387252870381620795e+01
-1.264839788610201232e+01
-3.688750280430465267e+01
-3.765355391274380281e+01
-2.427404279855387870e+01
-3.869283026049720320e+01
-4.939776996271171505e+00
-3.785666822575132784e+01
-2.236655629398349276e+01
-2.147850365007533924e+01
-1.210639430109083259e+00
-5.108115381201226768e+01
-3.245102445801482105e+01
-3.300314975305622767e+01
-2.797171949264330237e+01
-9.436679755360200872e+00
-2.299034314117934130e+01
-1.968731487347232445e+01
-1.476105168860445893e+01
-3.737230703154661171e+01
-2.978149286809362195e+01
-4.028933817318525001e+01
-1.268754115873327315e+01
-1.919817677075425877e+01
-3.977777190934449436e+01
-4.980366603957240557e+01
-3.804244285221952282e+01
-4.983723168345875365e+01
-4.376699881611652643e+01
-7.617772954024063381e+01
-1.618362366784821660e+01
-3.177288591117250505e+01
-3.342882251460574849e+01
-3.469827039799439916e+01
-3.896280906721485593e+01
-4.771782475239582055e+01
-1.988720619325176386e+01
-1.951018491502181362e+01
-6.576944699692680274e+01
-2.857539986420548317e+01
-1.626218536405248116e+01
-3.993340868817617917e+01
-1.006133623944407134e+02
-2.613115968623379715e+01
-2.423425479039418917e+01
-1.657797326437358976e+01
-2.342207822441811871e+01
-6.735205953290511616e+01
-2.177227280658925679e+01
-2.870332208242344052e+01
-3.656060512081405989e+01
-2.457899503209258185e+01
-3.295737008681886948e+01
-2.516674422280395262e+01
-4.997748870688133138e+01
-2.409164668023447575e+01
-7.451939580941797203e+01
-1.217422684199276084e+01
-1.444742584211551417e+01
-3.643730765806267158e+01
-1.375285051258558866e+01
-4.062781515859064996e+01
-1.794404597040279370e+01
-1.725762608448066260e+01
-4.053937239738912623e+00
-3.662815825196454966e+01
-3.174322554599110191e+01
-1.241251653680174982e+01
-3.032339761361280850e+01
-4.551743229763858523e+01
-4.591105580151650045e+00
-1.658616601163308601e+01
-1.188698439236354432e+01
-2.269875478646451583e+01
-9.681361667610839561e+01
-2.594001972442802639e+01
-4.612162800060226431e+01
-6.538111267027399265e+01
-1.806800749761423575e+01
-1.942132367639822732e+01
-3.050211744461661567e+01
-1.243229457003665273e+00
-4.048095918736002830e+01
-2.323257251239700594e+01
-5.991204178246402989e+01
-1.424957792835047776e+01
-1.873983973146760817e+01
-2.454752419904944105e+01
-3.266459555224781042e+01
-4.997748870688133138e+01
-5.165361623534329816e+00
-3.352889605324880762e+01
-1.459508787794304929e+01
-2.964774523525773731e+01
-1.277662725329107118e+01
-1.426548648359382199e+01
-2.774924948927545643e+01
-3.933565855934804034e+01
-1.408144923685746619e+00
-1.917454297953221598e+01
-3.123816675162965595e+01
-1.298145310633524119e+01
-3.977499644095695430e+01
-1.107746671835919550e+01
-1.275990675411310171e+01
-5.108115381201226768e+01
-1.225684316986248357e+00
-1.722190668140999747e+01
-1.473163987930905350e+01
-2.932634922259867238e+01
-2.108790743486954256e+01
-3.842658812399193380e+01
-3.792712300087730171e+01
-1.036204294286211223e+02
-3.332701070610254135e+01
-2.323257251239700594e+01
-2.714613684705735608e+01
-3.039982868811848959e+01
-5.140523947517870340e+01
-3.020395168388933271e+01
-1.754952894721258261e+01
-3.618656367914582717e+01
-2.509943902140025429e+01
-4.354507743372975170e+01
-4.665441179138843708e+00
-4.358357736687414530e+01
-5.031388464147540596e+00
-6.452583347740501551e+01
-4.102653133051352086e+01
-9.632995698314104516e+01
-3.876100153282514782e+01
-1.960992634839487891e+01
-1.677899940875189699e+01
-2.546204828756617999e+01
-1.070116765635333778e+01
-2.974246253914168392e+01
-5.334781179154139608e+01
-3.977777190934449436e+01
-3.528637800861010021e+01
-2.236655629398349276e+01
-3.301276503036478260e+01
-4.121211383698695840e+01
-4.750988730507395275e+01
-2.200180896787023954e+01
-1.314237379925810423e+01
-3.253372663329897563e+01
-3.134234671672985328e+01
-1.655610380974652074e+01
-5.864851272821769612e+01
-1.458180403289411942e+01
-4.300884048967312623e+01
-1.931133041132897787e+01
-2.879181622547430308e+01
-2.885401627940741776e+01
-1.742596455086780693e+01
-6.891340866738939042e+01
-3.918460502086757913e+01
-3.601568333052536985e+01
-4.997748870688133138e+01
-4.516836658450704078e+01
-5.413139084545033342e+01
-3.577872721643576170e+01
-2.287868037520514974e+01
-2.588176643702430013e+01
-1.741855291219006929e+01
-3.931263914221055700e+01
-4.057246853016670940e+01
-3.873849070796559602e+01
-4.919155720139168153e+01
-3.838723530733842892e+01
-4.526999998524328106e+01
-1.001729886450537350e+02
-3.506102243937688456e+01
-4.414822275010648411e+01
-3.325274687584986566e+01
-5.429313231644940174e+01
-1.995291909198151004e+01
-3.434883417126455640e+01
-1.252779512249007965e+01
-4.074802898957210573e+01
-2.077334831316782271e+01
-2.421949352645515319e+01
-2.776887406711157524e+01
-2.270549442815788055e+01
-3.388381894875463018e+01
-2.690799872557384731e+01
-1.645513760097298928e+01
-1.841154524956646554e+01
-3.053836880990366609e+01
-4.569991755341188622e+01
-1.762548615559624565e+01
-1.955570919700294752e+01
-6.975963430539073329e+01
-2.869068214312966703e+01
-5.173253703917335855e+01
-3.130931301589050975e+01
-3.167807403028780300e+01
-2.496793746521839807e+01
-1.052667755922919213e+01
-3.479458953174057001e+01
-1.746806151895674120e+01
-2.054611466083915516e+01
-1.695510116589166927e+01
-4.939776996271171505e+00
-1.133483693786343238e+01
-2.963542387766436903e+01
-1.559849229475366350e+01
-5.736960104274539418e+01
-6.139776996271171683e+00
-3.039177146757111458e+01
-4.470855740198561357e+00
-1.937825870570867082e+01
-3.462128312332278313e+01
-3.854562053235093799e+01
-2.852562926893511275e+01
-3.174101348929212207e+01
-9.113414953295595922e+00
-3.202961981232621014e+01
-2.447319417162698940e+01
-1.739337452397322537e+01
-1.789893501142444521e+01
-2.075177839701774118e+01
-2.661005186033812464e+01
-2.283234526752842442e+01
-1.243229457003665273e+00
-2.015614984077027572e+01
-3.727521429441932810e+01
-2.639482593821619716e+01
-3.254731781151701142e+01
-1.907475690112318034e+01
-5.872494393898108456e+00
-3.034061521991742083e+01
-6.703057919345705784e+01
-2.278953616797602066e+01
-1.058920059787811709e+02
-4.468759655636139883e+01
-1.234950111656187843e+01
-3.977777190934449436e+01
-1.161776960805121028e+01
-3.138674834719606110e+01
-1.786239476892716738e+01
-4.569857248081445533e+01
-3.591928958835036667e+01
-1.069202116656719426e+01
-7.480214427300519731e+01
-3.003747184019049143e+01
-2.236655629398349276e+01
-1.743869411901305710e+01
-2.641192695216994579e+01
-1.070116765635333778e+01
-3.002640308481129594e+01
-2.777111348616768538e+01
-2.421211844358482068e+01
-1.871346095522580200e+01
-2.021041652641731901e+01
-3.599267973566359302e+01
-2.442435135875546592e+01
-1.103883887917901419e+01
-3.407367324567356093e+01
-4.288508496576201701e+00
-1.917259482060661213e+01
-3.169617926842416011e+01
-1.216124636750532417e+01
-2.072285458557950122e+01
-2.281439087246608466e+01
-3.366870503973902373e+01
-1.229153898116701704e+01
-4.225464657979534877e+01
-3.078481333279444243e+01
-1.252779512249007965e+01
-1.709371508171718190e+01
-1.084002537011544121e+01
-2.962482401412158239e+01
-2.506578838353704697e+01
-1.895911545393712672e+01
-2.351488878109428882e+01
-1.592267448906999050e+01
-1.917431538415259951e+01
-1.375154398652723842e+01
-2.474842992219509341e+01
-3.544360230033137071e+01
-1.693451099362973622e+01
-4.939776996271171505e+00
-2.032889617994375797e+01
-3.338912869866691580e+01
-2.017271365307508546e+01
-3.663784368491585752e+01
-4.922921305578069173e+00
-2.467000306629086737e+01
-2.154780876705544301e+01
-1.417782116779510559e+01
-2.544283418051883316e+01
-3.688633760779430304e+01
-9.393161600118580168e+01
-1.981036754308541248e+01
-2.950429308869264844e+01
-1.682555059855713608e+01
-7.159467995776430449e+00
-3.589527342568446500e+01
-2.806125398446936714e+01
-8.656789789218253262e+00
-1.358281339152979861e+01
-1.038038611099764275e+01
-1.070116765635333778e+01
-3.611057825855365877e+01
-4.516257730663022940e+00
-3.402450156631547884e+01
-4.990999359936640012e+00
-2.026372310778825891e+01
-3.527862913447241056e+01
-4.589918935762776897e+01
-3.506370368615474575e+01
-2.522901281187281342e+01
-8.248607084752967467e+01
-3.123989425879151582e+01
-1.053323203067798914e+02
-4.729183687481654630e+00
-4.274383711362953164e+01
-1.715059925104255711e+01
-1.267500526010528361e+01
-1.787175007354227319e+01
-6.535050917587902575e+01
-1.193058825773828957e+01
-5.147753672722616614e+01
-2.374377571041925705e+01
-2.801458798084903989e+01
-1.718644128056704901e+01
-3.653240593663673508e+01
-1.599440460452793822e+01
-2.060036123393410534e+01
-1.404833498673451331e+01
-2.676312136655424112e+01
-2.723848520171740617e+01
-3.922863483412224639e+01
-3.049881048854505394e+01
-7.358285780970857104e+01
-2.749933109551783517e+01
-1.742596455086780693e+01
-2.060036123393410534e+01
-3.198328945714509786e+01
-4.500000000000000000e+00
-1.473288230363477780e+01
-1.466405565910658026e+01
-3.578437070342050674e+01
-4.120159003224885907e+01
-3.314440983134345231e+01
-4.025229313981235890e+01
-2.824258049626751443e+01
-1.252779512249007965e+01
-7.198184710213263315e+01
-4.939776996271171505e+00
-1.810659102523719000e+01
-3.296350605901549358e+01
-1.286862364066146291e+01
-1.246051370217181642e+01
-4.991553044269935668e+01
-1.346005687160115194e+01
-4.087852786174781095e+00
-5.024669449371957342e+01
-1.756979004665634747e+01
-6.685915270919176123e+01
-2.697008778649647098e+01
-2.468703565174027403e+01
-2.696014768349913027e+01
-1.472447374478814197e+01
-2.197112639416559432e+01
-6.050052782453169442e+01
-1.051466730997626087e+01
-4.274489258469850483e+01
-2.278547512957992183e+01
-3.018911605881011084e+01
-1.904671410880365201e+01
-1.487138522580928068e+01
-1.609709205914350960e+01
-1.688484687586273481e+01
-2.279906002934837872e+01
-8.565461237389358473e+01
-1.623487635592332978e+01
-7.457672463106042926e+01
-1.124695639493396548e+01
-1.131245410977309440e+01
-1.107008343442208975e+01
-3.095676316496186686e+01
-2.064704396215141458e+01
-5.031388464147540596e+00
-3.475406725485073167e+01
-2.088891733485844426e+01
-2.075664521609203561e+01
-2.222282233064408530e+01
-4.088669398634986862e+01
-4.521459844208175127e+01
-1.640703711719130808e+01
-3.785755484005646565e+01
-2.830586398973576578e+01
-1.097560832813694631e+01
-3.770263948940370646e+00
-1.184331198936761353e+01
-8.267971772550772869e+00
-2.352846401410158705e+01
-2.669549322827170101e+01
-9.074916011728852538e+01
-1.903868772109035490e+01
-2.110517041075707567e+01
-4.939776996271171505e+00
-3.734888716841332279e+00
-5.526999235999094395e+01
-1.718644128056704901e+01
-3.612119461468770965e+01
-3.215870497885862989e+01
-1.656364153928003091e+01
-1.555257352184044706e+01
-3.075583107285483564e+01
-1.765807618249083077e+01
-2.764436783336017811e+01
-1.639059534860944822e+01
-4.293373035094142409e+01
-9.333440078835036502e+01
-9.125402642651364715e+01
-1.718644128056704901e+01
-4.163252264064001906e+01
-2.668808292453027775e+01
-1.551848505726290561e+01
-2.240314621177531862e+01
-2.496882551362210023e+01
-1.259625065083371709e+01
-1.658893190686657348e+01
-1.671152655302723389e+01
-3.721246782681400589e+01
-2.235874056118971254e+01
-3.885216170428151372e+01
-2.527615883305488964e+01
-3.481181736841288199e+01
-3.397869802943660744e+01
-2.851465281440927413e+01
-1.133548078664147774e+01
-2.226175112033928372e+01
-3.501873797734467075e+01
-1.338775064367120393e+01
-7.408129308542336844e+01
-1.889143497895061330e+01
-3.534067139534857915e+01
-2.060036123393410534e+01
-2.651016062585379274e+01
-2.798199918283858523e+01
-5.190625611186034405e+01
-2.942176193237435200e+01
-3.060565791036037098e+01
-2.492809709774249782e+01
-2.985324527579079401e+01
-3.121031282157428777e+01
-1.243229457003665273e+00
-2.380773581458457855e+01
-4.256399566575741034e+01
-1.229768751692568571e+02
-1.136414833171994871e+02
-4.490526145257721424e+01
-2.213265089086100090e+01
-1.088428263146540509e+01
-6.919789352764881585e+01
-4.600354793940716291e+01
-1.742596455086780693e+01
-2.111978917675053324e+01
-2.529249272978788099e+01
-1.828354866514224497e+01
-1.614503409055291527e+01
-2.903576623077111662e+01
-1.489529500305605580e+01
-2.515493526978005434e+01
-6.350634047939749394e+01
-1.252779512249007965e+01
-2.149759347299198708e+01
-4.383121423129439620e+01
-1.431684383076425888e+02
-4.252786829550075964e+01
-2.088891733485844426e+01
-2.483439259445481895e+01
-1.097560832813694631e+01
-9.787506836831478552e+01
-2.303250807621580165e+01
-8.213849512863376390e+01
-2.190595552593837070e+01
-1.989958285685154138e+01
-2.676562172360008063e+01
-1.357146723449117687e+01
-1.760566909861256235e+01
-4.367098074640783523e+01
-3.017835839360857619e+01
-3.025858070180220594e+01
-4.173813339827353275e+01
-2.737226364071956652e+01
-2.862625150024250331e+01
-3.861920241840982015e+01
-4.307214282913189152e+01
-1.690769550343464900e+01
-1.780323092205662761e+01
-1.506498203748773612e+01
-2.107740441089987016e+01
-5.403901155102905918e+00
-1.770607641034352397e+01
-1.044855885357157987e+01
-2.628510884501718081e+01
-3.288964916823220364e+01
-3.744293211878807881e+01
-2.152512379709598278e+01
-5.358730587318626704e+01
-2.236655629398349276e+01
-1.720397689404265051e+01
-5.872494393898108456e+00
-5.432308260994022220e+01
-4.497587863826245780e+01
-3.953367075685488174e+01
-3.948082775280171575e+01
-3.175171590498121077e+01
-1.692833835508745466e+01
-3.524350060889818792e+01
-2.058977281639606716e+01
-4.349983089389900215e+01
-2.834527708301652638e+01
-6.414544215420553996e+01
-2.060036123393410534e+01
-3.057869108355466992e+01
-2.140867181776366479e+01
-3.772957017531565072e+01
-6.635833485587028235e+01
-5.249190114315191380e+01
-2.634105034493831710e+01
-3.377575482480399671e+01
-1.622830827521183039e+01
-1.352212801696224709e+01
-1.252779512249007965e+01
-6.570225083198586447e+01
-6.421131500179225782e+01
-4.547412487954088789e+01
-1.387472934564555338e+01
-1.872535922641252171e+01
-1.630674177725767393e+01
-1.360109990710988548e+01
-2.882330563181454508e+01
-1.229153898116701704e+01
-4.439195018109339586e+00
-3.455415588714318886e+01
-2.239520689451191160e+01
-1.272279018519831872e+01
-1.070116765635333778e+01
-3.769288379575960590e+01
-3.115954355468992176e+01
-6.613990700612342266e+01
-1.252365061279003910e+01
-7.861688284615993894e+01
-3.133055764152114975e+01
-1.362570245242372735e+01
-3.037819062076922805e+01
-5.872494393898108456e+00
-2.909434668647594435e+01
-1.595518797694572655e+01
-2.323423125079833440e+01
-2.133572654016102632e+01
-1.748961386871366841e+01
-2.060036123393410534e+01
-2.194536604563479187e+01
-1.515062810440691443e+01
-1.685398347519266338e+01
-1.070116765635333778e+01
-1.356654148927402304e+01
-1.129101024739522074e+01
-1.850866944011702486e+01
-1.472556477812112341e+01
-1.079008571402281547e+01
-4.700357228888512395e+01
-1.097560832813694631e+01
-1.666274034131654957e+01
-1.409604968944110048e+01
-3.403389988461771054e+01
-2.024795976742504777e+01
-5.872494393898108456e+00
-6.213298692079876417e+01
-1.243229457003665273e+00
-3.695173752664491218e+01
-1.563685186422578788e+01
-6.250587849500661264e+01
-1.882041816210398721e+01
-2.695112885978340955e+01
-2.030208698691785685e+01
-4.997748870688133138e+01
-1.473418189764962705e+01
-1.229153898116701704e+01
-1.544187156869426047e+01
-4.939776996271171505e+00
-2.627627864460535179e+01
-2.542532708607083691e+01
-9.319327471531356366e+01
-4.191875725371781414e+01
-2.557258088302465282e+01
-1.846268044057857338e+01
-2.273248014665483296e+01
-2.323257251239700594e+01
-1.687546910878570117e+01
-2.463250424795830895e+01
-3.728200585521718580e+01
-2.861082842207533616e+01
-2.215229199127636406e+01
-1.070116765635333778e+01
-5.195812918255864332e+01
-6.550300613567463870e+01
-2.181642158218862093e+01
-5.455393688599532709e+01
-3.583149427627993333e+01
-1.118420018171804919e+01
-3.649484369856421040e+01
-3.532272997516269442e+01
-1.361217317152299344e+01
-1.174047593177412985e+01
-2.216883110793375167e+01
-5.498726336229347567e+01
-1.688934883666868103e+01
-2.177509204024854483e+01
-2.662073598275139830e+01
-9.581912332423738121e+01
-2.719741308459074247e+01
-2.067117993936791009e+01
-4.486037958895008870e+01
-1.861760346941177957e+01
-1.762040524447797907e+01
-1.996583153248641551e+01
-1.683797582176990915e+01
-1.252779512249007965e+01
-2.835154858031631164e+01
-5.872494393898108456e+00
-3.400707796404354610e+01
-3.690072409890637317e+01
-5.210884869519513352e+00
-1.718644128056704901e+01
-2.773286553733529658e+01
-1.752436628507068761e+01
-2.399386582628525133e+01
-1.344818912175974113e+01
-2.236655629398349276e+01
-3.139807835036710770e+01
-3.491082441553137272e+01
-1.133924425686638493e+01
-1.755847707370448418e+01
-3.620517180220657938e+00
-2.015819288370947504e+01
-2.963489150888839774e+01
-1.881928997784219959e+01
-1.722036381195565724e+01
-1.943877971031605512e+01
-1.425437229183690491e+01
-4.019073240995272300e+01
-3.491823823001941918e+01
-2.031579964488096124e+01
-1.507675551637854916e+01
-1.514193557016771408e+01
-4.029346686579567915e+01
-2.473738878300972743e+01
-3.600414075195328856e+00
-2.490161144687069950e+01
-7.878061207768983110e+00
-3.774834748090371050e+01
-1.278623006360124670e+01
-2.216210675396701646e+01
-3.451011595375069163e+01
-1.820868228868060257e+01
-5.528785970180179277e+01
-1.243229457003665273e+00
-6.919784018703984962e+00
-2.100060195775027339e+01
-1.718644128056704901e+01
-1.782299164917290568e+01
-1.501061562645631220e+01
-3.088168090228559137e+01
-4.074903057563761877e+01
-2.696225652400141826e+01
-2.777570174453372331e+01
-1.990228344160306051e+01
-3.553705276548264891e+01
-2.037852204694495484e+01
-1.530913442812677694e+01
-8.365906204129264268e+01
-3.833089205511705444e+01
-4.939776996271171505e+00
-4.585527877080664183e+01
-3.566193099167190894e+01
-5.210884869519513352e+00
-1.961269165499686906e+01
-3.602819884768754832e+01
-1.454106346742808853e+01
-6.913896276537111873e+01
-2.393047934356440720e+01
-2.520726884157760495e+01
-4.693241553169475111e+01
-6.120621622278648033e+01
-2.893826206480135355e+01
-1.070116765635333778e+01
-1.535458322915920704e+01
-3.681274115243592604e+01
-2.505926990665131626e+01
-4.208212571586176409e+01
-2.118666373679965531e+01
-1.718644128056704901e+01
-4.555020665532093460e+01
-3.794042064876237674e+01
-9.914558443012396083e+00
-2.934575438897050148e+01
-7.375248426286400161e+01
-2.615146122713567323e+01
-4.988282932996970231e+01
-1.490778046728760842e+01
-1.097560832813694631e+01
-2.256730392079242264e+01
-4.273991234041496057e+01
-4.939776996271171505e+00
-3.448670770103836247e+01
-2.455032522116053428e+01
-1.133548078664147774e+01
-2.488989959123506779e+01
-1.248902603553967694e+01
-2.348077467222082504e+01
-3.123949300250448857e+01
-5.210884869519513352e+00
-3.565088914102113193e+01
-1.242556538108141062e+01
-1.585073265431308442e+01
-3.191588000336789221e+01
-1.666393182604107182e+01
-3.061587958038893120e+01
-3.977777190934449436e+01
-1.623983635902255429e+01
-1.683779873700263252e+01
-9.354611387932935429e+01
-7.189304136365865361e+01
-3.186752259997101788e+01
-2.171738901761295892e+01
-1.605514551280172242e+01
-1.050119216969831548e+01
-4.990828190716046464e+01
-6.427536576979019145e+00
-3.828763834031747137e+01
-2.407537436656632934e+01
-3.247075577403488467e+01
-3.256935644273260522e+01
-1.936103300965812934e+01
-1.726108255886311582e+01
-1.055323669012076380e+02
-3.032351328707771998e+01
-9.966022149148365372e+00
-5.872494393898108456e+00
-2.972568013757893368e+01
-1.585415884703685485e+01
-2.193276426518940525e+01
-3.904934017736427165e+01
-1.206350452390864625e+01
-8.540402602573806234e+01
-1.881561716429518327e+01
-5.058752486848588603e+01
-1.451484295648987910e+01
-2.558241635816649051e+01
-1.741717748872969906e+01
-3.166026129787302068e+01
-2.236655629398349276e+01
-2.482017770888990782e+01
-2.774771143870707135e+01
-1.284956974460048151e+01
-1.718644128056704901e+01
-1.605995527425755043e+01
-2.308597773321984903e+01
-2.134574715459951477e+01
-2.060908966061796477e+01
-2.112254331656003359e+01
-1.243229457003665273e+00
-3.529313302324766255e+01
-1.753869236414381660e+01
-2.010379084421427009e+01
-1.662319747665073777e+01
-4.067563284001435164e+01
-1.623692305531429625e+01
-4.824515391345253335e+01
-2.241205864951700732e+01
-6.943089008202177226e+00
-3.251257258640245595e+01
-1.950272244356731477e+01
-2.591075014490282413e+01
-2.708241506170928048e+01
-3.754850397843055276e+01
-4.844902599670720633e+01
-2.572088698569832488e+01
-2.967781350969324805e+01
-1.255328513079679453e+01
-2.109805604448439098e+01
-2.019219032849470707e+01
-2.236655629398349276e+01
-2.343440861973284584e+01
-2.205861597584869571e+01
-2.082564170907998502e+01
-1.189111276820773710e+01
-1.243229457003665273e+00
-2.876497880264274087e+01
-5.210884869519513352e+00
-2.823898697197678231e+01
-4.565652647062066194e+00
-2.048256454909128976e+01
-2.531294375530414698e+01
-3.338654477250445751e+01
-1.839690355963024970e+01
-1.678028580981341022e+01
-3.855026335755913891e+01
-1.520278574342863998e+01
-4.999946466326528594e+01
-3.363906766503733081e+01
-1.457976776367640781e+01
-1.844296977892725309e+01
-3.525866749570581504e+01
-2.093105525499482411e+01
-3.110531573707665842e+01
-3.062203032824978877e+01
-4.083360476356259738e+01
-3.977777190934449436e+01
-2.056706367943955982e+01
-5.039439524984678798e+01
-5.155633804053835689e+01
-2.361222093040217729e+01
-2.451555934844174089e+01
-2.236655629398349276e+01
-1.530417900911117179e+01
-1.483474450848241943e+01
-9.979218846893593309e+01
-6.865066109681544049e+01
-1.594274443270266772e+01
-4.834204036988376174e+01
-2.222897184563811734e+01
-8.780851646484920892e+00
-3.506634207295007855e+01
-4.438399613599175098e+01
-3.633042878416335952e+01
-4.560650316598302823e+01
-2.947002612335320038e+01
-1.243229457003665273e+00
-3.152837740762724295e+01
-5.458225330378714801e+01
-6.403077800373489481e+01
-1.526311038115654029e+01
-4.274537371675267394e+01
-1.612254597379642007e+01
-5.115973582667123765e+01
-2.447730662433574622e+01
-1.844519648719949600e+01
-1.629027185521844956e+01
-9.511811167011659052e+01
-1.611954427294380210e+01
-3.541949849329768796e+01
-2.245671285668742456e+01
-1.824753092887772610e+01
-5.031388464147540596e+00
-3.738302937129400050e+01
-4.405888873838585340e+01
-1.653177958705508743e+01
-9.829388663977994156e+00
-1.818752959895212129e+01
-2.708745081521890796e+01
-2.580821342579552180e+01
-4.580181902076274980e+01
-2.586069694064783775e+01
-2.103421109921331933e+01
-2.688364831333038651e+01
-1.810633007751508217e+01
-2.027147730414196758e+01
-3.063167406332254927e+01
-6.179071115631599298e+01
-4.173573378485939855e+01
-2.799180936626729377e+01
-9.356398026359650544e+01
-3.051804963993231112e+01
-6.237891299792203625e+01
-1.589708183448939494e+01
-3.262556025875574761e+01
-2.744902421863958608e+01
-3.403707921829020222e+01
-4.034559285742710699e+01
-6.028183272150724292e+01
-1.385795618574740473e+01
-1.986343233123485419e+01
-2.022924724132110441e+01
-5.210884869519513352e+00
-1.252779512249007965e+01
-3.034792949227597347e+01
-5.938640555175299340e+01
-1.097560832813694631e+01
-2.293104197607843275e+01
-1.412284831039455746e+01
-3.432824910148414688e+01
-2.709381007257014673e+01
-2.464020459480786940e+01
-1.689669786130338025e+01
-2.236655629398349276e+01
-1.070116765635333778e+01
-1.332212565217519717e+01
-1.051705710455088933e+02
-5.108115381201226768e+01
-6.458035933957948060e+00
-2.714525723440856808e+01
-1.409973243680744659e+01
-1.758433464556037507e+01
-2.749933109551783517e+01
-2.320369044111468426e+01
-5.079009444963281794e+01
-1.363623553349508377e+01
-2.882877147190897560e+01
-3.268736467403318358e+01
-4.538386418485937668e+01
-4.490641884366895908e+01
-4.215646306322376091e+01
-3.087122019439239295e+01
-4.894450968774737731e+01
-4.239089950524230943e+01
-6.368762776888002008e+01
-2.962687894311984493e+01
-9.214495417810361744e+01
-1.841551403734497683e+01
-4.711507085124422645e+01
-2.517339904103755899e+01
-4.028342363099177703e+01
-3.907914803573888918e+01
-1.994020441989603398e+01
-3.224088220756346601e+01
-4.416908613069976042e+01
-1.745640020283792637e+01
-2.242375473344822367e+01
-3.422402552376205875e+01
-3.915576825355029911e+01
-2.042342172246686971e+01
-3.630905408239998877e+01
-5.872494393898108456e+00
-3.249426768724141112e+01
-3.762496466428213182e+01
-2.194776157571958564e+01
-3.386100891631195964e+01
-2.700051304480587078e+01
-1.986528183040343620e+01
-1.840778743150035623e+01
-1.070116765635333778e+01
-3.323319473883571362e+01
-3.970458949760126188e+01
-2.762467558843649584e+01
-1.765807618249083077e+01
-2.630091459676101451e+01
-1.718644128056704901e+01
-3.261330483721708617e+01
-2.329786085143642893e+01
-2.605927555633929060e+01
-1.692321194355040248e+01
-1.828721491241895336e+01
-3.635008695593443662e+01
-3.908600320142062401e+01
-4.346393563249695546e+01
-1.971987785902442880e+01
-3.042596389394082479e+01
-1.521327681922764974e+01
-2.992148884776667472e+01
-6.423127143655197102e+00
-1.997576601764039594e+01
-1.512626920343576842e+01
-1.243229457003665273e+00
-1.252779512249007965e+01
-2.521992535695795112e+01
-4.364755349499891679e+01
-1.097560832813694631e+01
-3.506978800321558509e+01
-5.225230298337643831e+01
-2.060036123393410534e+01
-1.252779512249007965e+01
-3.977777190934449436e+01
-5.896290372481293218e+01
-3.104973152025863214e+01
-2.434195560615029308e+01
-1.977167026394602445e+01
-5.210884869519513352e+00
-1.008225074293598311e+01
-8.007816980473698720e+00
-2.268354281905997638e+01
-1.754382063104590017e+01
-1.753633177401517429e+01
-3.687873942792027293e+01
-6.021091948763778845e+01
-2.707448488010975041e+01
-1.718644128056704901e+01
-1.543477721713240314e+01
-1.015124231939684307e+01
-3.561047079910949975e+01
-1.629300073006121252e+01
-1.995540509457449474e+01
-3.293214661873059157e+01
-1.252779512249007965e+01
-7.453181808638292694e+01
-3.870727923715779184e+01
-5.463788569180068322e+01
-3.870727923715779184e+01
-1.718644128056704901e+01
-1.777686796455864027e+01
-3.387913875967253574e+01
-1.878514099473382615e+01
-2.456302075562875231e+01
-5.210884869519513352e+00
-4.470508507576919044e+01
-2.058522206026308154e+01
-1.617177987993314403e+01
-1.168030841468720382e+00
-5.178239729003398395e+01
-1.133548078664147774e+01
-6.200427042297173585e+01
-1.097560832813694631e+01
-2.707390146440635093e+01
-2.221869146516658589e+01
-2.905322851124122963e+01
-5.872494393898108456e+00
-2.629021100325377347e+01
-1.672371987754413070e+01
-5.647964335841932915e+00
-3.246387123177400014e+01
-6.758438192205781547e+01
-2.220167370300227816e+01
-3.081938157657479849e+01
-1.070116765635333778e+01
-2.326712787150077588e+01
-2.204302663082692959e+01
-1.734708188179624244e+01
-2.800630609811293326e+01
-3.256106458301339046e+01
-5.210884869519513352e+00
-2.094630724202046324e+01
-5.366062252079812112e+01
-1.133548078664147774e+01
-2.403331761041323489e+01
-2.739418025674882173e+01
-2.905485686944019363e+01
-3.284715143312389785e+01
-1.243229457003665273e+00
-2.065933340483258007e+01
-1.589993354576776596e+01
-2.358689484556375859e+01
-2.060036123393410534e+01
-1.937759588074369788e+01
-2.027785692909985116e+01
-5.210088516993646124e+01
-3.896426595853785102e+01
-2.855724947517922985e+01
-2.517204019452957198e+01
-4.173040152757838683e+01
-2.200884138033825010e+01
-4.390600455811722469e+01
-3.356486750792939944e+01
-2.376032834698921192e+01
-2.893189968970330028e+01
-1.243229457003665273e+00
-2.714298511435929484e+01
-2.634908429527217777e+01
-1.944758389626234418e+01
-2.675199046258130764e+01
-1.114489948053599200e+01
-1.790036769182243503e+01
-3.989257256406828134e+01
-2.352952522931011359e+01
-3.447723474313534098e+01
-1.896611596947405332e+01
-1.097560832813694631e+01
-9.680407679917369990e+01
-2.076079798105163832e+01
-1.408729299021013759e+01
-2.367254777247574538e+01
-2.424901553133258858e+01
-6.621944493053990755e+01
-3.115696331553976250e+01
-1.374603171898631970e+01
-3.146081493380428284e+01
-3.586679920132097976e+01
-2.714849917172942639e+01
-3.373604569323981650e+01
-3.672102639698331927e+01
-3.902784873138212873e+01
-2.087756949941988438e+01
-2.246248786978522105e+01
-3.666734787453084721e+01
-5.872494393898108456e+00
-2.664408869323654017e+01
-4.097638843236962458e+01
-4.419448572353617521e+01
-2.968425433197117869e+01
-2.986830097598515366e+01
-1.374603171898631970e+01
-4.314348473785810256e+01
-4.435610607140415595e+01
-1.133548078664147774e+01
-2.826958844680257954e+01
-1.243229457003665273e+00
-2.133658686608540833e+01
-3.330999328445862773e+01
-2.955476725552202311e+01
-2.932881308894914696e+01
-3.751454189818207396e+01
-1.385795618574740473e+01
-2.198817863981760112e+01
-1.070116765635333778e+01
-2.306815105820122014e+01
-5.540715369268921364e+01
-1.718644128056704901e+01
-2.750854751587171876e+01
-2.890147950384735864e+01
-1.718644128056704901e+01
-2.060036123393410534e+01
-5.832186916980423774e+01
-3.885795692089369169e+01
-2.284456107366862909e+01
-2.495211523473750503e+01
-4.997748870688133138e+01
-6.064974732449842776e+01
-1.133548078664147774e+01
-3.843798361061716662e+01
-3.558072126073718522e+01
-2.466744581832664451e+01
-3.418055159270718946e+01
-3.328749076995065082e+01
-2.846376292794837326e+01
-3.421288431994063473e+01
-4.355310358833253304e+01
-4.149106977562593102e+01
-5.519689387367171918e+01
-3.951730389275418531e+01
-5.541842862883146381e+01
-1.277662725329107118e+01
-7.925618784555998886e+00
-4.820214403913200130e+01
-2.828841613490634543e+01
-4.440108784914489348e+01
-5.349810832817885142e+01
-3.481002297056011230e+01
-1.691192820513036565e+01
-4.037851904301541595e+01
-1.351809607380127787e+01
-3.346333799969124811e+01
-3.019031274702539847e+01
-1.252779512249007965e+01
-3.977777190934449436e+01
-4.475652984160865877e+00
-2.714188347780825339e+01
-3.103688171607716129e+01
-4.632019256319878764e+01
-2.037552398717891933e+01
-1.919614202855062146e+01
-9.424558957322627606e+00
-1.249603894475659338e+01
-4.939776996271171505e+00
-3.859480449729309726e+01
-1.130543926150110856e+01
-2.920244511307578250e+01
-1.746433704478285165e+01
-6.139776996271171683e+00
-3.343809287005969821e+01
-2.484934583096013228e+01
-2.236655629398349276e+01
-2.824676617440353255e+01
-3.727431998785200307e+01
-9.033851796972463433e+00
-2.764487198456143346e+01
-3.124214740533869872e+01
-2.819009707336705617e+01
-2.834568555572491988e+01
-1.412067887518974452e+01
-1.709569268640549922e+01
-3.219833704971399158e+01
-2.446809591170714526e+01
-4.997748870688133138e+01
-2.154747604984062193e+01
-2.792958188019661847e+01
-3.269812654340854152e+01
-2.614059884132457867e+01
-4.179701284332144695e+01
-6.877555361521700661e+01
-2.158864275014397194e+01
-1.993387763020135850e+01
-3.627722919616795139e+01
-3.528220478323119380e+01
-2.480804202400788228e+01
-2.087550674432556974e+01
-6.346950728327611557e+01
-3.587193164112215982e+01
-1.910282906606772002e+01
-2.198871774371574261e+01
-2.729311194043897615e+01
-1.738349559151033574e+01
-1.385795618574740473e+01
-9.823283472427085883e+01
-3.633907569357214840e+01
-2.418397960410511160e+01
-4.991220736115075596e+01
-3.760306490554440018e+01
-2.723589418074958957e+01
-1.767846351722671727e+01
-2.037516892165871241e+01
-2.913124773834002568e+01
-3.724788043855259900e+01
-2.757611268871499632e+01
-3.007096057565746605e+01
-1.791527363451524124e+01
-3.834987054559601916e+01
-2.951080886971733364e+01
-3.314501143742928235e+01
-2.480896892111756102e+01
-2.032291403440587629e+01
-2.658381557295288644e+01
-3.417861988390096428e+01
-2.570625403268006437e+01
-2.804205172087512921e+01
-1.549993669438543797e+01
-2.936268777972480848e+01
-2.593919507687581216e+01
-3.064708380403387622e+01
-1.698631332184167064e+01
-1.713568813023365323e+01
-4.548210949160577599e+01
-1.413438223339957567e+01
-1.070116765635333778e+01
-6.475989930023290597e+00
-3.879005244630227001e+00
-5.761140689770937229e+01
-7.805709900463955364e+01
-1.078146177664715992e+02
-3.791230973365419743e+01
-3.699141257333976540e+01
-1.385795618574740473e+01
-4.939776996271171505e+00
-2.814255521004500338e+01
-6.934278328812069958e+01
-2.313723153049576453e+01
-1.969077363847848261e+01
-4.051354864609845663e+01
-3.816032975473785172e+01
-3.670661788687997529e+01
-4.581357907777760374e+01
-4.055076554000002886e+01
-1.385795618574740473e+01
-2.608743991012513419e+01
-2.551381033002214949e+01
-2.202888910802106892e+01
-3.330160219835911306e+01
-9.647008131897584349e+01
-2.420050651529456687e+01
-3.492050639901993492e+01
-2.117958586090728446e+01
-2.106458449718015657e+01
-3.787533163537443670e+01
-6.016046410114342713e+00
-2.597119621545741808e+01
-2.901085952153459502e+01
-4.515716097141013563e+01
-2.227235116634311751e+01
-9.202132416006736548e+01
-2.370241889329090057e+01
-1.874796805492397667e+01
-1.753612836534549402e+01
-3.545957864832828932e+01
-2.344873934842825136e+01
-3.083449309563010843e+01
-6.202325327262263599e+00
-3.886815479456519284e+01
-4.109506262870959148e+01
-3.238727306576512888e+01
-3.489404761051792292e+01
-2.432396254673212965e+01
-4.040579337402291316e+01
-1.088937890081252036e+01
-4.899009016846244435e+01
-2.295753881588076339e+01
-1.850453388443203906e+01
-2.085485791693694324e+01
-9.871533273913021844e+01
-3.286487910003470603e+01
-2.722944432290312733e+01
-5.561913406709811269e+00
-3.299690167369318772e+01
-3.558948505550571895e+01
-3.572260635445110921e+01
-3.873136150122714128e+01
-3.482504012735468280e+01
-1.252779512249007965e+01
-4.164252034024097071e+01
-4.787398698699067090e+00
-3.158478795676929352e+01
-4.216763743279920362e+01
-4.360804399811353704e+01
-3.878322269233336783e+01
-2.991231167529140933e+01
-3.505277774309702465e+01
-2.722567384132383239e+01
-3.602602133718912825e+01
-1.085634576023024778e+01
-2.496845856807949815e+01
-3.226790089505032455e+01
-2.477818193115970047e+01
-2.181526718648184016e+01
-8.736017184327257823e+00
-3.692714957369499729e+01
-1.744645835133673017e+01
-8.106045162065706222e+01
-5.056394196801240781e+01
-3.257280450370809888e+01
-4.388332701958013615e+01
-4.025438978794431932e+01
-1.640703711719130808e+01
-3.781181178190127667e+01
-3.651068441970563327e+01
-1.948170440882640975e+01
-6.202325327262263599e+00
-3.975620345896411578e+01
-3.977777190934449436e+01
-7.059621858676139539e+01
-1.229153898116701704e+01
-3.103590410331558402e+01
-2.638425961022483079e+01
-3.129042961482902996e+01
-4.417167155339561901e+01
-2.823518636166213014e+01
-2.781031775169638465e+01
-4.528856712043202748e+01
-5.933400174497684532e+01
-2.692419956028819072e+01
-4.360081898111421594e+01
-3.064809025723474178e+01
-5.744261083751842989e+01
-3.971392002342260952e+01
-4.870732295712751636e+01
-2.609504867783361703e+01
-4.295577843922921346e+01
-5.561913406709811269e+00
-3.908701993190206281e+01
-3.037519189012636289e+01
-3.277363620592792870e+01
-2.567049743678531115e+01
-2.137546023329333877e+01
-4.128364547686414454e+01
-6.876711477477601697e+00
-3.808669647949975712e+01
-3.142448425165829207e+01
-5.358730587318626704e+01
-3.295410943882136934e+01
-3.741076258897177098e+01
-2.475371436763621702e+01
-3.081239222510674125e+01
-3.116472482769458807e+01
-5.395519424156324817e+01
-3.408016806703026447e+01
-4.839656804186649453e+01
-4.054639087432666145e+01
-4.119912670303206426e+01
-2.576293862627773734e+01
-3.645354268274486031e+01
-1.718644128056704901e+01
-3.319884416988413278e+01
-4.103842588110859424e+01
-5.899864345808882149e+01
-4.662342839892292545e+01
-3.506266184708138667e+01
-2.060036123393410534e+01
-7.674305789931204913e+01
-4.265856010798935927e+01
-2.532971687880277400e+01
-3.881269404742685936e+01
-3.306998486601299447e+01
-3.207385786894091240e+01
-4.477523457815539132e+01
-2.149205035163689459e+01
-2.088891733485844426e+01
-3.209578238709283937e+01
-1.243229457003665273e+00
-4.677721963135645922e+01
-1.669294897289307755e+01
-1.070116765635333778e+01
-8.615805844586661522e+01
-1.718644128056704901e+01
-2.723592807550775774e+01
-2.978031870242956458e+01
-3.108117668205488471e+01
-1.243229457003665273e+00
-2.173608580600599538e+01
-3.683679361408421471e+01
-2.236655629398349276e+01
-1.302956972417119808e+01
-1.243229457003665273e+00
-2.587290602728302957e+01
-1.070116765635333778e+01
-4.085397086205845341e+01
-3.139718951073666275e+01
-3.861210285409016763e+01
-3.580863973104222708e+01
-5.561913406709811269e+00
-9.558826917892101704e+00
-2.554910273112419006e+01
-3.583497745545876967e+01
-2.983532384956331995e+01
-7.038821498861008052e+00
-3.767202440901486682e+01
-2.725987142707379718e+01
-1.160299388312733804e+01
-2.477240233858179508e+01
-3.813119782253042445e+01
-3.460977242899426187e+01
-2.142956719879415672e+01
-6.261010282869226984e+01
-2.236655629398349276e+01
-4.196603022439866493e+01
-2.659459107462110339e+01
-2.394100371279188622e+01
-2.408613127586004055e+01
-1.742596455086780693e+01
-2.944698302164538006e+01
-3.641468030293366098e+01
-1.527880872079004249e+01
-2.645400507042019100e+01
-1.926176941368442996e+01
-6.797055962906991056e+01
-2.331742108442812622e+01
-3.574912162098416957e+01
-8.486872151050325996e+00
-1.374603171898631970e+01
-7.210676062483472037e+01
-3.464229201484503307e+01
-3.505295897528102955e+01
-2.866395392573779333e+01
-2.743969160460237333e+01
-4.553400811497144929e+01
-5.210884869519513352e+00
-2.165184176059982590e+01
-1.742596455086780693e+01
-2.127773063785951280e+01
-4.019266931159418021e+01
-6.222890674619363516e+00
-3.087396867554717872e+01
-2.323257251239700594e+01
-2.957805820981610623e+01
-3.355178846774625612e+01
-4.108599161804312416e+01
-3.530652255116558536e+01
-3.003097302655002565e+01
-2.119667911592900822e+01
-2.794527626747268556e+01
-2.499758703015577765e+01
-2.738923825194371986e+01
