-2.521233994922344124e+01
-3.165869914366356141e+01
-2.069453877593713642e+01
-7.499999999999999112e+00
-4.824446137334707174e+01
-2.008406113716778307e+01
-5.602030321399965374e+01
-1.821508203277219451e+01
-2.473060216664756439e+01
-2.194730282603845950e+01
-7.262722941456827641e+01
-3.998222257032881544e+01
-1.446515526936827989e+01
-5.034208999103087478e+01
-1.357209911090123171e+02
-9.844533287812465971e+01
-3.525355199277149865e+01
-1.053895743110105343e+01
-1.298826444146647248e+02
-1.764311804065383527e+01
-2.479140037251867312e+01
-2.367593637363837900e+01
-9.860709429929771375e+01
-4.080728670744282738e+01
-5.741241380929331939e+01
-9.135702227493709415e+01
-4.875666332573426587e+01
-4.293774465431028631e+01
-2.028508443703516306e+01
-7.597606043520013941e+01
-4.146361265520855000e+01
-1.498039637082755071e+01
-3.448390246807188930e+01
-8.421185450007818929e+01
-3.618272112118331307e+01
-1.751764133833581383e+01
-2.932537495441258102e+01
-5.758423193997943912e+01
-1.504695810624370900e+01
-1.874256970515594745e+01
-1.509728770377992646e+01
-1.921367338424573035e+01
-3.628001996508466220e+01
-1.029344175170800746e+01
-3.982682715298301446e+01
-7.969898290694956700e+01
-3.291169716358781017e+01
-5.247175724580890233e+01
-2.262002148466438101e+01
-1.592770480316752355e+02
-5.296604332338669252e+01
-4.148992876332390267e+01
-1.126680054398701287e+02
-1.121964075234486380e+01
-7.497039732565731640e+00
-4.643794356012596580e+01
-9.840422974253113964e+00
-2.411240330613665961e+01
-7.222737493364392947e+01
-4.885379454484485962e+01
-2.426724772299343158e+01
-8.098111671089287711e+01
-1.120850174372136543e+01
-4.211243709884839603e+01
-3.236836987160904755e+01
-6.157471877601852839e+01
-1.027681981180684687e+02
-1.518499043237821589e+01
-4.946830909395919207e+01
-9.354197828491871647e+00
-3.629501015129930153e+01
-1.854640639129127067e+01
-2.973834072707349208e+01
-6.478383810709423152e+00
-4.959971776534548127e+01
-1.506164527269302056e+01
-1.311104301285968354e+01
-2.075419300706595394e+01
-7.487210377863749500e+01
-4.172426558148469411e+01
-4.948079388952182001e+01
-6.101036754775780224e+01
-1.429628967360159031e+01
-2.156218196463750658e+01
-3.140473764411074953e+01
-1.198811611756405071e+01
-4.632034601935878015e+00
-9.288357919116037920e+01
-1.275495617461676012e+01
-2.118247176674996268e+01
-1.566329767636641357e+01
-4.326083412382529758e+01
-1.415210875197314238e+02
-9.287181597809069444e+01
-3.139611597068055104e+01
-7.659016963526800836e+00
-6.695941401911579760e+01
-1.967879334917412848e+01
-9.066844693003611155e+01
-4.353428101281286189e+01
-5.053049208004068760e+01
-9.991553301919752528e+01
-3.460976936780625834e+01
-6.431862813305644799e+00
-1.862919295414042438e+02
-4.774239204716808160e+01
-8.134180939541511179e+01
-7.422841653718543853e+01
-1.128053452020674001e+02
-1.762412849758124977e+01
-5.737504802271625692e+01
-1.121416490307511822e+02
-7.949480713696952705e+01
-4.957330965505673248e+01
-1.196229595384162359e+01
-5.228798331554980194e+01
-2.832672743128050286e+01
-3.509679755588652483e+01
-3.047841575592364549e+01
-4.523091809995834467e+01
-7.280644704139361068e+01
-6.173075392754820712e+01
-8.007094741086513068e+01
-6.230393755832243130e+01
-4.462952511806079769e+01
-7.779428865178911678e+01
-6.492227946966713148e+01
-8.153306563489289260e+01
-6.865283013780999966e+01
-1.271255482611450738e+01
-3.022563017325022727e+01
-8.811786849325871529e+00
-5.488328604939354705e+01
-4.143211944244535516e+01
-9.881863483882511900e+01
-4.624638245220063482e+01
-1.076932922035287703e+02
-2.362466659425498960e+01
-1.378165633846649207e+01
-3.271470120819927274e+01
-3.898179184954764764e+01
-6.809347435522516889e+01
-8.879737366310820335e+01
-3.858498970462574817e+01
-1.081495812401945926e+02
-3.002109135993688227e+01
-6.857120882554444563e+01
-5.480066785592124745e+01
-5.197747752429097545e+01
-8.714746701936437745e+00
-6.794078277241926855e+01
-3.559127807710241598e+01
-4.875098061607966571e+01
-5.705320497527829104e+01
-6.408030410882844308e+01
-3.561060307853236395e+01
-1.425288771884586581e+01
-1.684453646914555947e+01
-2.983215908498220870e+01
-8.644244736150542963e+01
-1.922961574962880604e+01
-9.201617588371225054e+01
-4.516452949837814401e+01
-5.954842563656030308e+01
-4.758867321132755990e+01
-8.102928080312682368e+01
-6.664301570997957924e+01
-5.094767540933898431e+01
-1.377492688191918369e+01
-4.926668721336754686e+01
-2.628738863964973760e+01
-2.478036488770600343e+01
-3.627497862399774675e+01
-6.361929496216397695e+01
-2.238766430591365619e+01
-1.288942999413136548e+01
-6.459857148436705110e+00
-2.412601913498509631e+01
-4.064593466055515592e+01
-9.697040988433266762e+01
-3.143257965570042245e+01
-5.428939270818139562e+01
-9.170549261802898755e+00
-2.286026246105822679e+01
-1.524411476666963061e+01
-7.865804714492190897e+01
-6.874258438905130220e+01
-1.662298181942031405e+01
-9.324968476056082523e+01
-8.021573467392899204e+01
-8.519865811670315736e+01
-5.102620212048574899e+01
-1.323205455779978479e+01
-3.557009242040645347e+01
-7.842736674583845513e+01
-4.696538653553044895e+01
-9.851012072735463221e+01
-5.633858759560861529e+01
-3.413002934402451416e+01
-1.194713011054500953e+02
-4.934990479347593606e+00
-4.421768244795784142e+01
-1.162870894383431875e+01
-7.037799022283742545e+01
-7.662920417600309975e+01
-3.051697851682358120e+01
-7.431638512716091327e+01
-8.990040554090420244e+01
-1.632625175239273929e+01
-4.549837298121201457e+01
-3.230532214021108928e+01
-3.317977072937617322e+01
-4.371026432199738565e+01
-7.753181530215820771e+01
-4.853358555173168298e+01
-1.116269714138795877e+01
-2.238776979367550624e+01
-4.953166431513531620e+01
-5.388817791338288288e+01
-1.658724143138300988e+01
-3.311405879280797393e+01
-1.127121771533449675e+02
-1.066991371556424184e+02
-1.103390237859643861e+02
-8.841278488044699202e+01
-3.929941397135500836e+01
-1.813117897293412284e+01
-7.442951996589771113e+01
-8.189134044318015526e+01
-7.986366697880964693e+01
-6.905991505617600978e+01
-5.778041378112873439e+00
-6.862113263996735668e+01
-5.777367956361334222e+01
-2.357390715773730605e+01
-9.174864782006318720e+00
-7.987715023791035662e+01
-7.452749077463001015e+01
-8.178119197580919320e+00
-3.877203548647638343e+01
-3.846212616233775350e+01
-2.487474452682322124e+01
-3.760217656200676828e+01
-1.679789512004358798e+01
-9.923467934172656157e+00
-3.725405646761122114e+01
-5.583206296579370331e+01
-4.009710762297132192e+01
-2.940708497090845341e+01
-8.332071440001217866e+01
-7.810409369389874712e+01
-1.680874771382500512e+02
-1.335779204211836024e+01
-5.766439812515520202e+01
-3.987588335083550106e+01
-3.459184337888002148e+01
-2.405030609831947075e+01
-2.126101176085984434e+01
-3.310042993994515825e+01
-2.938289292506738448e+01
-1.782810975947534615e+01
-3.360595361644082857e+01
-9.893392946022819601e+00
-8.587145570164491915e+01
-2.239848526237916815e+01
-7.155431360901494031e+01
-8.967672504222716157e+01
-3.765238152653343207e+01
-4.569358905621778888e+01
-1.322684581255157070e+02
-1.045139315092206687e+02
-2.465442059495391192e+01
-7.695938151010150818e+01
-1.004141261345349676e+02
-4.216893515196990450e+01
-1.701376627626485316e+01
-6.842055221801868470e+01
-6.492010540609011571e+01
-6.212275220098392481e+01
-1.534979722068779040e+01
-8.426017744739360182e+01
-1.039523882130573718e+01
-2.301674488837886656e+01
-3.028515608921295055e+01
-7.131750970395707157e+01
-1.083969078393909058e+02
-1.452950853978061652e+01
-7.851514896839222502e+01
-6.898695248133309121e+01
-7.647221537714540318e+01
-4.401060769546782581e+01
-1.323621457646766331e+01
-6.148232148704835254e+01
-7.487832844040757152e+01
-4.699898906027865308e+01
-8.601599430833147153e+01
-6.520587584221661359e+01
-7.675367836087154672e+00
-9.538370834286001809e+01
-2.927024448343253127e+01
-2.356155887283701844e+01
-4.698204375857683601e+01
-9.738439000569955795e+01
-8.580361402105888047e+00
-7.471515074157643710e+01
-3.098115060018780298e+01
-9.556807115032979993e+01
-5.348524172328245641e+01
-3.084505239592871817e+01
-7.764522958451419754e+01
-1.169017755195710038e+02
-4.038684373534417205e+01
-3.659192223828799939e+01
-5.577457069691473635e+01
-3.522948629624842454e+01
-5.671120611249612864e+01
-5.279256954523287249e+01
-4.321034025404941303e+01
-1.112024795207813455e+01
-5.858328434395148321e+01
-3.014184000357709081e+01
-2.630891417511161734e+01
-4.514075937278975914e+01
-3.785009456331533073e+01
-3.000182146722491083e+01
-2.991408184426843064e+01
-1.420984891214792079e+01
-1.154031519859345245e+01
-9.780160515508343977e+00
-1.678475936658080414e+01
-7.628338144104885998e+01
-2.324002908567554826e+01
-4.800627565346124470e+01
-5.445259112292001902e+01
-4.836837150234929084e+01
-6.690919870565788585e+01
-2.425007078176922093e+01
-9.290112924859944599e+01
-7.778522505671796239e+01
-6.031374609490972816e+00
-5.388796893206784944e+01
-1.579055580037979745e+01
-8.484432696838038623e+01
-1.694584109168999220e+01
-2.241775443614564622e+01
-4.141505903080579287e+01
-2.618232760639744328e+01
-1.110789302669417111e+02
-2.798788535341595107e+01
-6.977556204334230472e+01
-1.128103878594020983e+02
-1.237853626856075095e+01
-6.052020327992041615e+01
-4.644029392949624224e+01
-1.244072646039255687e+02
-4.350882687274909699e+01
-4.310435443336001526e+01
-1.645806201724877127e+01
-5.238424707604239217e+01
-1.746134608937871491e+01
-7.826241459822212221e+01
-7.028632207465530257e+01
-4.544256128245871906e+01
-1.056849395756133703e+02
-2.853319199445360255e+01
-2.526261218163022804e+01
-9.439819783008746867e+01
-1.486080769890774178e+01
-2.340704917626062809e+01
-2.093092004051083066e+01
-2.457850273256606144e+01
-5.668424470742277776e+01
-2.565561819399588117e+01
-4.146494407194447973e+01
-3.505698384661908307e+01
-2.019241884390944364e+01
-8.428686304753497893e+00
-1.203099799015902818e+02
-1.255072801844691810e+01
-1.685622693848960907e+01
-7.488434017078508020e+01
-2.643887241508738128e+01
-4.733204203392881482e+01
-8.932624735365976676e+01
-2.747783564963003400e+01
-3.341304249006363847e+01
-2.033278048345139410e+01
-2.941512420680118112e+01
-7.360912278887821003e+01
-7.300722204835875573e+01
-4.199520886411442433e+01
-9.736358102555394467e+00
-4.242843551475073127e+01
-7.796389629706492741e+00
-1.621834348140523474e+01
-3.738828819838055750e+01
-3.262851361656369420e+01
-4.477863231042827863e+01
-1.065852264677177175e+01
-4.173448776332197241e+01
-3.930359896722270463e+01
-7.995074432225969474e+01
-1.067111557073698336e+01
-5.187901225623674151e+01
-1.589258280202090390e+01
-5.071725970193654831e+01
-1.758732270633768024e+01
-1.196272630720505958e+01
-7.970820830013994396e+01
-1.197346763403351844e+01
-8.717543473363443240e+01
-1.300448944011814056e+01
-2.578375823026824420e+01
-9.404387775936818628e+00
-1.068101538434200393e+02
-8.715609573240408281e+01
-3.330959907297114597e+01
-3.738877035508853197e+01
-5.049185232311722871e+01
-1.853407672489186808e+01
-1.013041850837256135e+02
-9.410894197345726297e+01
-4.153168772279972387e+01
-5.740904794680619005e+01
-8.103093063079013447e+00
-2.825524648574894115e+01
-5.821680367899505626e+01
-1.585647719033695324e+01
-6.337962095200194312e+01
-1.111988135783603866e+02
-7.344125600450746560e+01
-3.152346392156249522e+01
-2.604765701806302758e+01
-5.291664768969828714e+01
-1.630114164122308651e+01
-2.325224609105701035e+01
-2.207426805793864588e+01
-7.539491260484706459e+01
-1.980258968591360258e+01
-1.899152371156561259e+01
-3.802244433910412624e+01
-2.994503473348212808e+01
-3.654566320807575863e+01
-3.246292136883567991e+01
-3.841491835088459794e+01
-1.767868116335240103e+01
-5.822209848039717883e+01
-8.464758099849905193e+01
-1.277449014436735553e+01
-1.255225112801897680e+01
-1.067879007961376558e+01
-4.886070347281635406e+01
-4.345827060912679940e+01
-1.132929774979712789e+01
-3.020536475213707206e+01
-9.180897990888146509e+00
-2.403573631306763048e+01
-5.096680900237596745e+01
-9.481142683854507425e+01
-5.108738652823077331e+01
-5.199288259397244616e+01
-3.731535395833518010e+01
-6.301052754963962776e+00
-1.601530832117378793e+02
-1.351547290599077300e+01
-2.903965900810168677e+01
-3.092843752781779543e+01
-9.444578181725313470e+01
-1.604355113789031861e+01
-6.882448803458012776e+01
-6.016811895085301387e+01
-6.162883376221779841e+00
-1.202631769786082927e+01
-1.516704902891070503e+02
-5.268885898823688052e+01
-5.336917220765350578e+01
-1.942818417057648617e+01
-6.536805418983821880e+01
-4.436920864372774531e+01
-8.407208974320394645e+01
-3.980310952220457921e+01
-6.065770539421548335e+01
-3.834595302272177975e+01
-2.309724496644797043e+01
-1.112701352293019141e+01
-3.242379855773573638e+01
-2.850711745404677444e+01
-8.186250831238938019e+01
-1.362608206462544729e+02
-6.514209229116711697e+01
-6.165379193526374735e+01
-4.931752273317017199e+01
-3.546906925954564826e+01
-5.768915592133720338e+01
-7.799999999999999822e+00
-4.597268258379843786e+01
-9.799999999999998934e+00
-8.249758774111006687e+01
-7.535075957225313914e+01
-4.358753845584865161e+01
-4.401354699476998178e+01
-1.988659511819663450e+01
-2.349611931921266716e+01
-1.778596390667346228e+01
-3.891197018908491145e+01
-5.520245458642062886e+01
-2.681764257062014778e+01
-7.253199945377376423e+01
-4.613425572816616693e+01
-3.509636722176630741e+01
-3.276903970676764288e+01
-4.619442921549369885e+01
-3.500511771017345097e+01
-3.166468466084576150e+01
-2.635711075215558097e+01
-2.079565610622355365e+01
-5.165513017463121059e+01
-1.008921570376074506e+01
-4.434942964133706766e+01
-1.279214341454309434e+01
-2.293534277582759273e+01
-1.809056378581730584e+01
-2.230461136854512461e+01
-1.865597959524145821e+01
-1.167350636800884089e+01
-1.244604036428324179e+01
-9.723712255046855546e+01
-2.095722951777273479e+01
-3.191576201150416736e+01
-1.037429994605502515e+02
-5.098474538866683048e+01
-3.821326507418556417e+01
-5.788952966873269901e+01
-4.220017616775269431e+01
-9.009186349872855715e+00
-9.479992989402187931e+00
-3.580214188486248617e+01
-4.497067782225088450e+01
-1.212549207748114632e+01
-2.775820933849968952e+01
-1.158168190850813914e+02
-5.446048430054657530e+01
-4.745930572061237740e+01
-5.814490222169229128e+01
-1.185990793998300497e+01
-2.142573048296725702e+01
-3.468175495746272929e+01
-3.898315917288599763e+01
-1.355331197760444013e+02
-3.667726645035369870e+01
-2.363214960730278236e+01
-1.450815751532255860e+01
-6.253311223495745708e+01
-1.763844181615541729e+01
-2.279086230017542647e+01
-1.349058305296982141e+01
-7.600221420900817293e+01
-6.526898280614902603e+01
-4.003740904444868676e+01
-1.312503715222181988e+01
-2.668631813382286566e+01
-7.181490153234844342e+01
-4.541873753097330990e+01
-5.698036525982608680e+01
-2.544965914724339484e+01
-1.923084997281873498e+01
-2.619590144854721103e+01
-3.849758432783198003e+01
-1.891044388929434916e+01
-3.457846389003135101e+01
-1.269975761492833186e+02
-7.109938906419789362e+01
-1.402120890395222119e+01
-3.916025280917502016e+01
-2.429552091502980815e+01
-6.820636848259245255e+01
-6.554570116953408387e+01
-1.510047713094681399e+02
-8.381662174069107607e+01
-4.983140676696695692e+01
-6.679508857562991864e+01
-3.844463671238339231e+01
-8.194823136424999177e+01
-1.009795291956417174e+01
-2.463220349592971559e+01
-2.887223790062875750e+01
-3.349209919965895921e+01
-4.629532686190343327e+01
-1.303038450673477939e+02
-9.643023936563979603e+00
-2.209176032048767269e+01
-2.582896805321759004e+01
-9.500000000000000000e+00
-9.804472822281356414e+00
-5.125769762712673128e+01
-2.924798962226951460e+01
-5.630181012687870634e+01
-1.516934931877370296e+01
-3.882101267039088555e+01
-5.038915542309864293e+01
-4.764266716179930938e+01
-5.906896464526776924e+01
-7.635232147071008058e+01
-5.339719761996967407e+00
-2.308461290086070505e+01
-3.718490848615699917e+01
-2.923510616912297522e+01
-3.697229012316911678e+01
-1.989296089576700766e+01
-2.296839349389543727e+01
-5.914376968050285654e+01
-8.351147207769282943e+01
-4.068274760576885285e+01
-8.265052960645304836e+01
-3.818890404296197971e+01
-3.329810747003176630e+01
-3.996236879361516259e+01
-3.491443537736364533e+01
-7.170487014600260522e+01
-7.283060187310707079e+01
-4.268204064652827157e+01
-2.408098740887058042e+01
-3.045941032268333970e+01
-7.626791578563521057e+01
-3.709663329635549900e+01
-4.537974049991630920e+01
-2.202886187599402845e+01
-8.439159010596021915e+01
-1.631586419137990873e+01
-9.934732321547631528e+00
-1.584815457948555206e+01
-1.407931352396671798e+01
-3.605854150886050036e+01
-6.847289940481900317e+01
-9.900000000000005684e+00
-1.502327514790088614e+01
-1.090000000000000391e+01
-9.600000000000001421e+00
-8.590716432491019461e+00
-1.681308368427929878e+01
-4.342399581239666873e+01
-4.598233623792120284e+01
-1.324875177561537676e+01
-1.685062121430857474e+01
-7.088290877455305861e+01
-1.243513549588542055e+01
-3.064094137106949844e+01
-5.940462236074933600e+01
-8.842865335125728166e+01
-2.207652721838985599e+01
-5.760431284721470035e+01
-3.100227762046165481e+01
-7.916650407821146018e+01
-4.892177270666218192e+01
-2.984973808172392040e+01
-3.225321222759778550e+01
-7.513944425295564145e+01
-1.120536449008385205e+01
-2.292467895195273542e+01
-1.027320508451602166e+01
-3.515221311301988294e+01
-1.137982594312302531e+01
-6.257247127515412899e+00
-4.105251726101184317e+01
-5.574026438889095658e+01
-2.651365966878217506e+01
-1.292175466550706986e+01
-7.450905300056189162e+01
-1.019999999999999751e+01
-1.041929465033748414e+01
-1.053027752309125376e+01
-2.175850494439041327e+01
-9.053388665696839865e+00
-6.196474215944668629e+01
-1.030000000000000249e+01
-1.120328549634295356e+01
-1.777413335441686826e+01
-1.396740079635099896e+01
-2.037160767404295569e+01
-5.927239821268074849e+01
-2.673997173773678782e+01
-1.204720287469899631e+01
-6.115319629131694512e+01
-2.037641034388378358e+01
-3.968769186045988562e+01
-1.870614179165535518e+01
-1.941245896130641313e+01
-9.066512707578764818e+00
-1.533647976428413884e+01
-6.827087109964408285e+01
-2.427438519656191218e+01
-1.193075526895863803e+01
-4.860844589205526489e+01
-1.958349910495009638e+01
-3.890423443182730523e+01
-1.681041171375941801e+01
-2.135996025775038731e+01
-3.659518792756378502e+01
-1.686485870131997444e+01
-3.447065832573007782e+01
-6.577462753722405076e+00
-3.194511208677860026e+01
-8.930811573137452442e+00
-7.255070872528904147e+01
-8.146764811420277397e+01
-2.509057503922972288e+01
-1.124944395405852475e+02
-2.620872026258934184e+01
-8.209739501254359695e+00
-4.523290541650762719e+01
-1.156752486940651004e+01
-3.463445928833715470e+01
-9.043954868992842933e+01
-1.950527297798914361e+01
-1.740721796961360823e+01
-1.261858248363274626e+01
-4.597905454256210334e+01
-1.855947976261579413e+01
-3.125662757482153253e+01
-1.343482824998620551e+01
-4.424964685743872650e+01
-6.244372071292544035e+01
-6.083349746386370072e+01
-5.400708881393006777e+01
-1.262415058744705831e+01
-1.619412989601140751e+01
-3.717099291707775421e+01
-2.953636077052590991e+01
-7.370951794568479443e+01
-1.570048499907013984e+01
-6.106523176638897610e+01
-1.610877220121377107e+01
-1.817458487083761298e+01
-2.357193830487262787e+01
-4.034577700071172757e+01
-2.934249106789903649e+01
-1.066623215020418947e+01
-5.477462753722404543e+00
-6.512257813551732966e+01
-1.856333650298268978e+01
-9.697840072633719899e+01
-1.512324889921708859e+02
-1.228117905700698742e+01
-3.175463462117688351e+01
-3.306247200074158599e+01
-1.503276892842072776e+01
-2.437595479248722086e+01
-3.935840512728307772e+01
-4.367224180961215296e+01
-1.350585224175392973e+01
-2.012849623462383519e+01
-7.803688959418479953e+00
-1.248453094597074085e+02
-5.666973190366516810e+00
-2.679527713013180446e+01
-2.258586125485749108e+01
-8.687141229173958834e+01
-1.096555505354620941e+01
-2.976548773889943789e+01
-1.813617362692028223e+01
-1.319365973359166233e+01
-1.179439845509641316e+02
-1.348029548304839054e+01
-3.586125797827121175e+01
-2.421440749281982363e+01
-1.220441280671452056e+01
-1.259089617714049503e+01
-1.396719896106387893e+01
-1.249655693899257791e+01
-5.649094307973625106e+00
-1.280503255911107097e+01
-1.880300870308306571e+01
-9.053388665696839865e+00
-2.336369098682396128e+01
-4.569755721887000277e+01
-1.079233597820807233e+02
-4.717219575666349130e+01
-2.075425830198516763e+01
-2.114464028591007860e+01
-1.769816783496161960e+01
-3.070263026377171656e+01
-2.415234473131903670e+01
-5.909213801983435133e+01
-4.023121664733186265e+01
-6.196245588205780308e+01
-2.123532620578892605e+01
-2.444693390960319235e+01
-5.611242706022448345e+00
-3.275954356352714569e+01
-1.151229389007102810e+01
-9.719294650337481301e+00
-5.576788613021541607e+01
-1.063509471877056853e+02
-3.286148517493712262e+01
-7.906155643074250783e+00
-8.106073372246794406e+01
-1.240000000000000213e+01
-2.177068690918490645e+01
-4.643651477530190874e+01
-6.637137806686016006e+01
-1.025322104582758698e+01
-3.288257684128882374e+01
-1.030000000000000426e+01
-1.170740768174776569e+01
-4.475783760921417809e+01
-1.553884795335221902e+01
-1.927074908189421620e+01
-4.760508960352190400e+01
-1.133685466489482963e+01
-3.254793251914189511e+01
-2.868833394785353619e+01
-8.095459530523534397e+01
-5.596457331821258663e+01
-1.289471312539829384e+01
-4.976826030660001976e+01
-1.190105691944573074e+01
-3.926082502871184943e+01
-5.785165747317323337e+01
-1.866965920671106360e+01
-1.760416423825650156e+01
-8.612767820139778152e+00
-4.032260014306923779e+01
-3.723164692083973648e+01
-8.359312064722253410e+01
-6.077333927252352908e+01
-2.411478885768595148e+01
-1.179607625179727215e+01
-2.932601534555213263e+01
-4.180397445742974583e+01
-2.692677239666824818e+01
-3.379813234027108138e+01
-1.375794428993867200e+02
-2.229042100927773618e+01
-3.521477495503808086e+01
-8.522550764946794288e+01
-6.230558853806218167e+01
-1.854986521133799471e+01
-3.489680573292675092e+01
-1.108018816443043697e+01
-1.067792233369796229e+01
-1.126759616466738834e+01
-1.880425545420772693e+01
-1.103478233140240050e+01
-5.849094307973625284e+00
-3.451488828024699274e+01
-1.972001280663036482e+01
-1.109680725456674821e+01
-3.424540456353938822e+01
-1.515407734016073604e+01
-1.316044086661875667e+01
-1.366355746878432242e+01
-1.938349910495009354e+01
-2.789661867118189065e+01
-5.025719574955677338e+00
-1.691483042833978345e+01
-1.499082839915549314e+01
-3.971640135665489879e+01
-1.860299220700063216e+01
-5.777877598359125955e+01
-1.675289558545317448e+01
-7.614136601040493701e+01
-1.082599193047904684e+01
-1.479411872884042367e+01
-4.417494549432019113e+01
-1.077792233369796193e+01
-4.957468942239381704e+01
-2.861420633935491509e+01
-1.016113916854848327e+02
-4.440098880971391537e+01
-1.093019740474064072e+01
-1.547522368340045418e+01
-6.227405210634237420e+01
-6.235949814452285977e+01
-1.411357420545884267e+01
-2.310155325011951533e+01
-3.023746483170977228e+01
-1.070000000000000462e+01
-1.235404622433856048e+01
-3.611430566333866921e+01
-3.704033556830147234e+01
-3.048344036781795907e+01
-1.337453174744090312e+01
-1.986711175766271609e+01
-1.051806043254781997e+01
-3.418875424319480771e+01
-1.428074577817917579e+01
-1.191119181724217242e+02
-1.032724919136716402e+01
-8.332214148533507725e+00
-2.482521031513833165e+01
-2.572878586449549942e+01
-8.502751381706076472e+01
-8.800000000000002487e+00
-2.027273974902184506e+01
-1.568704615595713925e+01
-6.464820216198511105e+01
-3.176622732556112183e+01
-7.434048134392159568e+01
-1.884314665307720205e+01
-1.070000000000000462e+01
-5.018915340064874187e+01
-1.823080364913011664e+01
-1.626028318741400014e+01
-3.831939656713988285e+01
-7.266571133084435985e+01
-1.081570913367046138e+01
-1.696618241708510055e+01
-7.488999505633758247e+01
-3.749734975732980047e+01
-2.549057503922972856e+01
-2.991372699450304395e+01
-1.568786525542720689e+01
-1.754927099266387103e+01
-1.830117458512949113e+01
-2.317613329982479442e+01
-2.514348534985113304e+01
-1.987242476261273083e+01
-2.232137000903903257e+01
-1.784388474207546693e+01
-1.790671639332595788e+01
-9.072873316282716871e+01
-1.152995352987238853e+01
-1.467933146130877198e+01
-1.265063502991098332e+01
-3.164258542232161631e+01
-4.289861371941277923e+01
-8.334888797563348817e+01
-2.446386710564620515e+01
-1.852912633040780221e+01
-1.892983726817168844e+01
-9.900000000000003908e+00
-6.897008453983653808e+00
-1.777587641783729921e+01
-2.118695646529029375e+01
-2.007053916465965315e+01
-2.269095702551304683e+01
-1.402122996130435872e+01
-6.759612807593051720e+00
-1.000000000000000533e+01
-1.253640125432939456e+01
-1.778479005734590856e+01
-2.200939343781275426e+01
-1.110000000000000497e+01
-2.761731369206482611e+01
-1.751187430214028140e+01
-3.689929168425004491e+01
-2.885227153957919910e+01
-6.613380193059575163e+01
-8.301945987931794946e+01
-1.239509947235151088e+01
-1.197200777804046190e+01
-1.578266014956445495e+01
-1.673233996629329567e+01
-1.402122996130435872e+01
-1.135873698468482829e+01
-4.073027585008871654e+01
-1.267466287425584426e+01
-1.630647605009995260e+01
-2.952262912245785387e+01
-1.055133622560185636e+01
-5.246059429907982974e+01
-3.372763672313232064e+01
-9.889793131354688072e+00
-9.440011475289068699e+01
-1.293034522116666665e+02
-6.983496429304186570e+00
-2.946198617336310477e+01
-1.695298876347993655e+01
-1.104505790232609463e+01
-4.035559353370155122e+01
-1.848912830142868202e+01
-1.286137247852739307e+01
-3.636758826257740651e+01
-3.251772157227681959e+01
-5.407277346076245550e+01
-4.939732082544777825e+01
-1.036456836220275157e+01
-4.133781537308698262e+01
-7.579721872782330649e+01
-2.848622903039007426e+01
-1.738701728951483716e+01
-1.317790346031865134e+01
-1.347691142307343526e+01
-1.130000000000000426e+01
-1.070000000000000462e+01
-1.131270247017462793e+01
-4.446891950915609470e+01
-1.286788670461853989e+01
-3.599031424892466902e+01
-1.070000000000000639e+01
-2.255259161291916925e+01
-5.793195673131501167e+01
-3.706949442102762760e+01
-8.368274727847611416e+01
-1.108792836849544017e+01
-6.789563174989639016e+00
-1.926227478298370954e+01
-1.184905915490480943e+01
-2.187023464158680852e+01
-4.641519375577841799e+01
-2.590908889095293333e+01
-6.517827873195678023e+00
-1.101205325803852020e+01
-1.585721261406312976e+01
-6.973766768716033937e+01
-4.087099053391160197e+01
-5.297021219520735968e+01
-1.078960371256590278e+01
-2.254256321956511044e+01
-1.635833924152457541e+01
-1.499837539575335477e+01
-5.724779920938279787e+01
-7.194991052979410995e+01
-1.831610383493232774e+01
-2.861309080412848616e+01
-1.352252717601464838e+01
-1.094968469429149849e+01
-7.169327401015937085e+01
-4.951965714903535343e+01
-6.316474939315381221e+01
-6.230534202737471361e+01
-9.129527711966662196e+01
-2.371886652572121434e+01
-9.483518883458101456e+00
-2.213727048202512648e+01
-1.793170118556311365e+01
-4.805588757768030916e+01
-1.190000000000000213e+01
-4.966708968732346818e+01
-1.251086768821141071e+01
-1.795665493640891697e+01
-7.434490186565487591e+01
-8.578656630177921016e+00
-3.567295727228786006e+01
-2.034174267944306180e+01
-1.110000000000000497e+01
-9.646274118385781549e+01
-1.291086768821141106e+01
-1.668113949452987299e+01
-1.852367048599648669e+01
-6.900000000000003020e+00
-5.227088926205120600e+01
-4.847601742204129494e+01
-7.500000000000001776e+00
-9.578781896104615612e+01
-3.683868077117963935e+01
-1.316435158143766593e+01
-1.261277757787822473e+01
-1.123705622896745382e+02
-1.113443579895291791e+01
-7.765605567087362715e+01
-1.127830443553772355e+01
-2.355797786031924446e+01
-6.495877465787565086e+01
-2.953409335709215000e+01
-7.800000000000001599e+00
-6.220450109313038212e+00
-2.744226915053591043e+01
-2.261603938599593278e+01
-2.422001309131735880e+01
-4.158732865780241639e+01
-1.154095064214032504e+02
-1.351086768821141071e+01
-2.950881755206137669e+01
-9.387354950710683710e+00
-5.874802048705065260e+01
-1.162159672435433606e+02
-3.099836219141011640e+01
-3.591794281104671427e+01
-6.278290889105210226e+01
-4.390682288590819837e+01
-1.094560091663650248e+01
-8.933268703686695744e+01
-1.707868556795359893e+01
-3.883040100395131589e+01
-1.110459277812664070e+01
-4.958051873225004158e+01
-7.097048490779809526e+01
-1.836849606269764124e+01
-1.432262938932048613e+01
-7.000000000000000888e+00
-4.949691851900034578e+01
-1.250000000000000178e+01
-1.123826734418180529e+01
-5.921426429606860609e+01
-2.915690997394389328e+01
-1.303340014901452193e+01
-6.053101320977440913e+00
-6.079710789866463472e+01
-1.100671978538369977e+01
-2.232946343742602124e+01
-2.261089038189851763e+01
-5.407467101368913376e+01
-1.144497772145998660e+01
-4.382349771320823351e+01
-1.262609472966395252e+01
-8.267080312980857215e+00
-1.848445519081149158e+01
-5.807835601900674050e+01
-1.139607625179727357e+01
-1.179592378792503560e+01
-3.767980032229616683e+01
-1.187866656630927480e+02
-1.095361219334880865e+01
-2.256921957692951608e+01
-1.241494295884949928e+01
-2.370661808353353095e+01
-1.951947678102517969e+01
-1.263895185544558473e+02
-7.886768573017154438e+01
-2.482977989895563198e+01
-1.527209229927837875e+01
-1.109193093883016878e+01
-1.936950938078798856e+01
-5.256260885614113221e+01
-1.438641108029939986e+01
-7.827926076253379506e+01
-4.156382604033586858e+01
-6.036155255192860558e+00
-1.493730053995497897e+01
-5.752205906151926484e+01
-1.906894760002901990e+01
-1.131229389007102526e+01
-6.542648212972983401e+01
-2.229709587732499187e+01
-5.931930973215641245e+01
-1.400385199621272214e+01
-2.017661183430704597e+01
-6.162578664716353671e+01
-1.267909669410870599e+01
-1.001929465033748023e+01
-1.139607625179727357e+01
-8.300852207181060649e+00
-1.491145291881301560e+01
-1.038243693770290932e+01
-1.125817180981517396e+01
-1.120000000000000284e+01
-1.253482824998620515e+01
-8.406137323134689154e+01
-1.434133484743564679e+01
-1.306893571135189092e+01
-6.869791218841692171e+01
-3.396347387195460499e+01
-1.845815710999542958e+01
-6.165510293097128880e+01
-2.572841793357972051e+01
-7.394242017335659511e+01
-1.050000000000000355e+01
-1.891026826449746423e+01
-1.094629910713415555e+01
-1.288122585539990439e+01
-4.632257820867206988e+01
-1.872257570520091363e+01
-8.523289031569761676e+01
-8.100000000000003197e+00
-9.984341378006833523e+00
-1.121386901187450746e+01
-2.612281379944840864e+01
-6.215966769560344574e+01
-3.158445625063661666e+01
-1.538478808730164182e+01
-5.408013207901902319e+01
-6.325922111910124102e+01
-3.092507923251324087e+01
-7.468710653591884352e+00
-4.215692030495508646e+01
-1.169388100338788483e+01
-2.053559948651049893e+01
-1.640419017208930796e+01
-1.010812467764824589e+02
-6.167962111566131256e+01
-1.020000000000000284e+01
-1.011834300762525807e+01
-1.527810610754124809e+02
-1.176560489313672164e+01
-3.917731564610223671e+01
-2.508928368213594240e+01
-1.873006485187617542e+01
-4.006197609290583728e+01
-2.249145441367250342e+01
-4.156179879597948457e+01
-2.033166213566406455e+01
-1.090933117569653454e+01
-1.122627913081460349e+02
-2.009177169672088681e+01
-2.244495368578152039e+01
-6.268610914195093642e+00
-8.965448413609449219e+00
-1.074485960532975248e+01
-1.308358862673355532e+02
-2.027908470584112521e+01
-7.500000000000001776e+00
-8.339694547803983227e+00
-2.094052643613344955e+01
-4.376634650992426145e+01
-3.231812152253820614e+01
-2.245657710480267255e+01
-5.752058308675549370e+01
-4.506738388011888929e+01
-7.601441157662426917e+01
-4.839232188506333188e+01
-7.126026956855345595e+00
-3.662872724418916448e+01
-2.232887182333857723e+01
-3.241639406815220781e+01
-9.799999999999998934e+00
-5.807980544677256063e+01
-7.450293742653253837e+00
-4.379610338332481234e+01
-1.295636182645598211e+01
-1.732604406297028277e+01
-3.151278665736079887e+01
-1.230350645078297056e+01
-1.010000000000000142e+01
-1.634608380427505736e+01
-1.140000000000000391e+01
-1.092835486222704944e+01
-1.785246264010166684e+01
-2.051731811518186532e+01
-1.234057352151956977e+01
-9.572204148390511591e+01
-6.731564060436688202e+00
-2.230963741721026850e+01
-2.192488419504999086e+01
-9.399999999999998579e+00
-7.564036748520415188e+01
-1.469401895260327606e+01
-1.098933603071655973e+01
-1.346461647796360594e+01
-6.256101756168010297e+01
-3.659866765608028771e+01
-5.307642922751924885e+01
-1.282611038927379710e+01
-9.646328991251726492e+00
-1.473584750689529876e+01
-1.484003314840933285e+02
-2.317862806541742771e+01
-1.444716056175486685e+01
-1.136478258720998724e+01
-1.014851151181318301e+01
-1.990876716622855014e+01
-8.448792462062587560e+01
-3.748554224335239837e+01
-1.099550485121452681e+01
-3.546027034986992987e+01
-1.256752882937599303e+01
-2.047000677675012170e+01
-2.962318448155997430e+01
-7.585776095713427480e+00
-1.791583958458577541e+01
-2.404258887811052503e+01
-9.592459968173653806e+01
-2.323982739093506922e+01
-7.635300920673980585e+00
-2.117536942676201761e+01
-9.982465778043147608e+00
-2.215466304176790757e+01
-1.133370323585015171e+01
-1.004177027050033644e+01
-4.938046898615989022e+01
-4.398217476041943286e+01
-1.086816636169907291e+01
-2.577984600842043861e+01
-9.311209269551495638e+00
-2.888840388275929527e+01
-4.312297096094293636e+01
-8.902497178520178522e+00
-1.637107252690910641e+01
-1.935675603573793779e+01
-3.512293391089733063e+01
-2.946385323180470905e+01
-4.288738029940397212e+01
-7.350648137056079179e+01
-1.240665648201120597e+01
-9.587851565514714736e+00
-1.139607625179727357e+01
-1.379407001196595672e+02
-1.413999392947756917e+01
-1.552463660710727211e+01
-1.883080110832048248e+01
-2.627591998033264176e+01
-6.893467851718531847e+01
-6.002031737021833635e+01
-1.237848256318422955e+02
-9.600000000000003197e+00
-9.261397693974238621e+00
-2.334209091033937611e+01
-1.195860689737222344e+02
-3.110360842945544846e+01
-2.368084142143167270e+01
-1.129466995501098481e+01
-2.194003135190983755e+01
-9.182061589560968073e+00
-1.254761031846825325e+01
-6.253610358770379740e+00
-2.994031560204201270e+01
-4.544307911138160705e+01
-1.536657688246658537e+01
-2.245657710480267255e+01
-2.507616752233927571e+01
-1.600377077864353836e+01
-8.867267567407066053e+01
-1.126716563836045104e+01
-4.244461706882426455e+01
-1.101002759227917061e+01
-3.144212911810373612e+01
-6.696865886000463775e+01
-1.755401985474519932e+01
-1.071067624009409514e+02
-1.222275309411978981e+02
-1.437929746103591100e+01
-5.418474495303356342e+00
-1.150000697711711695e+01
-8.801194133113735063e+01
-2.220075839771324766e+01
-6.745192241946035949e+01
-2.541093603553925462e+01
-7.816426673446150630e+01
-8.248159721445477999e+01
-1.800103202015325010e+01
-6.173955871467354228e+01
-4.370941989687484863e+01
-1.015581652815285985e+01
-4.092974455938077227e+01
-1.619338841690364461e+01
-7.569732060271667251e+01
-1.831749536647613752e+01
-2.556847008316642089e+01
-1.438558353484283892e+01
-1.823418939102499081e+01
-7.683087853886469532e+01
-1.547816404315721073e+01
-4.641025757950784225e+01
-1.610759402867910595e+01
-5.960948046282453561e+01
-1.101792256967968164e+01
-3.337533810416400115e+01
-1.855286383218532364e+01
-1.644057898453419142e+01
-8.553053894672297375e+00
-1.733657409297274299e+01
-2.271273468544077545e+01
-9.500000000000001776e+00
-8.393115256440069061e+01
-1.044382918174256858e+01
-8.290357912839860788e+00
-6.162142648308383741e+01
-2.616890128202171084e+01
-1.050858543824923075e+01
-1.601264377582514342e+01
-3.141283151924134742e+01
-1.594565437125126373e+01
-5.676680358996512155e+01
-8.436276355285457385e+01
-7.220985676492274763e+01
-1.270766645457211474e+01
-9.545324150173545519e+00
-8.488607772526924222e+00
-1.573052446895503031e+01
-4.184997523366393324e+01
-5.691274973085165811e+01
-4.094873357015844562e+01
-3.875632199980078241e+01
-1.213946219711525742e+01
-1.102972112188978038e+01
-7.160370394224602819e+01
-2.133007232391548769e+01
-7.163830528033645351e+01
-2.988390350806974638e+01
-2.242831201099128435e+01
-4.929974711848818458e+01
-4.534656387158070068e+00
-5.101508704201618372e+01
-1.683725572437034046e+01
-6.408898516236706655e+01
-4.545101352999122923e+01
-4.363340240677356974e+01
-1.542107437600805575e+01
-2.453548908123985228e+01
-1.050000000000000355e+01
-1.711413519510977466e+01
-2.751066248913205570e+01
-1.893708146853056817e+01
-4.953915584320679955e+01
-3.191214683864021140e+01
-1.166262955128494028e+01
-4.027623625270918239e+01
-1.406581587761239227e+01
-1.134831211632347170e+01
-2.202640088819103426e+01
-1.089691050782734578e+02
-1.287630123899311485e+01
-2.421516154244973862e+01
-1.228661464927883529e+01
-1.040468928642181368e+01
-1.660629658033055733e+01
-1.104267260930343930e+01
-1.773120521376184300e+01
-7.461125864033393285e+00
-1.345480083262323134e+01
-1.496700893186647718e+01
-3.392993275380931095e+01
-2.717787399451817620e+01
-2.299690383219463286e+01
-1.996059098168236545e+01
-1.173847157505745820e+01
-4.752607791141200977e+01
-1.188145165902481004e+01
-6.373606913798592188e+01
-4.787841697045148237e+01
-3.579583623422213634e+01
-1.149492287994046968e+01
-1.194621953254809910e+01
-4.483050089976939034e+01
-9.219889152687946066e+00
-1.009517770041892604e+01
-1.034479752698843491e+01
-9.345936184303386085e+01
-6.540307937254551618e+00
-3.665741438923082995e+01
-4.631510572828749162e+01
-4.110298918551570324e+01
-9.755982283381616327e+00
-1.340500170417071857e+01
-2.473609094249045981e+01
-1.775548227442335403e+01
-1.343392976365901959e+01
-1.731915510519183599e+01
-2.349995406212327254e+01
-8.029999564536556278e+00
-9.648936668289225693e+00
-5.159373878734485608e+00
-1.036682988550870022e+01
-1.107741123544769479e+01
-1.863104666879320703e+01
-4.285552242151698010e+01
-9.570953130029984379e+00
-3.115360616753857315e+01
-1.269803241202588140e+01
-1.307002224977707883e+01
-1.912985977362672330e+01
-1.604596749157174429e+01
-1.199655693899257969e+01
-1.714092831564227026e+01
-2.054281988559647587e+01
-2.188842022798119302e+01
-6.286062192248367353e+01
-3.271391485917455100e+01
-8.461771029741689176e+01
-7.564895059980118575e+00
-5.917603061244437868e+01
-1.582334630496357875e+01
-4.503836786278839099e+01
-4.458064618607897955e+01
-2.925310514853235588e+01
-7.876468997785823944e+01
-1.059033898534059759e+01
-3.960918039550909953e+01
-5.283660109396779347e+01
-2.011299134810621325e+01
-1.090762474848798291e+01
-3.502836601794712124e+01
-3.071135486047054641e+01
-2.025632996043445289e+01
-1.198136993235466896e+01
-4.961664356119734975e+01
-1.501600911430494101e+01
-3.367539194944867376e+01
-6.606716891501673672e+01
-2.177493200860217826e+01
-7.700000000000000178e+00
-1.201685358091699563e+01
-5.441451887764321782e+01
-1.067150744749747915e+01
-5.601026845130724041e+01
-1.712386744450403242e+01
-4.287673531852013298e+01
-6.361513491187877634e+01
-1.244744422252141014e+01
-2.543383533246190353e+01
-1.262194582202308624e+02
-1.193916127569867491e+01
-2.035793099750486945e+01
-3.822981971070637996e+01
-3.430251807801897002e+01
-3.369230963515994404e+01
-8.535144752795167378e+00
-7.723733062735333554e+00
-1.954618827897025568e+01
-1.684873235933829605e+01
-1.306539772186114305e+02
-1.003232191644664439e+01
-1.121119900824551330e+01
-4.577534657049574207e+01
-1.782211833942139734e+01
-4.318695662518189238e+01
-7.523126271180090896e+01
-8.677064585929878149e+01
-6.481284955838154005e+00
-1.035873698468482118e+01
-2.182303391324502329e+01
-3.254343786415778794e+01
-2.611257623240327419e+01
-1.202575472009381485e+01
-1.148679973678413901e+01
-4.447716710297085996e+01
-1.522009554691942235e+01
-1.055190498412911495e+02
-9.302368861584593418e+00
-7.521755377520560160e+01
-1.702214157370927694e+01
-5.587098591837123962e+01
-1.040777209147361937e+01
-1.952630498694683681e+01
-6.120909453295438141e+01
-4.592758129874635387e+01
-1.344992614196842062e+01
-5.415926448795826076e+01
-3.433944317071718899e+01
-9.348808552371837166e+00
-1.675723138601779638e+01
-5.036607037429736522e+01
-3.134615019118948709e+01
-3.245020255896810113e+01
-1.044307569525225077e+01
-9.900000000000002132e+00
-8.485400053356670469e+00
-3.668589519253369247e+01
-1.365467933856107230e+01
-2.043357837712044400e+01
-3.252438913269654108e+01
-6.004505964072185975e+01
-9.916052794103272561e+00
-5.409184408618144424e+00
-8.356558314204158933e+01
-5.964916929602240003e+01
-5.189436569257210152e+01
-3.719933218633846650e+01
-1.399023770986051218e+01
-9.089329056665468087e+00
-6.880740950303290582e+00
-1.087241200491403816e+02
-5.464872717508153244e+01
-1.181155025411071513e+01
-8.598774900060986326e+00
-4.519995158456104178e+01
-1.004915979776032664e+01
-9.067449906780430524e+01
-2.271442572027908469e+01
-3.441459316243329170e+01
-9.200000000000002842e+00
-1.700040920487332841e+01
-1.941618063699926111e+01
-2.507443388502228387e+01
-1.315053536614815322e+01
-1.107427756601574842e+01
-1.715587145668374092e+01
-6.570560585941380793e+01
-5.099807561744903239e+01
-8.968526148504601281e+00
-9.723699940285431609e+00
-5.519612310429519653e+01
-1.686900812496015689e+01
-3.309841275727899301e+01
-8.899748307765898758e+00
-6.259420515647923366e+01
-2.072395068044259503e+01
-1.833850184887178969e+01
-1.941693369594186791e+01
-6.121540291764306119e+01
-4.794831635554574234e+01
-1.622075403372110003e+01
-3.538430119014879693e+01
-4.158968137292986000e+01
-3.490783693758415041e+01
-2.535570210066846997e+01
-1.509312423593065589e+01
-1.097586110803944592e+01
-1.580502034273309953e+01
-1.281982924622274567e+01
-4.154263326639673437e+01
-5.359143615561471563e+01
-1.236487007754873702e+01
-7.328440763169088257e+01
-7.683087853886469532e+01
-1.553046149619830807e+01
-2.605026171102435484e+01
-1.718627352090830485e+01
-2.045265224921318747e+01
-1.400689663436682864e+01
-4.033442682083747854e+01
-2.414581578700960662e+01
-3.430790673899739573e+01
-1.131678196262806857e+01
-4.230053946453111280e+01
-1.095375802774636753e+01
-4.779810128233523869e+01
-1.459940639475695079e+01
-1.152134578936241738e+01
-4.426748161635832446e+01
-4.752949843774637628e+01
-6.041307008953983626e+01
-1.912696413182832700e+01
-3.012847763155197711e+01
-1.030000000000000249e+01
-2.004411046762978543e+01
-1.096228609452449021e+01
-1.173896485222197583e+01
-8.728282411142705755e+00
-4.534870389768043708e+01
-2.720717450375843072e+01
-5.984550714221764167e+01
-1.920041149859790863e+01
-2.742726618569096075e+01
-1.291086768821140751e+01
-4.498811879586462226e+01
-3.258830237261712881e+01
-1.141417892583133487e+01
-2.981391397497925055e+01
-1.153629740053144737e+01
-1.223180700315178804e+01
-5.026117636728434945e+01
-3.464724545065179484e+01
-1.590279764401230800e+01
-6.572437790473945540e+01
-1.158811042481202946e+01
-1.094987932989780788e+01
-4.337544121691497168e+01
-9.950197142398118899e+01
-4.533379858878147672e+01
-1.461694811860099819e+01
-1.014214323125329464e+01
-7.154765849420812174e+00
-1.425535009982216117e+01
-1.316429493752639068e+01
-3.371022488329609246e+01
-1.241250661608717820e+01
-2.024914669378044252e+01
-1.025784026978784880e+01
-3.690262966247725984e+01
-6.607411936293063093e+01
-1.049971674418842227e+01
-1.272374864982624487e+01
-2.887548095849422580e+01
-3.769815235768450634e+01
-1.107929238228180502e+01
-4.949619988121139613e+01
-1.630960375124453066e+01
-5.240705759553927834e+01
-3.547224756168817805e+01
-8.631164788318924863e+00
-4.049974542456095605e+01
-3.478088440489817401e+01
-2.111531935944989158e+01
-3.388709647672384051e+01
-9.517034215216749971e+00
-8.703803522361295109e+01
-4.271880111926889612e+01
-1.912671115087221807e+01
-1.029281932335836558e+01
-1.401606513370870744e+01
-3.108325979091416968e+01
-6.712403118263907231e+01
-8.894678181694332864e+01
-8.420599913428750583e+00
-3.128657468209218706e+01
-2.258832507127457134e+01
-1.214233386238194612e+01
-1.131636053083330040e+01
-3.625238604771173812e+01
-1.355083633705461921e+01
-9.886925904409533672e+00
-1.623635882526740914e+01
-1.364203488504965094e+02
-1.902544506592512263e+01
-9.779980207065678144e+01
-1.424079343771780159e+01
-7.974681335307478491e+01
-2.126710945981409040e+01
-3.650967133844538637e+01
-4.167031636281253526e+01
-2.959635822378018943e+01
-1.797044086644049088e+01
-1.369251241864823143e+01
-2.116727106769325673e+01
-1.931117507574122172e+01
-3.253802401954249035e+01
-4.766073472301793146e+01
-5.648605921808477603e+01
-1.184412088636467608e+01
-2.107260218016100950e+01
-1.583525213662258935e+01
-2.531838417850293155e+01
-1.259550152260105627e+01
-6.034620033248374682e+01
-5.616735002046932834e+01
-1.251607242198119430e+01
-2.362386182518700295e+01
-9.156413286157953024e+00
-7.974306768851236349e+00
-8.196336955807023372e+00
-2.752008505344520373e+01
-3.880173294085368241e+01
-3.741749840616273559e+01
-1.136402266227723246e+01
-1.929540596193768565e+01
-4.983028904919028435e+01
-6.786993622038052365e+01
-1.366714008850378193e+01
-2.284725250946536335e+01
-1.186416730303694322e+01
-4.873451054302793040e+01
-1.109328774989266719e+01
-3.415752066724803626e+01
-1.159979613878469351e+01
-1.629530132341262672e+01
-4.349957180411489333e+01
-1.301966078634084845e+01
-1.822439209216285150e+01
-7.669308688162648657e+00
-2.625020460198512140e+01
-1.500600438062537378e+01
-5.958415993866814375e+01
-1.030000000000000071e+01
-1.053887806533862381e+01
-1.818806405450655106e+01
-1.733369652056064680e+01
-6.399999336998871691e+00
-4.217287349940768593e+01
-4.374994460047118849e+01
-5.803505013810065094e+01
-3.371374625684798332e+01
-1.219729422040724742e+01
-1.091995348663859566e+01
-1.701791177856218837e+02
-1.098886812179326355e+01
-1.020690563850349442e+01
-8.253554687467822504e+00
-2.117396468376873031e+01
-1.347412262528007076e+01
-1.233270294556868052e+01
-3.320785009328753290e+01
-1.617078651362657382e+01
-1.115273418071990186e+01
-8.717174791605293294e+00
-1.163469860018819624e+01
-1.054307569525224864e+01
-7.081732866952619077e+01
-1.006086462594583786e+01
-4.432035415216645902e+01
-1.702124881790277300e+01
-9.333636301003355840e+00
-4.164907907616299809e+01
-2.466943834302625760e+01
-1.231649997668348817e+01
-1.184256247538673179e+01
-1.012983302530451546e+01
-1.150000000000000355e+01
-9.863710582289270690e+01
-6.948303673350523013e+01
-1.969231680050579314e+01
-8.086543642722480740e+01
-9.408805105929552326e+00
-5.536648130277714586e+01
-1.780656853126249928e+01
-8.767903947285871524e+00
-4.408643232420097746e+01
-5.470693218633411448e+01
-2.164299075424473173e+01
-9.805655412290741779e+00
-7.454126229601214959e+01
-1.280097093302892475e+01
-1.157820464560911802e+02
-5.722364453636899384e+01
-1.656865433203417837e+01
-3.722041174477301695e+01
-5.916584629023198261e+01
-4.096597901348457782e+01
-6.089974249983090004e+01
-3.053074501539766672e+01
-4.081784483233415273e+01
-1.039764920964613459e+01
-1.994843628363134158e+01
-1.393720361015814291e+01
-1.243586398318184116e+01
-9.543396409497432842e+00
-1.938318755786585967e+01
-1.361934086475832117e+01
-1.895327983942628336e+01
-5.004491437642337814e+01
-2.441133095341260528e+01
-1.059025881285891657e+01
-1.451032544471419783e+01
-6.921732852553124538e+00
-1.210409395996218862e+01
-3.399627267632638450e+01
-3.526041829472043787e+01
-6.638192256034528782e+00
-2.172103387514172113e+01
-5.213586853461036696e+01
-1.345881274438102437e+01
-1.964838722422383555e+01
-5.792640584879686116e+01
-1.837684029354814896e+01
-6.842790796418988464e+00
-1.361934086475832117e+01
-9.062693867933138137e+00
-1.211727117592961278e+01
-1.389760619242212769e+01
-2.767720076672674168e+01
-4.642520204611513179e+01
-1.695814474676311079e+01
-4.918347414443788068e+01
-1.334041107459826492e+01
-6.567953486716317002e+01
-8.313883156103212002e+01
-8.518428036525683922e+01
-6.083727807094190609e+01
-1.110076778253762164e+01
-2.976230653066048149e+01
-6.540307937254551618e+00
-3.046644432858834151e+01
-3.905916602224220213e+01
-1.417304751227019821e+01
-2.180837740584659912e+01
-2.050127779813772477e+01
-1.913896181898186200e+01
-1.880479924974395090e+01
-4.870527942788247344e+01
-7.530953057160368758e+01
-5.012811992013639895e+01
-1.147239223018552856e+01
-2.768962944003445514e+01
-1.079607625179726682e+01
-1.268287531801664159e+01
-6.042744426761464638e+01
-5.874515085145580429e+01
-1.562146865927417672e+01
-1.477570158239615417e+01
-3.145937672818397246e+01
-6.931853547609764910e+00
-1.357391044164124239e+01
-9.149927930361034356e+00
-7.114214786157779713e+01
-1.079547011742530849e+01
-1.944645690275816463e+01
-3.416651979542801598e+01
-7.817227048120942356e+01
-1.354113796663269120e+01
-1.306871564190312007e+01
-2.811016979384230652e+01
-2.051535663148032285e+01
-1.944745109143113382e+01
-1.371944135309854218e+01
-8.970733385006684557e+01
-1.140658489173105750e+01
-2.394847099750933950e+01
-1.296803720116097907e+02
-3.005407448106447532e+01
-1.074048015536411782e+01
-3.599979078089940998e+01
-8.629798826890043983e+01
-1.632795510858712973e+01
-2.172425037628713440e+01
-3.749703990928983899e+01
-1.121229389007102029e+01
-2.745605662582638118e+01
-1.416513351357723849e+01
-6.342984485007988837e+01
-3.040954691966565093e+01
-3.169858620145324934e+01
-2.809770896951889796e+01
-1.741038864743839909e+01
-4.857245709756524121e+01
-1.151331555915132867e+02
-1.766946764592674413e+01
-2.439046423300843358e+01
-7.007262387410328586e+00
-1.808951173379594835e+01
-3.020402594806772356e+01
-1.424025788907414736e+01
-1.328998083462454538e+01
-3.460243487861227152e+01
-8.073447662578371364e+01
-1.007944223157853258e+01
-1.303720829565491712e+01
-9.474101049419513032e+00
-8.000000000000003553e+00
-6.476235740043404121e+01
-3.442019239900812977e+01
-2.445819860540764523e+01
-1.102265304558709325e+01
-7.135602315343827229e+01
-6.183005364716349561e+01
-1.087973440440008766e+01
-1.172544455474835345e+01
-6.785173492830264941e+00
-1.685010666645665012e+01
-9.965510775720273884e+00
-1.017084674046659565e+01
-3.174546412427544340e+01
-2.982532675322855198e+01
-1.291393525145886656e+01
-1.104013291287099463e+01
-3.277076308557946049e+01
-1.177283963171374808e+02
-1.182143119213848514e+01
-1.043384033056721094e+01
-2.918400501752138965e+01
-4.839201225070259227e+01
-1.906454094438806379e+01
-1.240000000000000036e+01
-1.100676416511005051e+01
-1.873896750153798507e+01
-3.026865612267869210e+01
-1.482664479797312040e+01
-1.160000000000000142e+01
-8.365103094640991799e+01
-1.805184559601622851e+01
-7.068926154088035219e+01
-3.208194233114167560e+01
-1.238232122136477464e+01
-2.878005150432383275e+01
-2.911322696827578937e+01
-1.139059068441072498e+01
-1.304453971563550674e+01
-1.620312718035150468e+01
-2.638736071660441240e+01
-5.994773692810495191e+01
-4.990703951370667824e+01
-1.261840971373118592e+01
-1.894376656761941646e+01
-8.683582135594849660e+01
-1.319108662255435860e+01
-1.559438793144102675e+01
-5.752307545222441476e+00
-1.808014330634506805e+01
-8.781039014472398208e+01
-7.897569547788242517e+01
-3.626427219776338973e+01
-1.387137073228526951e+01
-1.298093604003098811e+01
-7.521592583367291240e+01
-1.760443800695146876e+01
-7.517466831767095847e+00
-2.534685284755946455e+01
-1.283272649145412814e+01
-1.115404737124156931e+01
-1.090461954853907116e+02
-3.132426122096094900e+01
-1.863464671524555882e+01
-4.328530826370639772e+01
-9.555185370775247122e+01
-3.057841812507180634e+01
-6.999999999999998224e+00
-1.415201161330808191e+02
-1.229330936541728470e+01
-9.606484702997994063e+00
-2.432887600361978286e+01
-9.295583787521787045e+00
-4.693668295808161695e+00
-7.199999999999998401e+00
-1.363163360158192283e+01
-4.610026316483875952e+00
-2.303189030763295619e+01
-4.449468188915761147e+01
-1.118096518736868461e+01
-3.712020152891386715e+01
-4.428030392737707643e+01
-1.048902225773929615e+02
-1.205892690750483069e+02
-5.346798345716680956e+01
-8.857394699343879907e+00
-1.150000000000000000e+01
-1.084888289179404097e+01
-5.486908745296872070e+01
-4.428030392737707643e+01
-8.992892958832889860e+00
-5.091025401404391459e+01
-1.373765044279077330e+01
-4.554985154089584398e+01
-4.757511491733475850e+01
-2.964493706580942245e+01
-4.223877361147498277e+01
-6.067198177217814958e+01
-1.001358978243466424e+01
-1.876488421820876695e+01
-4.950880214415830949e+01
-1.450138326467857439e+02
-2.211454187604862298e+01
-2.146734154122314919e+01
-4.691300214916861933e+01
-1.030000000000000071e+01
-9.739200301507260349e+00
-2.871355522454370046e+01
-9.120365083115963500e+00
-1.409756822455876879e+01
-9.172457638936858615e+00
-1.232980496298950612e+01
-3.537201634752675261e+01
-3.564658245864248443e+01
-1.895561243149868602e+01
-1.341319155312752898e+01
-1.930606296260092591e+01
-3.100109465071829007e+01
-3.075940078480330797e+01
-1.272050541335254792e+01
-1.316310523540314392e+01
-2.561101242493867503e+01
-3.245520623274474303e+01
-2.174725055468809387e+01
-5.956365758970205349e+01
-2.014949947037415612e+01
-1.811552339744945428e+01
-1.086788771341735682e+01
-3.512564820839556035e+01
-3.397996621931487482e+01
-1.226361803496237890e+01
-1.829322188110540282e+01
-1.293597161302549026e+01
-1.402349467763005997e+01
-9.703346174985703954e+01
-4.996129088029579179e+01
-1.287475258200391970e+01
-6.586571577112980691e+00
-1.232648127402802913e+02
-6.519568664142535397e+01
-1.908519899347795956e+01
-3.529012243815071770e+01
-2.056183990663424410e+01
-6.703314361633107232e+00
-6.215119370976154300e+00
-3.155607266572149783e+01
-1.231746095195909874e+01
-1.258351243849684131e+01
-3.577414946858255718e+01
-6.115079743739258333e+01
-1.225133696264932404e+01
-9.721197302795301809e+00
-5.402562480807954159e+01
-3.221358254716146519e+01
-2.012460172204286124e+01
-1.936223828304536454e+01
-2.208738301749360744e+01
-9.099999999999997868e+00
-1.414091170659136054e+01
-1.271425760715910513e+02
-9.373244772147081960e+00
-2.362599612136542149e+01
-6.776672730946552647e+00
-9.171029518695256399e+00
-1.422983556631291719e+02
-3.559820782590070110e+01
-1.140000000000000568e+01
-1.182154769874341049e+01
-4.774746860954606120e+01
-3.341580661764407978e+01
-1.107530771021096783e+01
-1.619850652426852378e+01
-2.173058543440667734e+01
-3.512788484024086699e+01
-1.516888358496928291e+01
-1.283612052737540843e+01
-1.307442963168622185e+01
-2.833077181348152607e+01
-1.373007072381800420e+01
-3.472601213520310637e+01
-2.649873548420055513e+01
-1.383144039739669218e+01
-1.959565516773565363e+01
-9.436424108208626649e+00
-1.450938454669786815e+01
-1.106441580241251899e+01
-2.796368060756474350e+01
-1.992494667626767324e+01
-1.200408856243644351e+01
-1.098618475629673163e+01
-3.610333288540423524e+01
-1.327620658244834395e+01
-4.914334901292082947e+01
-7.011270842687731708e+00
-1.078693901322757824e+02
-3.157435672275728678e+01
-1.941425625209697969e+01
-2.919921368753848512e+01
-5.029036289170509377e+01
-1.161778070511259102e+02
-1.291165638249850645e+01
-5.991502792823657053e+00
-3.206929699922180532e+01
-1.132188673608830420e+01
-2.169997269521811134e+01
-6.321945644741170867e+01
-1.119999999999999929e+01
-1.610781744388519598e+01
-1.944216571185697617e+01
-1.379996683447425987e+01
-7.200000000000000178e+00
-2.405704316878002658e+01
-4.375720554779735494e+01
-5.491559619115695767e+01
-1.695692660741720204e+01
-1.439263328851410861e+01
-9.759038599874806152e+00
-8.299999999999998934e+00
-1.122271059475126087e+01
-1.299124973372753722e+01
-1.075596333129485416e+01
-7.594810588000942175e+01
-1.484963973915974123e+01
-9.048040272946540341e+00
-1.532447006108295007e+01
-5.716033309479347224e+01
-7.544207274826194798e+00
-1.695692660741720204e+01
-8.640791940071396837e+00
-5.739824628208771884e+01
-8.355204020290804223e+00
-1.728993373408519219e+01
-9.519869732618232661e+00
-1.592374563350632322e+01
-7.580409459445999865e+00
-5.844898458362692395e+01
-4.734147430331310247e+00
-4.277686929520363890e+01
-2.758389582115793814e+01
-1.906369941288640035e+01
-1.128082943435343743e+01
-8.142624237790357711e+01
-1.770511283622580478e+01
-2.238466910280132893e+01
-4.648247112532628478e+01
-6.607730891633201509e+01
-5.042500827341614666e+01
-3.261782910296668803e+01
-7.975405604407200144e+00
-7.497639525407939232e+01
-2.128189300141806228e+01
-7.644207274826190890e+00
-1.467072668284964898e+01
-3.134572093216680955e+01
-3.502035389346966809e+01
-1.025034490209164773e+01
-5.473784949609990491e+01
-1.084561199667022358e+01
-1.004474315649380998e+02
-1.157835079866459616e+01
-5.604436596486842603e+01
-4.170106185476576144e+01
-1.430818967495834499e+02
-1.303633380821452192e+01
-7.616114779943224278e+01
-1.331569734125953453e+01
-1.296921055437571901e+01
-9.992949404066092001e+00
-1.234917242415631904e+02
-1.911541469490066802e+01
-1.133599457248021736e+01
-5.244746385721248316e+01
-1.191978916828192503e+01
-1.165509921816409822e+01
-4.313232608658879741e+01
-7.403542709130023880e+00
-1.227855107500378828e+01
-4.926908677669267433e+01
-3.214610930156065649e+01
-1.226540005036144265e+01
-1.416052955684575920e+01
-1.160000000000000675e+01
-1.239733712794334153e+01
-1.094185192564180653e+02
-1.527775860824361054e+01
-6.119936855913638851e+01
-1.707182755055951162e+01
-1.262686959472397596e+01
-9.758056565150923234e+00
-3.305904461304389486e+01
-1.491006382279783260e+01
-1.513539251828611754e+01
-7.321186702243349487e+01
-1.912377323962421727e+01
-2.278181763673567417e+01
-4.413658428041518533e+01
-1.342223496628664137e+01
-4.210746782261882259e+01
-3.069285389325685287e+01
-8.222259089608222382e+01
-2.191215653747672931e+01
-7.552340025822945790e+01
-3.068199728302157325e+01
-1.670348795431950606e+01
-9.493147464270334623e+00
-2.202356985903546160e+01
-1.373161391213332649e+02
-1.494700149771881037e+01
-1.302998281499536581e+01
-1.840624926173873277e+01
-1.097458317295221697e+01
-1.981625818210031298e+01
-1.452944240842227828e+02
-8.510499884155972694e+00
-2.469981682930093569e+01
-1.149631344965044022e+01
-1.702540721072836050e+01
-9.676041311506105913e+00
-4.200162017431773620e+01
-1.797069233691564349e+01
-1.247318009002026784e+01
-1.182989347707120587e+01
-1.174038132363579301e+01
-5.116007330235379413e+01
-1.336963210046710060e+01
-3.232511095236124277e+01
-5.643395531099989171e+01
-2.486809217524294979e+01
-6.392497487968901737e+01
-1.970754121102289247e+01
-1.308492390016935758e+01
-3.924144797634060211e+01
-1.289610895663961116e+02
-2.929721541916235950e+01
-1.147210441516525670e+01
-4.025464878479296260e+01
-4.671646293470425348e+01
-1.593252873037824635e+01
-1.234009559648428933e+02
-8.654088579241074797e+01
-1.242226802451471031e+02
-1.310119164375285727e+01
-2.584794668131557671e+01
-7.883890841410764239e+00
-2.022197289562697975e+01
-1.035704171229496318e+01
-4.873451054302793040e+01
-1.649413252394935370e+01
-1.318648527738870868e+01
-1.913701496882924147e+01
-1.500642584438645066e+01
-9.894575482355822516e+00
-3.439713845716948271e+01
-5.377491505505236091e+01
-9.436837664820110660e+00
-9.875863632661533131e+01
-1.103835103551707775e+01
-8.158183497430362863e+00
-1.549462623320939088e+02
-1.344092203308215971e+01
-3.850359125306722063e+01
-7.428138831342141657e+01
-1.270986904883540376e+02
-1.868539761558300683e+01
-2.947620087137082479e+01
-1.575353355209739092e+01
-2.187421530372531819e+01
-8.485400053356670469e+00
-1.639502185514903942e+01
-3.627820507437002107e+01
-3.154587907909071376e+01
-4.541445237119094713e+01
-4.170061282323564456e+01
-4.030888196749028651e+01
-5.604883176076621254e+01
-8.197881884656393936e+01
-2.926348448028284821e+01
-8.937193312021296521e+00
-5.798521772449566214e+01
-3.768384848649140650e+01
-1.090825231331895395e+01
-3.278169832600471523e+01
-1.232866138877289863e+01
-5.576322670223360944e+01
-1.333511497906418697e+01
-1.242889117714379097e+02
-3.188898077347571203e+01
-1.809223669853893313e+01
-8.333578687050660960e+00
-5.527307464752948540e+00
-5.012536306328261304e+01
-5.711533336047885712e+01
-5.567141140439244396e+01
-1.668629481250975033e+01
-2.692275896802252788e+01
-8.585511521676643554e+00
-7.907486986568760301e+01
-3.056868103686132798e+01
-9.839496170935684916e+01
-2.200462934652105673e+01
-8.833578687050662737e+00
-1.313720829565491677e+01
-1.112716627070289235e+02
-1.002938161177564069e+01
-1.282415721641688222e+01
-6.820071376483929271e+01
-1.025202904347574950e+01
-1.409905983720863532e+01
-4.634152672351677893e+01
-9.170200907758246700e+00
-9.292595243948444050e+00
-7.552340025822945790e+01
-2.382529012958699610e+01
-1.854431260822713412e+01
-1.299752218577632163e+02
-1.949615198877480537e+01
-3.235801146631209235e+01
-1.324417700118187113e+01
-1.460910360306250944e+01
-6.021053497993634096e+01
-3.058175546999655126e+01
-1.281507681877311811e+01
-9.777055989735504937e+00
-5.700825863453185427e+00
-1.715228850169584263e+01
-1.080612994848009834e+01
-6.328313665976515523e+01
-2.918788334496008474e+01
-1.949829501126126985e+01
-1.106441580241251899e+01
-6.321945644741170867e+01
-1.020000000000000107e+01
-2.127250293549563764e+01
-1.286521518574874179e+01
-3.568802649057302290e+01
-7.023904243952443949e+00
-1.399604494403627442e+01
-1.525134374892983224e+01
-3.723884154922094325e+01
-3.627965729600606437e+01
-1.478863652927719485e+01
-1.032550651927672369e+01
-3.540134664867854042e+01
-1.582046147694371285e+01
-3.595115606214609727e+01
-1.073658387223360933e+01
-9.914343356902476145e+00
-1.400507516825677001e+01
-1.709601284932015375e+01
-9.927345363235453135e+00
-1.283720132229864674e+01
-2.935694280677291701e+01
-1.559208692502609139e+01
-1.603720295456243861e+01
-3.351907358513594914e+01
-4.435946274392767918e+01
-8.254519236851111330e+00
-1.382037981231541757e+01
-7.944207274826196929e+00
-1.823267648288276632e+01
-1.768932429746853785e+01
-6.198461349470382231e+01
-3.016902250374627670e+01
-8.097978664732195853e+01
-3.367920316612369902e+01
-3.609470046401449395e+01
-5.812218183222327639e+01
-1.657976370848614067e+01
-2.572372360008935033e+01
-2.455997600225133226e+01
-4.623732225959106046e+01
-1.166365657639789433e+01
-6.124844914780856797e+00
-2.525596219008262366e+01
-1.145425078290865706e+01
-7.444207274826195153e+00
-6.966190775869284479e+00
-4.898050974824235482e+01
-4.831604211094304446e+01
-4.956906610579503791e+01
-8.819341217743835060e+00
-6.311954174320458577e+00
-5.867337587166653634e+01
-2.564915837631187401e+01
-3.986680529510971382e+01
-5.121813099890545828e+01
-3.334260020247521084e+01
-5.924946417873221627e+00
-1.111661394125325586e+01
-1.275010122922642886e+01
-1.219834290670755728e+01
-2.385676205360483948e+01
-1.058868363483213137e+01
-1.308492390016935758e+01
-1.449744207244587813e+01
-5.534971574475685685e+01
-3.100388588133816370e+01
-7.155814110505440340e+01
-1.452064418387965183e+01
-1.338143363044040512e+01
-4.685475105701709708e+01
-8.310499884155973405e+00
-1.415019281580166499e+01
-6.900000000000003020e+00
-3.439713845716948271e+01
-8.792844314211217593e+00
-1.145202807479914497e+01
-2.550130211954602544e+01
-1.098972700906657174e+01
-2.826709403049887825e+01
-2.451303044273839404e+01
-5.874751569926022654e+01
-2.889583999966571071e+01
-8.756310148939283167e+00
-1.046719713962459508e+01
-1.292016288608391861e+01
-4.663795308309693155e+01
-7.590446817932228640e+00
-8.533578687050660250e+00
-6.151451315787879537e+01
-1.828955743900074182e+01
-2.093187286882650611e+01
-3.324022267524689767e+01
-1.364674729424666744e+01
-5.624946417873220916e+00
-3.244128825122190563e+01
-2.861420633935491509e+01
-1.400825616479550284e+01
-1.709148833511261145e+01
-3.372793585435263708e+01
-8.983696376331891997e+00
-3.291827243579683682e+01
-1.210041968429075183e+02
-8.529174438301899031e+00
-2.686491882113317686e+01
-1.854108490439418233e+01
-1.264196656141072026e+02
-2.221063165329658773e+01
-1.512289587488264253e+01
-7.388830336110888197e+01
-5.590352912148796349e+01
-1.332223496628664172e+01
-9.661367733715323425e+00
-7.208621077380018960e+01
-1.392533790968195362e+01
-4.875821338803647365e+01
-1.466104552650263138e+01
-1.353660914943304228e+01
-3.067900250300765563e+01
-1.154748705724848890e+02
-2.863669456611886588e+01
-1.415380850005958635e+01
-2.866541454091414209e+01
-9.156987613271573068e+00
-9.517334267777348700e+00
-1.329307777228537546e+01
-5.161664068634787839e+01
-1.713606066597368027e+01
-1.214453103043658722e+01
-8.906765633081668909e+00
-1.276772670257355635e+01
-2.933067200337053748e+01
-9.200000000000001066e+00
-3.128485268970449340e+01
-3.376874025948659153e+01
-3.206929699922180532e+01
-1.511591376305389467e+01
-3.206929699922180532e+01
-1.372223496628664208e+01
-7.756917437020690365e+00
-1.335780375270310572e+01
-4.342375743265971266e+01
-1.391488753524073374e+01
-1.896373896585117436e+01
-1.555678718155895623e+01
-1.508658351679533105e+01
-1.849140183408475835e+01
-1.403320201497297681e+01
-1.671794364929553112e+01
-5.435042882583444168e+01
-8.481851787880444249e+00
-1.151764570737069171e+01
-3.829646056645363927e+01
-6.403713338719741444e+01
-1.345232526764625547e+01
-7.910980373088032813e+00
-1.199148834259842147e+02
-6.585186580689507707e+01
-4.685475105701709708e+01
-5.648125433833470765e+00
-3.371147757036246873e+01
-9.961277539193471142e+00
-1.293467277112796943e+01
-1.151513831772665064e+01
-3.031983246568209367e+01
-7.048527784677912678e+01
-5.298605180828812422e+01
-5.265705916356845506e+01
-1.072517762127990437e+01
-1.816408051723993466e+01
-5.849368027144083726e+01
-3.949532574388030781e+01
-1.863585077670063228e+01
-5.149230531247162190e+01
-6.006107498316301019e+01
-7.166403545457434632e+00
-5.531305191068960880e+01
-1.100786419265387828e+01
-6.959462537797156756e+01
-7.463966281345909692e+01
-3.116658031069848178e+01
-6.030207322570377215e+01
-1.130515710954887787e+01
-5.760454401106164823e+01
-1.415386111199958563e+01
-4.388194355146085002e+01
-7.580545105050254051e+01
-1.366255781835462457e+01
-4.306301015372069685e+01
-1.188465545844096383e+01
-4.494133603832499091e+01
-2.848359544369261798e+01
-2.200083857415707911e+01
-1.416334344868332984e+01
-9.666430931104148527e+00
-4.267010210530527559e+01
-1.209999999999999964e+01
-9.412141837808350786e+00
-1.498775744833123547e+01
-1.607723576949397071e+01
-4.161146066722373860e+01
-2.618376608131669769e+01
-5.767852735010126253e+01
-1.005574966574084961e+01
-4.948617088623620219e+01
-4.087410465235081602e+01
-1.157792742834437050e+01
-1.219447613022301802e+01
-8.314870204704861578e+01
-1.133886716955594487e+01
-1.667372229202207734e+01
-1.963021883080824281e+01
-1.005027058783277383e+01
-2.080073111016268328e+01
-4.910701429555223996e+01
-1.111275314107089329e+01
-1.272252606223649707e+01
-1.739023503604043341e+01
-3.396419800345497464e+01
-2.736211247045276806e+01
-1.333903719833784685e+01
-1.985003579980810073e+01
-1.429646600256355171e+01
-1.267900810760056451e+01
-1.607723576949397071e+01
-1.166320915964159077e+01
-5.914799451126244278e+00
-3.242091965128255993e+01
-2.601182404009805893e+01
-1.112646806805327238e+01
-9.082979923459575389e+00
-3.064393266762768420e+01
-3.555069073005917346e+01
-6.990123883177837172e+01
-1.735780431964619197e+01
-2.944236915429794266e+01
-4.333985678617678872e+01
-1.263884686272275282e+01
-1.233125508808913828e+01
-2.101757629283250850e+01
-6.799895503444777667e+00
-3.068892888029540345e+01
-1.146152675586500003e+01
-3.024088342552529340e+01
-7.598015037690722728e+00
-4.798674211518017074e+01
-1.447028061599903204e+01
-3.265242256463039894e+01
-2.679201031405389344e+01
-4.858658792563073092e+01
-6.540272488195104472e+01
-1.348442986141603761e+01
-3.547677877560201409e+01
-1.099839058109186851e+01
-8.889888664441599531e+00
-3.827490266725841650e+01
-5.663276244276144666e+01
-6.060367199283622597e+01
-1.354006705193246773e+01
-3.914156088500997299e+01
-1.548057662809160107e+01
-3.070829520828632653e+01
-1.498485281141886105e+01
-7.096808288671230969e+01
-1.019957929541525310e+01
-6.468480345902682416e+01
-3.199007470168766432e+01
-1.009121427952865275e+02
-1.703952794509852353e+01
-3.273564233333110707e+01
-1.422932370740788066e+01
-2.683198269515673573e+01
-2.868202269848761432e+01
-1.044574718747739972e+01
-1.022616633197735680e+01
-1.000145763481431516e+01
-1.698814239435891693e+01
-1.143294470663268925e+01
-2.899470348865386882e+01
-3.156872987466575609e+01
-3.064393266762768420e+01
-3.242091965128255993e+01
-6.645329224195464235e+00
-6.349890974714428182e+01
-3.092748244859774687e+01
-3.856380609783288094e+01
-3.129886343234337076e+01
-1.591468209594246552e+01
-1.090994593812932401e+01
-1.811307111979459350e+01
-2.390914133079254356e+01
-1.133397872936035355e+01
-1.711360212908365597e+01
-6.001802912646255095e+01
-2.139647883497798020e+01
-7.862046852967662858e+01
-1.853087931733909954e+01
-1.922063453980818082e+01
-7.199802451274158521e+00
-7.525554421290580720e+00
-2.887286328519887491e+01
-3.511848986271596118e+01
-3.203776056750200496e+01
-5.472346246423877858e+01
-2.341604094464319985e+01
-2.252671212123921407e+01
-8.842966005118316986e+00
-2.726578565586582314e+01
-1.479338562086029896e+01
-1.033137320574261864e+01
-7.874928608812849973e+01
-2.951300565944671561e+01
-1.340195374553795205e+02
-1.165223574185627520e+01
-2.121067532990722526e+01
-2.236727336821022050e+01
-1.945930807807557983e+01
-5.171123598169614866e+01
-4.258854452761607945e+01
-3.156088082824198082e+01
-1.499998527108775370e+01
-1.409984944406423679e+01
-5.897381068111108959e+01
-3.499088628877589713e+01
-2.082541348789708735e+01
-8.444207274826197818e+00
-4.122655278509173371e+01
-3.139856839045552306e+01
-2.244682238369347616e+01
-9.816832309821721836e+00
-7.277616882448615598e+00
-4.181658427484205731e+01
-1.342304640825020812e+01
-3.963123250379842233e+01
-6.184062520952812747e+01
-8.176097208160953755e+00
-2.788529116868194180e+01
-1.601238838238986517e+01
-1.286605146675920963e+01
-3.063679877621677861e+01
-1.063008780850043067e+01
-2.639762991553099525e+01
-1.067974272865694907e+01
-2.594312371104188486e+01
-1.263779597155594381e+01
-1.652626001990202909e+01
-1.459105134760491396e+01
-1.106441580241251899e+01
-1.615295646600355539e+01
-1.954523062677734302e+01
-2.362594093285906283e+01
-2.153947358453259397e+01
-2.826047272585616099e+01
-2.881987788305656650e+01
-8.298382484092375222e+00
-5.623323699578885027e+01
-1.189318528552663956e+01
-1.012717295526290684e+01
-2.423184940146245836e+01
-9.463544585184658686e+00
-2.753106433741123737e+01
-1.231446838200081473e+01
-4.294811823422527652e+01
-1.815267389782104601e+01
-2.660438129173768829e+01
-2.201933017465377418e+01
-5.027249058194109921e+01
-1.113956898184036781e+01
-9.029554872938954091e+00
-1.657671646194240367e+01
-1.442739607046424943e+01
-7.234119588258859324e+01
-1.008905746711949725e+01
-4.356515697283763444e+01
-1.107364796321323297e+02
-1.459102626175483230e+01
-6.719183233520404031e+01
-2.129710254512143308e+01
-1.919321291296310505e+01
-6.360029061878016421e+01
-7.636605641325017402e+00
-6.044421707756129081e+01
-1.308492390016935758e+01
-4.072538276707498994e+01
-1.398230558462831041e+01
-7.750714328520756702e+00
-1.450164134963326035e+01
-4.617123640348565061e+01
-8.818063418449751723e+00
-1.165223574185627520e+01
-1.363992454761442552e+01
-8.524860676665316106e+00
-1.126857176042740427e+01
-3.481315217456238997e+01
-4.250937833114583242e+01
-9.239092794808250630e+00
-1.370527424424275509e+01
-2.781125167404777443e+01
-8.569281414509190142e+01
-1.360335972780243274e+01
-1.603591282810847574e+01
-6.724304053676328863e+01
-1.595606430839545098e+01
-3.312353139594982565e+01
-8.686561172421849619e+01
-8.136970801532918074e+01
-9.493141300533293858e+00
-6.491757100973561023e+01
-1.302695714867147991e+01
-3.120380784004443342e+01
-1.268407883329646779e+01
-8.733578687050661316e+00
-2.879354518775844340e+01
-8.403819108607015309e+00
-3.593431339649191614e+01
-9.279652501525850639e+00
-4.300043525968203539e+01
-6.700000000000001954e+00
-1.190124570909839363e+01
-1.371728379108963658e+01
-7.072498151813670120e+01
-1.129458300727999642e+02
-8.588144513523673140e+01
-1.350021135743383738e+01
-5.002448575832750066e+01
-1.977129711216510799e+01
-2.779806363222852994e+01
-5.185305009219051442e+01
-8.867960836895315779e+00
-1.260177814301690624e+01
-3.500693707389350351e+01
-1.342006932167161892e+01
-2.859354233537165157e+01
-2.001083429238819988e+01
-2.241947918411438678e+01
-4.064610478433151286e+01
-3.545834542058354089e+01
-5.075312068291485446e+01
-1.722104988825620708e+01
-1.337783747257646105e+01
-1.121470516111695659e+01
-1.110557328832976864e+01
-2.039480055645825018e+01
-2.701880539401507875e+01
-1.357300430774482791e+01
-1.466195827688073550e+01
-3.359079551091620885e+01
-2.254503889507540038e+01
-9.258904336154776260e+00
-4.851698230162656245e+01
-1.926894201079607072e+01
-9.476663621355278622e+01
-9.724429499560159229e+00
-2.312579072521750945e+01
-1.389243085190560301e+01
-6.371551258350511660e+01
-4.380135287325221327e+01
-1.223841730976822717e+01
-1.270069894173443892e+01
-9.315473366059027427e+00
-1.736678648655357549e+01
-1.156094257990291574e+01
-3.284746190024332435e+01
-5.399816941190309905e+01
-1.300014153810319897e+02
-1.347022011792932261e+01
-1.660169958848396377e+01
-1.953572176266521865e+01
-4.604198106551795888e+01
-1.880077731869261726e+01
-1.714598275258927274e+01
-2.061145586484635928e+01
-1.557210322282291948e+01
-1.053426527547241420e+01
-7.894562570347996200e+01
-2.184790756319572225e+01
-2.695668808647050696e+01
-9.787367146186961975e+01
-1.892593424628191556e+01
-4.514148544717444622e+01
-6.401268867158637477e+01
-1.350143686427854206e+01
-4.605227421293132295e+01
-1.542738398820324086e+01
-1.899480511650754977e+01
-1.294893945808766311e+01
-1.213522143103736717e+01
-8.889888664441599531e+00
-1.648128333073967156e+01
-1.034155437101448705e+01
-2.221068987135970119e+01
-5.468055126572452451e+01
-3.368951414120780186e+01
-1.833227818043098978e+01
-1.449043907594870007e+01
-8.889888664441599531e+00
-1.534294670620671219e+01
-3.186471688932999768e+01
-1.440247164064652274e+01
-2.955294933839071447e+01
-6.325223972348574364e+01
-1.668293775552139024e+01
-7.889767961253176054e+01
-3.121929171788385915e+01
-1.520997975707247996e+01
-1.117980819271101645e+01
-3.256685605602925193e+01
-3.956897620217373657e+01
-5.922661541827852005e+01
-1.107799821064217483e+01
-1.641158815144150296e+01
-2.440920136806062146e+01
-4.818089158797994287e+01
-6.333357360566605365e+01
-8.875070513714098297e+01
-8.347809193238880709e+00
-1.000000000000000355e+01
-1.190000000000000036e+01
-1.220796438430996744e+01
-4.286259253919401147e+01
-9.351657439429483532e+01
-2.673031566310345752e+01
-4.588061827401780590e+01
-6.628973337008018163e+00
-2.772913459492043131e+01
-1.880147170110732091e+01
-4.148523710424576905e+01
-1.535218044934315529e+01
-7.118691765123938353e+01
-3.210423596020017101e+01
-1.070000000000000639e+01
-4.076031354793319395e+01
-3.797933915890828160e+01
-1.212528558985171401e+01
-4.806764071000475980e+01
-2.535041705646110799e+01
-1.517772537643632802e+01
-2.187782761292924505e+01
-7.342684751420790690e+01
-1.070000000000000639e+01
-1.810670625589429150e+01
-1.360000000000000142e+01
-1.866523503632229364e+01
-1.140636579919586069e+01
-8.000000000000001776e+00
-1.566008318606155214e+01
-1.495367206499473234e+01
-5.850632567538342954e+01
-1.423277541436571880e+01
-1.534011738483368248e+01
-1.283726699042227359e+01
-8.630500419625034780e+00
-3.682439906294986542e+01
-9.512495800589736206e+00
-2.830272150385731678e+01
-4.085812125341142576e+01
-3.135112898979431861e+01
-1.102665480913287581e+02
-5.076760794918362762e+01
-2.799751487013958950e+01
-3.565971041735524238e+01
-1.464176374227475463e+01
-1.004903422937301904e+01
-1.265130501401909058e+01
-1.464543846870568800e+01
-7.410981461877354626e+00
-4.203232118899605041e+01
-1.365499160221026997e+01
-1.383110621514442506e+01
-1.130105691944572932e+01
-2.809679453077588462e+01
-3.119466701923262519e+01
-9.813689569080073838e+00
-8.323586920193397987e+01
-1.872604251314727364e+01
-9.803987002218104863e+01
-7.296811176701485380e+00
-3.339997449610006441e+01
-1.213105132721724289e+01
-1.033154202206775238e+02
-1.090000000000000568e+01
-4.328191652425584834e+01
-1.373110989691691053e+01
-4.549693495807667176e+01
-1.489171784323349534e+01
-7.157607681572186209e+01
-1.348552286318841276e+01
-2.356365757195567312e+01
-9.776707349915862721e+01
-2.219611877940421607e+01
-1.050140581018678745e+02
-1.557657422053410912e+01
-5.283783161669602180e+01
-2.972901046836760841e+01
-7.692788035250919698e+00
-7.782954278813075888e+00
-1.442947339304693166e+01
-1.076534929534984997e+01
-1.027692401819171764e+01
-1.080000000000000071e+01
-5.538245276939404249e+01
-1.010946170232176478e+01
-7.016536016787343044e+01
-2.658142022621985845e+01
-3.358876420661839290e+01
-1.320173636320178048e+02
-3.875101293748723208e+01
-4.360224172468412718e+01
-2.848456045685485449e+01
-1.838517915579709339e+01
-4.768107835282096119e+01
-4.788212265095357623e+01
-3.058361009429932054e+01
-1.533477017939843279e+02
-1.679887630344876470e+01
-5.205284194645458484e+01
-2.971456613843900385e+01
-9.230834388287592063e+00
-4.738769240933281424e+01
-9.675559916960352780e+01
-9.788376433197029769e+01
-2.629798565522861864e+01
-2.981768743258683685e+01
-2.977631511594731606e+01
-9.699999999999999289e+00
-6.131536803173631256e+00
-5.809406795172034066e+01
-8.073693438890963137e+00
-1.120000000000000639e+01
-1.940769481952903064e+01
-4.975528528297788000e+01
-7.380057915626836973e+01
-3.263879100171173775e+01
-1.201773066068689744e+01
-1.541324282465427942e+01
-2.276602353602585893e+01
-4.638040530093073954e+01
-4.857308455759384458e+01
-1.540500660204268968e+01
-5.617592515733089442e+01
-8.102260136463403484e+00
-2.448704771179102480e+01
-7.192732006518978949e+01
-9.899999999999998579e+00
-4.109402642188563703e+01
-1.571866586561973023e+01
-2.977038278500712920e+01
-8.929662522830332350e+00
-1.348271380607077852e+01
-6.828736450938291114e+01
-4.261846569719644862e+01
-1.169218875311124606e+01
-9.610654724828489037e+00
-4.585951870352048587e+01
-3.481195756386648554e+01
-5.121832330793174037e+01
-1.282522917344244817e+01
-1.144464820840531516e+01
-8.008371139483315915e+00
-4.649262741252594822e+01
-1.182226178716344656e+01
-2.556607362339143918e+01
-1.187726844396403969e+01
-1.331079826559838608e+01
-5.368652919799266954e+01
-1.834291820162586006e+01
-1.449565698749522724e+01
-8.476669930677008580e+00
-9.927049774502954449e+01
-1.855945076886921186e+01
-1.036050788504968345e+01
-9.488714828505424137e+00
-7.184408478232136019e+01
-1.019802411036068790e+01
-1.275891781687993465e+01
-3.265598720009241163e+01
-5.000453642063595794e+01
-9.727613068902087434e+00
-6.611490972847944647e+01
-1.287112722881953175e+01
-2.620386388738694805e+01
-2.592628207050055877e+01
-8.010999153916312565e+00
