-6.263197254064260733e+01
-6.490683691755927498e+01
-1.258520297955128058e+02
-6.305363719056660443e+01
-3.745343647542071608e+01
-2.326594321364498086e+01
-5.668401120621744127e+01
-3.523316970613416999e+01
-3.561431884856402519e+01
-8.207081244740781756e+01
-9.121224177295911772e+01
-7.284466590870276548e+01
-2.568542367715028263e+01
-9.978811314841726698e+01
-4.484981425775601593e+01
-8.691719185962850247e+01
-3.894804891958907689e+01
-2.800504708973036117e+01
-9.365818653348976852e+01
-3.150609407972154941e+01
-9.485655946028914798e+01
-8.751186550153632027e+01
-5.858656603019382203e+01
-4.904929243163307717e+01
-2.929471657027697162e+01
-5.893659419348989559e+01
-6.601750564299793211e+01
-6.238311292903459560e+01
-1.378318135084464586e+02
-6.388924656737840024e+01
-2.938298202142036786e+01
-4.944156226795875142e+01
-5.285719316112607657e+01
-3.927956446598913942e+01
-4.713345519716016696e+01
-4.676685496606071268e+01
-3.887937153331762374e+01
-4.188240966216923766e+01
-5.785713876996074845e+01
-3.815701222447677310e+01
-6.128927196082987905e+01
-5.581424531241043496e+01
-6.122405423357197662e+01
-6.240322873341161625e+01
-1.054166115931718792e+02
-6.957879351093703235e+01
-3.736487334775554814e+01
-1.108786641278465908e+02
-1.100442661946218834e+02
-6.746342845761412832e+01
-7.816773705971715458e+01
-3.622994891244879057e+01
-1.133453178265111916e+02
-5.909776012168131842e+01
-8.279430767230512345e+01
-1.099977817153111346e+02
-3.405904992389820052e+01
-7.211437677447372607e+01
-4.233459356001363005e+01
-1.097846465865254970e+02
-4.753183263145735538e+01
-3.205962505397096862e+01
-1.243495419050059922e+02
-3.655886410736521697e+01
-8.534408748049534665e+01
-9.015296222533373793e+01
-5.050179845850870919e+01
-2.947213318145006511e+01
-5.842125761793041505e+01
-6.084319108738439041e+01
-4.253964430314778866e+01
-5.363632296962309454e+01
-7.638802123546143719e+01
-7.606735964947071693e+01
-7.068809661151043144e+01
-1.021961322742836558e+02
-3.143276742516934164e+01
-5.463770931716690171e+01
-1.175863085759974069e+02
-9.742591679798013615e+01
-4.592968855171486808e+01
-1.754093046187295499e+02
-5.829195477636743306e+01
-1.808316953742555029e+02
-2.033450800719288054e+01
-3.408452562747464754e+01
-5.348933748395774757e+01
-2.910037800325844159e+01
-9.769527068139686321e+01
-1.013739704414512772e+02
-7.529628094413941142e+01
-4.506709348807605409e+01
-6.820649506764095804e+01
-1.055325227309966607e+02
-9.968563847692499280e+01
-1.566966556571505365e+01
-4.222100693582031283e+01
-4.006897605955988695e+01
-6.305002505025007054e+01
-2.009999999999999787e+01
-1.729842513868785403e+01
-1.316652900141025206e+01
-1.896086887942766808e+01
-9.565521612743572177e+01
-1.088865479803077108e+02
-4.333222559734610257e+01
-7.437986758988728297e+01
-8.698295343180821249e+01
-6.312652771641740657e+01
-1.979999999999999361e+01
-1.411139020607841985e+02
-5.131348677745062048e+01
-1.128092352819747362e+02
-2.182464951299827760e+01
-1.116793059540477273e+01
-3.375384711941374150e+01
-2.742022288082504744e+01
-9.998999617624477310e+01
-2.814375718464501830e+01
-3.026483913002135040e+01
-9.043376797062717287e+01
-4.992736520218597462e+01
-2.314737133899847166e+01
-5.992861718005950422e+01
-4.327727760099927679e+01
-1.399185952230042744e+02
-1.340082161947725865e+02
-1.494138479733859448e+01
-1.847729187266476103e+01
-4.762463121268352495e+01
-8.715882766799916226e+01
-4.399051824747644446e+01
-4.945266982434870329e+01
-1.004073612211711435e+02
-1.844872217407018056e+01
-1.383044385527835800e+02
-7.308766835798768113e+01
-8.570588550830954944e+01
-5.152819955451706591e+01
-1.743456430713091976e+01
-7.292902830364982947e+01
-8.853666853408435600e+01
-1.923519371805836897e+01
-6.227447925661527250e+01
-5.615033328873595764e+01
-5.995449653987351013e+01
-1.279601120481867014e+02
-1.030973452743995864e+02
-6.520382063717667620e+01
-6.845336981001156573e+01
-7.374212705811977742e+01
-1.077644515655434532e+02
-5.072714727105604027e+01
-8.061550984971302114e+01
-1.107127883475226469e+02
-1.052741965200511629e+02
-2.710192663715766415e+01
-5.908741283429793612e+01
-1.318717635248598015e+02
-1.227027707490625374e+02
-6.385458914866422475e+01
-9.170666476279836843e+01
-1.044657209901959618e+02
-6.511982633508543472e+01
-5.399818888203650857e+01
-1.091208895275820225e+02
-1.093828406623268279e+02
-1.451899355274334198e+02
-5.009095983664992247e+01
-4.249133705995119215e+01
-6.823826676569210292e+01
-2.748919869350953959e+01
-2.786465917526257741e+01
-6.451766848511761054e+01
-5.092583562440046308e+01
-1.432964277390620396e+02
-8.520792819626427672e+01
-1.306866983102251645e+01
-5.127467676001290187e+01
-1.560431373184977986e+02
-1.425701043408163855e+02
-3.651762082909962714e+01
-7.123216658493082321e+01
-2.352921756815368681e+01
-3.681075274341518622e+01
-1.059950291226018670e+01
-8.201610739700954866e+01
-4.232273741423209401e+01
-7.758286426405655334e+01
-2.006447180297614352e+01
-5.322670116769782567e+01
-6.753897367446943178e+01
-1.391295887734326868e+02
-6.231632681451480948e+01
-3.134798266313458726e+01
-7.451228586115337293e+01
-9.890288646031055464e+01
-4.961913777334414277e+01
-2.646060388572555411e+01
-1.415100551568379785e+02
-1.691117322787300736e+01
-1.833822537104604677e+01
-6.997444362964685638e+01
-6.698479898027738955e+01
-8.381097473109836926e+01
-5.698938235902713245e+01
-6.961805500513354161e+01
-8.549312070424684862e+01
-6.807377478139201799e+01
-1.236015374965797946e+02
-1.476565178300088377e+01
-3.266403073039229810e+01
-1.191494440739550811e+02
-7.181930762569142246e+01
-6.328066778405959525e+01
-6.452158168408486461e+01
-5.550643330975616863e+01
-1.242448788773982784e+02
-7.881897777093804791e+01
-6.956596732906182012e+01
-3.261282384292144343e+01
-7.334525809954152464e+01
-2.079123572080461813e+01
-6.673857449558124699e+01
-7.797878167662436510e+01
-1.148773917252927106e+02
-2.216326189919970702e+01
-5.588312541412103940e+01
-8.756454767847935727e+01
-5.648620418237004515e+01
-2.340843573622715468e+01
-6.898871847188816275e+01
-1.143726717087858589e+02
-5.956720082357954027e+01
-3.711499481799526734e+01
-9.180220901575644632e+01
-6.666984205345819703e+01
-3.725585867969736142e+01
-4.989789100910921604e+01
-9.518477644885568623e+01
-1.384052799825472491e+01
-1.966815711595871008e+01
-6.648483721885770592e+01
-8.039669556152323082e+01
-1.258470679002424504e+02
-4.609572085252911933e+01
-2.337921288063120073e+01
-2.392780377943283199e+01
-6.727693353112687191e+01
-5.517860136432646811e+01
-1.352214867565228928e+02
-2.502691040852580429e+01
-2.466413145009804353e+01
-7.280117283712802134e+01
-6.646633068273253286e+01
-4.718359017370762842e+01
-6.956596732906182012e+01
-8.976129313322569203e+01
-1.305007131064113679e+01
-1.026075092396841768e+02
-1.105464288069937169e+02
-2.482662544734940724e+01
-8.299007172571884894e+01
-6.466128299584789829e+01
-1.245032114610784078e+02
-5.593395845848182546e+01
-2.319979035954891700e+01
-7.498813274118285221e+01
-3.356291227471347582e+01
-1.236514791102035957e+02
-9.545652068359895281e+01
-5.987008131597083604e+01
-9.707379318421888570e+01
-5.633523345722385756e+01
-7.490151783563331378e+01
-9.149033322675174418e+01
-1.590620911659683756e+01
-2.293241019046774198e+01
-5.543258962069022289e+01
-1.455026384351524200e+02
-6.638094422378658521e+01
-7.323725093255036711e+01
-1.483783498680551816e+01
-5.673396646460576420e+01
-8.735107081761064762e+01
-1.701220416217844544e+01
-1.032127280456489729e+02
-1.304720555434159337e+02
-3.074205146024477031e+01
-1.049242407392174670e+02
-2.614737224542487937e+01
-8.158022426574638075e+01
-2.509634795718516997e+01
-1.082255854011577725e+02
-6.179007785056303703e+01
-7.084781729529285599e+01
-1.258794016712314203e+02
-9.197359636895501467e+01
-5.285423714456071309e+01
-1.010501714334279626e+02
-7.196295062444752944e+01
-8.454555431454210179e+01
-1.238252656368915154e+02
-4.079075832301466420e+01
-3.925193916725002907e+01
-1.016645784025990764e+02
-7.313801116924776125e+01
-2.572742990787780215e+01
-7.993174073762396858e+01
-8.251137321241949962e+01
-1.171137162529813480e+02
-1.285866981709830270e+02
-8.987938882729933709e+01
-1.266762099855190549e+01
-6.087024057304585511e+01
-1.018515765589517059e+02
-7.129534340086567568e+01
-6.822660476155195397e+01
-1.598870511941651102e+02
-1.180005521164760296e+02
-2.123799345977729658e+01
-9.168014425133588929e+01
-1.523222518168981594e+02
-1.270521730976790167e+02
-6.241445318132456777e+01
-1.277890485920256083e+02
-4.073228403463178893e+01
-8.436441298882641604e+01
-6.957055858107138135e+01
-2.418519111814655886e+01
-6.395056245707395703e+01
-6.895342781824112421e+01
-6.713734121391942722e+01
-8.278088774440030662e+00
-1.281792068227299524e+02
-6.969126548462146786e+01
-1.564255995522337912e+02
-7.931056330827624379e+01
-5.195714101344310620e+01
-4.407896169394052777e+01
-4.671717923434076880e+01
-2.736662889170235147e+01
-1.256581858837429451e+02
-6.222870886497477727e+01
-1.839303160990177588e+01
-7.248635676674578576e+01
-7.130326159046634871e+01
-2.121115576309014372e+01
-8.405255897782966201e+01
-1.859856725821722634e+01
-1.758472229862474379e+01
-7.497290291665721895e+01
-1.228703900682678665e+02
-1.693030236207570383e+01
-1.164761255510945546e+02
-7.147710282079472677e+01
-2.453935337787838833e+01
-1.008586412911433854e+02
-1.125753317944527936e+02
-1.754922771084737221e+01
-1.560836136233676257e+02
-8.802311472619277311e+01
-1.012965345022098660e+02
-5.527940932335846469e+01
-1.054074897616253281e+02
-6.194950122853648367e+01
-8.756355882010247171e+01
-7.186430438934270626e+01
-8.701319199423132034e+01
-1.488557061407229583e+02
-1.899201241379151028e+01
-7.690652425411128945e+01
-8.185899488376904287e+01
-6.400231911792361927e+01
-1.530703604889337157e+02
-1.226240238553118900e+02
-6.934359534039896289e+01
-1.390309283717275264e+02
-6.055771076355661364e+01
-5.161401058973525124e+01
-6.193996851953153282e+01
-8.235495890373007910e+01
-7.465368272267602379e+01
-2.154332090190439075e+01
-7.644753677402269432e+01
-8.657157913510930314e+01
-1.191103270497377622e+02
-1.213062923953840624e+02
-7.147203651560737114e+01
-1.027423076625545804e+02
-1.533374697158175195e+02
-6.879255997256134947e+01
-5.431534344735933217e+01
-6.334184560525402929e+01
-7.996944807231140828e+01
-8.130927333818956981e+01
-4.065192915219380154e+01
-2.874235375128663250e+01
-6.594481323163122966e+01
-6.551379396849185355e+01
-2.955701750837484454e+01
-9.187719581586286210e+01
-1.004566103471287875e+02
-2.153079088239254446e+01
-4.458325244784119690e+01
-9.278648812750505215e+01
-1.572598020193539412e+02
-6.522536673396051299e+01
-8.133388452917884592e+01
-5.627874413548164512e+01
-4.721675918309230724e+01
-5.608723051238121826e+01
-6.795567663082164245e+01
-8.311448415590318461e+01
-5.030358075437109733e+01
-3.212495221421754366e+01
-6.873383458342183872e+01
-6.824128118492237149e+01
-8.898861133816204472e+01
-1.050011961808447936e+01
-6.700858912782800303e+01
-8.696043861948952269e+01
-7.064902417544675473e+01
-9.129397968678441089e+01
-6.479600311179434868e+01
-1.323648412068049254e+02
-2.639729994993710349e+01
-2.164165259004692743e+01
-4.175699463548440349e+01
-4.833503656625603639e+01
-1.174833529389161697e+02
-6.406087121160724962e+01
-1.025859112587837103e+02
-2.144871692375609129e+01
-2.458593517521276794e+01
-3.864985566569669828e+01
-7.005228143244451644e+01
-1.739392848619681331e+02
-6.498096382093056889e+01
-5.995595470118421133e+01
-8.317970495132578890e+01
-8.749207248677801374e+01
-7.092068641589668232e+01
-1.138321462370578274e+02
-5.638742417172162646e+01
-5.876731201655860559e+01
-7.652970566193482682e+01
-3.034365094452520495e+01
-3.104671416200668332e+01
-1.572847292214916024e+02
-8.393824403602346251e+01
-9.767055323905361774e+01
-7.866368753703543604e+00
-8.522875070703743461e+01
-5.547532661616986616e+01
-5.858374565829057445e+01
-4.331165451323199989e+01
-1.448013438349007060e+02
-7.301705030437820199e+01
-1.135299958390804420e+02
-2.533026148980874126e+01
-5.251104388560418101e+01
-8.466282893044942170e+01
-6.990416499093052494e+01
-4.201107466821557068e+01
-5.545755009567016458e+01
-5.591220195732870479e+01
-2.191748595416925838e+01
-1.085337250807083365e+02
-8.780121412888972543e+01
-1.002086050683356291e+02
-1.037894469821915635e+02
-6.227150807751100103e+01
-4.652747636764350148e+01
-6.555568856246114251e+01
-5.875907043745962177e+00
-1.029445004253095988e+02
-8.583934153876835182e+01
-7.114814103488765795e+01
-8.780121412888972543e+01
-9.628766916491282757e+01
-2.994819710777154498e+01
-8.402780092654830923e+01
-1.172598913159217204e+02
-1.227620126487844132e+01
-9.373950452033427894e+01
-6.483393886457393762e+01
-8.802250723925627085e+01
-7.313801116924776125e+01
-6.829378823643216379e+01
-7.932683086528189165e+01
-5.362721460103159643e+01
-1.433070315819827556e+02
-8.780121412888972543e+01
-1.486418728648166621e+02
-3.236248160828036902e+01
-1.261719405955458342e+02
-6.941002132340642561e+01
-8.740425898308609831e+00
-3.773839663579440895e+01
-5.709794259031788499e+01
-5.397696921009810467e+01
-4.364719798507955772e+01
-2.951278913441431584e+01
-3.102142279635294386e+01
-8.355329805973138946e+01
-6.893323033822906609e+01
-1.011805182208819218e+02
-1.193362890484214915e+02
-6.866842110962589629e+01
-4.737435969447738415e+01
-9.266772826782744232e+01
-2.167022938042435953e+01
-1.165080228982856312e+02
-6.338055908288134077e+01
-5.454400131377891370e+01
-4.441566822638947798e+01
-9.259378575428007707e+01
-1.551389486564752076e+02
-3.439805388441224920e+01
-1.052070925490297810e+02
-1.088085063155598675e+02
-1.341759363415959001e+02
-5.740425898308609831e+00
-4.217052679143746730e+01
-7.967594659430123727e+01
-1.420216579918506739e+02
-1.591437082288359193e+02
-8.391178737420570144e+01
-4.709956462366446317e+01
-7.903259031674880930e+01
-1.210573079765709252e+02
-5.995346631475445065e+01
-1.250876059081500529e+02
-1.266602011345094638e+02
-1.133453178265111916e+02
-6.308634101002158445e+01
-6.999690803480348222e+01
-1.586157021627010124e+02
-9.818776195691896191e+01
-4.484974259699743726e+01
-9.570466803977082293e+01
-1.641931199890007633e+02
-1.229203956688340504e+01
-6.903807417664566515e+01
-2.984101845020596144e+01
-7.897313954552834048e+01
-1.773573406951713309e+02
-1.200260003438505692e+02
-1.763028987609166265e+01
-9.219024943291269381e+01
-7.901725603697411771e+01
-8.447661152649138216e+01
-1.007427535637964695e+02
-5.643673991505759346e+01
-4.061252947986093176e+01
-9.319475271912244807e+01
-8.378855308771947819e+01
-1.578707705022762013e+02
-1.344331590385157256e+02
-7.058736172767018502e+01
-1.439974537606208571e+02
-8.445555969511102035e+01
-2.193311862431831827e+01
-1.109282503371264141e+02
-7.262279249608087639e+01
-6.877702019912103992e+01
-7.933301476139952513e+01
-4.944769377044705294e+01
-1.303445645696124018e+02
-8.123260585585875049e+01
-4.389935973864017882e+01
-2.784168577802000755e+01
-1.209148397472165328e+02
-6.990971713435835966e+01
-8.979766155905743119e+01
-8.916511982679853077e+01
-1.133932654449821058e+02
-9.000149855132148957e+01
-5.727716528751967218e+01
-1.978402105561178814e+01
-5.235742522547471367e+01
-4.786342967230982737e+01
-1.062902147106902930e+02
-2.028345327000605991e+01
-9.002402179214220723e+01
-1.187936527295282900e+02
-4.068169344791443365e+01
-8.297019454553388584e+01
-3.176602177876743482e+01
-1.698418116829172675e+01
-9.416981468670047661e+01
-5.366430249838295197e+01
-6.838733924643159412e+01
-7.280519973199780281e+01
-9.785160380382950507e+01
-5.378558743021763178e+01
-1.462169793089432517e+02
-8.780308591668244844e+01
-9.569263683091682537e+01
-4.493364777758075945e+01
-7.147424399424819796e+01
-8.387414449226123736e+01
-1.421832223201946874e+02
-5.800929604961054054e+01
-8.052000027513082614e+01
-1.088005333296948720e+02
-3.119634303779037410e+01
-8.125057179480394609e+01
-7.098707665784871779e+01
-1.165526470325075366e+02
-8.416543032936255031e+01
-8.128791098461604747e+01
-3.709702256212752047e+01
-6.046451829554321478e+01
-6.193598070616264550e+01
-1.491869701142028077e+02
-1.614138557553743425e+01
-4.248693558560034944e+01
-3.380330817363587670e+01
-8.126603216414846997e+01
-4.632990592353376513e+01
-5.696686039080200459e+01
-7.171550843674334885e+01
-8.754487311463465460e+01
-5.531688353805647296e+01
-6.580711622649978665e+01
-1.036781751108102867e+02
-1.119620628322597611e+02
-8.805038723064910755e+01
-5.968772187886970215e+01
-1.831545043005095295e+02
-8.268094973945947856e+01
-1.664250873952640575e+01
-1.465613958650122299e+02
-9.108999704494164007e+01
-3.237324646269664896e+01
-4.564571049710323791e+01
-6.677363995370119198e+01
-7.566376362952198065e+01
-7.929799618233553815e+01
-8.352946361642382556e+01
-1.787595386333312035e+02
-1.166543884065389989e+02
-2.228511557536246812e+01
-4.009781003313442227e+01
-2.201342136494910662e+01
-5.451274902593233662e+01
-1.037802386844108753e+02
-5.239710938021202935e+01
-1.991189111341200757e+01
-1.115281074012514573e+01
-1.257491162353405656e+02
-7.588596431589134284e+01
-5.980702654195003731e+01
-8.539546272760364332e+01
-8.861007386236420302e+01
-1.382612480915178423e+02
-4.639914573109982143e+01
-3.037741051671452297e+01
-7.231782211010475692e+01
-1.127279919353165525e+02
-6.895114973903990574e+01
-7.979034808721944216e+01
-2.320612491450276593e+01
-2.053846836001577003e+01
-1.138244456923173686e+02
-1.112687301647791571e+02
-1.120116188118355467e+02
-1.024573589173172081e+02
-1.126069986124123403e+02
-6.029246476024396451e+00
-1.059041440196051269e+02
-1.477937385211560866e+02
-4.670761180351848196e+01
-5.765551133562023267e+01
-7.771327643261298590e+01
-7.066145820198025262e+01
-1.555321698003943531e+01
-4.358555265226053166e+01
-9.783550439582293734e+01
-8.259278948626504757e+01
-5.377412094683306520e+01
-4.241976541646041454e+01
-2.075783875950993362e+01
-5.288170738939318483e+01
-8.373930899520804871e+01
-4.720180114474774768e+01
-2.652695264993363011e+01
-7.884058860925905776e+01
-5.408467405200740075e+01
-1.164714406255326082e+02
-1.012966472664811413e+01
-6.146126897986265192e+01
-6.040119991591833326e+01
-1.821702536425915042e+01
-8.346407585882957392e+00
-3.493986492768324581e+01
-6.905427935165214137e+01
-1.157371006101676301e+02
-2.621663192488038874e+01
-4.520670998820055075e+01
-4.181378446575664043e+01
-6.098348843607348613e+01
-5.777294786200239685e+01
-8.886738946466772404e+01
-1.262577990588969001e+01
-8.661220844014815157e+01
-1.194966641658311524e+01
-1.152677180768114624e+02
-1.776273472142621301e+01
-8.744215941022574157e+01
-5.887689757009982117e+01
-1.987317771254047472e+01
-1.204280113366698970e+02
-1.157139421019151371e+02
-2.343263433781101313e+01
-7.320963974946189978e+01
-1.005293640291676098e+02
-1.084180268551180149e+02
-1.121432482410048976e+02
-1.255382375254779390e+02
-6.862933988431535681e+01
-7.894033628487353837e+01
-1.219896835691680508e+02
-7.958083735750597043e+01
-9.518257487031659991e+01
-5.680848458222026665e+01
-5.185767275449452995e+01
-1.208628068618885294e+02
-2.223584537720603294e+01
-1.055233265678103152e+02
-8.208197161409512432e+01
-1.163426718827435451e+02
-1.099146306090792962e+02
-6.150348044075457210e+01
-7.355505599644109793e+01
-4.204547151659531323e+01
-7.978257924420537961e+01
-9.219806872511988161e+01
-4.490865649995565434e+01
-1.078276621839726772e+02
-2.621193187857027951e+01
-5.971835372523794661e+01
-8.276870598657532696e+01
-2.183618927123873377e+01
-1.295057297584645006e+01
-5.841190514156050284e+01
-4.082605735215321374e+01
-1.240865785428625259e+02
-2.964627054834344122e+01
-8.866554809038125029e+01
-6.483859214853502806e+01
-4.238726162009045595e+01
-6.785190341441052375e+00
-3.317558892790310665e+01
-2.710596652735639367e+01
-2.370741467620321430e+01
-1.974293208119827980e+01
-3.746507729814204879e+01
-1.342415114191461001e+01
-7.626251396335618438e+01
-6.285424272078671493e+01
-4.428451262079283524e+00
-9.660082164092246160e+01
-2.323369618459365071e+01
-2.443120374886886381e+01
-7.353042310069530174e+01
-5.228708858686087524e+01
-6.430958358046439116e+01
-7.931738085741116606e+01
-6.953633558054282560e+01
-3.447264226374846885e+01
-1.391528841675594492e+02
-2.593311282244571103e+01
-3.849142726000404480e+01
-1.017582190320046891e+02
-1.933495572130521367e+01
-1.108568446408763606e+02
-2.141613933750609533e+01
-1.242824641085821895e+02
-6.342931510377947291e+01
-1.312434173489724571e+02
-7.213883673638773075e+01
-1.072655557131180188e+02
-1.155920187344015204e+02
-7.174912897168621839e+01
-7.791028176085501400e+01
-1.473811746063213945e+02
-2.745378516750392350e+01
-5.764348070463789497e+01
-7.777167567384839231e+01
-9.760273051987212511e+01
-4.128291036672902692e+01
-5.840659116735924528e+01
-1.275128524259334881e+02
-1.503754333589206560e+01
-6.498855560644588536e+01
-5.284461121559088781e+01
-3.110188995018994973e+01
-1.967184665415257783e+01
-3.801499929811201639e+01
-5.658007070674383954e+01
-1.240209264106785128e+02
-5.215965509883741902e+01
-6.526437530795564612e+01
-3.890547425802440529e+01
-4.890321956649869151e+01
-1.737164100668005062e+02
-5.543476134568744840e+01
-2.223584537720603294e+01
-9.711332925782656389e+01
-8.997065209911490058e+01
-6.680467159406067879e+01
-3.374992937407238713e+01
-8.895857675041547452e+01
-9.587804475317554420e+01
-3.187466580481151723e+01
-9.536046574985009272e+01
-5.341627630846925001e+01
-1.551957815351107968e+02
-7.348270108649408883e+01
-1.392895695372712339e+02
-5.820146082382211716e+01
-1.449845952810618144e+02
-3.077616757030567385e+01
-6.896545347848660867e+01
-3.435149242516298784e+01
-8.074645942371375895e+01
-2.646623750168704703e+01
-2.992903542254531501e+01
-1.635946940733559174e+01
-9.347548508008011936e+01
-4.218072619734574147e+01
-9.551385230499452916e+01
-1.118337581450117284e+02
-9.081652264916712625e+01
-4.597646345147853708e+01
-4.048637439546169503e+01
-5.263480542702848197e+01
-2.593311282244571103e+01
-9.296154463758067266e+01
-2.223584537720603294e+01
-3.126185168925110602e+01
-7.658170257942066428e+01
-4.305102432796586953e+01
-3.702789416584997184e+01
-7.818378563629488553e+01
-4.706692253854915009e+01
-1.026979665506445372e+02
-2.312774520055401695e+01
-1.996016296612541652e+01
-2.317881001769389471e+01
-1.017018503196234747e+02
-1.658468132961756680e+01
-3.075430682956107731e+01
-3.432947284183964598e+01
-9.176185690509214510e+01
-1.170998354834948998e+02
-1.278761735439945966e+02
-5.747012199237500596e+01
-8.783226974140958987e+01
-4.808012753350575963e+01
-2.146455683380450807e+01
-4.785648048093239026e+01
-7.421651232098187734e+01
-8.534879304408104872e+01
-7.951111728264280032e+01
-2.994928478955174711e+01
-1.414768890394056200e+02
-4.717480335273209846e+01
-1.428159243576274946e+02
-5.120977866608716056e+01
-5.728139693892649120e+01
-8.534886876947518886e+01
-7.274874110983216724e+01
-3.824981610309659175e+01
-5.294539657690708623e+01
-5.026447917497083040e+01
-2.937590077430896685e+01
-7.324130133541189025e+01
-2.985380039323771584e+01
-1.402031243892933503e+02
-1.352427509604410432e+02
-1.760825102867148573e+01
-1.398689617893180959e+01
-8.365629695091911344e+01
-7.577738029775673567e+01
-1.709856281859071814e+01
-9.106454454980703872e+01
-6.447012768444014341e+01
-1.886648181090054521e+01
-4.753043105409918212e+01
-1.647327447105504206e+01
-5.975925618950554963e+01
-1.172081372484144310e+02
-5.738892812312499103e+01
-1.316922090995956864e+02
-1.358048688747272337e+01
-2.851470178224493068e+01
-9.291102947697604009e+01
-4.354603994055909766e+01
-1.167604780714761006e+02
-1.065553573691764484e+02
-1.081217833131875494e+02
-1.159365530445188170e+02
-5.026355593847306125e+01
-2.170064052596055149e+01
-2.473824743097111067e+01
-4.978137423992426136e+01
-7.269634715607797659e+01
-8.169980493228119656e+01
-4.019185865942344549e+01
-1.202360952760747210e+02
-9.826169869933967504e+01
-3.973089117355535826e+00
-3.457964535683353802e+01
-1.043739360286572833e+02
-4.430526748800508585e+01
-1.214829879146642782e+02
-8.935106209847290870e+01
-1.024070436427420105e+02
-1.121024592903899588e+02
-1.656856778804090879e+02
-7.102531555016750531e+01
-8.247076585879784716e+01
-3.119634303779037410e+01
-8.369752924845687403e+01
-5.928420021729507994e+01
-1.137821664195666358e+02
-6.627964169869737354e+00
-6.345679853367404633e+01
-6.548725762301010889e+01
-4.939422192043726056e+01
-8.338146510471732142e+01
-5.784268036049923012e+01
-7.784190375454676314e+01
-9.641918676503794927e+01
-1.059701245225018340e+02
-6.313716445453302839e+01
-2.180245043996724874e+01
-8.985367911418470044e+01
-2.662952931782512422e+01
-7.111072721041371381e+01
-1.101078339342473100e+02
-7.255434992817019690e+01
-3.093170116432365546e+01
-4.161682045453108714e+00
-7.284175192017605127e+01
-8.329664726648113415e+00
-7.750302870036276204e+01
-5.339727603093622577e+01
-8.310064917824556119e+01
-3.405424182323396565e+01
-1.611220416217844686e+01
-1.149215822139173042e+02
-6.067589793911173501e+01
-1.022665029232751266e+02
-8.663748545130079037e+01
-6.566579273381717030e+01
-4.673642115909112249e+01
-6.535438569571921619e+01
-5.887438442058917332e+01
-7.016411718401620590e+01
-6.693471535436705722e+01
-4.951576760746553418e+01
-4.382003256655634971e+01
-3.791370581501777792e+01
-6.366826757533539194e+01
-1.096853366499693720e+02
-1.798963305406496360e+01
-1.306210067022350643e+02
-3.080171814693400023e+01
-4.778668033334025722e+01
-2.997152719856609338e+01
-1.293087203547646027e+02
-1.328136337262210986e+02
-1.796987629753222038e+01
-1.005837916510160426e+02
-1.475432886488745510e+01
-9.021453044943810085e+01
-1.785637174578963311e+02
-4.688814546531673955e+01
-9.968119253540558589e+01
-9.072556766263019767e+01
-1.010000040089742441e+02
-4.545977501826339306e+01
-1.957174215682677954e+01
-3.101765609293430614e+01
-1.375434552004932982e+02
-8.030854663639092905e+01
-5.043337219240727620e+01
-6.350615858976954087e+01
-1.068332585815736309e+02
-4.837038230787347004e+01
-8.226851431377585300e+01
-1.517632976020986746e+01
-1.004789226229881081e+02
-5.803555155398288434e+01
-7.035651176531787598e+01
-9.604029656298328632e+01
-6.393400431521051530e+01
-4.565620677417628315e+01
-9.615370873457128198e+01
-1.401642476000939155e+02
-4.000751142619132850e+01
-9.693679493813877457e+01
-5.219937350192098791e+01
-3.040953253465957218e+01
-3.733287636599974491e+01
-2.223584537720603294e+01
-7.325380472313705127e+01
-8.995489235177780074e+01
-4.352360060403184860e+01
-6.342995321437994960e+01
-1.518986206641461933e+01
-9.449313912350390865e+01
-5.012395004862918313e+01
-7.560990762226238360e+01
-6.172891263862627653e+01
-2.709536543442183998e+01
-7.382483396174478685e+01
-2.633439575795300058e+01
-1.101935673614327982e+02
-5.729678917068056876e+01
-1.028807778112402502e+02
-6.652991815462073077e+01
-2.139345661164696821e+01
-1.123907559493529646e+02
-6.455764196186106574e+01
-3.521836611161374009e+01
-6.861361973404842729e+01
-3.771167440827865391e+01
-5.537916556146022629e+01
-7.680459746147714384e+01
-5.845000145034816086e+01
-4.471033186649228952e+01
-1.411209170908192334e+02
-4.074054243358088456e+01
-6.154445831222828645e+01
-7.253842646506794267e+01
-4.878548995849023839e+01
-2.967010246386456629e+01
-7.251280139189778140e+01
-7.493204235575009875e+01
-8.112249922120312817e+01
-1.171476525583898223e+02
-2.202033979011351406e+01
-4.655483307914562374e+01
-4.039212420201803866e+01
-4.222832262410247495e+01
-4.037330177691009681e+01
-5.317991278145549927e+01
-1.351429405462065461e+02
-2.247540452126720467e+01
-2.312623566413273934e+01
-7.143601220069079716e+01
-5.990172035105192094e+01
-5.641371908148613556e+01
-3.058629325001693644e+01
-1.004165414602672826e+02
-7.787199916758487461e+01
-4.799805925214448621e+01
-4.047135481012628588e+01
-5.708322616716662878e+01
-4.080240077461943571e+01
-4.531597392064189478e+01
-1.093391386660177602e+02
-1.934365526336783958e+01
-3.010273982021718098e+01
-8.675752378909069762e+01
-6.914128254566725218e+01
-9.209345265222808052e+01
-9.867174343286646376e+01
-7.796500620499816137e+01
-1.100971107646469704e+02
-5.549480416285527440e+01
-6.120788663968350818e+01
-8.774143859208483320e+01
-1.113748606925780962e+02
-7.024932808600954104e+01
-9.229226948971719935e+01
-2.724309825090623249e+01
-8.539192131173288658e+01
-8.977777050959791438e+01
-1.163755309885523843e+02
-1.433632281291474442e+02
-1.073561253066672094e+02
-1.049180624252392278e+02
-1.074714504040211125e+02
-3.365789656590389711e+01
-6.054508404493539331e+01
-4.273573793135743415e+01
-5.178980780141782958e+01
-3.699746718388689715e+01
-7.377337074757279822e+01
-1.539583645569035752e+01
-6.196236780719817006e+01
-2.036074428318141116e+01
-6.709802536843336895e+01
-9.823601437133530112e+01
-8.671249810053637930e+01
-4.386322961462921910e+01
-7.929437685314320561e+01
-7.622448297670175066e+00
-6.908160986591461494e+01
-1.488754065065104157e+02
-8.557061167051681139e+01
-6.218147807849030073e+01
-7.757391719479910819e+01
-7.040714506834954989e+01
-5.147121735205750070e+01
-2.295043171267520421e+01
-5.447008663759194746e+01
-1.165278314926182475e+02
-1.002544892208320846e+02
-2.993185509355027207e+01
-4.168656766814295622e+01
-4.062261489048594854e+01
-5.477025849785184164e+01
-9.640271504680262638e+01
-4.538689156578108452e+01
-1.066824201479459759e+02
-7.044755666783268566e+01
-2.670900677800958434e+01
-4.554669104912052546e+01
-8.182284283840417061e+01
-1.154254009536826828e+02
-1.116324869883553674e+02
-2.697993673756517907e+01
-4.086072482755277235e+01
-7.273659223737695356e+01
-1.264269219110826157e+02
-3.145396456558430387e+01
-9.684229290576178073e+01
-2.194539400043213107e+01
-1.411259953785093728e+02
-6.421410342990301956e+01
-7.817024520392392617e+01
-5.443449558870168659e+01
-8.737719138072455394e+01
-2.315665660449776908e+01
-9.624476144880431150e+01
-1.968764188211508426e+01
-6.968676775013909719e+01
-1.487981545220656265e+01
-8.060028177146408623e+00
-1.130548220221664195e+02
-9.751584371006732965e+01
-7.992844485939559718e+01
-7.635888400160453671e+01
-1.461227276543186093e+01
-4.997695906294681123e+01
-7.179984670051175044e+01
-2.531476435963576677e+01
-2.221678066544531660e+01
-1.533804231393599480e+02
-6.251539524112504154e+01
-1.057483119737626396e+02
-7.210103283184822942e+01
-1.136983901968317383e+02
-5.287886322500492042e+01
-1.351498485350510919e+02
-4.705803310040417387e+01
-2.991339209194520876e+01
-8.183006247596115657e+01
-8.078704423178008653e+01
-9.632763495524545760e+01
-9.861543629336840411e+01
-1.648735919781644910e+01
-1.494594742492497517e+02
-1.517632976020986746e+01
-1.328127201216006483e+02
-5.321223889725369816e+01
-7.800762624164832459e+01
-5.380172768395518546e+01
-7.030351292107945937e+01
-1.476874262570534029e+02
-5.250225329515153305e+01
-1.934132049501963024e+01
-8.025342252631983797e+01
-1.139376017117428432e+02
-6.797619812255168092e+00
-1.890077780110203420e+01
-3.525794562238469609e+01
-2.059021189103044236e+01
-1.144705492559663327e+02
-1.169926621096009285e+02
-9.599012502381393119e+01
-8.834637012450835414e+01
-3.884153126463014871e+01
-5.289987193978865321e+01
-8.999351491124363633e+01
-1.026701602820054973e+02
-8.188340501643814662e+01
-1.952158009530822369e+01
-2.282570561659118979e+01
-4.269512515102505290e+01
-4.538062518336234774e+01
-6.681859825401187436e+01
-7.657923141027417557e+01
-9.575877460605060776e+01
-1.091427831835562614e+02
-6.056867354959692307e+01
-5.746978789321156711e+01
-1.899854115430404988e+01
-1.114886654359646485e+02
-9.283409828442155742e+01
-4.473500382186167457e+01
-1.478691572565310253e+02
-2.375928888135667805e+01
-1.060516254936365073e+02
-1.186425049321818932e+02
-6.671291687705655704e+01
-2.600949109743221754e+01
-1.915325563827408217e+01
-2.821381241294478670e+01
-7.781355555381288980e+01
-9.626571007250069556e+01
-5.599995349173592274e+01
-7.623097917493106479e+01
-6.116191941999537818e+01
-4.076926176324617046e+01
-6.697608164086821603e+01
-3.900407711351279261e+01
-8.924930677344951846e+01
-3.764881178393954997e+01
-5.471072918976057053e+01
-2.568961879159042638e+01
-1.053038389068911016e+02
-9.625145001580456494e+01
-1.478552536173371266e+02
-6.662441111820351125e+01
-9.859889227756367802e+01
-4.032587625763915185e+01
-7.594642729622606225e+01
-1.011375743082645187e+02
-8.675827140548902605e+01
-8.634423488960615600e+01
-7.694075297866457674e+01
-7.844704103606387946e+01
-4.612054809536520850e+01
-5.558346523448879850e+01
-9.439351608120772141e+01
-7.403397948684094843e+01
-3.055320665961987814e+01
-5.525872008395967327e+01
-6.668715191539114073e+01
-6.775414132546357848e+01
-5.477649345571624906e+01
-1.221515243290399013e+02
-1.461220416217844331e+01
-8.991107944721507295e+01
-7.927594193464780403e+01
-1.300405696029366140e+02
-9.127178611128569230e+01
-8.194194656734059379e+01
-1.216444933955886540e+02
-7.901406199981282441e+01
-8.560122091379494691e+01
-6.662138666817812194e+00
-6.797619812255168092e+00
-1.129363673519735016e+02
-2.525489838462172898e+01
-1.981533466381966946e+01
-9.863443752611024706e+01
-1.639340078657646060e+01
-9.335446250578814897e+01
-2.522793014598536487e+01
-5.100715666920412872e+01
-7.196441332238214272e+01
-1.327922652640794183e+02
-1.845657169609260961e+01
-7.564935857444324085e+01
-1.966517279402224716e+01
-8.083617367614000671e+01
-9.807522863788526024e+01
-1.464833576223020088e+02
-8.504294462398091525e+01
-5.506750050756392056e+01
-1.552276229732638626e+02
-1.461220416217844331e+01
-8.948460295583033997e+01
-5.964727746862293145e+01
-2.006901383494320257e+01
-8.102609725533390872e+01
-1.290542337949085834e+02
-8.261220386727450204e+01
-6.720491983954012483e+01
-3.654088034263994444e+01
-1.517632976020986746e+01
-8.840802105014739709e+01
-1.383353997375891993e+02
-7.313659004233412020e+01
-9.232939185106351943e+01
-8.585823481276733560e+01
-1.090509417875697835e+02
-4.709956462366446317e+01
-1.000064036733121924e+02
-7.606910111726936918e+01
-9.837759690487933995e+01
-8.662863315979551260e+01
-3.046460625866308902e+01
-5.342585474299977477e+01
-1.256915034666439794e+02
-5.489727109574448605e+01
-1.284086888031280580e+02
-9.061417100295172133e+01
-1.012719085519889859e+02
-8.791937954801036881e+01
-5.602152350036882211e+01
-1.177184064454167896e+02
-9.835726067559828323e+01
-4.390298684319823508e+01
-3.924351862237857347e+01
-2.778971253181034129e+01
-8.654106277729634655e+01
-7.880243081713491904e+01
-1.208708268816273943e+02
-2.687585873894136412e+01
-1.067085884717015887e+02
-1.129920284610952734e+02
-1.517632976020986746e+01
-7.895707149673469871e+01
-9.239665157949859520e+01
-1.453963400581453698e+02
-1.716240581038530877e+01
-6.641208777898233606e+00
-3.123395767819514290e+01
-5.764614960988782855e+01
-9.137584265185374477e+01
-9.159355572351336150e+01
-4.586135426817170924e+01
-6.177223196128812077e+01
-4.498120759297190574e+01
-1.018422274343538305e+02
-8.130143305156693145e+01
-9.509156601304889023e+01
-9.083496083839678192e+01
-2.508684728453542334e+01
-1.196773497611260382e+02
-6.924529028880398585e+01
-5.891259371292390767e+01
-9.242709140273298374e+01
-3.772456918006657389e+01
-1.146465937806907789e+02
-9.562475801976169976e+01
-4.682961537731205226e+01
-9.144119726703812034e+01
-4.209801828411848135e+01
-4.568003235196116663e+01
-6.669429543429058072e+01
-9.094533915672938917e+01
-8.883229829252999821e+01
-7.230509325431140155e+01
-1.670706735491820893e+01
-1.296397371398338407e+02
-7.185611213999267477e+01
-9.398889214046795360e+01
-3.093412848215998778e+01
-3.306273091684152377e+01
-1.177466571562444955e+02
-9.694675168890717032e+01
-1.286346764559103519e+02
-4.367504049427973456e+01
-6.585665849584840714e+01
-2.687585873894136412e+01
-9.747843314048378716e+01
-9.826429866660359380e+01
-2.500908799735936228e+01
-2.410750002843109030e+01
-1.147364483717979482e+02
-7.243949201339277977e+01
-1.195482084145442627e+02
-8.216173079451920103e+01
-3.837607971918194139e+00
-1.136508325608734964e+02
-9.194956079747157673e+01
-6.636769226027371360e+01
-4.033550790377500306e+01
-1.466104904692425919e+02
-8.159985038635768717e+01
-9.119020527609536941e+01
-2.266928583453336543e+01
-6.330868687125458649e+01
-8.256437047175391797e+01
-1.013999960944576628e+02
-6.722585203693859590e+00
-7.182962008608305382e+01
-8.767198688947409835e+01
-2.006444781238849018e+01
-2.986702064324767036e+01
-2.023323936622082542e+01
-1.869680264072587050e+01
-3.991627469220573232e+01
-7.901616569496596298e+01
-6.312080580188060708e+01
-7.018578188060959633e+01
-7.490355683008735355e+01
-7.375448337332275628e+01
-6.104320628746022237e+01
-3.317476072693857247e+01
-1.671220416217844829e+01
-4.129349607349942630e+01
-7.053125175590670892e+01
-1.232696920648281207e+02
-5.597926378518947388e+01
-6.984923783651986184e+01
-6.468612316712504651e+01
-1.334351838644051043e+02
-8.639506117264321006e+01
-7.300079945395070524e+01
-9.767928375865555779e+01
-7.786868673676160313e+01
-2.026492310263617469e+01
-4.854266394855501687e+01
-7.587456615971086649e+01
-3.093170116432365546e+01
-8.254477013761089665e+01
-1.560444591278609323e+02
-4.465186726175181775e+01
-2.794476157153770401e+01
-1.046903137409044433e+02
-1.034371200142838063e+02
-1.010743127014270328e+02
-9.914812485359374250e+01
-1.035441177329818174e+02
-6.044211936643759486e+01
-7.223577587950450152e+01
-7.562661652525633826e+01
-1.160044004673967351e+02
-3.719407924927008224e+00
-9.085565223249432165e+01
-6.541938871941732714e+01
-6.923610167954879557e+01
-2.210378564909307642e+01
-9.414525640630178316e+01
-8.773196474727589589e+01
-8.279655342233982651e+01
-4.042453098960094593e+01
-1.148709074336716611e+02
-5.916394034928097767e+01
-1.398703994778860249e+02
-9.209386379139647261e+01
-8.236223277855749814e+01
-2.934835256871019737e+01
-8.265598362972613700e+01
-1.062033697217440249e+02
-7.866972830901293889e+01
-8.634053474559367203e+01
-9.417996849223257527e+01
-7.007104453013147349e+01
-8.449143234189588725e+01
-3.181289098686834649e+01
-1.071218081088869809e+02
-1.242408959613321002e+02
-7.785497950430973901e+01
-7.102263880678266617e+01
-2.241449196107326358e+01
-5.982333290781131296e+01
-6.278476100836299878e+01
-7.737322901465168101e+00
-4.111500595355254006e+01
-1.865210386335736814e+01
-1.865210386335736814e+01
-5.145747157024710816e+01
-4.674879986259297482e+01
-4.796090016822881807e+01
-7.055256136852354132e+01
-8.975364433229736960e+01
-4.456019141435731967e+01
-7.790884853292986634e+01
-9.931294793373730556e+01
-6.061898598904141977e+01
-6.600445671826317096e+01
-4.439577482039791789e+01
-1.126182945334617216e+02
-6.875101105109648358e+01
-2.491725002903718789e+01
-5.216005055673836921e+01
-1.060458380547882058e+02
-4.594910896303703396e+01
-1.989036725107584047e+01
-6.929906482225940856e+00
-6.014669508629845041e+01
-2.103227419542164611e+01
-1.088681962489930584e+02
-9.293274840222524347e+01
-7.169913886307718087e+01
-8.475414869379926586e+01
-6.312836101092420904e+01
-2.687585873894136412e+01
-8.784978777880635903e+01
-7.691777232581797819e+01
-7.001455633666192568e+01
-6.640345714195682092e+01
-6.176001595484466833e+01
-4.130984691218878169e+01
-4.048552477829699825e+01
-6.316046698836966300e+01
-9.870225805654109763e+01
-8.136892701933905414e+01
-8.149089803300705626e+01
-1.496384175771805225e+01
-5.449748323436165975e+01
-8.376875738431367324e+01
-5.715833622140223724e+01
-2.024332289106629545e+01
-6.058605503210075938e+01
-5.685505199852974556e+01
-5.111287459245812670e+01
-4.038681275017863470e+01
-7.372538677182038214e+01
-1.517632976020986746e+01
-1.956706401146029606e+01
-4.411296459737783948e+01
-9.721260074442736254e+01
-2.063968280253284959e+01
-1.740193302020779242e+01
-4.583557990261140702e+01
-2.279399938076349841e+01
-6.227935840354762576e+01
-5.593296471247241186e+01
-1.309117859636326671e+02
-7.781599758561063140e+01
-1.047118077145785122e+02
-1.094547261037364905e+02
-5.098736144115750335e+01
-1.292176026726286295e+02
-6.782118954225181540e+01
-1.051125715525599276e+02
-2.687585873894136412e+01
-5.544885843669828063e+01
-1.461220416217844331e+01
-1.128792485853682450e+02
-8.574563139947767354e+01
-4.032200749875676138e+01
-9.056998818807970508e+01
-8.713381286483132726e+01
-7.076777968683720133e+01
-5.732955884403924074e+01
-1.241580660555483604e+02
-4.028424474550402579e+01
-4.650179574560553419e+01
-7.290139853318109431e+01
-7.931099253285337625e+01
-1.450556131131936866e+02
-8.678512024162402838e+01
-9.496718513275467899e+01
-1.078257763973410306e+02
-6.786183899195695801e+01
-2.609507395387363715e+01
-1.013192291896994703e+02
-1.898820993020764547e+01
-8.589535504312496528e+01
-8.225113528874641133e+01
-3.067807835878231515e+01
-3.010971727226745287e+01
-5.298613409561249199e+01
-1.095114649002449312e+02
-2.221552711314982886e+01
-5.182152350700238941e+01
-1.209909147637462468e+02
-5.905111162614998221e+01
-9.534728789593253850e+01
-7.188867388033054340e+01
-1.191846813038396959e+02
-7.300025965641314230e+00
-8.739967427654704579e+01
-2.023323936622082542e+01
-3.081355950421965417e+01
-1.944369043323548851e+01
-4.485139110971362442e+01
-7.844195992315545141e+01
-8.005751947362963961e+01
-6.316277311699413133e+01
-2.365302388137629563e+01
-3.988853654718489850e+01
-6.095499612941607381e+01
-7.536390637303425422e+01
-8.219784986574254049e+01
-5.220394357637913174e+01
-9.783316466518348875e+01
-5.809991930901850310e+01
-1.178141955569055312e+02
-1.920416502558300920e+01
-7.507050719174942799e+01
-3.134281029052921497e+01
-7.305964316773150813e+01
-6.613445904076692727e+01
-7.783075944607506358e+01
-2.868339238196355723e+01
-3.077616757030567385e+01
-1.151883885687099394e+02
-1.208521412436063258e+02
-8.579557126582555782e+01
-3.950052938049292095e+01
-1.017050661702073597e+02
-8.399840378223414916e+01
-8.975944170126501831e+01
-7.813711825165131586e+01
-6.078552480045649986e+01
-4.587325526038620893e+01
-8.558284325444550689e+01
-1.785145238885020547e+01
-9.569780068862446853e+01
-2.241449196107326358e+01
-7.016463931297519707e+01
-7.646042772125370846e+01
-3.265767268718167315e+01
-7.129341093857667033e+01
-6.498325590372948568e+01
-5.430841904461390612e+01
-6.050501536843722761e+01
-5.272854329055507350e+01
-8.471683055904767912e+01
-1.130752136212072401e+02
-6.987734318415246548e+01
-9.045902483866964872e+01
-8.589655868050054721e+01
-3.228048683098652560e+01
-9.083439797502165902e+01
-1.981533466381966946e+01
-6.469793228444167710e+01
-2.023323936622082542e+01
-1.867888584090419357e+01
-1.021690416294689641e+02
-7.289503357401086703e+01
-1.947246254867474846e+01
-5.403911972115662365e+01
-5.781306888793353949e+01
-6.694201460528140046e+01
-2.687585873894136412e+01
-5.927096756386666243e+01
-3.128984717059594800e+01
-6.783497763887766041e+00
-8.535148995323574184e+01
-7.155719908472354973e+01
-1.139398119703971020e+02
-5.151371481759531434e+01
-1.095578798197073525e+02
-1.260925983836175419e+02
-7.223719665414624558e+01
-8.948201911397528363e+01
-3.228048683098652560e+01
-3.974705267809312659e+01
-8.260839079149360487e+01
-1.141142192397288539e+02
-8.179262548863661664e+01
-6.561870231135569043e+01
-6.435649139573425259e+01
-6.087992286229587080e+01
-1.020643194670254559e+02
-5.565141952117696889e+01
-8.294091417220298013e+01
-7.209465836348807954e+01
-8.107790387439175106e+01
-6.643634141163695972e+01
-5.044520751170223605e+01
-5.558723957557687356e+01
-4.212110357854814424e+01
-1.047887247609837829e+02
-3.719407924927008224e+00
-4.382228487356084656e+01
-9.695617708851398220e+01
-2.418851543576177576e+01
-6.522484330812514486e+01
-4.234387100359381861e+01
-7.678948255353162722e+01
-1.070898498493169768e+02
-1.231513600234726624e+02
-7.356993702521924661e+01
-1.089649559096372116e+02
-6.511450457818224891e+01
-1.411541321706871770e+02
-5.225773264636384852e+01
-7.145779003782627115e+01
-1.002982013019292822e+02
-8.744314216214570479e+01
-9.491000603767824373e+01
-6.273438428818216295e+01
-3.758580126442244307e+01
-1.153986443510559496e+02
-2.363692609359809893e+01
-7.416215253925496143e+01
-8.559584519493591870e+01
-2.970704417612347115e+01
-7.670611972926525368e+01
-3.816869678994459036e+01
-7.834636297944851435e+01
-8.181760314845104176e+01
-5.218378357843963045e+01
-6.269602986821121249e+01
-8.285906164191553103e+01
-6.734679351297374694e+01
-9.780152128075535245e+00
-7.067733809080321805e+01
-2.940988970786899159e+01
-6.368090571660137300e+01
-9.300380416978147480e+01
-6.127765502035674672e+01
-7.409804035333043259e+01
-8.955972212437666258e+01
-5.631809813524411368e+01
-9.205940095378608135e+01
-1.265287464533545858e+02
-9.124452693804693126e+01
-1.349361820068623672e+02
-9.837520906647664276e+01
-3.035602643982331017e+01
-2.445754321807677201e+01
-7.485271060812688404e+01
-4.300323337669802015e+01
-4.852500311492994456e+01
-7.614347936753551949e+01
-8.769196767760212197e+01
-7.198068358675865852e+01
-6.972523604616341686e+01
-7.975869200620859090e+01
-4.623629744451052659e+01
-1.138681369839882933e+02
-2.247510633625848087e+01
-2.259009322340087778e+01
-9.837470238304196357e+01
-2.201232881580186174e+01
-1.095653866616516012e+02
-4.109983941613742786e+01
-9.022192242144440399e+01
-6.648016618450435011e+00
-2.734336013214104000e+01
-2.233992337582985854e+01
-1.347208482944552657e+02
-7.898178921643616945e+01
-6.134637687643569848e+01
-3.639325572265481412e+01
-1.045561685848359446e+02
-2.649776477766888050e+01
-6.906709217984783322e+01
-7.253064453703726144e+01
-1.051845636663730943e+02
-7.702258778921577687e+01
-1.568004367184611567e+02
-9.595617674023824861e+01
-4.519733077230870322e+01
-5.097191824377625835e+01
-9.736719592839847337e+01
-6.482368393921363747e+01
-7.572792243540425261e+01
-2.410750002843109030e+01
-6.336833183899877042e+01
-8.414113841635585800e+01
-5.594312196746994204e+01
-2.924982030580697412e+01
-6.360288079715564891e+01
-3.185551082600295558e+01
-4.497709269779499408e+01
-2.023323936622082542e+01
-1.075007546108347896e+02
-3.901675380223684897e+01
-9.794995770953670444e+01
-6.260040180339998983e+01
-1.329407141046673360e+02
-6.367906693849414523e+01
-2.249684088792493597e+01
-1.191614215120130496e+02
-2.508684728453542334e+01
-4.928011969941465509e+01
-1.214215422922564755e+02
-9.470505210812979158e+01
-9.315861788335493543e+01
-5.665671192619495145e+01
-8.686407518906062819e+01
-3.719407924927008224e+00
-6.074405964165015348e+01
-7.477083002255750444e+01
-4.072917501907252813e+01
-1.197596635924862909e+02
-8.947931268912340386e+01
-2.023323936622082542e+01
-1.085018633610927310e+02
-9.927538616016326500e+01
-7.155440556493388726e+01
-7.889383721092477231e+01
-9.001567281691450262e+01
-8.885730745910623796e+01
-6.800201221467821711e+01
-4.926231528781059410e+01
-7.696069808328999784e+01
-7.271866085259944157e+01
-1.006832626597984586e+02
-4.624594851831454889e+01
-8.806655958043725718e+01
-1.310364757658373094e+02
-8.310078667757977655e+01
-6.479894857977608069e+01
-7.777246757806366873e+01
-6.783497763887766041e+00
-2.290328432423697080e+01
-9.590754393542235334e+01
-7.977817680723870808e+01
-6.404009257366222130e+01
-2.023323936622082542e+01
-9.156668209694767313e+01
-2.087472522082588000e+01
-7.266712853887223389e+01
-2.184012723204779505e+01
-5.148034021095917012e+01
-2.763707484957892291e+01
-6.849771087933658009e+01
-4.233543460852253304e+01
-1.266602989638839745e+02
-9.617786092144764609e+01
-8.378496019775919024e+01
-8.064699590336739732e+01
-8.797980437756874039e+01
-1.873781197039317448e+01
-6.974779765991621616e+01
-3.054654063587000934e+01
-6.510230773776225988e+01
-1.331289200317740438e+02
-1.364966142183963882e+02
-9.807818609198297111e+01
-5.731543679567182181e+01
-4.760577114431339396e+01
-6.737004192239552935e+01
-5.961054993444929551e+01
-4.702559654855456017e+01
-7.748885698157172897e+01
-1.029543866958437377e+02
-1.180269061224453964e+02
-8.264091100603579321e+01
-7.667374999669516455e+01
-4.595759103184869332e+01
-7.365812101561665770e+01
-8.747650598224630869e+01
-6.857792259744074670e+01
-5.193706202189513021e+01
-1.925991274248268326e+01
-1.336165628305432733e+02
-6.408232795855522568e+01
-4.872032514912348233e+01
-2.081878794922039333e+01
-9.180528310364768174e+01
-1.076993098707622920e+02
-3.286984399313752192e+01
-4.236744359756128375e+01
-6.745836800919705922e+01
-7.752287039845791128e+01
-6.571981804709514563e+01
-8.200312347539640712e+01
-7.239913949841741214e+01
-8.776002191326172408e+01
-4.128574150859150649e+01
-3.085367962110989382e+01
-9.713061940746163714e+01
-7.395891460498113190e+01
-8.463620574093562254e+01
-1.029037088662256991e+02
-1.002684867929105650e+02
-5.083622719840738569e+01
-1.014540925867210888e+02
-2.946089860445049879e+01
-8.088129633964430809e+01
-7.420655214952928702e+01
-9.951286433509157803e+01
-1.020632936666114148e+02
-1.961616037791560885e+01
-7.638808341448816464e+01
-2.668396449072759680e+01
-7.745529517753300297e+01
-2.525489838462172898e+01
-5.726474274445882884e+01
-6.718093502866246070e+01
-8.060163716713884696e+01
-7.299714966050561316e+01
-8.486850630585119859e+01
-6.918209685896320593e+01
-7.806168982811355761e+01
-8.356215966488981906e+00
-7.163463232466175157e+01
-4.816328867396489954e+01
-7.769603542155039122e+01
-6.213919558339807026e+01
-9.754834073014438900e+01
-1.682672647268393007e+01
-8.349430687711537757e+01
-1.344956594361646580e+02
-9.157484715249478313e+01
-7.750547620021970374e+01
-3.744284786813606303e+01
-8.689488564868503317e+01
-7.215504897258659511e+00
-8.730610088821738657e+01
-7.238259596297820053e+01
-5.961207930158465729e+01
-2.525489838462172898e+01
-7.419694942519058145e+01
-6.802832917803186774e+01
-1.029834838924330427e+02
-9.836564964659964971e+01
-1.081323886137829504e+02
-6.703832720004059809e+01
-4.223930362553937812e+01
-7.136834543740079084e+01
-7.503928472195626398e+01
-8.836405187544197304e+01
-2.090480564365291372e+01
-7.319759880704620514e+01
-1.981189870891101990e+01
-2.530634851859589673e+01
-1.641220416217844758e+01
-8.022360247282979628e+01
-5.439101236939312400e+01
-4.084496930857253005e+01
-8.956020685840775286e+01
-6.449521697506625628e+01
-2.034678794917075351e+01
-8.993974223128030587e+01
-5.622156178881083122e+01
-6.867523313930933959e+00
-2.284649909444416238e+01
-6.453550000374569606e+01
-7.048348335818918287e+00
-1.183788671405527424e+02
-6.911815695184048991e+01
-1.074446841488573483e+02
-2.028124280119528322e+01
-3.497522438054923555e+01
-8.981026807053177663e+01
-6.288074567955950300e+01
-6.074328888611836419e+01
-2.023323936622082542e+01
-1.096077145747496360e+02
-1.856878776942183151e+01
-1.024782172860880110e+02
-5.575907043745962355e+00
-7.774347114903235934e+01
-7.909783786420538831e+01
-6.064913406746694591e+01
-1.068126934861008266e+02
-6.110211857436310368e+01
-6.041509136072751573e+01
-9.622266996521544513e+01
-5.651337651685393837e+01
-9.521253693679317109e+01
-6.458458506327849591e+01
-6.839474741763194743e+01
-8.566597516768970877e+01
-2.721005413655557703e+01
-1.303154823716265014e+02
-8.097226194580841252e+01
-7.569181882093104718e+01
-4.792102905770326515e+01
-6.015445460357165075e+01
-2.569669039773980046e+01
-7.641802980851934990e+01
-5.968924606964665713e+01
-9.296998208758843418e+01
-6.393095790581493532e+01
-8.861164285168436550e+01
-6.865860713601436771e+01
-1.006394801036145594e+02
-8.543593343968559850e+01
-4.127809483287393277e+00
-8.556659520455858114e+01
-4.635477775479797913e+01
-5.524625012297706661e+01
-6.338178287841861902e+01
-4.033065086983077663e+01
-7.441070168608072777e+01
-5.885284553644490302e+01
-2.847289686249404639e+01
-5.900421542105301143e+01
-1.221714789070432090e+02
-7.116364588099646937e+01
-7.347770468608695182e+01
-4.640024703139346940e+01
-7.782925493654602178e+01
-5.921247829200722634e+01
-6.463866606806433879e+01
-4.209742605657092440e+01
-5.423968234818754297e+01
-2.405741339924335165e+01
-6.056855562540188487e+01
-4.877783034590433431e+01
-3.079622001888630223e+01
-9.967399111404427003e+01
-4.131026542261929535e+01
-8.902400833631776322e+01
-1.037622754086326751e+02
-7.609549438056092185e+01
-8.152410236996047388e+01
-2.844407780828718302e+01
-4.866073693994223248e+01
-7.822466975049692905e+01
-1.742565673602825527e+01
-6.510641493763765197e+01
-9.662635634773089066e+01
-4.676495736447034801e+01
-1.156819865560537579e+02
-1.924951506231655429e+01
-3.161788479452161837e+01
-5.322572299673575458e+01
-8.563928206524059306e+01
-6.435253852080252557e+01
-1.514758537436959074e+01
-7.109837194382744485e+01
-1.410008013206555404e+02
-1.052107571867470597e+02
-7.654810057687171820e+01
-1.225544779988671138e+02
-9.055491060203632969e+01
-8.833872576473413574e+01
-7.879353991819981218e+01
-8.852108263040496183e+01
-8.377404244088890550e+01
-9.972944512907270109e+01
-1.021064264481154567e+02
-7.156606250945702641e+01
-1.521220416217844296e+01
-7.983370106242867337e+01
-9.495891522687568909e+01
-5.356492257062457440e+01
-6.627964169869737354e+00
-9.271222374772173680e+01
-4.724608270134709898e+01
-7.144034064111863813e+01
-3.228048683098652560e+01
-6.174096324849973172e+01
-4.389411862002747000e+01
-5.462226888140884995e+01
-6.247698080202444260e+01
-8.936564709834345877e+01
-1.814054891279807791e+01
-2.006494375620712134e+01
-4.132622985590583653e+01
-1.030269682626607448e+02
-6.967682361152162684e+01
-4.076334951602063228e+01
-8.240090196933043387e+01
-6.293913719316761046e+01
-3.090029801751014205e+01
-7.989450600244298073e+01
-5.774765260383461651e+01
-9.535961357413141570e+01
-5.077886767793000899e+01
-7.009615361404466682e+01
-7.353047323418502401e+01
-4.355134509987398417e+01
-9.092166209190838799e+01
-1.175519085981659089e+02
-2.023323936622082542e+01
-4.331093095895344902e+01
-7.899212971373621883e+01
-1.581220416217844615e+01
-1.556036760474676441e+02
-4.447785604133507320e+01
-7.999739696901701791e+01
-5.985548246396819394e+01
-9.125063441223790051e+01
-8.595719224144730219e+01
-3.236248160828036902e+01
-9.924310174413160723e+01
-7.683116967357892690e+01
-5.431622357729608552e+01
-8.919503190962537076e+01
-4.353863267201607101e+01
-5.479683535588442567e+01
-7.888196045640169984e+01
-8.718279082666930435e+01
-6.927723943092539116e+01
-4.018327346961343949e+01
-1.860740966760506510e+01
-6.462294924976804111e+01
-2.108551831413482347e+01
-7.644535094341696890e+01
-8.824571365465629924e+01
-7.357021693450298017e+01
-1.997168579167577818e+01
-6.543938619826590752e+00
-4.162730473624553440e+01
-6.750738881651412271e+01
-3.495883850864419173e+01
-7.740556163278299096e+01
-5.082297247931212780e+01
-1.111579981977728551e+02
-4.609888360680894692e+01
-4.259668713644305882e+00
-1.629496256903799178e+01
-7.314425601020008116e+01
-6.543938619826590752e+00
-9.413553743079907576e+01
-9.212068088738676863e+01
-3.430683247549549719e+01
-1.974293208119827980e+01
-7.210874171626666396e+01
-6.338436777164250913e+01
-8.835133267639865551e+01
-4.089776710895050371e+01
-8.045660114532199714e+01
-4.203139095650065826e+01
-2.510689848628724619e+01
-9.184730018281180719e+01
-4.801387290740852620e+01
-1.210657533868649836e+02
-8.420726144479021968e+01
-1.610255669418020119e+01
-8.400810216088987659e+01
-7.499978778441791860e+01
-7.566429331027053706e+01
-3.719407924927008224e+00
-6.642718962862964815e+01
-6.924740408015858861e+01
-6.244938130812769117e+01
-4.585710743783147336e+01
-4.146759826641218893e+01
-3.959612412743801713e+01
-5.216821137987518142e+01
-8.907429763700818626e+01
-4.041820239337071996e+01
-4.782722582439857462e+01
-5.311653858006968676e+01
-8.610513126602995726e+01
-1.004879022685260850e+02
-8.699486356350486460e+01
-8.132762623618098985e+01
-2.687585873894136412e+01
-2.528557655637826684e+01
-6.347374338463687593e+01
-2.525489838462172898e+01
-6.441366319842832411e+01
-4.709956462366446317e+01
-1.075071130278578266e+02
-1.953761991568600109e+01
-9.718932813860895692e+01
-6.252694260320362218e+01
-8.711401458888627758e+01
-8.360107247944552000e+01
-1.062152275085063167e+02
-1.581220416217844615e+01
-1.774297120510115633e+01
-8.865334781014168186e+01
-6.805942310049789512e+01
-3.069099476441992636e+01
-6.580060831088397322e+01
-6.363262476125196088e+01
-4.466813962134845895e+01
-1.005390409262586502e+02
-7.549797100936532956e+01
-2.752737256779273878e+01
-1.123987897530746665e+02
-3.256711678125122233e+01
-6.283355700960248669e+01
-7.529041497055681020e+01
-7.786993235251037504e+01
-3.021168782664412689e+01
-7.214567827869245775e+01
-7.269535857303141313e+01
-4.571926738359447029e+01
-1.581220416217844260e+01
-1.134581565682821633e+02
-5.503575908258297034e+01
-3.372856930520859464e+01
-5.897127388497153078e+01
-1.188177446853837154e+02
-5.747986400080620228e+01
-4.598474213215501294e+01
-8.095678199554160415e+01
-9.857030007691001572e+01
-1.111066740739280760e+02
-5.765503779967664855e+01
-4.964079824264960905e+01
-6.674972756589471601e+01
-6.172029384592435974e+01
-1.947862802823680539e+01
-2.756154706474082516e+01
-4.263790563249306587e+01
-3.045533806741964611e+01
-5.308363151189529106e+01
-9.902890527303229362e+01
-8.232937050816403257e+01
-8.022720541487296941e+01
-5.425576666588104047e+01
-1.119417559374881534e+02
-7.110632294399786701e+01
-4.426851520041854826e+01
-4.637369774199521544e+01
-4.418338849814442426e+01
-9.977275336250173154e+01
-6.272799355242256070e+01
-1.013019078375432542e+02
-9.004812735649949218e+01
-3.925148727124233972e+01
-9.027466200625352144e+01
-9.267138535092961149e+01
-7.687543946123078342e+01
-4.670854645334699740e+01
-4.189648288956527011e+01
-8.845316883140696973e+01
-6.608825517574106811e+01
-7.265345803134982816e+01
-1.004073450195109416e+02
-1.063243068976421029e+02
-5.294573405925588361e+01
-1.510441993593962096e+01
-1.042633116450698481e+02
-1.033238133832418839e+02
-4.369308518179853706e+01
-3.045533806741964611e+01
-1.558277319652188631e+01
-8.654900632861698284e+01
-1.802236696335510757e+01
-5.307137132620091080e+01
-4.740537184436824703e+01
-5.409863007450956474e+01
-5.784063223206463533e+01
-3.286949737664649263e+01
-8.985337923217713296e+01
-1.392584146460106069e+02
-8.778425612051829319e+01
-6.532734717740954977e+01
-6.987759143969120146e+01
-1.936568850909790385e+01
-1.197583798933694084e+02
-8.051338143902290767e+01
-1.318342347472581650e+02
-9.770917307160441112e+01
-2.784951556003463224e+01
-2.114330637396181700e+01
-7.091851317881473449e+01
-2.023323936622082542e+01
-1.581220416217844260e+01
-8.315702368917958154e+01
-5.366641905440228300e+01
-4.833503656625603639e+01
-5.944442122004848983e+01
-1.946077766644017260e+01
-1.185724335205986222e+02
-8.884068873346336659e+01
-4.070257667363621579e+01
-5.654864011083098774e+01
-1.053615857352782967e+02
-7.757523023813484997e+01
-7.023417516267137728e+01
-7.216245864968558976e+01
-8.543615830112088361e+01
-1.260471465890411196e+02
-4.399157880817491417e+01
-7.835225353574259088e+01
-1.066941622574961457e+02
-5.810070858064251809e+01
-2.544109513073025397e+01
-6.680280768295504856e+01
-6.956184728580166166e+01
-8.137618400282563869e+01
-6.216682516039129780e+01
-2.040510182661293825e+01
-3.936637533619551732e+01
-3.025199014483877136e+01
-2.299021708959632093e+01
-7.421968664920512992e+01
-7.120130966564452990e+01
-6.124497522952100326e+01
-7.409594984596466816e+01
-7.553645747418417500e+01
-4.729470059318253305e+01
-4.423240740879532495e+01
-7.151444688847918485e+01
-7.695058547486652856e+01
-9.360704624384871408e+01
-7.442692170063223500e+01
-9.705561254820304384e+01
-5.208038403636029301e+01
-6.765929097542920090e+01
-1.491220416217844402e+01
-7.755059693596447801e+01
-7.359579386489139097e+01
-7.386057766612907471e+01
-8.431242899814121472e+01
-7.866894361623684517e+01
-4.723299554424755797e+01
-4.478632400690699455e+01
-6.077481780671897127e+01
-4.726023436110365594e+01
-6.174533506463720300e+01
-4.343165807214544571e+01
-4.606865392075669519e+01
-1.249333540775122771e+02
-8.018698756356039326e+01
-2.663981018144516355e+01
-8.749041292103808587e+01
-8.532711606880636168e+01
-1.049520102319489183e+02
-5.938199579868081912e+01
-3.960958656054640414e+01
-9.150771221449139148e+01
-5.537006472328627638e+01
-6.375142383024360981e+01
-2.687585873894136412e+01
-9.755664816534692818e+01
-5.201152554327718747e+01
-9.224754999599588245e+01
-9.637312679178596397e+01
-2.496459878918492237e+01
-7.783494509322935073e+01
-2.784951556003463224e+01
-6.636623170934637983e+01
-6.455346193505612007e+01
-1.109804059699527130e+02
-7.775004451485503409e+01
-1.491220416217844402e+01
-1.421724673819670386e+02
-8.892811967483065416e+01
-5.598581614578957755e+01
-1.120050949662610549e+02
-8.333577714826401461e+01
-4.228502202991814585e+01
-8.099252965298771301e+01
-5.907614635595999175e+01
-9.018514801577163098e+01
-4.805688567321963234e+01
-7.488735781219409660e+01
-4.709956462366446317e+01
-5.378625816812555627e+01
-1.461220416217844331e+01
-2.565199794743008255e+01
-5.433295743884440299e+01
-6.212936167999346537e+01
-6.776784908773487359e+01
-2.012699536497494890e+01
-4.599996305163898569e+01
-7.109251332288806680e+01
-8.184119382970503409e+01
-4.007206326988315936e+01
-3.991275529406199496e+01
-6.353374275318867603e+01
-3.719407924927008224e+00
-1.002338464355924827e+02
-9.255133173594973073e+01
-1.229166917760076672e+02
-2.631459998389519583e+01
-8.108452641205373368e+01
-4.831663499512554694e+01
-6.250654611519802017e+01
-9.298891194519819692e+01
-4.019081258013149949e+01
-5.955239599325905964e+00
-1.246055285906614358e+02
-9.714656505340967385e+01
-1.412721552474511100e+02
-1.394010310609236853e+02
-1.908411099672825628e+01
-5.355478936322423777e+01
-1.153847732435253874e+02
-6.171369366833542358e+01
-4.964273052418311494e+01
-3.008245798698397167e+01
-7.203485468853686768e+01
-9.521291562689457066e+01
-4.149534311609247794e+01
-8.266865467195503925e+01
-1.035189352635338480e+02
-7.094906038766382039e+01
-2.563826776357398174e+01
-8.013239010358442727e+01
-7.065683645359513321e+01
-5.976468829128833704e+01
-5.825474267956131769e+01
-5.635762453541666162e+01
-6.773650972282717930e+01
-8.154696874461465939e+01
-5.529640451710970694e+01
-8.426533013857233811e+01
-6.458952606220805137e+01
-2.467489135291636515e+01
-8.182766442558273923e+01
-5.137781662583528686e+01
-8.358883926901587813e+01
-4.030475733589130982e+01
-5.749791414983833704e+01
-4.679987604982773064e+01
-6.608421247399499521e+01
-8.167507808439054884e+01
-6.713808249909729398e+01
-7.509133616056587357e+01
-1.483345764506493758e+01
-5.454449718702710470e+01
-3.921401905518506226e+01
-6.624184556346610009e+01
-1.865864238770649663e+01
-9.345624863645204528e+01
-6.495932122969203704e+01
-7.871069762931161051e+01
-8.658907698919925622e+01
-7.270344100183518776e+01
-5.505446775215970234e+01
-2.412577573545677367e+01
-2.280333365601426721e+01
-7.875939901750476224e+01
-8.025204916259032473e+01
-1.260939408210778936e+02
-5.709586422491748436e+01
-4.404536485626798736e+01
-1.099712453044407994e+02
-9.564492302783477840e+01
-1.729219998474454911e+01
-8.170684574655514609e+01
-9.349223189057636318e+01
-8.503116155169242063e+01
-9.982653299043229822e+01
-1.185756784763625120e+02
-6.769023051678770742e+01
-8.880088151707343513e+01
-2.234018782563260075e+01
-4.555567369996207105e+01
-2.869231495592096337e+01
-4.243686573922271066e+01
-2.023323936622082542e+01
-8.843372185397954865e+01
-5.052735935617471341e+01
-1.906820026046886696e+01
-1.091209896102199650e+02
-3.146460752474393274e+01
-1.278995766913846950e+02
-7.171049713770703704e+01
-6.129040383811032200e+01
-1.880018773950741817e+01
-6.894751249030176155e+01
-5.896933986638413216e+01
-2.047524186108759991e+01
-7.515723859620264591e+01
-5.049127275382871716e+01
-9.099424999664773850e+01
-2.974786375461647481e+01
-6.182002336782957741e+01
-1.178139680745096740e+02
-9.206643701365156574e+01
-2.297087884675017833e+01
-5.866854871539443650e+01
-8.123315114091158762e+01
-4.543308312540763438e+01
-5.864654206621321464e+01
-1.133805442273165056e+02
-9.641009801296667092e+01
-6.386954412972246331e+01
-5.799802469547599060e+01
-2.495867683559351491e+01
-5.616187209740081698e+01
-4.464618411698897660e+01
-9.217151317151672174e+01
-3.450555562384339225e+01
-4.383875290568633432e+01
-1.164362591072369781e+02
-4.044989131299460894e+01
-8.421516437462473448e+01
-6.749421156661753685e+01
-7.558551049736287553e+01
-5.240818645117803953e+01
-5.914609030181198790e+01
-5.846692212058650284e+01
-1.399435165495580691e+02
-1.521966731406599749e+01
-5.482981641276053608e+01
-5.607221764905897032e+01
-6.939527806742611915e+01
-4.503429858353846527e+01
-8.463517647927301368e+01
-9.448503959703896271e+01
-1.540491440752590435e+01
-4.045360055374385411e+01
-6.530435489688038331e+01
-4.683683926541905862e+01
-3.287019982990710787e+01
-5.010269624290931745e+01
-4.370100630950585696e+01
-2.287555731897996480e+01
-8.802445017855272624e+01
-4.732291648708985576e+01
-6.899522913958112724e+01
-4.820353593256322711e+01
-9.321435992299082329e+01
-4.014818960780527135e+01
-6.602861822485755283e+01
-1.077761439073787528e+02
-7.831776024280114257e+01
-7.186180694724214391e+01
-7.888503903198380840e+01
-1.001410452114522798e+02
-8.675226303307664466e+01
-8.490348502929222718e+01
-6.375330966008088751e+01
-3.073469323761230143e+01
-1.954100085717112023e+01
-8.056922507448472004e+01
-7.927863791197827936e+01
-4.045090420434735279e+01
-9.465338488040286791e+01
-1.324705747395872208e+02
-3.622986379375140586e+01
-6.726654074166607700e+01
-3.219162041804013796e+01
-6.524439204759622157e+01
-8.545855256347854834e+01
-3.105464262119451035e+01
-5.454278864204404442e+01
-6.121404620269748875e+01
-1.145627732144848068e+02
-5.419519840727535609e+01
-5.986221791725411379e+01
-3.969394479688023125e+01
-9.844316563617181259e+01
-7.315524320663440960e+01
-9.218947401210336068e+00
-6.535881547048617790e+01
-1.267152432912973694e+02
-2.572618353245880485e+01
-7.496734851887545403e+01
-3.827661181431777493e+01
-1.843110803793917896e+01
-6.389317728542894770e+01
-3.933343968154785131e+01
-9.239828301484433837e+01
-4.273104722786908383e+01
-8.806643908879971150e+01
-5.755347735524296837e+01
-2.104441157830481401e+01
-2.730786587231225226e+01
-7.184082560514016791e+01
-8.031932631125656030e+01
-4.828316670127780696e+01
-6.600926113244882742e+01
-4.574310312249545518e+01
-3.734428623306658324e+01
-6.868397959268698116e+01
-7.862223525277678959e+01
-2.929159836032218323e+01
-5.352634299852821442e+01
-7.174850583839909746e+01
-7.659914326023074693e+01
-8.679768381026494239e+01
-8.479041061484767283e+01
-2.018171381074101234e+01
-4.295763853997452486e+01
-8.330593416613926649e+01
-8.044231418544586631e+01
-1.137013920552557806e+02
-5.775986358011618194e+01
-4.653317695706851964e+01
-6.668862214485798745e+01
-6.616620158227405568e+01
-1.507959945493551501e+01
-6.082459514213349649e+01
-6.279313821185353106e+01
-3.193157739023708430e+01
-1.405276883709593108e+02
-7.337447899218082625e+01
-5.698077042626484001e+01
-8.468125826973346193e+01
-5.704018000427112156e+01
-1.389638025297442425e+02
-9.059296704527363886e+01
-1.976376828221674486e+01
-2.790393779714311506e+01
-2.810938550791866319e+01
-6.372473415381776363e+01
-6.270562172246925314e+01
-5.923314220020873222e+01
-4.076010958850049093e+01
-1.281830097329395812e+02
-7.228206658047128030e+01
-1.520217483203939324e+01
-3.696192299573853290e+01
-7.732918464295764238e+01
-8.940443985664271054e+01
-5.608714550535164278e+01
-1.291046314806813022e+01
-7.268804705451454140e+01
-8.670117952531654737e+01
-3.949839681665541491e+01
-1.019260422230360774e+01
-5.342849362647480405e+01
-4.813876227764551885e+01
-1.245782902278466366e+02
-4.155452139614124718e+01
-8.416899810544083493e+01
-6.756104404303404465e+01
-6.607418499297017433e+01
-5.942929859261955983e+01
-2.843211848729179181e+01
-6.005893662244227471e+01
-1.063302130923532616e+02
-4.269892378099390839e+01
-9.892383166928294713e+01
-6.117137196825896694e+01
-4.036942463502725786e+01
-5.633831606601442843e+01
-5.960404335856151903e+01
-7.436127779181158814e+01
-1.102127530368384214e+02
-9.599769209714916940e+01
-3.453621580154163695e+01
-6.611415070131751293e+01
-3.556283646312878943e+01
-1.367430418906618002e+02
-6.352978444419393611e+01
-3.915036776670909546e+01
-3.722093624106919663e+01
-4.047306319246902717e+01
-8.369535020240307688e+01
-3.454756450425504966e+01
-5.127877003148950052e+01
-7.647180871172322725e+01
-4.066742386938096132e+01
-3.778664665332249228e+01
-8.623756466804699983e+01
-6.173484170462238296e+01
-7.782110048872604580e+01
-3.974300014797253056e+01
-6.001355351077666000e+01
-7.495031839965920994e+01
-7.854575800929995921e+01
-5.842495989943141410e+01
-8.695774494481121053e+01
-2.891255028757662160e+01
-3.097621126878871678e+01
-7.405063465428871439e+01
-5.143627375091131171e+01
-5.250712171348351376e+01
-7.003483480166616459e+01
-7.239904378494929915e+01
-8.562188481006754159e+01
-4.148911234503076884e+01
-1.084657066998840378e+02
-6.152280384412580361e+01
-3.766601615139612846e+01
-1.135880823087600930e+02
-3.491595485838064405e+01
-3.482258806196014689e+01
-6.079870554904043445e+01
-6.954434583031437000e+01
-6.019977361530736459e+01
-6.398608750971677495e+01
-2.511665950747792664e+01
-8.449668609862391122e+01
-1.195928961828612955e+02
-3.647478882638199593e+01
-8.209675697713996101e+01
-9.461415401997646768e+01
-7.154714092307750661e+01
-8.531653477191225932e+01
-4.387100435918826946e+01
-1.138948800462090816e+02
-8.323024273304180554e+01
-2.260470609697733124e+01
-9.420685220695926887e+01
-8.422802029617820097e+01
-1.148474941753013780e+02
-1.669056740726606591e+01
-3.593475567870495979e+01
-6.341421069098473851e+01
-8.909442294782159877e+01
-6.087640654512428284e+01
-4.068452860509501789e+01
-5.870989639361370394e+01
-5.946605498402502121e+01
-7.137892518359943494e+01
-3.065292229283454617e+01
-4.360238119314568905e+01
-3.021168782664412689e+01
-5.009282186597221198e+01
-4.616949373037604687e+01
-3.080302462774939798e+01
-8.547779589670756906e+00
-1.881075453205833625e+01
-4.716239882160177643e+01
-7.079904861208544276e+01
-3.978839423035086043e+01
-2.812678503297464161e+01
-1.613016419985808270e+01
-3.797456505729535081e+01
-3.492582872311388087e+01
-1.253103079716636792e+01
-6.351442381365787782e+01
-6.584103336918802896e+00
-1.413028372879035146e+02
-6.768196027443144658e+01
-5.275476082826366309e+01
-6.326995249104696484e+01
-3.916944601347247357e+01
-4.516543360175510458e+01
-5.593854779405062061e+01
-3.025830735168158725e+01
-5.714042131553559045e+01
-5.349024697071708800e+01
-5.125450581923454507e+01
-8.232502530509415806e+01
-3.481153208957285017e+01
-1.761220416217845042e+01
-8.715302731294995908e+01
-8.303346371139988946e+01
-5.017508863002422004e+01
-9.506809563970234933e+01
-6.199699001430168721e+01
-3.867526325547090948e+01
-3.701431457794174662e+01
-6.458262324247718311e+01
-8.311569083560405602e+01
-6.240416871622827699e+01
-3.714778409955543026e+01
-8.236239678148955079e+01
-1.319587393247756779e+01
-2.633621681959109395e+01
-6.425087545801625311e+01
-2.501527706945925189e+01
-3.795511337304692034e+01
-8.735318023428615675e+01
-1.927069328222415834e+01
-1.993148193595017403e+01
-3.032989289836213231e+01
-9.641918269145551790e+01
-8.113540699334404849e+01
-4.674871487761879507e+01
-2.421137869102588880e+01
-2.569472802260389699e+01
-6.828154203399921585e+01
-4.997216215282766427e+01
-5.695506765397830407e+01
-3.897246113591746308e+01
-5.997067664375807539e+01
-3.532373387487164962e+01
-6.134570356250489453e+01
-8.313151354698894124e+01
-3.523513817451057406e+01
-6.493852789981573892e+01
-9.310558166902094968e+01
-7.466175676394118454e+01
-2.949111789514596538e+01
-7.270175858391087331e+01
-4.190575782626592627e+01
-5.522981805803367905e+01
-3.292404748963126337e+01
-7.542276304719842983e+01
-2.822014991688127594e+01
-5.578088774440032260e+00
-1.936594397514774002e+01
-6.313283030202843094e+01
-8.253352157815450596e+01
-7.067218421242999682e+01
-4.935766927537201099e+01
-5.346505022650856631e+01
-3.047035592928409642e+01
-2.338776677487394551e+01
-3.143497383661985722e+01
-2.367403467871963940e+01
-1.402882771915584499e+02
-1.099281436955352262e+02
-6.998071255927112588e+01
-1.518952554936819581e+02
-5.276914596885913511e+01
-1.933592364170603872e+01
-2.440948032157488257e+01
-3.633273395602689959e+01
-6.753191740916750518e+01
-9.098915920878371821e+01
-9.071319113259718847e+01
-3.830931586557065316e+01
-1.667582442209655014e+01
-6.003851341470759451e+01
-2.982712844205396863e+01
-2.789761276823481850e+01
-7.465097994789466895e+00
-2.332077300657472563e+01
-3.405882282507788972e+01
-5.570384334518422520e+01
-1.251281655196550844e+02
-7.591309848779206959e+01
-5.351187088870641162e+01
-5.308463843854471520e+01
-5.362210680966935428e+01
-2.679513205248244745e+01
-2.493900980216721308e+01
-1.581220416217844615e+01
-2.751391482488975981e+01
-8.070470698358262496e+01
-7.114719439083629027e+01
-4.462101790596084072e+01
-1.080450296314355541e+02
-1.551220416217844544e+01
-6.370334795963441366e+01
-4.531935616886151053e+01
-2.664970960727112370e+01
-3.478018438202894203e+01
-1.039644610130432056e+02
-1.089004148290256069e+02
-6.705409165500157087e+01
-2.622567966318245780e+01
-4.586939221335295258e+01
-9.052837144214393561e+01
-1.924595388706066501e+01
-8.588715267173738255e+01
-2.026711753954538509e+01
-2.629161805519731843e+01
-9.150104036141787844e+01
-5.877637719635046665e+01
-9.343971604928296415e+01
-6.926168228630643853e+01
-8.731778527025363701e+01
-8.559275340537931243e+01
-9.666806254808258814e+01
-8.914235170736785108e+01
-9.194154042935791438e+01
-6.099221003173291678e+01
-7.089297951424997279e+01
-2.595136744182858379e+01
-1.870784855818645553e+01
-3.935895066081641858e+01
-5.089048906879382628e+01
-4.064358120267766594e+01
-1.496413524925026728e+01
-8.746480143564076570e+01
-5.351908047816871772e+01
-9.705996213501412839e+00
-4.865427223094324916e+01
-2.899164711419522789e+01
-7.765049773448173198e+01
-2.686795347350611962e+01
-2.408119855921017205e+01
-2.893361759725561910e+01
-5.187594190061881250e+01
-6.733340261231037971e+01
-5.567471854540229970e+01
-5.626628552116315518e+01
-2.531292468178843791e+01
-8.782717237688171963e+01
-3.034615086358853375e+01
-8.256302511345303685e+01
-3.590197041500567110e+01
-6.803704767980721613e+01
-8.519542409073837064e+01
-8.547675832098471460e+01
-3.719407924927008224e+00
-1.103264041214071369e+02
-7.415981391119504451e+01
-5.880500746376684518e+00
-4.973721659095686931e+01
-6.596452158882141248e+01
-2.602680658269942171e+01
-2.470664772808962439e+01
-1.248232994174482826e+02
-1.254097390718507654e+02
-7.299053848705052872e+01
-4.278341682911632660e+01
-4.162366397905524451e+01
-4.718064827033555986e+01
-3.526424475488082066e+01
-1.531244735977461744e+02
-4.832130237236898296e+01
-1.811243848357171160e+01
-1.284381008622024467e+02
-1.647671119109421056e+01
-3.296176698392316240e+01
-9.513899357056376971e+01
-8.287216257617383519e+01
-4.193630953888080626e+01
-1.747852257446594137e+01
-8.768509228481975981e+01
-7.608960755656769770e+00
-6.855971489578925571e+01
-3.445087562072534126e+01
-1.077948219689723146e+02
-3.761242546459839531e+01
-1.119555834666171279e+02
-6.543938619826590752e+00
-5.724209537801652203e+01
-1.818499131311104122e+01
-2.744454290758299564e+01
-6.018388668883466153e+01
-8.276885969027979684e+01
-2.666790894881939167e+01
-4.231439147761818731e+01
-8.626709778036280341e+01
-4.755425426421884083e+01
-1.964918878589091022e+01
-4.606493338516335712e+01
-1.706844606108660045e+01
-9.135096967304350812e+01
-1.140009598186159536e+02
-7.826467528193155943e+01
-2.857759411962648244e+01
-3.754216218650287828e+01
-4.552303375959881748e+01
-5.729385438693650201e+01
-3.544993068386332880e+01
-1.956378825554357803e+01
-7.398754539776666661e+01
-6.366650587741094114e+01
-4.997143358288832360e+01
-2.706284864513919786e+01
-5.046129573986860350e+01
-7.680140154467642333e+01
-3.504189735710212972e+01
-4.257232012634668195e+01
-4.561575907122498563e+01
-5.867051594730224906e+01
-2.229244303307967456e+01
-4.546773654563388334e+01
-4.610574844824564877e+01
-5.852313179424383804e+01
-5.478384211770350021e+01
-1.781605487502186946e+01
-2.661436425677041484e+01
-1.797199046910675690e+01
-1.109399184436596499e+02
-3.763628415611175626e+01
-3.634200589121285674e+01
-8.463704342778417811e+01
-2.340538169093876064e+01
-2.095054142141275833e+01
-4.542709944516824550e+01
-9.766354072236345019e+01
-1.005294370603694603e+02
-5.067068501424188298e+01
-3.373885514845352418e+01
-1.080870453244942553e+02
-2.712019483705767797e+01
-6.895368129865286733e+01
-3.427288467027505448e+01
-3.868712577015033105e+01
-4.286896203735236277e+00
-1.017835475058405734e+02
-2.130411734492015086e+01
-7.510606026900573795e+01
-1.157468369885126833e+02
-1.993152500929585003e+01
-3.593250093142456336e+01
-8.046216511963174867e+01
-3.935895066081641858e+01
-6.721687489497180934e+01
-1.844633631829008991e+01
-7.259260481406712984e+01
-1.946240089760758352e+01
-3.626583400654897815e+01
-1.140111884898357744e+02
-9.350455037978215955e+01
-2.955874025854745568e+01
-3.430016107752389587e+01
-4.278976979727803354e+01
-3.324256898301423746e+01
-1.836123245286106354e+01
-1.230363960165055062e+02
-3.157563006596690158e+01
-4.794023135559594095e+01
-9.959466476477446761e+00
-5.226966536151253706e+01
-7.641645503295285380e+01
-3.336743080899623948e+01
-1.290173005379176630e+02
-4.065739279023277675e+01
-4.175908172248634287e+01
-8.502679223903656691e+01
-4.508137788922145717e+01
-9.119079660291880884e+01
-2.856703659265760820e+01
-5.942133514986798559e+01
-3.110150545337075911e+01
-3.888430841215840417e+01
-1.361091967345998341e+02
-3.463066192564238577e+01
-3.414371032612810808e+01
-4.116298876328396972e+01
-5.284628737555859601e+01
-2.084067521206488394e+01
-6.191860037538829431e+01
-8.424237414802963997e+01
-1.116699580389806101e+02
-2.246328359988992673e+01
-5.070986329590640196e+01
-2.975473080097495782e+01
-7.034119142934110869e+01
-2.494365318997493475e+01
-9.236250086678683147e+01
-3.745894737680493591e+01
-4.390350354764404983e+01
-4.523821646243511196e+01
-3.202559248050285134e+01
-7.852931197416212683e+01
-2.455996762511377440e+01
-1.869483558215099350e+01
-4.478747579256081224e+01
-4.152571875245625677e+01
-6.537075370505347038e+00
-3.060000000000000497e+01
-8.332120598184690152e+01
-2.050711732051978942e+01
-5.097935683023595743e+01
-4.375954966823007908e+01
-5.292886449949274663e+01
-3.891593195987025577e+00
-5.696405090635118995e+01
-9.257087672654550659e+01
