-3.670355701564411532e+01
-3.166252143431811206e+01
-3.193386823890116588e+01
-5.358316281777619139e+01
-2.601867434981738825e+01
-3.048115584199980788e+01
-7.078832793922977373e+01
-4.573370997979591834e+01
-4.776792463407178246e+01
-7.104905912494034226e+01
-3.670257139301104132e+01
-3.982362787235270218e+01
-3.776514892044409066e+01
-3.692838062160050328e+01
-6.525456886501224574e+01
-2.866620886484697195e+01
-2.584232037724956399e+01
-4.192145123474690394e+01
-1.107610814509010311e+02
-2.594239528302839304e+01
-2.547117817856965871e+01
-5.216064849634521750e+01
-4.250817610966176119e+01
-4.934457730143440557e+01
-3.106013637856760923e+01
-3.661158077985087544e+01
-5.315361809950324812e+01
-2.162288096590845399e+01
-4.521629154232230974e+01
-2.541734813924900749e+01
-2.593477207897394621e+01
-4.585084051030224117e+01
-3.473660580270191645e+01
-3.811648561625696630e+01
-3.824496943109362945e+01
-5.677836228397303131e+01
-3.326151095061139529e+01
-2.370149130788980685e+01
-5.926063470564430702e+01
-5.071825471824847398e+01
-4.852698993437759611e+01
-4.482834076720581606e+01
-4.451453307876258947e+01
-1.875120171202428665e+01
-4.338482670487417181e+01
-5.201436179359502177e+01
-1.412815242436683150e+01
-2.502227689036962133e+01
-2.990117223793259171e+01
-5.094644440642061056e+01
-2.989275711219015363e+01
-6.622280117901689778e+01
-1.324646614645747889e+01
-1.571300217102074548e+01
-6.662429694601705421e+01
-7.762013214310189824e+01
-2.111627516063248322e+01
-3.107951498796733958e+01
-2.768289503808024676e+01
-7.716368377126156020e+01
-3.967306640401373130e+01
-6.974825948933656150e+01
-2.409340511270682939e+01
-6.022373234080576765e+01
-9.471473117749545167e+01
-3.248062105680868683e+01
-5.969295533008212118e+01
-3.455476269670667477e+01
-2.275001549722658467e+01
-2.236230521158794815e+01
-1.264909164593259128e+01
-5.601527445296673591e+01
-3.343899740712495827e+01
-8.900351079913006558e+00
-1.085839047936679265e+02
-7.378518011830105650e+01
-3.548819693085904703e+01
-4.398285777855150513e+01
-2.051391728895265842e+01
-4.683689287297837467e+01
-4.512287475982782325e+01
-3.865387016155245448e+01
-5.209416561527292089e+01
-1.801173257386725268e+01
-3.145302360623089299e+01
-1.346726745737266562e+01
-3.150269563109389281e+01
-2.322821453804760594e+01
-5.257046989315706753e+01
-3.220053563810343178e+01
-6.731849268145225551e+01
-2.856580274916829865e+01
-3.806118466093927566e+01
-5.642092244092656017e+01
-3.612578876109412818e+01
-3.967586789679604919e+01
-2.528819610234187110e+01
-1.630435351272380018e+01
-4.190582265917420557e+01
-2.511700962947338667e+01
-1.172808090994276320e+01
-4.791386520923471437e+01
-8.463312755098799300e+01
-4.161959777746723432e+01
-3.380983899258878722e+01
-1.330080818469932069e+01
-6.153028223576612987e+01
-6.537668608814630034e+01
-3.286101985022449412e+01
-7.927822179330177299e+00
-2.713666067400665227e+01
-1.829269869085928590e+01
-2.703458419751433084e+01
-3.474037058763216379e+01
-2.293730940676267949e+01
-2.061605151231656308e+01
-8.042137892455189174e+00
-2.752360523212800203e+01
-3.380438926838026248e+01
-3.296748333314388901e+01
-4.907397545002430661e+01
-3.496267977334674981e+01
-1.186655896223984463e+01
-1.949443091466406131e+01
-1.061745887335457894e+01
-1.774257562483595407e+01
-4.143450289443245538e+01
-8.735738166042888508e+01
-1.394365394188707796e+01
-9.023394001774683204e+00
-3.179698095697075644e+01
-5.274776215115885236e+01
-2.873756204149939819e+01
-2.939132491513557000e+01
-2.767243526969523870e+01
-7.676968040718224984e+01
-9.683770079243222639e+00
-3.365069106071302940e+01
-2.777606493625235018e+01
-1.134010008107593137e+01
-3.857077880823636917e+01
-3.933022763591687720e+01
-6.046786241984429466e+01
-6.935247042852926036e+00
-5.959735845976527457e+01
-8.123377686076624471e+00
-1.173255634746089804e+01
-6.063330474842987172e+01
-1.088884245076822310e+01
-3.114497450809563261e+01
-7.606957274200762953e+00
-3.168565159020899635e+00
-8.303094310089862518e+01
-2.634768487678387316e+01
-1.552593308864663868e+01
-3.392341278856615361e+01
-2.319427185138173186e+01
-3.432994569328245404e+01
-5.690972269412789331e+01
-1.437014770929819107e+01
-5.766654828697123492e+01
-4.096078932155212726e+01
-5.450267393189871257e+01
-2.680525440604776222e+01
-4.286715638246250393e+01
-1.147806809376515957e+01
-6.389299152329189724e+01
-3.938545458552513878e+01
-2.458181552120699820e+01
-1.748672728203282034e+01
-1.707331937135586486e+01
-1.178235492318577826e+01
-4.318444170729012654e+00
-1.150979912720637088e+01
-9.908970608576754557e+01
-3.098799736547486106e+01
-2.539787730241856423e+01
-4.791728389860532289e+00
-7.455053277325441741e+01
-5.723484014050620772e+01
-5.233687955190405461e+01
-1.873093612087193449e+01
-1.863340803326387984e+01
-2.734756492437035291e+01
-4.227299658400919213e+01
-3.693151805875563909e+00
-5.804628717509550029e+01
-1.716666872715063263e+01
-2.537725552746244873e+01
-6.279246105782330289e+01
-3.931072593390470615e+01
-2.397874270831006882e+01
-2.248694216755919228e+01
-4.475569631144498572e+01
-7.050924960985665280e+01
-4.405444460617826508e+01
-2.038439046330064031e+01
-2.207739706781396194e+01
-1.228124150966472783e+01
-1.896968338979857904e+01
-4.059117764437363007e+01
-2.462407448982976632e+01
-2.298386075573553811e+01
-1.970011285330903661e+01
-6.134147459179482098e+01
-4.619892057769767746e+01
-2.793589007224326437e+01
-5.171857788320113514e+01
-6.004820748139608355e+01
-2.701352027831928027e+01
-1.283591921239760580e+01
-5.850736610202996246e+01
-1.652571083430720122e+01
-3.155782159120162689e+01
-1.383192359773100755e+01
-1.003916651714877517e+01
-1.952812294459021913e+01
-6.032628952955343493e+01
-3.665971837193811922e+01
-9.229498094408818076e+00
-2.550455680336901665e+01
-4.963624491645948922e+01
-3.720446435258418916e+01
-6.749940289784337466e+00
-2.371271662333450081e+01
-2.290423541013662145e+01
-7.085595235887224419e+01
-3.276696735217031886e+01
-6.056967708179520571e+01
-1.932388496779937981e+01
-6.205418311034851797e+01
-1.139149307454219340e+01
-1.931860062590834559e+01
-7.775714616252344058e+01
-6.050173177552167658e+01
-7.150548320656952228e+01
-5.179847122354035882e+00
-1.674877470772422683e+01
-2.025796550750997937e+01
-4.672770083229137228e+00
-1.139149307454219340e+01
-3.716730375664624830e+01
-2.350124853973264649e+01
-4.665633808984394904e+01
-6.014874730034947881e+00
-4.116949751877165831e+00
-6.763112067998771693e+01
-2.796452125146075218e+01
-4.045363148736450398e+01
-5.857086597000164829e+01
-1.050321398893567881e+01
-3.397047409935909457e+01
-3.931072593390470615e+01
-1.532716908659995880e+01
-1.679259151347701007e+01
-1.054034811121949389e+01
-2.750117242149202923e+01
-5.806507465566520310e+00
-1.816213344457800005e+01
-2.835261074896308386e+01
-1.763512648385044201e+01
-1.893393268993951750e+01
-1.148960724683982271e+01
-3.911723378127399542e+01
-6.158739895963181255e+01
-1.277653663698805246e+02
-3.765836117631458535e+01
-3.440037192744576089e+00
-3.649641591354793491e+01
-5.065959951994715027e+01
-6.256719630282111666e+01
-4.787804432023553147e+01
-4.795212220730832087e+01
-1.175873264135513807e+02
-5.117253290749917483e+01
-4.444026291199805456e+01
-1.304984361293137241e+01
-1.351324860167538233e+01
-1.031080607684294534e+02
-2.131071753307754335e+00
-1.214648193403109566e+01
-5.705558905215939092e+01
-9.810241518159223517e+00
-9.810241518159223517e+00
-1.383053245348049209e+01
-1.824323663015742270e+01
-3.195673022869131685e+01
-2.022194079536690481e+01
-3.440037192744576089e+00
-4.152355278603020849e+01
-2.790965967084676080e+01
-3.374684613711669101e+01
-3.237018008408033154e+01
-1.969382727262807364e+01
-1.560002890164250999e+01
-3.098799736547486106e+01
-4.418123437663327024e+01
-3.899891256282998597e+00
-2.025796550750997937e+01
-4.647438347989493934e+01
-4.564766499208260342e+01
-4.470085557704889823e+01
-4.509525987075761577e+01
-4.694646050640139379e+01
-2.817444123761556085e+01
-1.109067643792911184e+02
-3.962602836075775770e+01
-6.574303464296718857e+00
-3.898528364063413676e+01
-5.671147137867335175e+01
-1.375015243558507727e+01
-6.959765584802429572e+00
-4.366334857348716980e+01
-6.284036126521716881e+01
-4.694317849258532505e+01
-5.025318456354025898e+01
-2.235132477515982075e+01
-3.899891256282998597e+00
-6.749940289784337466e+00
-1.674877470772422683e+01
-2.847709848667750521e+01
-2.025796550750997937e+01
-3.027726455374055714e+00
-2.371271662333450081e+01
-1.588955343984316571e+01
-3.553914776464363001e+01
-9.480179110912374085e+00
-2.222970534081888516e+01
-1.673587973587987676e+01
-3.224481512433768415e+01
-4.040229016950667074e+01
-3.050071221572861813e+00
-1.495100323493441508e+01
-1.496415530853535358e+01
-3.899891256282998597e+00
-2.561504589856074432e+01
-6.511443246249530858e+00
-1.122910080827410084e+01
-6.959765584802429572e+00
-3.765318119222573046e+01
-5.794083154532755486e+01
-2.907434256792566529e+01
-5.321428499876034124e+01
-2.797026998237332052e+01
-5.172560075550805436e+01
-1.209095358918690977e+01
-5.417685020177912492e+01
-2.308196812947555543e+01
-5.326387186228494386e+01
-2.832937384780069934e+01
-3.372471551749929120e+01
-3.426999790463047191e+01
-4.556214018809982491e+01
-1.071395401108366485e+01
-6.234114353445302470e+01
-1.178235492318577826e+01
-2.225141574811439327e+01
-3.607831758698659996e+01
-3.098799736547486106e+01
-2.727726455374055892e+00
-9.161218803646615783e+00
-1.139149307454219340e+01
-4.871928186543692618e+01
-2.402744284162032429e+01
-3.134041595813314984e+01
-1.178235492318577826e+01
-1.283836160250020164e+01
-2.127726455374055803e+00
-1.408164717201474403e+01
-1.786897391707960026e+01
-3.899891256282998597e+00
-2.824413883499236988e+01
-3.005745424412748790e+01
-7.839175874924663390e+01
-2.371271662333450081e+01
-4.209126872723878421e+01
-1.931767516161113107e+01
-4.505293662708753288e+01
-5.566241279734552450e+01
-4.375875820315999931e+01
-2.956799849167014926e+01
-9.810241518159223517e+00
-1.695469048217774954e+01
-2.371271662333450081e+01
-1.406833187407480779e+01
-2.075105139248003638e+01
-4.613028131672888321e+01
-9.810241518159223517e+00
-2.127726455374055803e+00
-3.899891256282998597e+00
-9.900852341422988090e+00
-1.854864274119594114e+01
-3.968035421458971257e+01
-1.664445497658565642e+01
-2.608488891820426758e+01
-2.620118977567294394e+01
-6.265310035559885193e+01
-3.820095063917730460e+00
-1.242651773612617916e+01
-6.331983058263768527e+01
-2.041566232643823042e+01
-1.588955343984316571e+01
-2.380702079421700290e+01
-1.108146275675375563e+02
-3.523090490444033662e+01
-5.985835462732848811e+01
-2.888207001746116021e+01
-8.954642141336520922e+00
-3.051477282473700825e+01
-3.026744974720397607e+01
-5.599300780355132190e+01
-4.829944219497036784e+01
-1.588955343984316571e+01
-1.992516905109181380e+01
-1.178235492318577826e+01
-4.442708213423440355e+00
-1.783212176190346554e+01
-6.943086292021604322e+00
-1.183618166007806494e+01
-1.864476864777085297e+01
-2.442693211611567605e+01
-1.843814553072600759e+01
-6.267850955531498869e+01
-2.260153625828142410e+01
-1.039414689129497020e+02
-1.135750120709353084e+01
-4.810379344681342673e+01
-3.931072593390470615e+01
-1.920949917238853999e+01
-3.397272682976896618e+01
-2.360472217646823978e+01
-4.029478396595519030e+01
-3.066418629386076233e+01
-1.856846315616047605e+01
-2.020373016086754347e+01
-2.730718924952839544e+01
-1.680852829938206483e+01
-8.139981092471504098e+01
-3.633621859732479464e+01
-5.515589764234793080e+00
-1.147660262465603509e+01
-5.523710718032333489e+01
-1.290746207565592130e+01
-1.139149307454219340e+01
-3.863308339814054193e+01
-3.576105522260763792e+01
-1.715020816800831582e+01
-4.763379107769051046e+01
-1.882308651445251613e+01
-1.495548621125831446e+01
-5.673469351171766206e+00
-3.077915129158917651e+01
-1.713814074296496770e+01
-1.990393279629465795e+01
-3.381133041259442251e+01
-2.211195351538016141e+01
-3.696586849291009003e+01
-1.601330612778798468e+01
-2.273012788195988776e+01
-1.253568816171874012e+01
-4.370790651782276548e+00
-9.810241518159223517e+00
-1.946172978588609226e+01
-3.480030822672871693e+01
-4.392246624073791850e+00
-3.051851119896949793e+00
-2.009462419085242502e+01
-1.253568816171874012e+01
-1.150726900884123154e+02
-2.631446728317362371e+01
-1.719022087526419895e+01
-3.681404468461651192e+01
-8.854950776344441721e+00
-1.092516719691692195e+01
-3.189100318899661346e+01
-2.401855902434180479e+01
-3.470114494983828024e+01
-1.242451546474483948e+01
-2.519766631422689684e+01
-1.139149307454219340e+01
-3.599468584159986051e+01
-2.731439758884956248e+01
-6.118088929042485802e+01
-2.795687412683714967e+01
-4.750792076318182922e+01
-1.863480026932025524e+01
-2.525281856562777349e+01
-1.035395087058237351e+01
-2.830783797696626802e+00
-9.376548785590584600e+01
-2.314749550752758722e+01
-3.030433401332833299e+01
-1.486196513066745872e+01
-1.824411246375646911e+01
-2.811971499131184160e+00
-2.906190107392031763e+00
-6.992888619824674024e+00
-2.339898115584628968e+01
-1.256370457950111685e+01
-1.495548621125831446e+01
-1.139149307454219340e+01
-3.440949467515225990e+01
-1.265256784067703855e+01
-5.564188093062976748e+01
-3.513689052223963927e+01
-1.438478181654772037e+01
-5.486762476313180059e+01
-1.307544076260000132e+01
-1.456294131743776532e+01
-1.070701926146923597e+02
-4.431106387661978374e+01
-1.445733664184562528e+01
-3.906725899144516845e+00
-5.373297730487281143e+01
-9.810241518159223517e+00
-2.278439800209710953e+01
-2.079430316494298481e+01
-1.039021100149423837e+01
-2.917387447043817872e+01
-2.021842972052491660e+01
-2.821658768314779664e+01
-3.734846299599019659e+01
-2.354274377816567210e+01
-1.885433040446717712e+01
-9.328826125402423841e+00
-4.912992546960925466e+00
-3.311898964929721956e+01
-7.517761103783331578e+01
-3.011651713398422814e+01
-2.969484688853177445e+01
-5.576378631909728512e+01
-1.588955343984316571e+01
-2.684422340934453288e+01
-3.281295603292252849e+01
-2.925755659542976872e+01
-7.945434158774028788e+01
-2.226105401764441183e+01
-5.615711658931158645e+00
-1.167190044503823287e+02
-3.133326504092202924e+01
-1.188607665739931107e+01
-2.807380753737375301e+01
-1.050255026056745145e+01
-1.482660929665160765e+01
-6.184963523232745075e+01
-1.022828865412611243e+01
-2.842809716498034334e+01
-2.776065351790871993e+00
-1.139149307454219340e+01
-1.859093914453395868e+01
-1.222106054691886179e+01
-5.400015624776433754e+01
-6.497508686627620023e+01
-7.244972593874820177e+01
-1.981824488175674048e+01
-5.419900215094887130e+01
-2.431262214082772033e+01
-4.735072481191457427e+01
-2.406048358326170344e+01
-8.600403242408486193e+00
-3.635445000187878861e+01
-5.112016702727774486e+01
-7.571406576359390961e+00
-5.077929170042054352e+01
-4.798749167043686725e+01
-9.655854713101680531e+00
-5.831687720778523598e+00
-2.167781608553847761e+01
-4.115286398223975795e+01
-2.880245705838266090e+01
-1.139149307454219340e+01
-1.374358180499883808e+01
-1.834165385387438363e+01
-4.413416676986145148e+01
-9.181956506867359735e+01
-3.737510786625933434e+01
-3.672070342666071241e+01
-4.142542018253541869e+01
-2.759147228589138479e+01
-2.523479560031800162e+01
-4.537496750820967861e+01
-2.770267835422382063e+01
-2.351857896047987495e+01
-1.749488147640255775e+01
-1.679259151347701007e+01
-5.903525498992105724e+01
-1.150598711191904044e+01
-3.307324338979268674e+01
-2.988901758976320266e+01
-5.893876400467294729e+01
-7.627565931752312167e+01
-1.452737011938974909e+01
-2.827987509363176954e+01
-6.038239365167131112e+00
-3.621203095162907459e+01
-3.899891256282998597e+00
-2.589742091375129363e+01
-5.673868675566789932e+01
-9.810241518159223517e+00
-4.849310450607553058e+00
-2.779321447608532480e+01
-3.487240955367742856e+01
-3.931595188064936508e+01
-1.139149307454219340e+01
-2.917085776007781739e+00
-4.426887390922886567e+01
-4.116922918696732125e+01
-7.061124804437986313e+01
-2.562946715609649573e+01
-1.044443128586234764e+02
-4.916763919735925015e+01
-3.380846656433707853e+00
-4.686351351981080882e+00
-3.887364637371877052e+01
-1.495548621125831446e+01
-4.625409982312459789e+01
-3.759261739768797739e+00
-1.588955343984316571e+01
-6.166042529890337676e+01
-3.091349392704159271e+01
-1.178235492318577826e+01
-5.785807627841063550e+01
-2.632486181327688257e+01
-4.064861943749419027e+01
-2.910481191045203531e+00
-8.244659057604074803e+00
-1.582302436160488490e+01
-1.489891917320355397e+01
-2.427057429449633119e+01
-1.679259151347701007e+01
-6.729887759970470995e+01
-1.495548621125831446e+01
-2.730718924952839544e+01
-2.064852773994674351e+01
-3.092096535781064048e+01
-2.277155107353685892e+01
-4.274121088371498445e+01
-2.509579320097649457e+01
-1.612405417289466669e+01
-2.546154347151456676e+01
-5.882748818201874741e+01
-2.868146778644059935e+01
-7.975373385116830605e+01
-2.850125413200300528e+01
-2.099011076750841909e+01
-7.823166969836245244e+01
-4.416311998262055738e+01
-3.998245528903435542e+00
-2.600823080998721792e+01
-2.614671751387242793e+01
-1.856846315616047605e+01
-1.984478991956640925e+01
-3.136578249695044107e+01
-2.885178368987847719e+01
-5.517781191138109165e+00
-1.865433645148160835e+01
-3.610872195259261730e+01
-1.045952030444300895e+01
-2.341696955993205620e+01
-1.178235492318577826e+01
-3.481352042955475667e+01
-1.943358790116821666e+01
-8.061427469099430709e+01
-2.483700062480743398e+01
-2.783965041297603804e+01
-3.221293725979091960e+01
-4.038057561595725531e+01
-8.385296302057363960e+01
-2.026575719713098422e+01
-4.222274271302152826e+00
-2.001347556537479733e+01
-1.649130712757725803e+01
-3.155720958586143254e+01
-9.838561956223488281e+00
-1.952812294459021913e+01
-1.373953714723584518e+01
-3.691598326012416464e+01
-1.147660262465603509e+01
-2.942291084073663043e+01
-9.360813992136748141e+00
-1.764472559096876481e+01
-2.888828573278623679e+01
-1.178235492318577826e+01
-4.297105907974597727e+01
-3.829514008131067726e+01
-3.931072593390470615e+01
-4.677899657851376247e+01
-3.552566542864571630e+01
-4.538521386535994395e+01
-3.454770432952400228e+01
-3.418454271171189873e+01
-2.449108679429260604e+01
-1.301832207909503758e+01
-2.281668527480396591e+01
-1.278783338708382544e+01
-2.448884721704800427e+01
-1.550429135534717062e+01
-1.200618507901526755e+01
-2.285836270549103588e+01
-1.598973035410712207e+01
-1.674877470772422683e+01
-8.556629358603114355e+00
-2.009214398663331380e+01
-1.679259151347701007e+01
-1.407862947823754141e+01
-3.310940278318291519e+01
-4.426097308394285790e+01
-9.810241518159223517e+00
-3.312071870190138601e+00
-1.381821155265692980e+01
-2.992938835769969774e+00
-1.501279830398982007e+01
-3.213998112087329417e+01
-3.904257323834328020e+01
-4.017106255912749191e+01
-4.015213061581025045e+01
-4.304761340939144532e+01
-2.023403143493240464e+01
-5.661957874965045079e+01
-2.308227249327461195e+01
-2.448884721704800427e+01
-6.210984514784672506e+00
-6.448299698647012690e+01
-1.253000135552167649e+02
-1.764472559096876481e+01
-1.609692346088849035e+01
-4.026360318702393748e+00
-8.388255474649195520e+00
-5.541800469419089836e+01
-2.816576697789917816e+01
-1.934954576704483387e+01
-1.500805132659353447e+01
-6.363642880281949488e+01
-2.165088833500394827e+01
-2.251226124166484510e+01
-1.588955343984316571e+01
-2.483700062480743398e+01
-3.280353560782001665e+01
-1.147660262465603509e+01
-1.147660262465603509e+01
-1.278124066408917869e+01
-3.209773015626423387e+01
-5.148019316937288536e+00
-1.858477773510705688e+01
-2.427832706026623200e+01
-4.092068193276277555e+01
-1.856846315616047605e+01
-4.325893139190044678e+01
-3.041211318496112881e+01
-2.305526851000248101e+01
-2.314000155254296232e+01
-4.467556031278093798e+01
-2.215537082967827942e+01
-1.147660262465603509e+01
-4.097866449169458036e+01
-1.963143685509060887e+01
-4.300969821961305684e+01
-3.630934387008599629e+01
-5.504012749450591713e+00
-1.550276346459546950e+01
-1.858477773510705688e+01
-4.047787295333111501e+01
-2.284211948685022620e+01
-1.674877470772422683e+01
-2.235132477515982075e+01
-1.165905409110064994e+01
-2.019621709805065990e+01
-1.065044247867636962e+01
-2.731439758884956248e+01
-2.115965249969728390e+01
-6.423437923516905812e+01
-1.353610472262379361e+01
-2.304981470063887627e+01
-3.368987115389379028e+01
-3.773858516814311770e+01
-3.346684913889352231e+01
-1.178235492318577826e+01
-1.223863819246251872e+01
-2.500449691885887660e+01
-3.837907988942426130e+01
-8.792803633505101857e+00
-4.990074144311434878e+01
-1.591835237888211552e+01
-2.130075357635733013e+01
-4.719245412444193022e+01
-3.268812131903627005e+01
-7.766095112117328370e+01
-2.729131662660855895e+01
-3.539827214914603104e+01
-3.394190034186145510e+01
-1.920696698388844226e+01
-2.205261451453227295e+01
-9.810241518159223517e+00
-3.978612259645224469e+01
-1.003916651714877517e+01
-3.516776619713456853e+01
-1.033340072724383951e+01
-2.803451631721489790e+01
-2.144858660487917845e+01
-4.583241874291991280e+01
-3.423444726955343498e+01
-6.184189626548332797e+01
-3.387241198528886343e+01
-3.389042786475050661e+01
-1.168214522196250904e+01
-4.763785504875565735e+00
-2.709196474846175562e+01
-2.343956399198234308e+01
-3.602864477232952822e+01
-1.674877470772422683e+01
-1.770972566835843764e+01
-2.173580683315595863e+01
-4.130293485052347080e+01
-3.449459933811822054e+01
-2.572879772353487482e+01
-1.178235492318577826e+01
-1.147660262465603509e+01
-2.950355832195779726e+01
-1.588945990312567424e+01
-1.948839840385343436e+01
-1.707331937135586486e+01
-1.065382747329206481e+01
-1.390883349704656169e+01
-1.106625798917921166e+01
-4.209540204376963146e+01
-4.097866449169458036e+01
-1.797619857966246215e+01
-2.448884721704800427e+01
-4.105206226983673545e+00
-1.139149307454219340e+01
-2.687902618694582202e+01
-5.190773267525490553e+01
-4.180632636545057323e+01
-1.178235492318577826e+01
-3.643996137788869305e+01
-5.402882648517353559e+00
-1.608242184389122187e+01
-2.958363540572074868e+01
-7.171907774540883906e+01
-7.413603879072305780e+00
-3.586963077721961213e+01
-2.730718924952839544e+01
-7.317818475360445518e+01
-3.887400924318100692e+01
-2.927389648395462984e+01
-3.238636595355078640e+01
-2.707181355790244837e+01
-3.281712833466801982e+00
-1.289674791850176838e+01
-8.937642721523165079e+00
-3.615395339390467200e+01
-3.063223693078992582e+01
-3.931072593390470615e+01
-2.084916864724303665e+01
-1.420883349704656062e+01
-1.214508277286932980e+01
-3.931072593390470615e+01
-4.385093051184320245e+01
-3.459528760648291179e+00
-1.831883121774923850e+01
-3.152823993116465573e+01
-2.719129312451034508e+01
-2.555313827722481168e+00
-2.519225477743254160e+01
-1.363930879506541594e+01
-2.771964083998614115e+01
-4.105206226983673545e+00
-1.718936242264385328e+01
-1.912235043096447740e+01
-6.959765584802429572e+00
-8.686427576920422666e+00
-2.636574361652347420e+01
-8.940077513290734856e+00
-4.160545182028843669e+01
-1.178235492318577826e+01
-2.535881788710012330e+01
-2.566390549407410049e+01
-6.749940289784337466e+00
-1.003916651714877517e+01
-6.836057074542988943e+00
-2.561563767218024879e+01
-2.600354862064373762e+01
-2.308380279825099990e+01
-5.515589764234793080e+00
-3.449620836122191037e+01
-3.030114300147542750e+01
-5.415473307187985341e+01
-1.653076924995331254e+01
-2.282820446678715243e+01
-1.168039132515248113e+01
-4.370790651782276548e+00
-1.077940718397168212e+02
-2.685677397774356479e+01
-1.972500939654356955e+01
-5.022167212676969683e+01
-4.910571105812720560e+01
-4.456713731870082995e+01
-2.542487007555818579e+01
-3.031410877089956557e+01
-1.816127675004362274e+01
-2.415917093325438003e+01
-2.107265270872004947e+01
-6.012486031275427933e+01
-2.272461308178952777e+01
-3.963754529837848395e+01
-1.775187567685032874e+01
-1.147660262465603509e+01
-1.675726421250456610e+01
-2.130905474606824868e+01
-2.600389771220021373e+01
-2.433480980696632301e+01
-1.826886003773421763e+01
-2.516123502939070633e+01
-1.841418861356879333e+01
-2.342673669619867027e+01
-1.447713304973432358e+01
-2.686578949272372796e+01
-5.222664291164417705e+01
-1.747750000234620416e+01
-3.855853955984099635e+00
-1.476776485690238339e+01
-1.988999683183874723e+01
-1.819806959938734181e+01
-7.468219540204660944e+00
-1.727247643975204028e+01
-3.931072593390470615e+01
-1.234256233376361855e+01
-2.312077827170002209e+01
-2.588311053255348426e+01
-4.385093051184320245e+01
-5.718874292604691156e+00
-2.163495626738835398e+01
-2.320565919476850425e+01
-1.002173515666760295e+01
-2.517276204329959910e+01
-2.269835820678864380e+01
-2.725370577284182261e+01
-3.435736695875611701e+01
-6.727718032894451028e+00
-3.369056691626753519e+01
-4.515157415319518464e+01
-7.724221707018321581e+01
-3.606721859970750188e+01
-1.147660262465603509e+01
-2.206678601504774306e+01
-2.762102089082075906e+01
-2.672135652882139212e+01
-1.989729152429808678e+01
-5.176141747252570369e+00
-1.809015912978989604e+01
-5.148019316937288536e+00
-1.941257566419580982e+01
-5.151611412995668715e+00
-1.648834998557829579e+01
-1.627092684448397009e+01
-3.931072593390470615e+01
-2.793264531673797890e+01
-1.987516291538208435e+01
-4.602662635757824638e+00
-1.270309684553667751e+01
-2.371271662333450081e+01
-1.207601865552904563e+01
-1.035300258037603527e+01
-1.027891409393722455e+02
-1.757944893254704510e+01
-1.378216976400703686e+01
-1.952812294459021913e+01
-1.847252799129360668e+01
-2.484051820558160273e+01
-2.303996087611137256e+01
-8.940077513290734856e+00
-1.360529328751466949e+01
-1.248898783852048382e+02
-1.178235492318577826e+01
-3.374215594551210984e+01
-7.137019007751504773e+01
-1.520621646530258708e+01
-2.169318038372369273e+01
-2.023580047030647222e+01
-2.725370577284182261e+01
-1.087723108943824180e+01
-3.816968193604044046e+01
-4.217076944640592728e+01
-1.989729152429808678e+01
-6.059685076447123464e+01
-2.036537994383572325e+01
-2.278799283249188079e+01
-2.335790800861872185e+01
-7.542815725716766906e+01
-1.797619857966246215e+01
-1.122770344093022921e+01
-3.002561946456746966e+01
-2.477454040285102010e+01
-1.900267965442499474e+01
-3.551580504339877109e+01
-4.105535797580547808e+01
-6.959765584802429572e+00
-1.052567798073503695e+02
-1.611124965672100728e+01
-3.717148145150133587e+01
-5.797436311936358777e+01
-4.324493182753127485e+01
-1.183242454474934036e+01
-1.858801697033631939e+01
-2.328611836390223644e+01
-2.626445339066039608e+01
-3.294244641740852586e+01
-1.265077796508224850e+01
-2.978379387094247477e+01
-1.644311810354975378e+01
-1.178235492318577826e+01
-2.371271662333450081e+01
-3.195656074774546695e+01
-4.229529028945140112e+01
-3.751153664782659991e+00
-2.721752840438865917e+01
-2.004047767550339287e+01
-1.025256696129839362e+01
-8.997518709126750025e+01
-3.321342119481450084e+00
-1.581116695850272080e+01
-2.254275428872097820e+01
-6.947239639841766845e+00
-3.672721045335592294e+01
-2.731439758884956248e+01
-3.794668700999838507e+01
-1.204285147318265636e+01
-6.285992706174005207e+01
-1.640011793474323554e+01
-5.262599704608225792e+00
-8.656846794309993598e+00
-2.731439758884956248e+01
-1.629371180579344625e+01
-3.336553351479049923e+01
-2.281532582355273675e+01
-2.462711221071727863e+01
-9.334343173021284912e+00
-5.180205766837996606e+01
-2.471737930480527012e+01
-1.172057341269363917e+01
-2.609978954385054806e+01
-2.053319087318607217e+01
-3.059709663190566431e+01
-2.566390549407410049e+01
-1.573914907912334549e+01
-1.462768242448889211e+01
-3.110332551127171996e+01
-3.980391593976318632e+01
-2.232687602428536877e+01
-2.287148447270764606e+01
-3.701824531471218194e+01
-4.730042538538494767e+01
-1.115485000274086680e+01
-1.944507885100051325e+01
-2.698126544880137345e+01
-4.332483853954455810e+01
-1.402800620439322365e+01
-3.367012868675613646e+01
-3.737232960996202280e+01
-1.456172722436406453e+01
-2.899838002041959939e+01
-5.010410054540147939e+01
-2.506426785785724576e+01
-3.227295886138524139e+01
-1.264027364690203115e+01
-2.075046581315616923e+00
-1.730293691849304594e+01
-2.131071753307754335e+00
-3.363098687576751900e+01
-1.120055109665334925e+02
-1.179949251618232751e+02
-2.906190107392031763e+00
-3.565267139692397080e+01
-1.147660262465603509e+01
-6.749940289784337466e+00
-1.215506737714685137e+01
-2.673713158596217454e+01
-1.498439419868823741e+01
-1.498167460415785968e+01
-3.363157254423792608e+01
-3.104715442602044817e+01
-5.516010608832563378e+01
-1.101172132452805030e+01
-1.987494863821168778e+01
-3.415708420136735413e+01
-1.530817818618293558e+01
-4.222274271302152826e+00
-2.523378885332315136e+00
-3.773653916470523484e+01
-3.736444489880370590e+00
-2.446481976596120589e+01
-9.513288858416480309e+00
-6.959765584802429572e+00
-4.214095130631206665e+00
-1.680530703998252307e+01
-3.331198882307090514e+01
-2.824591445863703498e+01
-6.369246238800867843e+01
-2.293862193187080933e+01
-2.730718924952839544e+01
-2.067534146765601832e+01
-8.430339594956162586e+00
-6.060166110124206540e+01
-2.159031054836760433e+01
-2.099265411962462835e+01
-5.891884754817650816e+01
-4.031211127433224561e+01
-9.234660714368361312e+01
-3.503761637708973353e+01
-3.035723065383248809e+01
-2.138933509467283756e+01
-2.711619390654363926e+01
-1.090219674550902695e+01
-3.730476323752810686e+01
-1.405430617563895979e+01
-6.832924067447795835e+01
-9.742542254231583598e+00
-9.472247785475953208e+01
-3.321342119481450084e+00
-5.148019316937288536e+00
-1.935172956948199996e+01
-5.524586642236837974e+01
-7.475642499205195968e+00
-2.828624257471632575e+01
-6.749940289784337466e+00
-1.392053169083973430e+01
-4.182798550714368346e+00
-3.369646686657985413e+01
-2.571586488552166827e+01
-1.243886323385587822e+01
-1.262658070458920534e+01
-3.224719000918929623e+01
-2.628053306402669875e+01
-2.279670724318524933e+01
-1.700934413851695481e+01
-2.309438108308149395e+01
-1.954618485580686027e+01
-1.779357197274002544e+01
-2.335790800861872185e+01
-2.490417401371666273e+01
-2.368104164772146092e+01
-2.309572548918388435e+01
-1.370530841119230026e+01
-4.072982566783551306e+01
-1.707331937135586486e+01
-6.519045985135326760e+01
-2.730718924952839544e+01
-1.588929246794488925e+01
-2.952725561673227972e+01
-2.861676808720861587e+01
-3.756506024894947160e+01
-3.228193928299356230e+01
-3.931072593390470615e+01
-3.857694008408230957e+01
-4.847352455507954971e+01
-2.286784904588831679e+01
-2.652142352559408778e+01
-3.018440542684504990e+01
-1.923737247340373457e+01
-4.687925130548275376e+01
-1.147660262465603509e+01
-2.371271662333450081e+01
-3.157525079430829962e+01
-1.462768242448889211e+01
-2.338798338145938160e+01
-7.243710503051468663e+01
-2.731439758884956248e+01
-4.250442456121631807e+01
-4.726417133073528021e+01
-1.179055925777227145e+02
-1.339470141171079298e+01
-1.033326401282443996e+01
-2.705325422170721694e+01
-1.114817522248299753e+01
-5.655184670304710615e+00
-2.733747700288664007e+01
-1.574438554561066184e+01
-4.031517116602580586e+01
-7.158607921214991165e+01
-4.537450410443391746e+01
-1.156398632127980441e+01
-1.728118020391188381e+01
-2.479813891956204230e+01
-1.411222017863433109e+01
-1.178235492318577826e+01
-3.315266258307092073e+01
-2.439602330086782445e+01
-1.195851589564960094e+01
-4.114033647435145724e+01
-2.223378885332315313e+00
-3.470815572413090422e+01
-3.612267481297527638e+01
-3.778262914730311195e+01
-4.078490298031969274e+00
-1.522382246106022485e+01
-1.317763906036424615e+01
-6.269312682144357751e+01
-2.670142557890975255e+01
-1.377717182044273692e+01
-2.925561852794510642e+01
-2.107409718773033802e+01
-6.435825131394741661e+00
-1.610383765231404141e+01
-3.260497674162674997e+01
-1.520995297910593713e+01
-2.448884721704800427e+01
-1.736238792840466161e+01
-2.981175589557900452e+01
-4.273369142750692617e+01
-2.452106962243145816e+01
-2.925468871965879103e+01
-4.682444779324113426e+01
-1.824139536682768536e+01
-1.725942846469491343e+01
-1.612431857560029869e+01
-1.769051564673600296e+01
-1.742456904698784825e+01
-3.878602043966163393e+01
-2.644580005490950825e+01
-1.995024487757827103e+01
-1.147660262465603509e+01
-4.709810343229399621e+01
-1.101856714233635870e+01
-3.266658273197769802e+01
-1.082473885115190626e+01
-1.502447352447975248e+01
-2.671761536016040850e+01
-1.367375300609240796e+01
-2.093278529011982769e+01
-2.906190107392031763e+00
-1.799479181191665589e+01
-2.463720955952448577e+01
-8.064951689783958599e+00
-1.737296626915605913e+01
-1.235772294064601162e+01
-2.863477126237190262e+01
-2.816105326272282028e+01
-3.087101477533093075e+01
-2.527685896651992437e+01
-1.785566724085976631e+01
-4.489318401083921373e+01
-4.767995968713687205e+01
-7.415386991140632489e+00
-3.716449144323223663e+01
-1.939573456451295996e+01
-1.377840601778888363e+01
-1.782727418119214136e+01
-9.737422521965765299e+00
-2.353470623242291637e+01
-8.716770747692319077e+00
-2.917188194385002831e+01
-9.588036043447507950e+01
-2.185651615247889268e+01
-2.828827722266322198e+01
-8.238567304554710091e+00
-3.725724479004671252e+01
-4.734533511811007855e+01
-2.836533266164239731e+00
-5.279246952279155636e+00
-3.994382508588465441e+01
-3.440752594481320870e+01
-2.706673731776979963e+01
-1.745070758373396558e+01
-2.295626576571103783e+01
-1.763182973102378526e+01
-7.045811400641921907e+00
-1.372818583299513762e+01
-1.094478930121697147e+01
-1.908316692677890813e+01
-9.941816517597498404e+00
-1.533797072907527692e+01
-3.294244641740852586e+01
-6.369246238800867843e+01
-3.893692861362913504e+01
-1.901109614338523812e+01
-2.678403625057952908e+01
-1.765031051625434344e+01
-1.920394379640143967e+01
-1.308542833169916442e+01
-6.287152672314721258e+01
-3.540823400704717727e+01
-1.161580866871392637e+01
-2.400180726654216912e+01
-2.237541138226360005e+01
-2.165896812305694397e+01
-1.333754962977939407e+01
-3.436044705622391859e+01
-9.757081705656347026e+01
-2.737939612150195501e+01
-4.165240064857475488e+01
-6.002731314295567699e+01
-3.052556181586541229e+01
-1.637467255048821002e+01
-1.221205887072431295e+01
-1.674877470772422683e+01
-1.148926338319110485e+01
-4.145301557008771454e+01
-4.537222517970373303e+01
-1.385117262983894904e+01
-2.385891301325894887e+01
-1.338578142602717769e+01
-3.874220742159124597e+01
-2.231816279728226604e+01
-1.668919132363535596e+01
-2.293862193187080933e+01
-1.094946685355797911e+01
-6.369246238800867843e+01
-2.382525954002198887e+01
-1.610997834153959118e+01
-8.988935245815113717e+00
-1.604853834824416481e+01
-2.907338913116451451e+01
-3.004900227619149433e+01
-3.334888413554782005e+01
-2.763784051146116472e+00
-1.423885062844652794e+01
-3.671966821459777464e+01
-2.283600370438189131e+01
-1.300353033153262317e+01
-3.461185723325501584e+01
-2.724789859222718746e+01
-1.167432132322291238e+01
-4.791132139265664946e+00
-2.789116881540961934e+00
-2.527622439331937088e+01
-1.147660262465603509e+01
-4.151766418320167418e+01
-4.682924715816299965e+01
-2.561563767218024879e+01
-9.659950841202920913e+00
-7.775115860080664731e+01
-1.392053169083973430e+01
-2.127101982146992043e+01
-3.061807208500689015e+01
-1.627510915080983978e+01
-3.670393857779269808e+01
-1.971508014842288503e+01
-6.532365830487126601e+00
-3.499179457630648926e+01
-6.357044164910990247e+01
-2.265017110110887444e+01
-1.997606898980193613e+00
-3.633429313740366240e+01
-1.444875294617349404e+01
-9.897744077225741677e+00
-3.506764912220889041e+00
-5.229127203389338341e+00
-4.014537921975407642e+01
-2.416855148154162691e+01
-3.320044188157636711e+01
-2.131071753307754335e+00
-8.977190789866952514e+00
-2.725321742255267310e+01
-8.656846794309993598e+00
-3.487414877930373791e+01
-3.366995491797588613e+00
-1.221547929277450173e+01
-2.848868094509514037e+01
-1.266435538593343146e+01
-1.481966663366318038e+01
-1.251749895103405485e+01
-2.766847514876145553e+01
-5.536700214198326364e+01
-3.761256466655378716e+00
-6.959765584802429572e+00
-1.112166089850761352e+01
-2.744240500590277065e+01
-3.104123998512521609e+01
-2.585872182043680922e+01
-7.381915854273181310e+01
-1.281889173527917158e+01
-1.221324852624304036e+01
-2.731439758884956248e+01
-1.446954859851068775e+01
-1.707194198013539577e+01
-2.403788877124377166e+01
-2.803178872572613223e+00
-1.772541508001636856e+01
-2.137259429187798787e+01
-8.751941320204128516e+00
-3.472305493922713993e+01
-9.810241518159223517e+00
-2.050955716317519517e+01
-2.797246890403425823e+01
-1.638603780281304978e+01
-3.281876944442713295e+01
-6.653323476975477035e+01
-2.159664454521441002e+01
-2.542448125871946374e+01
-3.602571118918832838e+01
-1.219143726754688473e+01
-1.054208218878287653e+02
-2.912603892407160799e+01
-4.585580201707620596e+00
-1.398300574649759476e+01
-8.506318468047627590e+00
-3.847898908168324361e+00
-9.999278401167829600e+01
-2.407323288923081961e+01
-1.005635383299998153e+01
-9.209482896059416390e+00
-2.252280254323992281e+01
-2.846615889823089418e+01
-1.789335919870329761e+01
-3.434900951929925839e+01
-4.360308954430741579e+01
-3.166330960659063720e+01
-2.524687129145005571e+01
-3.072099804540329515e+01
-1.815752176539851348e+01
-1.220053493363073613e+02
-7.397803205723297637e+00
-1.863067552528573856e+01
-5.711119026305471635e+00
-8.832792100738336316e+00
-4.008455910359563745e+01
-3.633621859732479464e+01
-2.537862733598246123e+01
-5.555660474561046414e+01
-6.201719020834796936e+01
-1.315965734494796813e+01
-2.647180066546291854e+01
-1.518604101977462761e+01
-6.749940289784337466e+00
-1.773861666690637762e+01
-2.068731017918200976e+01
-5.229127203389338341e+00
-3.366996782223630191e+01
-3.060741560663336358e+01
-1.609581037244563007e+01
-8.067066806916892929e+00
-2.815341385493985626e+01
-4.687135005300464741e+01
-2.840570337911768917e+01
-1.762739940507283265e+01
-1.781265203544675302e+01
-2.253251348496837636e+01
-5.138171364116479367e+01
-1.983362611069008352e+01
-1.127650017154719464e+01
-1.128214301976390033e+01
-9.401544997793983782e+00
-3.898917723886718534e+01
-3.260497674162674997e+01
-1.464085790659400033e+01
-2.305955261238707976e+01
-1.498127709845665834e+01
-1.131064607312786663e+01
-1.433898610146067476e+01
-1.190231305102383352e+01
-2.679050021806693493e+01
-1.629371180579344625e+01
-1.748643894510594521e+01
-1.042312743667782087e+02
-2.454738417540327333e+01
-1.286420990920925611e+01
-3.950146708565343090e+01
-8.544215289002181635e+00
-5.106310375980499749e+00
-2.304247477639394859e+01
-3.998092913059213060e+01
-1.725762505239055855e+01
-5.317636447596379767e+00
-1.346271439068055464e+01
-2.609001872272557421e+01
-2.804187447956153889e+01
-2.731439758884956248e+01
-4.585580201707620596e+00
-1.085251951674785786e+01
-1.069677454750771872e+01
-1.289645333398502558e+01
-8.879742840270694160e+00
-3.814878461405450594e+01
-3.982612018255549913e+01
-2.212481289618719060e+01
-1.212240845912619314e+01
-3.516607500520308349e+01
-3.152201548692445598e+01
-8.909706741400452046e+00
-2.256304059674583584e+01
-4.654738053548823018e+01
-8.268805478518379104e+00
-1.228236129182644554e+01
-1.960486478203917571e+01
-1.269245531002770200e+01
-5.494648642840940056e+01
-8.656846794309993598e+00
-3.057492627750545466e+01
-2.087758303479667177e+01
-1.725512471641131285e+01
-2.645371316737173473e+01
-1.986688939734280979e+01
-3.393995223238965764e+01
-2.477635577036653558e+01
-2.579466683319385112e+01
-2.642362435957857514e+01
-3.062541589672666653e+00
-1.385117262983894904e+01
-2.640294326632918853e+01
-8.849434168860499383e+00
-3.325723987372315804e+01
-1.691347908944945999e+01
-2.126196354659374776e+01
-3.107549969685691948e+01
-1.155865626642061272e+01
-9.538303984127672663e+00
-9.389139445173223919e+01
-1.923792483715159207e+01
-2.459180096252585201e+01
-2.080945733978462897e+01
-4.372693753413913953e+01
-3.127682326421134107e+01
-2.776047929610956899e+01
-4.561630868070456302e+01
-5.103214046246468172e+01
-3.562388827400644686e+01
-2.558352287451028317e+01
-2.453470482566002175e+01
-3.938402227543784306e+01
-3.015669124236161380e+01
-4.123483331802192708e+01
-3.253848230649331441e+01
-3.826846528292829674e+00
-1.825399410785844623e+01
-1.013882280603953134e+01
-2.527466249687379829e+01
-3.277654195746323751e+01
-4.564960243675145080e+01
-1.965994386295804830e+01
-8.197221734994689868e+00
-1.713211840901864136e+01
-7.204900962323907088e+00
-1.973059986489431594e+01
-1.287766007937403145e+01
-1.011882578561370671e+01
-3.232168027727122706e+01
-1.964851801261689701e+01
-1.900267164135283338e+01
-2.454950476818712701e+01
-1.661476147099190470e+01
-9.265460929490538788e+00
-2.383684893343235345e+01
-2.222130704924874678e+01
-1.549571792067117570e+01
-3.158290051104816598e+01
-4.202634609835170920e+01
-6.360539279239608845e+01
-4.804917139251136149e+01
-2.491133754557476365e+01
-2.932089135839797223e+01
-1.547864513708676171e+01
-2.837695288508281521e+01
-1.090888393205193729e+01
-1.713673509011782059e+01
-1.711124864740227736e+01
-2.794189683234178645e+01
-1.006316157309491643e+01
-1.451424380070008624e+01
-6.807243750967772655e+01
-6.285118148908523494e+01
-2.508992792266897709e+01
-4.402014846692720695e+00
-1.263586547896403722e+01
-4.378285537283236550e+01
-2.990013982746594934e+01
-6.297450572451175788e+01
-1.940395863322853032e+01
-2.657780938155135075e+01
-1.382731815959520105e+01
-4.537793262493863722e+00
-3.937522819364842164e+00
-2.815461069982062625e+01
-1.112648905468128291e+01
-2.234758679717748819e+01
-1.464925674902741504e+00
-3.239101533136572186e+01
-5.983068986259196720e+01
-1.155865626642061272e+01
-1.591160851235421170e+01
-2.524289418919709860e+01
-2.721878269924719262e+01
-6.987832818213288988e+01
-3.026817250663581049e+01
-3.123799275424529398e+01
-1.173806057204204656e+01
-1.433898610146067476e+01
-3.200377939804897665e+01
-3.377324653512002328e+01
-2.582252264019925647e+01
-1.229718844371672759e+01
-3.052603504472399720e+01
-6.258707176763083169e+01
-4.371569500357370686e+01
-2.384440292260316596e+01
-2.436915973499167265e+01
-9.337599425578911649e+00
-2.902564575782502132e+01
-2.699747644646557987e+01
-2.330582657566222338e+01
-1.874378781638872482e+01
-5.648353185626615591e+00
-3.377370384135130621e+01
-6.959765584802429572e+00
-6.839822031235320310e+01
-1.774990807654173608e+00
-2.843363671208205901e+01
-5.693028826576865598e+00
-5.140535098554421012e+01
-1.861449429964038771e+01
-6.449396843866145446e+01
-1.295824878351837484e+01
-1.626182790620870122e+01
-2.605813307537811596e+01
-8.647077598178654512e+00
-2.606961918989197713e+01
-1.303836405449260027e+01
-4.065528098010574354e+01
-2.909812952907466510e+01
-5.546678748475848408e+00
-4.555896199913204470e+01
-1.417894048571242038e+01
-1.778941571945712141e+01
-4.844521847869713582e+01
-1.087165976910795351e+01
-2.004085737677996093e+01
-1.742976138870553982e+01
-2.646926327292601400e+01
-3.459747338935699190e+01
-1.051083160701274366e+01
-4.349662795889020117e+01
-1.788348624355357686e+01
-1.277875056232605466e+01
-3.856585157643201001e+01
-2.477947225861826652e+01
-3.143904426753413262e+01
-5.693028826576865598e+00
-5.383048399364120939e+01
-2.494422192362929636e+01
-1.581931058706533655e+01
-2.423741728499241077e+01
-3.161106151178217871e+01
-2.305586020543312031e+01
-1.697786707130024197e+01
-2.760337457026441044e+01
-6.108072326623280901e+01
-2.202246388860300996e+01
-2.912627290692655535e+01
-2.731439758884956248e+01
-1.009314511952130644e+01
-3.440309682890186593e+01
-3.685283745371002340e+01
-2.481867645512486220e+01
-3.689334806822360235e+01
-1.994989862440342421e+01
-3.931129665426998265e+00
-3.657424302070391064e+01
-1.262174987516870495e+01
-8.286168367163247339e+00
-1.229718342701834288e+01
-1.403637783955256602e+01
-2.762201424653665693e+00
-1.825514599412576544e+01
-1.895401042913549361e+01
-1.316880113753522252e+01
-3.076435174159469099e+01
-7.143221574238515892e+00
-8.787678417035907685e+00
-1.748919415808948941e+01
-2.479337085396389995e+01
-3.897649505160512717e+01
-1.301579442535805775e+01
-5.011204083138301257e+01
-2.375046581315616745e+00
-3.831883789764563630e+01
-5.990065408492171173e+00
-2.908446110097794701e+01
-1.101856714233635870e+01
-3.325175777934981625e+01
-1.112648905468128291e+01
-3.107356540812276435e+01
-1.472880552252815178e+01
-2.706431804609339764e+01
-7.866537204436079733e+00
-1.261380614409155321e+01
-4.016009425620444517e+01
-3.096160038514635815e+01
-3.479778928976930974e+00
-2.262017373539977783e+01
-1.497453780678407931e+01
-2.406665323592778449e+01
-2.673601357983758575e+01
-3.221174185603445750e+01
-3.870803682723922634e+01
-1.311988636705053324e+01
-1.280487612838795286e+01
-2.021112487904285615e+01
-2.175535165050058239e+01
-4.695113612550743909e+01
-4.426575952185699947e+01
-5.574327925809724604e+01
-1.073002884261321732e+01
-3.141481078727825604e+01
-3.482406259553535222e+01
-2.127216762392013294e+01
-4.370790651782276548e+00
-2.857205399961070569e+01
-1.122319197111459843e+01
-1.472960329610003427e+01
-3.845894713063825066e+01
-2.511026591780950667e+01
-2.670184430314156998e+01
-4.852648672775465855e+01
-3.420128730420469054e+01
-1.488035950609405056e+01
-2.727585844700167428e+01
-4.969592168943502486e+01
-4.036613155944716169e+01
-2.489158280456459593e+01
-2.905119991569372218e+01
-2.068053956749961131e+01
-1.919944800227269965e+01
-4.221492175272463676e+00
-1.498055999578628139e+01
-1.147660262465603509e+01
-6.959765584802429572e+00
-8.372506747907205948e+00
-2.873999755130673250e+01
-9.999346327583866767e+00
-4.011664132942659222e+00
-1.345535660243765008e+01
-2.489537353252573837e+01
-2.349285621370725252e+01
-1.318263506827776865e+01
-3.451625549289711614e+01
-3.070960379050903200e+01
-1.945936889905281575e+01
-2.721981820167300015e+01
-1.062835205706764086e+01
-1.124651653092275261e+01
-1.091780110494394407e+01
-4.204092834226116793e+00
-1.312907690284374773e+01
-1.046641529209754573e+01
-3.075180245545658764e+01
-1.890134248912521642e+01
-4.968383732634269911e+00
-1.272227077204227896e+01
-2.828935293582749466e+01
-7.049232351046379108e+01
-3.529647173645639668e+01
-1.644311810354975378e+01
-4.469333495659463296e+01
-2.452092944672032004e+01
-5.050948084531314919e+01
-1.469216378427664260e+01
-1.732294059326570235e+01
-9.313198303209588857e+00
-1.899875839374012187e+01
-4.019569871786652016e+01
-5.977422138991084211e+00
-1.001862264352097043e+01
-1.581116695850272080e+01
-4.501985949450274660e+01
-1.022619567732295920e+01
-1.294718048454642911e+01
-1.091780110494394407e+01
-2.312049707295384238e+01
-7.068893788352831109e+01
-2.808351552930092865e+01
-1.897571358449823009e+01
-2.688071241764761155e+01
-2.659539250233248708e+01
-7.588248104008720851e+00
-3.437298057620163405e+01
-2.552090806557477265e+01
-3.636729850050991253e+00
-6.207348365915584765e+01
-1.703340820512196174e+01
-5.657273914784073554e+01
-4.214095130631206665e+00
-3.976526904544967778e+01
-1.819264172381076250e+01
-1.111016746299601010e+01
-1.959503594050730158e+01
-2.216267230779505226e+01
-3.712571498708790330e+01
-1.060270451439528294e+01
-3.320177445081053236e+01
-2.477764454698814589e+01
-6.759591222427113166e+01
-2.841895181413226013e+01
-2.271896190949351535e+01
-2.002943475303066023e+01
-3.066713649506266570e+00
-3.763589216330088050e+01
-1.024758057095350949e+01
-5.017664948361573352e+01
-2.069445990653696654e+01
-3.386523605420978100e+01
-2.429512192886851452e+01
-1.726923878067050211e+01
-7.076914015049592876e+01
-6.184326899048220838e+01
-2.578247327870972327e+01
-2.493642912300928316e+01
-1.831752646662219064e+01
-5.809535027826381537e+01
-2.711377175891862379e+01
-2.616690407644242455e+01
-1.018045424640342489e+01
-1.172057341269363917e+01
-6.928578218198406091e+01
-1.969835538716515089e+01
-3.974079333203626163e+01
-2.586007987351940685e+01
-2.932226879826145449e+01
-2.776398911596387364e+01
-3.487604671984955473e+01
-3.206304705152462020e+01
-7.904909596568694496e+01
-8.514304255551580880e+00
-3.946372374431825136e+01
-4.629487110404862449e+01
-5.350639975482231137e+01
-1.482365163576667477e+01
-2.317787933753331941e+01
-3.946112067696214609e+01
-6.959765584802429572e+00
-1.810358725754586118e+01
-2.171649044163100939e+01
-1.064881392844175068e+01
-1.147660262465603509e+01
-2.792245243685251310e+01
-2.802898914917608764e+01
-2.455045345473426366e+01
-2.111803684382747193e+01
-2.242363295377762711e+01
-2.779603310067819066e+01
-4.696286133809110197e+01
-1.206461623690556451e+01
-2.691762910519938856e+01
-9.808981384916739543e+00
-2.833504404681010413e+01
-8.988935245815113717e+00
-3.975976146395346689e+00
-8.988935245815113717e+00
-4.831385817368832392e+01
-2.237640493779144535e+01
-3.692873684645779520e+01
-4.938621825382657704e+00
-2.607877189090277881e+01
-2.583126862937556467e+01
-3.293578823704798708e+01
-2.771964083998614115e+01
-3.451625549289711614e+01
-3.580587628767221275e+01
-5.339899035991292209e+01
-3.433646981421192379e+01
-2.371271662333450081e+01
-2.682291030619068195e+01
-4.512095908372107722e+00
-1.061937629172002850e+01
-2.428728766388466198e+01
-3.036377939990609320e+01
-1.147660262465603509e+01
-4.917897838691484225e+01
-1.280556450289925863e+01
-2.179700334901132308e+01
-4.254008028205324621e+01
-4.036639877088080652e+01
-1.967443902871052330e+01
-1.704311719538951309e+01
-3.480004727499073169e+01
-1.819264172381076250e+01
-6.211322127490192457e+01
-4.204040959506526676e+00
-2.890077456126979172e+01
-2.221276507589976745e+01
-2.143961268109120155e+01
-1.024758057095350949e+01
-1.147660262465603509e+01
-2.968159496050767032e+01
-4.318253015193344879e+01
-2.310306783270366893e+01
-1.206461623690556451e+01
-2.095064614837870565e+01
-4.139639285723799844e+01
-1.528812417064555618e+01
-2.157919237910773447e+01
-6.959765584802429572e+00
-2.371271662333450081e+01
-3.729468900019836042e+01
-1.585042952862711907e+01
-2.490280412609035210e+01
-7.613791054344919473e+01
-2.179700334901132308e+01
-3.571903782093161084e+01
-1.139613852460382475e+02
-2.815003918130484806e+01
-3.264537234208147254e+01
-3.850187193789270879e+01
-1.208769747757404822e+01
-2.393108231991556067e+01
-1.147660262465603509e+01
-5.643516650355634212e+00
-7.627794971844719996e+00
-2.389373417729839133e+01
-4.023605110393110351e+01
-2.454641246533106269e+01
-3.191728126182363212e+01
-1.489317218118301156e+01
-1.347174251145259838e+01
-3.708228666586967393e+01
-2.146954465763226949e+01
-1.424116729853905561e+01
-2.363126769583915276e+01
-2.731439758884956248e+01
-8.109115278801253268e+00
-4.749817458938855452e+01
-2.069445990653696654e+01
-4.329652539733345407e+01
-2.637520058853445803e+01
-2.485332668563501102e+01
-3.940795457163839899e+01
-4.374726499063734231e+00
-6.572650122172196063e+01
-2.916794020792041664e+01
-4.316427362369611842e+01
-4.314790090247339549e+01
-1.028803882612531595e+01
-4.035246217773281785e+01
-6.169725024855118534e+01
-1.182297173636805354e+01
-3.801261154177263535e+01
-2.371271662333450081e+01
-3.451625549289711614e+01
-3.469809271343630996e+01
-9.810241518159223517e+00
-2.716088427084143930e+01
-2.848645998561094927e+01
-1.381345684902128568e+01
-3.607895201923473127e+00
-3.451625549289711614e+01
-2.581417473121585004e+01
-2.387116373185853035e+01
-6.043269447786157045e+00
-4.667229808261539148e+01
-2.561189520764419214e+01
-6.959765584802429572e+00
-3.043890876925156252e+00
-4.079543570203063751e+01
-2.250047207303008179e+01
-1.326089562797965549e+01
-3.590792055108136083e+01
-5.026198604729236052e+01
-6.736417811432528424e+01
-2.189955091733925485e+01
-1.835701632841938746e+01
-4.160950484119457826e+01
-8.567746875290758624e+00
-1.624122613353380018e+01
-1.312471184536001090e+01
-3.451625549289711614e+01
-2.388581266794489721e+01
-3.215739648311598131e+01
-1.581116695850272080e+01
-8.653442203307836422e+00
-2.731439758884956248e+01
-3.650671962735702891e+01
-6.248641627144594679e+01
-2.152074422075849824e+01
-2.617487552656903205e+01
-4.727100243700209603e+01
-8.503827764518739230e+00
-3.086580992715625982e+01
-1.398001385256334395e+01
-1.672699859348203688e+01
-2.909887138478666557e+01
-3.518292008260209514e+01
-5.481572354482505460e+00
-2.539821791009180174e+01
-3.677751648981951860e+01
-9.833808033979654084e+00
-1.958065181669508803e+01
-3.763252911969435388e+01
-2.099627970471864202e+01
-2.492221282960613138e+01
-2.439339663744540587e+01
-2.731439758884956248e+01
-2.500553297695261534e+01
-2.719121593086322264e+01
-2.891266308739141522e+01
-3.451625549289711614e+01
-1.147660262465603509e+01
-1.053433769430656071e+02
-1.891080691517600698e+01
-3.512167084393507821e+01
-1.951407381581733702e+01
-1.989729152429808678e+01
-1.553534737530799958e+01
-2.179334287241789525e+01
-1.100165720109454526e+01
-1.642761250451368227e+01
-5.155914822590828450e+00
-7.157403817288111370e+00
-2.701036749011723970e+01
-1.005031555754217010e+01
-8.012189523936653401e+00
-6.855002250342151271e+00
-3.021306192895605847e+01
-2.446648633508074155e+01
-1.599579332008531196e+01
-1.495548621125831446e+01
-3.335825398719508428e+01
-2.918379505057056988e+01
-2.363126769583915276e+01
-9.536470634650546785e+00
-3.797903573548121159e+01
-6.670744197933740338e+01
-7.490466960904872629e+00
-2.280978135907583493e+01
-3.475657502580656910e+01
-3.604570107029595505e+01
-1.828939119044832751e+01
-1.149983858852576191e+01
-1.981389765404433945e+01
-2.878947573520432357e+01
-2.368891397832788570e+01
-3.233198434020199841e+01
-3.416105953860738786e+00
-8.127104062577439336e+00
-7.243183430766009678e+01
-7.344970814970561257e+00
-3.249171735382441284e+01
-1.314782941052643039e+01
-8.506945400657501821e+00
-6.118291934276054178e+01
-1.406833187407480779e+01
-1.296250301645556036e+01
-2.490729232312687813e+01
-5.865451378602783983e+00
-2.732260563120097885e+01
-4.244548703309703797e+01
-1.493906769252212108e+01
-3.873370854825858522e+00
-2.102156756175694952e+01
-1.881757416164793639e+01
-2.178934578388784615e+01
-4.530246982367065023e+00
-1.139149307454219340e+01
-7.891944707675823167e+01
-6.123287949170973832e+01
-1.877151751957342540e+01
-1.877151751957342540e+01
-6.749940289784337466e+00
-1.672803684614728681e+01
-2.783858206388281076e+01
-1.776785846812686032e+01
-2.731242514837982327e+01
-7.053355544959256918e+01
-1.353804000128288898e+01
-1.574993624337562537e+01
-4.512725769679914833e+01
-4.222140947612503226e+01
-1.494187716084974760e+01
-2.049051172895407191e+01
-1.273107494508291992e+01
-1.656706241238847355e+01
-2.131465119720173718e+01
-5.363107361615088564e+01
-5.541530842852391281e+00
-4.388857099248988902e+01
-1.969863776966733582e+01
-4.229970086916186744e+01
-6.656217933182946922e+01
-2.583243160094386681e+01
-1.695256738901087346e+01
-1.404925178340105418e+01
-1.542415147450460822e+01
-1.739382635328268378e+01
-1.794073140065222560e+01
-2.659402977377584776e+01
-8.843499219598015770e+00
-1.759074670851249778e+01
-1.745103326127910748e+01
-2.364286807129482071e+01
-2.138177710877706161e+01
-2.679261514736127481e+01
-4.461496585904994205e+00
-1.625675321053302369e+01
-5.270790651782276015e+00
-3.322475858852882880e+01
-1.684610870512050695e+01
-5.765869391506662112e+00
-2.228985824215340372e+01
-2.235132477515982075e+01
-2.866003534552761778e+01
-3.580198362985692828e+00
-7.512470685306992024e+00
-1.667969141389854570e+01
-1.088462063229878041e+01
-1.465649052996921498e+01
-4.759062725096095292e+00
-1.016029297596154457e+01
-4.190795993150008769e+01
-2.389171819426227117e+01
-1.124416173988619647e+02
-2.102156756175694952e+01
-6.512631599610080002e+01
-3.855853955984099635e+00
-1.581116695850272080e+01
-1.168556966293289356e+01
-4.382786200229666917e+01
-6.397921662904406048e+01
-1.745070758373396558e+01
-1.182894210033439819e+01
-2.541701884581995330e+01
-3.098872965773331956e+01
-2.660044145699288620e+01
-2.602510601199424300e+01
-1.495548621125831446e+01
-1.875856258327617709e+01
-2.775360525635173659e+01
-5.352463275066202186e+01
-3.855853955984099635e+00
-4.894475624341932019e+01
-1.778476455520747734e+01
-3.305109922200036721e+01
-1.588955343984316571e+01
-1.106966551995441606e+01
-2.371271662333450081e+01
-1.627998650590555840e+01
-3.671668938772320701e+01
-1.540294490190936827e+01
-6.724073091011429248e+00
-2.601527529686277518e+01
-3.723520465238052424e+01
-2.800895667459073479e+01
-1.366163448560973492e+01
-3.515252830603005307e+00
-5.155839226416509291e+01
-5.971220565744956588e+01
-1.814301593450318606e+01
-1.147660262465603509e+01
-1.273055226941384745e+02
-3.453955061250314174e+01
-1.481570606431851367e+01
-7.357775278639658190e+00
-5.327047566470042028e+01
-2.123509349129501800e+01
-1.025682744875991830e+02
-2.731439758884956248e+01
-4.230839677078502348e+01
-4.458541447614399544e+01
-1.282060734508773692e+01
-4.466458029901206572e+01
-2.095495586585562364e+01
-1.422343971174155897e+01
-1.508659395122184321e+01
-3.653035291128384898e+01
-7.422520611288853765e+00
-1.285996759380080334e+01
-6.318518364807468757e+00
-1.224110072717288134e+01
-4.019309387703020775e+01
-1.725762505239055855e+01
-3.861508567530512437e+01
-4.965528474424790772e+01
-1.719460374884473097e+01
-1.180544421159600255e+01
-2.272778404646098238e+01
-2.448884721704800427e+01
-2.170582580230167480e+01
-8.824690397089842264e+00
-1.126968793084066078e+01
-7.088835640730462018e+00
-3.760143571133329488e+01
-7.374965625630226285e+00
-2.138771835214149419e+01
-8.670939622611678388e+00
-1.380875155178541824e+01
-1.051948072790311173e+01
-3.775332841771918879e+01
-7.540495041755961303e+00
-1.235253507611304116e+02
-5.047578317239848644e+01
-1.297968360972349089e+01
-1.353480504912358562e+01
-1.853959591289844511e+01
-3.321342119481450084e+00
-1.500024136952783138e+01
-1.065788228949975291e+01
-3.844015114137179978e+01
-2.586156298245443708e+01
-2.938945322327580101e+01
-1.169868997699539648e+01
-2.232303986567760390e+01
-4.084675107065830701e+01
-7.925010282508587522e+00
-1.924332460050186810e+01
-2.714289564876883887e+01
-3.796900679853667526e+01
-3.373183249779661708e+01
-7.468826443104060964e+00
-3.561033274563325079e+01
-1.783325690874106328e+01
-8.848402289112517138e+00
-6.790885025687667387e+00
-1.073410786163804254e+01
-1.489465029425669407e+01
-2.097263795573909206e+01
-7.060112936655221105e+00
-6.358551245724400758e+01
-2.073725364189676057e+01
-3.964703205494075178e+01
-7.821993708365662101e+00
-1.571735763284921816e+01
-1.995537132619101328e+01
-2.073469738997637180e+01
-1.495548621125831446e+01
-1.781705585678535897e+01
-1.959503594050730158e+01
-1.139149307454219340e+01
-6.977363862977596476e+00
-1.891851713623125875e+01
-1.483809403436272234e+01
-3.643476910765932075e+01
-1.125693220549796436e+01
-6.189942245694075496e+01
-2.188823262081029064e+00
-3.895660047734283182e+01
-2.822396720584476881e+01
-1.963003911666754320e+01
-1.124188054049982988e+01
-3.760025055416509332e+01
-3.348243991755057891e+01
-2.636042258582373421e+01
-1.943213386725682668e+01
-1.129223194199997238e+02
-3.616154795335964423e+01
-2.185625588152409549e+01
-1.120550475966062010e+01
-2.520072523714415524e+01
-1.891851713623125875e+01
-1.965430804558758027e+01
-1.674877470772422683e+01
-1.711084189101787345e+01
-4.484553294968380399e+00
-2.010890427727073160e+01
-1.451679789894950545e+01
-3.300503066480530379e+01
-1.823642132384179249e+01
-4.017953147324544716e+01
-2.664267306613856690e+01
-3.234162764729691730e+01
-4.370790651782276548e+00
-2.284666610436500278e+01
-3.770108208214188039e+01
-2.173580683315595863e+01
-5.318410414139583509e+01
-1.858477773510705688e+01
-1.802721824451077026e+01
-1.495548621125831446e+01
-1.065697874443151392e+02
-3.070658379723711207e+01
-1.812408130093528058e+01
-1.931949439586747630e+01
-1.952812294459021913e+01
-9.780943619239820919e+00
-3.420410303692732157e+01
-1.646322789933494946e+01
-4.633462986596391886e+01
-1.172057341269363917e+01
-6.959765584802429572e+00
-2.164091862301751945e+01
-1.158770704488523151e+01
-1.172785683903810039e+01
-5.464582647610556876e+01
-4.096249655472185225e+01
-1.891851713623125875e+01
-4.930763366543247628e+01
-4.510535190120304350e+01
-8.843499219598015770e+00
-1.621606198598382775e+01
-4.878661811523609337e+00
-3.993679381262347761e+01
-1.981389765404433945e+01
-1.707331937135586486e+01
-1.495548621125831446e+01
-3.114057815563671383e+01
-1.339569522659221157e+01
-1.732762085712219857e+01
-5.531539632881742818e+01
-1.604837736683396088e+01
-5.270790651782276015e+00
-2.561563767218024879e+01
-3.956006104728004402e+01
-5.570790651782275837e+00
-3.876564484388878018e+00
-3.118117538335896910e+01
-2.668651513472680392e+01
-2.404526542097404018e+01
-1.373309527835384181e+01
-5.175605102252563761e+00
-1.090014425818241151e+01
-2.228720294438283389e+01
-3.440766478203126866e+01
-3.142348722310312326e+01
-1.350540933388727005e+01
-8.021164050319724126e+00
-6.923168739403404004e+01
-3.931072593390470615e+01
-6.494500647904851931e+00
-2.915922805750071589e+01
-1.588955343984316571e+01
-1.400821623612205791e+01
-3.351591576091985303e+01
-1.490429270034297460e+01
-5.814071577693170845e+00
-2.731439758884956248e+01
-5.204630186787588997e+01
-2.125154144150551971e+01
-1.147830123036475491e+01
-1.814502763318475331e+01
-9.686344967989434451e+00
-1.034725270542960232e+02
-1.873544795471116231e+01
-1.024758057095350949e+01
-2.173580683315595863e+01
-4.484600610984276159e+01
-1.315006890314205990e+01
-1.793731127079236742e+01
-4.034547272235569970e+00
-2.536229630056342543e+01
-4.781622547199164330e+01
-8.398107637718588592e+00
-1.770080868939121643e+01
-9.967021315330546827e+01
-1.010880793633569219e+01
-6.959765584802429572e+00
-2.664510961135619738e+01
-2.849745480038746948e+01
-1.139149307454219340e+01
-4.144272383626976364e+01
-2.931856515413296282e+00
-1.636407027840067485e+01
-2.584472763095353187e+01
-1.800763587193394244e+01
-2.064658007317522248e+01
-6.932514866148347110e+00
-9.741533458796526190e+01
-1.981591236138121559e+01
-2.112280264688238418e+01
-6.661231068871514616e+00
-1.959503594050730158e+01
-3.899891256282998597e+00
-2.041260713643692881e+01
-8.201009574340094588e+00
-2.300543341276771514e+01
-2.334025007962119602e+01
-2.259224229881325030e+01
-6.355567739849632858e+01
-1.819264172381076250e+01
-3.171673129100426536e+01
-5.148019316937288536e+00
-2.557281059936951095e+01
-2.479892123653801761e+01
-1.489384510773530934e+01
-1.674877470772422683e+01
-6.959765584802429572e+00
-2.132042395946518099e+01
-6.069396542928235760e+01
-3.459526705130934943e+01
-7.325346064303346338e+01
-8.988935245815113717e+00
-2.703426920447472526e+01
-1.495548621125831446e+01
-2.049560674382430392e+01
-2.533173016086967877e+01
-4.591694981649300189e+01
-1.679259151347701007e+01
-2.906190107392031763e+00
-2.938148585849401329e+01
-2.747565860031339113e+01
-2.371271662333450081e+01
-3.528963528763944879e+01
-7.958706135368943002e+00
-7.549703714480929762e+01
-2.404526542097404018e+01
-1.425645558635704191e+01
-2.097215933439424873e+01
-2.281276507589976532e+01
-1.178235492318577826e+01
-3.905532182017364562e+01
-4.036803523388187820e+00
-3.650311891623080385e+01
-3.254537061945178777e+01
-1.973407343279711768e+01
-2.354861496391193398e+01
-9.480179110912374085e+00
-4.315114176319421802e+01
-2.371271662333450081e+01
-1.495548621125831446e+01
-2.784046322188378042e+01
-7.224356792568816132e+00
-3.178887387144246546e+01
-5.551951081014936840e+00
-3.961876719729997376e+01
-2.770974810470836758e+01
-1.760395348441424801e+01
-1.727317440181687402e+01
-7.478926875964582166e+01
-3.737705171766878998e+00
-1.554123227313184330e+01
-6.186491116851065897e+01
-2.888828573278623679e+01
-7.225949261807940616e+00
-1.745070758373396558e+01
-2.633574860835003406e+01
-2.223378885332315313e+00
-4.097866449169458036e+01
-1.489384510773530934e+01
-8.049952659223166052e+00
-2.691834175591208478e+01
-9.499011048565144222e+00
-4.678424532982105433e+01
-5.270790651782276903e+00
-1.147660262465603509e+01
-2.688397434393131036e+01
-1.674877470772422683e+01
-6.959765584802429572e+00
-2.369597622660817748e+01
-2.448884721704800427e+01
-9.923335279675791298e+01
-1.411052240238510080e+01
-1.439476862139003188e+01
-8.655710297173232703e+00
-2.731439758884956248e+01
-1.707297881072860690e+01
-1.499818267522311288e+01
-9.729518833918692877e+00
-3.289304635508128882e+01
-5.701297446095805910e+00
-1.052457267231615390e+01
-6.926241667961237169e+01
-3.231534066480274703e+01
-2.776700615114079795e+01
-5.499443663439043561e+00
-9.810241518159223517e+00
-3.432642449788270511e+01
-3.210701345863250822e+01
-3.563955706378048660e+01
-5.311692808589120318e+01
-1.594240677365462311e+01
-3.113350983027886087e+01
-3.633392185561473298e+01
-2.868872672306544658e+01
-1.461845090209007303e+01
-2.739333869097565355e+01
-2.002651213629380322e+01
-1.355221838251247668e+01
-2.864265024814534755e+01
-1.707331937135586486e+01
-2.132745706043868239e+01
-1.090411969133160319e+01
-2.930190212207942935e+01
-2.573135039224318632e+01
-1.934171384605889088e+01
-2.563862541834815190e+01
-2.669531460166578540e+01
-8.780139187119669231e+00
-8.349361856082262889e+00
-1.961379784127285575e+01
-1.490517152725872663e+01
-2.852740693530842009e+01
-2.585891668447372282e+01
-1.729266179412290683e+01
-3.258192531557106975e+01
-2.197430380189417676e+01
-1.873342071161148326e+01
-2.805107879283946914e+01
-3.047024297133844328e+01
-1.309474016882751357e+01
-1.411491198329555630e+01
-4.293620525298284463e+01
-1.427866068880442185e+01
-7.354160565089926216e+00
-3.918995345790347073e+01
-1.952189036130543087e+01
-9.777511580910038802e+00
-3.636729129126638327e+01
-2.545186403120450436e+01
-1.021225679822625843e+01
-3.952374329111542295e+01
-4.097866449169458036e+01
-4.174084302203914021e+00
-7.895117894306903139e+00
-4.097866449169458036e+01
-2.422336148361337038e+01
-2.344909022229181161e+01
-2.400948338347999211e+01
-3.224719000918929623e+01
-2.927857836578169426e+01
-2.999091130597069466e+01
-3.412344847194875541e+01
-2.934801234773184930e+01
-3.471495892046658582e+01
-1.249430523043796342e+02
-4.152954719553306973e+01
-2.722602645004558752e+01
-9.479554382388123202e+00
-4.321839930806874008e+01
-1.081957728693107335e+01
-3.998784255767411366e+01
-4.597416582491739945e+01
-1.622668285620499518e+01
-3.379201376816969749e+00
-2.762516965898017318e+01
-2.238501987041477292e+01
-2.746480643164522917e+01
-1.831920113839621678e+01
-1.156069565143413769e+01
-1.720589398346769272e+01
-1.201199549308458181e+01
-3.915546443236429752e+01
-8.900724719445191724e+00
-4.486994613200086413e+00
-1.358473343611299633e+01
-2.784858946095706855e+01
-1.088364213810776349e+01
-3.052535293039537301e+00
-4.632495346804765823e+00
-5.956044904332547674e+01
-6.838116572818839245e+01
-1.426481828909262184e+01
-2.216648353425548379e+01
-3.353318832930703763e+00
-5.988808684800313920e+00
-2.146403177220208747e+01
-4.528990819900381837e+01
-1.495548621125831446e+01
-4.633539562764016040e+01
-7.163194124051966760e+00
-2.707656951490122665e+01
-2.144344436973740287e+01
-2.352599733068341692e+01
-1.084732505802108804e+01
-5.185352311406932557e+01
-7.004302545401009716e+00
-2.600724115790777802e+01
-1.496738174943882882e+01
-2.618584773242904973e+01
-9.900416533668824570e+01
-3.251602702381730836e+01
-3.429934619055025280e+00
-3.198716356046491072e+00
-4.128786431353894670e+01
-4.122697036520870384e+00
-1.051902775693815961e+01
-9.712700640987833367e+01
-2.464670846718792774e+01
-1.092755521399915253e+01
-1.588955343984316571e+01
-8.988935245815113717e+00
-7.566458112440487049e+00
-2.066121049282836708e+01
-6.060483405828039594e+01
-5.375133269514509315e+00
-6.002062491261186850e+00
-2.689087583194129394e+01
-4.134100099380602700e+01
-1.117297370280363396e+02
-2.731439758884956248e+01
-2.915778080804886940e+01
-2.761970801338053860e+01
-7.448892390755807469e+01
-2.594330204176539212e+01
-2.207569060659242766e+01
-1.930118687877111228e+01
-1.970316430313116740e+01
-2.012298758945022570e+01
-4.715349200875469649e+01
-1.858477773510705688e+01
-1.952812294459021913e+01
-5.667316136044620123e+01
-2.634613275621435591e+01
-3.286501549080925599e+01
-1.158770704488523151e+01
-3.131084620485791703e+01
-2.069918740161470794e+01
-2.127726455374055803e+00
-3.359570867490725732e+01
-3.915013509691621607e+01
-2.483661084813161324e+01
-3.139192835806119319e+01
-2.590327869717424747e+01
-4.032976645502727564e+01
-7.868718880864334153e+01
-2.637401469964808243e+01
-3.150095031900216469e+01
-1.975687700537276115e+01
-5.030873425276728206e+00
-2.790676732933231463e+01
-3.678349054954122721e+01
-2.193832591959307265e+01
-2.132604416524720392e+01
-1.859645469927590256e+01
-4.321839930806874008e+01
-2.392151019866427575e+01
-1.197785679363757083e+01
-7.156365353254920514e+00
-2.918257093719387285e+01
-1.632212129414614665e+01
-3.333047743101690230e+01
-2.188262580352278874e+01
-1.679259151347701007e+01
-1.866343672753680138e+01
-1.142921220873249943e+01
-1.068128629688453515e+02
-2.085453328332543776e+01
-2.392151019866427575e+01
-2.165542269335524850e+01
-1.212662417321928388e+01
-4.570073294135019637e+01
-5.779315491448991082e+01
-1.147660262465603509e+01
-2.649478566004328428e+01
-2.760271904878621285e+01
-2.324405997123023937e+01
-5.171690625195590485e+01
-5.109605404906662329e+01
-4.389677577538013686e+00
-2.412163681733988341e+01
-3.709745858256441409e+01
-3.647626347846362904e+01
-4.491723470788874906e+00
-2.241505291044845904e+01
-1.722807527360490099e+01
-1.258517093132044806e+02
-3.412974002446125255e+00
-1.394175561942854458e+01
-8.988935245815113717e+00
-2.921340018475043721e+01
-5.209583944218834084e+00
-6.959765584802429572e+00
-1.707331937135586486e+01
-8.072271330505875753e+00
-5.204581068948054678e+01
-3.371101155899700075e+01
-1.984737638513655966e+01
-1.354133307411701459e+01
-5.069914997434651838e+01
-6.973803981932150009e+01
-1.978231369198834244e+01
-5.989583320107037423e+00
-6.169725024855118534e+01
-2.436067270365884951e+01
-8.988935245815113717e+00
-4.811839891666698321e+01
-6.749940289784337466e+00
-9.607833750134687989e+00
-3.957896389323861452e+00
-2.448830205968717522e+01
-1.952812294459021913e+01
-2.609644347317184554e+01
-3.315439544427819385e+01
-2.695515464443005627e+01
-1.602693633263328721e+01
-3.446677409551580240e+01
-2.703832482148964189e+01
-2.444973784093135549e+01
-3.457280417202813538e+01
-1.139149307454219340e+01
-5.435093400753538617e+01
-3.136035843284822100e+00
-7.629512092514661958e+01
-4.782647523702928005e+00
-4.203150484862564440e+01
-9.480179110912374085e+00
-1.952812294459021913e+01
-2.127726455374055803e+00
-8.843499219598015770e+00
-1.819264172381076250e+01
-3.157409604245907442e+00
-1.441792616528355353e+01
-1.039510211126697925e+01
-2.322652615678303789e+01
-1.147660262465603509e+01
-3.931072593390470615e+01
-2.370554793195389465e+01
-1.701402393000886448e+01
-1.412692477032170224e+01
-7.103348656963587970e+00
-6.185802303913273192e+01
-2.041699607074056999e+01
-1.039153664728009296e+01
-2.755180854666180235e+00
-3.561033274563325079e+01
-3.313501752928668331e+00
-5.004706470636861582e+01
-3.106906107943491335e+01
-3.280353560782001665e+01
-1.851074947009716354e+01
-6.651404839700679084e+00
-4.552630896011692130e+01
-5.500463625298991133e+00
-2.533173016086967877e+01
-2.524758158083748327e+01
-2.087537968746942596e+01
-4.564486026871753666e+01
-3.551104503607555074e+01
-2.772886824574120013e+01
-5.857273297443743587e+00
-3.140823976167767384e+01
-4.981279217287148242e+01
-2.630282636697461029e+01
-3.127747076191382547e+01
-2.131071753307754335e+00
-2.654474269928169861e+01
-1.203151111315379218e+01
-2.857934034873412088e+01
-8.334460992821554726e+00
-1.749741446161450753e+01
-1.307806312329314125e+01
-2.499931632857047603e+01
-5.674127463707749897e+00
-2.470571515160939313e+01
-1.765289190199316849e+01
-1.891554397374521912e+01
-2.097450834529464103e+01
-6.776690586828969742e+00
-4.857955917079026520e+00
-3.637315415462751389e+00
-1.205247330698205488e+01
-5.356960410502500025e+01
-4.248473466214791827e+00
-2.103704868571123754e+01
-2.514521356615767544e+01
-4.097866449169458036e+01
-4.546464037028834326e+01
-4.322176262818822323e+01
-2.486673932595689607e+01
-3.264970751367741286e+01
-2.944023628294721107e+01
-2.340116471783890972e+01
-3.074872592724986120e+01
-7.565470129502983809e+01
-6.369246238800867843e+01
-5.224300784358248961e+01
-2.042912340659476556e+01
-5.238476453872102212e+01
-8.988935245815113717e+00
-3.787459885702711659e+01
-2.051645487276142532e+01
-3.280353560782001665e+01
-2.631329910788135606e+01
-3.280353560782001665e+01
-3.120924802375262885e+01
-1.005614510413384544e+01
-1.200519195011429474e+01
-5.092308438244795354e+01
-2.198720994363591785e+01
-3.399709232795510161e+01
-1.052404979929541717e+01
-1.484943395371774777e+01
-1.378792210614052394e+01
-2.894091274688940629e+01
-2.127726455374055803e+00
-8.582575977160622926e+01
-6.875550861658035728e+01
-3.398719229638829109e+00
-2.198921702641453635e+01
-1.657912097923093242e+01
-1.754035245117590947e+01
-8.988935245815113717e+00
-2.576427837406818000e+01
-2.482847658735007812e+01
-2.965412288343080505e+01
-1.965994386295804830e+01
-3.952720159265168576e+01
-3.460623097368853429e+00
-1.569925761848808676e+01
-1.392053169083973430e+01
-8.844487373994258661e+00
-1.835423107040745094e+01
-4.070313169135643250e+01
-1.178235492318577826e+01
-9.718253426790435867e+01
-8.843499219598015770e+00
-3.640181603193573068e+01
-4.867313901516996388e+00
-1.581116695850272080e+01
-5.094871433766504865e+00
-6.749940289784337466e+00
-1.633768226615349661e+01
-3.665701418933171141e+01
-1.507804389709307102e+01
-1.320849379092980769e+01
-6.959765584802429572e+00
-2.906190107392031763e+00
-2.288344879911708318e+01
-2.883383013477174117e+01
-3.010056913159449010e+01
-1.588955343984316571e+01
-1.579180892890320642e+01
-2.196712188199499849e+01
-6.696268561203936542e+00
-6.841071081614288119e+00
-2.535999521409067725e+01
-8.844487373994258661e+00
-2.785548248767761237e+01
-3.422644872356172385e+01
-3.633392185561473298e+01
-1.003916651714877517e+01
-2.448554865236017974e+01
-1.035355237929161021e+01
-2.083379190174756346e+01
-1.029005898396313334e+01
-2.235132477515982075e+01
-4.165312398830461404e+01
-4.306211058107319190e+01
-2.450660023721260217e+01
-2.381016419715137289e+01
-3.069139945120263846e+01
-1.636189742037083761e+01
-2.281910440145260921e+01
-9.635873996579937284e+01
-1.457395430129122360e+01
-1.356700796695949940e+01
-2.111726548412808668e+01
-3.166935416600598074e+01
-2.699792510962016934e+01
-2.321561767078599914e+01
-3.709076922222899864e+00
-2.564414245429486172e+01
-1.674877470772422683e+01
-6.801469870155866460e+00
-3.477374932915152783e+01
-1.100764162924712366e+02
-3.180445467946789506e+01
-3.076329576314532410e+00
-1.978789148626423966e+01
-1.142738788255753093e+02
-6.129055336993290304e+00
-2.823755681463325828e+01
-9.480179110912374085e+00
-1.534970569342100788e+01
-1.178235492318577826e+01
-1.108958056739596287e+01
-2.183260986701226969e+01
-3.224719000918929623e+01
-2.853450527347263588e+01
-2.771818152436096838e+01
-3.759575984239508273e+01
-8.127259906462967365e+00
-2.123000124763909113e+01
-3.043819725819092170e+01
-2.734348474732722067e+01
-1.384227700127043370e+01
-8.068704313859608845e+00
-1.943070576217063916e+01
-2.636968005364534307e+01
-4.833942388620895869e+00
-1.940680183296985817e+01
-2.898261049651700816e+01
-4.100360448661457724e+01
-1.178235492318577826e+01
-3.460623097368853429e+00
-7.291993624838823074e+00
-2.116899860045989712e+01
-3.565522361992451206e+00
-4.994267220357738069e+00
-1.253199062991818025e+01
-1.772211833830129990e+01
-2.336215114564900475e+01
-2.573430723121125752e+01
-1.172057341269363917e+01
-1.161607803680041862e+01
-3.280070707177236500e+01
-3.136022855992727898e+01
-1.906762960346707558e+01
-3.248153533836166673e+01
-2.096472812027490207e+01
-6.876551373987672378e+01
-1.178235492318577826e+01
-2.088990735873003146e+01
-2.131071753307754335e+00
-6.369246238800867843e+01
-3.133541809069026485e+01
-4.815738598334245779e+01
-3.972050722079955243e+00
-1.139149307454219340e+01
-1.337769291279045980e+01
-1.142672868632987004e+01
-1.755146252590629885e+01
-2.235132477515982075e+01
-2.045046058188161098e+01
-1.274867617206976611e+01
-3.348436161368037034e+01
-2.597396292055285372e+01
-6.186432756355437590e+01
-4.047268195595953699e+01
-2.688455676264826977e+01
-3.834863429147255687e+01
-1.510134015972226251e+01
-3.344819838702098025e+01
-2.572245593967583233e+01
-3.486524234331429284e+01
-1.573485126048137595e+01
-3.162449485053374332e+01
-2.295579042404641967e+01
-1.991871243307181416e+01
-2.518707429424396693e+01
-5.698864724037704832e+00
-2.285734231696321217e+01
-1.142672868632987004e+01
-5.233102736506521069e+01
-1.156588411866548149e+01
-1.063106330263036980e+01
-5.148019316937288536e+00
-2.319905330959466738e+01
-6.749940289784337466e+00
-3.452078623167291482e+01
-2.246342176766501098e+01
-3.336812960712673259e+01
-1.732784279417161244e+01
-8.068704313859608845e+00
-2.572475792229056069e+01
-3.091754598679430188e+01
-2.031213265069516893e+01
-3.086706428631868349e+01
-6.444300732332318660e+01
-3.052610475080691543e+01
-1.280944867281461441e+01
-1.118642536629872808e+01
-3.166442891471211141e+01
-7.006100573702781276e+01
-3.794668700999838507e+01
-1.262346294558538595e+01
-1.642053455173318355e+01
-2.392170015144176709e+00
-6.864151462469362741e+01
-9.480179110912374085e+00
-3.304820142941433403e+01
-5.361310041729183240e+01
-2.701473340194418427e+01
-2.468597154032778818e+01
-2.120276749153848073e+01
-2.329760975476307294e+01
-3.711845497181215592e+01
-1.347174251145259838e+01
-9.440413709920363772e+00
-2.003227638342669437e+01
-7.893277453233931595e+00
-2.141805417357534225e+01
-1.226623776040867675e+01
-9.889191090316108657e+00
-1.253946110868940167e+01
-5.991893412567813471e+01
-7.679817850378828581e+00
-1.991814870747323951e+01
-1.455536050705450002e+01
-1.669165130924692519e+01
-2.235132477515982075e+01
-6.160708737323815853e+00
-3.922383916618353794e+01
-1.586759513844739544e+01
-2.241826763071589568e+01
-1.180161404212662291e+01
-1.456172722436406453e+01
-1.780015379545991294e+01
-3.827307794335654023e+01
-1.969641743380340415e+01
-5.888782003436917378e+00
-2.233997671324946310e+01
-2.523048708900530457e+01
-3.862139313798406803e+00
-2.685165283998091823e+01
-1.047722618602494116e+01
-3.931072593390470615e+01
-1.952812294459021913e+01
-2.127726455374055803e+00
-3.442451608758227621e+01
-7.082811174074871374e+00
-2.031760040255814559e+01
-1.619467428675510590e+01
-3.016653869998836512e+01
-7.329872253334180243e+00
-1.036473965565856048e+01
-2.863016066807208304e+01
-2.093792061222015377e+01
-2.131071753307754335e+00
-2.326976850210294145e+01
-1.194591311590069083e+01
-2.332867432114022677e+01
-2.875696638258537163e+01
-1.691303507828985175e+01
-2.655167489892692601e+01
-4.042376277733225720e+01
-2.987984940048593785e+01
