-1.747691041934391620e+01
-4.701116001088966101e+01
-6.721721398886846544e+01
-1.705724952390401583e+01
-1.086350140870525252e+02
-1.065941502528122271e+02
-2.176148552232093536e+01
-7.486408407575540025e+01
-3.198070755694626754e+01
-2.603276942390441562e+01
-2.517309108918791338e+01
-3.453807081767291010e+01
-4.586195503955416086e+01
-2.025587119179569484e+01
-2.051057953041921422e+01
-3.885993335345748534e+01
-2.834988136109978996e+01
-1.110923704334666873e+01
-2.107424595884743823e+01
-4.309731095979509519e+01
-3.740553403988062797e+01
-6.672614388857286372e+01
-5.394453397654150706e+01
-6.749589296242621117e+01
-2.221043377443955436e+01
-2.679738789805707100e+01
-2.090957676783830621e+01
-7.353111785970313008e+01
-5.222178783687537162e+01
-2.178973959671932903e+01
-1.856608218803655319e+01
-1.041346134169692590e+02
-1.891223021342439026e+01
-2.103434744988451044e+01
-2.894889958242865546e+01
-6.386334858040270035e+01
-1.860470346328553148e+01
-5.517737380121359791e+01
-4.048960440780460601e+01
-4.383650328579584965e+01
-2.752542403662857495e+01
-7.080491812201174184e+01
-3.500144827260770342e+01
-2.768949919449708830e+01
-5.796728633910358042e+01
-9.777179853847202651e+01
-3.445582552940529553e+01
-6.476884548112002449e+01
-9.473146943466595360e+01
-3.293209249913792291e+01
-8.678464942534793281e+00
-1.443243456053106932e+01
-3.909382841773044959e+01
-7.452752564877269492e+01
-2.057962908873686558e+01
-3.479670695203669339e+01
-3.296941868536678300e+01
-2.933175954411110808e+01
-1.197205919504168747e+01
-3.326106395693884110e+01
-3.608937905171079308e+01
-1.302402890050025164e+01
-3.296999520070507117e+01
-5.157435715766438733e+01
-5.106139807808833098e+01
-1.173943186367059965e+01
-2.624745216976798901e+01
-2.245256296753845149e+01
-1.453090820856998988e+01
-9.302961922521838289e+00
-1.590723609587769438e+01
-4.400945813940800377e+01
-1.016125955473651459e+02
-2.659858355583566336e+01
-4.316199323243954389e+00
-1.112317731147875399e+01
-5.914867570258842022e+01
-3.254910698972878436e+01
-2.051589460917048413e+01
-9.974849607450116196e+01
-1.684313595135295216e+01
-1.603424687809223315e+01
-1.198292854374036942e+01
-1.837175405771673908e+01
-1.135084514116858045e+01
-1.716200014391277051e+01
-2.800807088445985116e+01
-2.075610918154266926e+01
-3.517333696771677864e+01
-2.918975447851634897e+01
-2.915921385936042398e+01
-2.847501244203488469e+01
-2.682638978186897560e+01
-1.102293397918656268e+02
-4.670985398896781504e+01
-1.933612025851564553e+01
-3.119849843737162232e+01
-1.040289450262700512e+02
-1.143606578730816281e+01
-1.384389310216037750e+01
-2.961264759554197923e+01
-5.844817879964402607e+00
-1.412516738508434422e+01
-8.334086687326355047e+00
-9.402553930446869046e+00
-5.994558920852613326e+00
-1.159079335371132480e+01
-1.016392260199441466e+02
-6.119221495252168097e+01
-6.147259035939072191e+01
-3.165934426394349188e+01
-1.628084785486591457e+01
-1.110477987154537232e+02
-5.021429810534588967e+01
-3.633584950696274518e+01
-5.311175255324659616e+00
-7.869589100088725786e+01
-1.846714749434030622e+01
-3.389395652836849138e+01
-9.792448180630140087e+01
-3.197546804702466616e+01
-1.565245142087707819e+01
-3.681570556112669124e+01
-2.815638212881084712e+01
-1.550726956520349553e+01
-2.896145959136582704e+01
-3.404976148150735327e+01
-5.019181973807950214e+01
-1.093643950217562661e+02
-3.486510888859362467e+01
-4.168031695516371116e+01
-2.734040435733443886e+01
-1.541523996404712982e+01
-1.853779238301731169e+01
-1.014521763192849164e+02
-1.388781834033919971e+01
-3.454776460026448603e+01
-1.647817578884301426e+01
-4.787610965186161138e+01
-1.131112725650576607e+02
-1.734433728273846853e+01
-1.827731121826638727e+01
-2.533037102989896994e+01
-3.019349361715894986e+01
-3.574210904089507146e+00
-3.161713673619673060e+01
-1.924568658268698229e+01
-4.601769932070227753e+01
-3.578524291372863075e+01
-2.287657032285600778e+01
-2.086543866765440214e+01
-2.531056012126206767e+01
-2.351553488234497280e+01
-1.583292536299390996e+01
-1.138191486795704854e+01
-6.745471659388610419e+01
-2.095532862593287504e+01
-1.363749990896552511e+01
-1.120911540915705373e+01
-9.188160198124265321e+01
-3.141968395043369355e+01
-3.255681811861636987e+01
-1.556084049955528847e+01
-4.395195178228065913e+01
-1.664500310433874120e+01
-1.205486404515020560e+01
-2.435553585649969932e+01
-1.607401108633597886e+01
-1.478693556816661037e+01
-2.193115703155805463e+01
-3.548329239998395224e+01
-1.912790895945259351e+01
-1.536306382926162328e+01
-1.523727569714061580e+01
-5.671551519213564596e+00
-1.369313685311506745e+01
-3.683609641344747132e+01
-1.143035706026813614e+01
-2.436652769761870729e+01
-2.918749442282398121e+01
-1.168970097017267840e+01
-2.370945408608546146e+01
-2.074509132839478553e+01
-7.823545029851819876e+00
-1.628190183210180919e+01
-1.076531977600408219e+01
-3.059736171260124138e+01
-4.475757418440186086e+01
-3.099526391346212151e+01
-1.668870798767264674e+01
-3.311192169687048192e+01
-1.018562524419403701e+02
-4.077261530103730536e+01
-2.734526889321759668e+01
-4.021878971821421089e+01
-1.057629185988904297e+01
-1.307812093859906000e+01
-5.230213367123730528e+00
-1.408480589826556439e+01
-1.767490925198718799e+01
-1.246813639235805482e+01
-9.414835774694168435e+01
-1.336003731851041643e+01
-4.456348867630602939e+01
-1.000769189305633233e+01
-4.642830714852927088e+00
-2.180142037480716155e+01
-1.110070221524774894e+02
-5.942899934401992823e+01
-1.190404700723002662e+01
-5.531660013990473601e+01
-2.144728998414629473e+01
-2.567140938819976270e+01
-2.958368313045152220e+01
-1.344060459719835521e+01
-1.027757173062375102e+02
-2.150397388990984382e+01
-9.442845398245939492e+00
-3.219294034419792183e+01
-1.489716106735967038e+01
-2.341338195660263821e+01
-7.486496590337199386e+00
-4.283030861357590169e+01
-5.956683664927422939e+01
-1.103184361186176119e+02
-2.159267454999501012e+01
-4.450008030170151585e+01
-2.623474329852790632e+01
-1.131752738546899195e+01
-2.937688101748599934e+01
-1.511756154118200257e+01
-4.463353153291370745e+01
-4.824273580297950303e+01
-9.612438468217160192e+00
-1.020232410696189476e+02
-2.921887095489521258e+01
-1.796218541742990027e+01
-1.465904178347488518e+01
-4.037941014706802179e+01
-1.159090625015668152e+01
-2.865315016895295130e+01
-2.369364505278612043e+01
-1.700216650112911410e+01
-4.449595702277767373e+01
-2.447820385246877706e+01
-1.662709932630052023e+01
-3.803488473610767073e+01
-3.327229140717380318e+01
-1.090926031991359508e+02
-5.454061686948197263e+01
-3.880909309880143354e+01
-1.997999484278040683e+01
-1.026050937275839914e+02
-8.816120039480956905e+01
-5.845603230656891469e+01
-2.626595661303634088e+01
-1.346711327848918316e+01
-1.587862367739998248e+01
-3.766304377821865756e+01
-1.472095197280339107e+01
-6.625681926684073630e+00
-3.461575650717004038e+01
-7.447309908939778289e+00
-3.063438047882081605e+01
-1.012888710820064517e+02
-1.868369268473570344e+01
-8.741512349593959286e+00
-3.773294869313910738e+01
-4.421167909785712880e+01
-1.989229704686128031e+01
-1.592981231658031227e+01
-2.055320917882352560e+01
-2.204751284329150351e+01
-1.020790508117245139e+02
-4.365053860429367916e+01
-2.239044612546038593e+01
-8.098628320425804716e+00
-1.886372881586535399e+01
-7.867514453886151671e+00
-3.318489004722887614e+01
-1.760293801601461894e+01
-1.350428728622913965e+01
-4.616225910610671690e+01
-3.029014232882177282e+01
-2.353264045396696957e+01
-1.732482720592602377e+01
-5.411644192532804709e+01
-7.980764475008750480e+01
-1.789902908351881194e+01
-1.996371189161237325e+01
-1.513301982398046519e+01
-7.951734794927985206e+01
-3.363264562276554415e+01
-2.622970269203452176e+01
-7.472893259724844306e+00
-6.493501515278067515e+00
-2.754559518769006843e+01
-1.716472927465040144e+01
-1.312099126607038357e+01
-1.520579547632764772e+01
-3.651992757965388137e+01
-1.991574245967176182e+01
-4.397738445123810891e+01
-3.317621944114645061e+01
-2.026015120886575005e+01
-1.017896421429219167e+01
-7.637060967268056721e+00
-1.333669781388772435e+01
-2.760071004722826871e+01
-1.072258464810618328e+01
-9.351129096579436251e+00
-2.958082644063794930e+01
-1.345148809416919278e+01
-4.112816624621405026e+01
-5.963934493479790433e+00
-4.125173343844593887e+01
-2.364415483938975981e+01
-1.485101770267481669e+01
-1.223308487399172506e+01
-2.898229969838885367e+01
-2.647234244647664880e+01
-2.534729085627259337e+01
-1.542600553658576601e+01
-4.325259072144827854e+01
-5.692622971879386817e+00
-2.845826407788390000e+01
-1.093208192757417692e+02
-1.524543475243570434e+01
-1.072046788477757673e+01
-3.572644464230517514e+01
-3.248862198389993239e+01
-1.914605197096154043e+01
-2.747897009771071808e+01
-3.082820277847730850e+01
-1.437318070605467568e+01
-1.035090127379105240e+01
-1.439390431540505055e+01
-1.097824407555929405e+01
-1.550717721803446736e+01
-1.770538751792860310e+01
-2.379321067790478850e+01
-3.733057671125995824e+01
-1.834235011914991276e+01
-4.951870700528326097e+01
-1.407086268478789748e+01
-1.355384801734986766e+01
-2.921365045649521974e+01
-1.688782807716723156e+01
-1.796218541742990027e+01
-3.044801493511748802e+01
-1.529674532129813080e+01
-3.263454221525211807e+01
-2.130379635506252711e+01
-2.159942408562406868e+01
-4.703415035690560586e+01
-2.852652138753683886e+01
-1.542435398244486322e+01
-4.863907401435456634e+00
-1.472844908908426120e+01
-3.773039051101796559e+01
-2.782407039319020470e+01
-2.729016883572584362e+01
-1.306102285049666456e+01
-3.108631754062753494e+00
-1.897044707658966090e+01
-9.819839485032732185e+00
-4.524581142088643304e+01
-1.006294802066116034e+01
-1.113825242462886251e+02
-1.220848643779060261e+01
-1.043829826846301643e+02
-6.260468714041736860e+01
-1.287135984918690212e+01
-3.427345048812562567e+01
-2.299572991070067474e+01
-2.310123335005896550e+01
-2.144390350236520959e+01
-1.343480134494762090e+01
-5.407036810334109767e+00
-1.037460068339874297e+01
-1.635560472525140341e+01
-5.885005758079416438e+01
-4.397986589285638104e+01
-3.212219878489710112e+01
-1.538387621218306300e+01
-1.035397538757463032e+01
-1.007357309104119381e+01
-1.900456985759583972e+01
-2.470957679595140633e+01
-3.608631754062753938e+00
-1.918633005965525129e+01
-1.092708033016219460e+01
-3.757453811238941910e+01
-1.045763435687779364e+01
-2.334033359897478377e+01
-3.222922150643805139e+01
-6.444720350244473650e+01
-4.271518846408918080e+01
-3.536833141922894441e+01
-3.508631754062753849e+00
-5.517034162844349510e+01
-1.383949879854043452e+01
-1.635723918230332075e+01
-2.959547177424855846e+01
-6.056113491719384001e+01
-1.907518339047052436e+01
-1.099677620804935856e+02
-1.167535538946807705e+01
-3.329464823384153505e+01
-1.947776776048218039e+01
-6.761951438849756357e+01
-9.770337218911357979e+00
-1.759660622964950605e+01
-2.238169688939210644e+01
-1.168619435121529371e+01
-2.983197307423512967e+01
-1.956625863956831068e+01
-1.222950374093216652e+01
-3.157729713621743883e+01
-1.146598772367299901e+01
-1.023086575622296124e+01
-1.898020466338852330e+01
-1.799594473327454480e+01
-2.170067468842173497e+01
-1.915745209445312014e+01
-4.819289672377393430e+01
-3.463068492812116261e+01
-2.913199045696847023e+01
-9.642045933484167719e+00
-1.379736422630204018e+01
-8.094377082223555675e+00
-1.269352940445519451e+01
-2.207122707038174525e+01
-3.259576508502203041e+01
-1.074824092513818741e+01
-4.923345654117217407e+01
-1.031467436522352443e+01
-1.432747859203425911e+01
-2.220764318531853121e+01
-1.332294061519333717e+01
-4.521737801360770703e+01
-3.009808275439083047e+01
-4.836429574733106307e+01
-1.057242817838996096e+01
-3.101883384060863946e+01
-6.311395496243383718e+01
-1.193098394387575389e+01
-1.404251197929185579e+01
-4.152890914729853478e+01
-6.060385578867671086e+01
-2.960725491220696171e+01
-3.789404989728338080e+01
-2.940889419200252419e+01
-3.074488287609048243e+01
-1.593760655824142880e+01
-2.309298965395856840e+01
-1.097556034498246369e+01
-1.521191117254620906e+01
-1.742017796277389152e+01
-2.417548224229345522e+01
-4.605824292960463850e+01
-2.763602192443679328e+01
-4.731969003759816417e+01
-4.106976796999936141e+01
-3.268500903605800545e+01
-2.749882043583677671e+01
-4.880608783227860670e+01
-1.003222765258813354e+01
-3.661569008096859790e+01
-2.157782976866268854e+01
-3.205465699440357952e+01
-1.488205290961639271e+01
-1.092561766015111502e+01
-1.095344712639318807e+01
-1.631740486734506135e+01
-2.628773487743279702e+01
-1.452315769308928850e+01
-1.056017723884462534e+01
-5.138210331969862921e+01
-1.560805841361191426e+01
-3.398105201092207039e+01
-2.844281388706909297e+01
-1.353739925076346218e+01
-4.836551726618898073e+01
-1.422014522462126962e+01
-1.518775897857365642e+01
-1.031854356942348616e+01
-2.086145482451718891e+01
-3.301284859844555797e+01
-1.732789338650529842e+01
-1.928892603817103080e+01
-4.170492889583126583e+01
-8.344815702184710915e+00
-1.566050052255549296e+01
-2.285069477012754646e+01
-5.574342974638071269e+01
-1.917998055905150068e+01
-1.563112777193014225e+01
-2.904057424041830870e+01
-4.953372097288660569e+01
-1.054949827796798978e+01
-1.257043149707377339e+01
-1.646472411431977179e+01
-1.100444698212008916e+02
-6.603969428119204110e+01
-1.942096085005029948e+01
-2.165478683058617548e+01
-1.177877962755124663e+01
-1.265891216288096643e+01
-1.857634706648001810e+01
-4.940489762878233648e+01
-5.462372113330457069e+01
-1.963358317505281292e+01
-9.196392440597961127e+00
-1.353214750606944605e+01
-2.194555041362189129e+01
-1.092640800548737019e+02
-2.481432867489180083e+01
-1.978627883573921054e+01
-1.942495299399528008e+01
-1.961733892743855634e+01
-1.499083051681010836e+01
-1.630373771992525178e+01
-2.853365539709815479e+01
-1.866546698943649929e+01
-5.240130961006792631e+01
-1.070780330999315133e+01
-1.401226437674645631e+01
-2.355394037105277150e+01
-3.740915049159891481e+01
-2.250793009319927762e+01
-1.456383508185195197e+01
-3.235288315400723036e+01
-1.206732689743246922e+01
-3.547935737952173874e+00
-4.145977808524737895e+01
-4.006589113276345415e+01
-8.192104808104662084e+01
-1.387537827715241434e+01
-1.724308286417350544e+01
-3.579505144086452617e+01
-5.996881231952164626e+01
-1.095413095248111262e+02
-2.083724090344384905e+01
-1.050530098699648107e+01
-1.095344146705177124e+01
-1.603118044004014564e+01
-1.735443660013412881e+01
-2.378282935057890057e+01
-2.664815252671746038e+01
-2.938580954901514275e+01
-2.524034319843185159e+01
-9.917029555133140661e+00
-1.133091836475971625e+01
-2.539503181814179200e+01
-2.396365129782285663e+01
-1.364712804051749018e+01
-1.304092890633402035e+01
-2.658969331567607242e+01
-2.251514288314979595e+01
-1.363229444553475389e+01
-1.104150911317009509e+01
-8.991346385203600633e+00
-1.642399710052938744e+01
-9.589311926463064850e+00
-1.545884346486833394e+01
-1.176440135724138791e+01
-1.830955401683537787e+01
-4.834386771440826180e+00
-6.597920972399779771e+01
-2.732013331004458934e+01
-2.954263263059193534e+01
-1.344997986085679287e+01
-2.267128091255362676e+01
-1.374149474101705870e+01
-1.272925642220004150e+01
-5.435482696551275694e+01
-3.106907761111291677e+01
-2.143385601052973755e+01
-3.217440755874471847e+01
-1.960814200405501850e+01
-1.606933739581208442e+01
-3.126896520961628312e+01
-4.303869616355168404e+01
-1.355053295108232092e+01
-1.217944222529212261e+01
-2.973609492973950452e+01
-1.490316002920258498e+01
-4.953595899342710496e+00
-6.266579737404352812e+01
-9.957256893016685595e+00
-2.500537664604837218e+01
-9.022152358601136513e+00
-1.398399029640159341e+01
-6.054102236379968360e+01
-1.164654550571376035e+01
-1.097354978290703826e+02
-1.056163646016125668e+01
-1.388853300440502814e+01
-1.326290735704111690e+01
-1.372959419170025619e+01
-3.065151790995454917e+01
-1.343260989967126307e+01
-7.333613460482580138e+01
-2.333154907753204199e+01
-1.123548515277012250e+01
-8.142000397039121040e+00
-9.470882956661432317e+00
-2.714542511159970317e+01
-1.189932921096630380e+01
-1.205087566747003969e+01
-1.999384781410789813e+01
-6.974056942652350877e+00
-1.955305340081504539e+01
-1.026514016858962641e+01
-1.191326382316405486e+01
-2.096699649885018957e+01
-2.448648056494903713e+01
-3.388001766640554280e+01
-1.870938779374490579e+01
-4.151814842966491170e+01
-1.919923772006137597e+01
-3.322555407831979579e+01
-1.176768933780029336e+01
-1.625370312928261285e+01
-5.099804802601780551e+01
-1.619112936947491121e+01
-4.653585496771889751e+01
-2.941218538696614715e+01
-1.167980211488455922e+01
-1.020566900868608506e+01
-1.242500058250427131e+01
-4.210537074115354272e+01
-1.946629635175646555e+01
-2.965340530178346867e+01
-1.097258403030881198e+02
-9.838908576573597742e+00
-2.766726789952511822e+01
-1.721073674781598939e+01
-2.410763865757057545e+01
-1.128302103500769249e+01
-1.604581451277432791e+01
-2.376720616760529836e+01
-1.046398473724089229e+01
-1.005018604898150514e+01
-1.676058275204428583e+01
-2.775783774003538085e+01
-1.035823471111397964e+01
-1.607988704449870099e+01
-2.126892137615903522e+01
-1.488377734391815821e+01
-2.950003984000016288e+01
-2.165224193182586987e+01
-1.969488011714575393e+01
-1.511045838298522348e+01
-5.604914619383914243e+01
-1.472642922015615063e+01
-1.149213519999302235e+01
-2.097594863021392797e+01
-5.940105702248499142e+01
-1.171962132960931235e+01
-1.340063528782608238e+01
-4.560171261045971036e+00
-7.362528839769558076e+00
-5.237529051391176438e+01
-3.442497994938737094e+01
-3.183768154081410628e+01
-4.541896303068018881e+01
-2.620313970014757743e+01
-1.241987673912167089e+01
-2.557468528314438316e+01
-5.160171261045970681e+00
-5.462514937238628931e+01
-1.080546413323606636e+01
-1.936210562916453171e+01
-3.670592438705211435e+01
-2.701946706347045080e+01
-5.740025217261005785e+00
-5.452156845725445677e+00
-2.842096364642554462e+01
-4.601659360032400059e+00
-2.431193738929821890e+01
-1.507420199689742724e+01
-1.155339088216813082e+01
-6.914827073502235066e+01
-1.500863358185354279e+01
-1.539795883649257391e+01
-9.322468836228766875e+00
-1.528639096309153445e+01
-9.015906199738264348e+00
-9.096372770241073269e+00
-3.135238311505719011e+01
-2.566014089205045323e+01
-2.507044418014269027e+01
-2.542052048228975991e+01
-1.662011720632299472e+01
-2.794593787333463197e+01
-1.108426761402281535e+01
-9.477057913607472628e+00
-2.492946417079504329e+01
-2.006210030574287728e+01
-4.873286760408615415e+00
-9.859025555899824766e+00
-1.024918475455495503e+01
-2.110453470356249994e+01
-1.585592777883336346e+01
-4.963551114650537244e+01
-7.019525675503295759e+01
-4.071873818330506367e+01
-2.411949204351382647e+01
-1.994837249591417461e+01
-1.442116272267563915e+01
-1.103343251688624349e+01
-1.144055658961865696e+01
-5.426802220964994206e+01
-1.225818018298261514e+01
-9.425223922621345451e+00
-1.017827642042968073e+01
-1.048222943455947131e+01
-4.964977133420929611e+00
-1.597008643327847466e+01
-3.461880825087201430e+01
-2.088405523406462549e+01
-1.928780773843269003e+01
-2.465331456523640341e+01
-1.492640548805407263e+01
-9.909170964001383197e+00
-8.200528073417535424e+00
-4.873286760408615415e+00
-8.511671642898946288e+00
-5.237359495390852260e+01
-3.686881883978989549e+01
-3.734003733408334114e+01
-1.506478853147249453e+01
-9.527298802726598126e+00
-1.120566115001423135e+01
-4.998762886858755650e+01
-1.038106158338784013e+01
-7.121322258038516928e+00
-1.493006979591279659e+01
-2.521987477146251422e+01
-2.468847804765029252e+01
-2.366679833069082051e+01
-2.845524315013009087e+01
-5.535465866713070682e+01
-1.968266781126495601e+01
-3.080493562474643454e+01
-1.298954988932065291e+01
-4.536213627555736139e+01
-1.307000451639543215e+01
-1.429584922532541036e+01
-9.596000342334175315e+00
-1.534768187125971117e+01
-1.059551720198706981e+01
-9.471064350173197255e+00
-1.306089236349233040e+01
-2.280824530049341803e+01
-2.845524315013009087e+01
-1.942835253344791013e+01
-2.959633210545240800e+01
-4.631613546862811859e+01
-8.796372770241072558e+00
-1.174485566883549836e+01
-1.296070811332672790e+01
-1.504467323766060893e+01
-1.209278284427500871e+01
-3.104614100323460235e+01
-1.667315314056518361e+01
-8.468103790988822155e+00
-1.332520113857016852e+01
-4.497118831762885094e+01
-1.761985349976333737e+01
-1.374235652955156972e+01
-1.283162751486102415e+01
-4.709170073356528974e+01
-8.177160234266459327e+01
-2.414603246740063724e+01
-2.168676245940319092e+01
-3.536534270865129059e+01
-1.738524418184847065e+01
-5.710531291958976396e+01
-9.973002093156614123e+00
-2.413135409627086148e+01
-2.057806755547934330e+01
-8.994788513869067970e+01
-5.240946583923614810e+01
-1.250053875691859950e+01
-1.795767083325480584e+01
-2.026833188518610385e+01
-2.685844685127383968e+01
-2.067112169518344444e+01
-1.075042665221902105e+01
-1.096069280490734066e+01
-9.569397365105603015e+00
-1.604610031539603554e+01
-1.274955627227761745e+01
-5.359363911458604690e+00
-4.873286760408615415e+00
-1.911137034015898095e+01
-1.044346674603964686e+01
-2.879769009146277980e+01
-1.632468676315462730e+01
-1.065686312862167107e+01
-1.346442862794597417e+01
-1.047486796345221549e+01
-1.967048226681747636e+01
-5.963369705861348535e+01
-3.337730973249712463e+01
-1.549768314422527915e+01
-2.218472810529139139e+01
-1.720477866088386776e+01
-2.904064382505249498e+01
-3.634386771440826003e+00
-3.210971186936451005e+01
-8.965067833356853200e+00
-1.523547652216874937e+01
-1.056728476640535064e+01
-2.418417252651783755e+01
-2.251978858663690275e+01
-1.652541763077785220e+01
-4.570479494575123169e+01
-1.476551026180593773e+01
-2.241281970683328950e+01
-1.065686312862167107e+01
-2.661319016394651626e+01
-1.218027069643108362e+01
-1.461952557023447952e+01
-1.766689760091153971e+01
-1.711324265224556029e+01
-4.726666756399444580e+01
-2.631683107736432703e+01
-1.522556081819046447e+01
-2.182108099050586958e+01
-2.642457275918473059e+01
-8.165140680921815886e+00
-1.386710136660450843e+01
-9.235257854254689036e+00
-1.864264566252483846e+01
-9.211674869121363685e+00
-1.296076446656405246e+01
-9.002040550267004448e+00
-6.006469508154361847e+01
-1.344801030293620236e+01
-3.708992668547325167e+01
-2.525006695764146514e+01
-2.503871890110835352e+01
-5.327911272334897319e+01
-9.660500252402112409e+00
-1.945551439261722138e+01
-4.263396875894093085e+01
-9.256986262863639681e+00
-4.874426237221936020e+01
-4.034386771440826358e+00
-2.449751237159813755e+01
-2.568185727984554489e+01
-1.008944971739690288e+02
-3.591159948562249582e+01
-1.715505309973294601e+01
-1.191629142383186135e+01
-1.755962867354944379e+01
-2.381019213363794407e+01
-4.486393369744307336e+01
-1.339246992962393534e+01
-3.028728628203024442e+01
-7.550234566474926190e+00
-4.977402801225608897e+01
-2.976223831656528063e+01
-4.575603117902822703e+01
-4.209261446841079390e+01
-2.346734451667039423e+01
-1.057961976806506499e+01
-1.900309273749795125e+01
-2.016515925910043094e+01
-5.094498647713089667e+01
-2.316634189945701650e+01
-4.235418576566652860e+01
-1.437891826944391482e+01
-2.828059425441846741e+01
-2.607582948577153914e+01
-1.453686011837042003e+01
-1.929329723105572825e+01
-2.343130164345130240e+01
-1.367498874173994849e+01
-2.022268078564449567e+01
-5.459256515871325099e+00
-3.057274309739322860e+01
-9.974256536810980123e+00
-2.253852345487963404e+01
-1.302771543529178899e+01
-2.352756140119481287e+01
-1.091119632163393049e+01
-2.079988099471231422e+01
-1.830062516013590468e+01
-2.394591648974014220e+01
-2.225651548499187271e+01
-1.091081505767820303e+01
-1.852591056694857485e+01
-1.064183345695192529e+01
-5.094498647713089667e+01
-1.022916966016215099e+02
-6.514715656909130814e+01
-1.160356935572967352e+01
-1.517443591248512469e+01
-4.873286760408615415e+00
-2.092511920859813657e+01
-5.373801162764574713e+01
-3.334550371102173472e+01
-8.400576160586494723e+01
-1.051169962876266339e+01
-4.565069772131807468e+01
-6.693847980388836660e+00
-2.512190111863580100e+01
-1.623248988268432669e+01
-1.341105617836333685e+01
-1.100344039292612308e+02
-1.222997884101962462e+01
-4.521342802911956227e+01
-4.613446981313111905e+01
-2.574369314699148958e+01
-4.973286760408615059e+00
-1.452327651394445951e+01
-1.992420582897240422e+01
-1.322145682217046136e+01
-7.485919459155165434e+00
-2.494075406599363731e+01
-8.421224466673191955e+01
-9.511639326404518258e+00
-1.384803412685368507e+01
-6.140662115428419554e+01
-1.695049273173421156e+01
-3.108489569698920008e+01
-1.151684000121340290e+01
-1.773261133908262366e+01
-3.227464616835221989e+01
-2.520501640089552353e+01
-3.793158769667703467e+01
-2.478104193473866346e+01
-1.721750311652193588e+01
-1.499395303823443371e+01
-2.133445614415206038e+01
-1.237855378464952594e+01
-1.060269194873731280e+01
-2.945365173807114090e+01
-1.216746790256922495e+01
-1.483705114569431238e+01
-2.136582457196843166e+01
-1.356103117111660339e+01
-4.717963193751871387e+01
-1.126246345002051719e+01
-8.888002758939617109e+00
-5.964715139636882490e+00
-7.679318907711643050e+00
-1.793893936513244824e+01
-4.926223551818230817e+01
-3.678395748402352439e+01
-8.477636959471789524e+00
-5.237388411473745009e+01
-1.280710904071117007e+01
-1.983498204102080109e+01
-4.873286760408615415e+00
-3.125709338835170925e+01
-4.686424430434244215e+01
-3.407071937729483579e+01
-3.737234710566240636e+01
-1.060273891228515097e+01
-9.881487991709049368e+01
-9.735228521475288943e+00
-4.815162752766811138e+01
-1.729393813509115674e+01
-2.212991254616238024e+01
-3.558951289649119332e+01
-1.921115766908683042e+01
-1.863312506223381604e+01
-1.205641095232559756e+01
-3.325699938084450480e+01
-1.990447010071700262e+01
-4.629773529068754101e+01
-2.157361918022429847e+01
-2.896449173424326062e+01
-1.493925781917432971e+01
-4.276785636313994665e+00
-1.439912455090558119e+01
-2.610145106934423609e+01
-6.839336881389061595e+00
-1.122960416687791607e+01
-3.899055869968752575e+01
-3.692858367741638403e+01
-9.980673664210748086e+00
-9.639302416246689376e+00
-6.273757516098385167e+01
-5.456392690323832539e+01
-3.196621885851434897e+01
-1.435026793274647794e+01
-2.669295074987175909e+01
-2.054740355817262909e+01
-1.336013683616086922e+01
-1.095457309681073177e+01
-1.463994876483638485e+01
-3.374712497175525527e+01
-5.657079417446874459e+01
-5.948933580001131105e+01
-1.825864187541383643e+01
-6.214086381381856938e+01
-1.468379546781934586e+01
-1.444300028391601209e+01
-2.151022638059990655e+01
-2.490065256706184726e+01
-1.496441319879878940e+01
-5.121540670317571653e+01
-3.015016007771313866e+01
-3.075001822484118819e+01
-1.054190084364589985e+01
-9.203155832831422245e+00
-1.798561499280792830e+01
-1.603411214208076530e+01
-1.594658342576357768e+01
-2.501238200937124034e+01
-9.813698038922806788e+00
-6.988517284186623435e+00
-2.941218538696614715e+01
-2.742773179490867008e+01
-1.639346422402901027e+01
-3.109875109735514798e+01
-2.668764384946075907e+01
-1.301532593210946231e+01
-1.998342859218447742e+01
-3.446051515950058075e+01
-6.225829826579080617e+01
-3.146192453494980867e+01
-1.129129479058462415e+01
-2.166244553727233324e+01
-1.520197829835282199e+01
-2.941218538696614715e+01
-2.061228804197127573e+01
-1.550029198743330738e+01
-2.108209018448911110e+01
-4.658521863976460509e+00
-1.463994876483638485e+01
-1.381977064059771010e+01
-2.237503858794877587e+01
-8.728641036057801728e+00
-4.621828882409497652e+01
-2.669476272185154997e+01
-2.058123236699670855e+01
-9.313468191303853061e+00
-1.985467238992059080e+01
-1.102932516064825137e+02
-1.303407113920955496e+01
-1.016686145565402768e+02
-1.120678399897731055e+02
-4.681163381709786186e+00
-1.248499678239713084e+01
-1.864209209965184399e+01
-1.104765875238406103e+01
-1.678183002410596814e+01
-3.280828825476903177e+01
-6.984408482037042631e+01
-3.395039095436451504e+01
-2.344240249215256355e+01
-2.208106777638178286e+01
-3.311511149828418610e+01
-2.510014522873112952e+01
-1.150227285169055769e+01
-5.180265214942505025e+01
-2.750121008255432997e+01
-5.616907077776232882e+00
-1.101973163435081631e+02
-1.000076667265622277e+01
-1.540302174816444136e+01
-1.078726675037369098e+01
-1.105256332990659871e+02
-6.060789334445222920e+01
-1.159085147676039540e+01
-4.749830829960198564e+00
-8.531877491880766939e+00
-5.742421423104108413e+01
-6.683605021084180464e+01
-9.175717997251918945e+00
-1.086763509160705610e+01
-4.873286760408615415e+00
-1.288430320533461781e+01
-2.961422332938582258e+01
-3.324492606240666959e+01
-9.224438570826785977e+00
-2.093130247023407975e+01
-2.365880760100619185e+01
-2.245787057841308254e+01
-1.842785751468495903e+01
-9.902070026580497952e+00
-4.830647575476817224e+01
-2.469606815048268444e+01
-1.299845508352620982e+01
-1.325261316305401671e+01
-4.873286760408615415e+00
-3.062654314590888305e+01
-2.987306130581854546e+01
-3.263719077224674692e+01
-1.236316015171490967e+01
-1.870148010192071553e+01
-1.790350531890189245e+01
-2.166763415033305051e+01
-1.154117245654284041e+01
-1.525072759060750904e+01
-1.395880642003500682e+01
-2.014024226265791029e+01
-2.610365601620050668e+01
-7.819509014323823237e+01
-4.625626978446842230e+00
-2.369440424152348612e+01
-2.959716441642646600e+01
-7.892812767421723663e+00
-2.750269404262353135e+01
-6.095860488592030890e+01
-2.357242334231145264e+01
-2.789852577193277128e+01
-9.363439686254714900e+00
-1.048878672977599713e+01
-1.431803967458091797e+01
-1.114217438480924827e+01
-8.990008848734641234e+00
-3.774122990237825093e+01
-4.504006444429984413e+01
-1.008003428622364339e+02
-3.404102257102995566e+01
-3.206979033665985668e+01
-1.978263178923671006e+01
-1.945453651284121221e+01
-1.193096115786534916e+01
-2.740979580918249070e+01
-1.132800480165738009e+02
-1.754914749398403373e+01
-8.975227959623685692e+00
-2.556658955105960729e+01
-1.944984704516482310e+01
-4.749830829960198564e+00
-9.371716775870488902e+00
-7.652296995900758958e+00
-1.399166419530553718e+01
-3.040780720000212156e+01
-4.729487721614535189e+01
-2.971616599218209842e+01
-1.703597808967483829e+01
-3.439472104414572584e+01
-2.277303406412742603e+01
-4.833969669949623693e+01
-1.091146706557411861e+01
-2.302641621160176300e+01
-2.162434448511714891e+01
-4.933894037833547230e+01
-3.112337778226937601e+01
-7.090848580088319864e+00
-3.644168905462198182e+01
-7.199463854048228306e+00
-2.266033062516913787e+01
-1.832894241217157827e+01
-2.904499479736891132e+01
-6.025755405599556980e+01
-1.447073684001267324e+01
-8.397280251148258046e+00
-1.742995676337930533e+01
-4.609452504124541861e+01
-2.899362588252579798e+01
-2.506735860315502862e+01
-2.544242494201877136e+01
-1.471095010576048878e+01
-1.696033286564952647e+01
-3.347496288223646843e+01
-9.658635865470765225e+01
-4.060171261045971924e+00
-3.404268037051878082e+01
-2.150378270072133091e+01
-1.415765027454106040e+01
-9.426111390478389751e+00
-1.586698848134327555e+01
-1.909093777702219441e+01
-9.456551532294797724e+00
-6.467464506119837608e+01
-3.102881887856049659e+01
-1.050167472451827422e+01
-1.315796999445519333e+01
-1.302460738768196613e+01
-1.968884275756911251e+01
-1.722145175821743734e+01
-8.969373268733335181e+00
-2.911709652668515602e+01
-1.085826256003372237e+01
-1.661667827974368450e+01
-1.337053956218187878e+01
-1.540226938731343154e+01
-2.133440486035959083e+01
-8.912300347488304908e+00
-5.255887529066103525e+01
-2.039467450560334072e+01
-1.979874467438715158e+01
-1.475548697341144688e+01
-9.211674869121363685e+00
-5.970182586508228439e+01
-5.504496275358612678e+01
-1.388862594354805324e+01
-2.417373056956683541e+01
-1.607241981041523005e+01
-1.231243695996055898e+01
-1.543583480765139804e+01
-8.688771594287700850e+00
-2.939907594495987553e+01
-1.147525669004944682e+01
-4.895200023934661004e+01
-2.935235538660644039e+01
-2.201475452742308292e+01
-1.558546888102235428e+01
-3.771381333247750689e+01
-1.852659404116980468e+01
-2.636683870812463582e+01
-3.056114924952162681e+01
-1.866789333039704246e+01
-2.834386771440825736e+00
-8.513025928594348812e+00
-2.911709652668515602e+01
-4.303939139220509702e+01
-1.770875806057847512e+01
-1.806381725048352749e+01
-3.934386771440826269e+00
-1.599528305133480721e+01
-1.470653867388052305e+01
-1.183507913502041298e+01
-9.983116486143881474e+00
-1.080424139496096814e+01
-3.102011191423980918e+01
-2.593736975583009396e+01
-1.467534647124780101e+01
-2.063063801418275034e+01
-2.474096538677659751e+01
-1.360353969588366496e+01
-5.717483430836458069e+01
-4.675025226840256209e+01
-3.207186816091331139e+01
-3.323071684948272519e+01
-7.765308934513468486e+00
-1.570994476881954149e+01
-1.052647052985178355e+01
-1.510100438608117379e+01
-1.154725680541364419e+01
-6.397400403259937640e+00
-1.030797424502080695e+01
-1.135320299864349991e+01
-2.576793009667788681e+01
-8.366449987683230560e+00
-1.050180509449944388e+01
-3.268871485997588877e+01
-1.550329905989216606e+01
-6.810650787501029413e+01
-2.614555222312847249e+01
-4.618204996074307189e+01
-1.974953459845539427e+01
-1.900967278467078003e+01
-4.298205343747686413e+01
-2.653342785439999219e+01
-5.356164302932361210e+01
-1.854771055069943131e+01
-3.188064257208539942e+01
-1.660521808086081919e+01
-1.310725690143222444e+01
-7.819673458343860517e+00
-1.885352081813613978e+01
-4.749830829960198564e+00
-1.137606780539845630e+01
-2.080577518049462427e+01
-1.727367453642335704e+01
-7.145894515747337472e+00
-5.075546520244488136e+01
-5.250670449066980439e+00
-1.949915950713761603e+01
-2.430755967688693531e+01
-1.118759652072413502e+01
-2.065234550415058479e+01
-1.558546888102235428e+01
-1.808654231509468957e+01
-5.710520526361295168e+01
-3.443821741249221358e+00
-2.160678352029430371e+01
-1.218365078006282687e+01
-1.778691987908151972e+01
-2.555638609837376407e+01
-2.095411256909114783e+01
-3.866139274957305361e+01
-2.029223428823311082e+01
-3.438214927714894742e+01
-3.182713297232220029e+01
-5.306113397813692245e+01
-9.464886550843228719e+00
-4.291501278931183805e+01
-8.609629959781921471e+00
-1.085116686473272836e+02
-2.323439637032934968e+01
-1.858097763522913581e+01
-8.409101303443030417e+00
-4.595508498004023323e+01
-2.084708797423356330e+01
-8.277685161897133526e+01
-1.445049069849124557e+01
-8.488141242709264844e+00
-3.404251601384288506e+01
-2.825814086705120332e+01
-4.945570000900928420e+01
-2.959538172790098187e+01
-1.036706244719755787e+01
-2.830503141231656272e+01
-1.888724047013340268e+01
-2.095411256909114783e+01
-5.034569514166671667e+01
-1.053417262511726094e+01
-9.521629340755184856e+00
-3.701757481820654050e+01
-2.575516642202349971e+01
-2.157158031443346147e+01
-3.268860524041782156e+01
-4.866733535779728470e+01
-1.554673949898693053e+01
-4.331501278931183663e+01
-1.085116686473272836e+02
-1.679971504846450259e+01
-6.795280738706867396e+01
-4.610557795565977557e+01
-1.160331296020941672e+01
-6.003205227294466084e+01
-1.990842394256135606e+01
-1.392603559133677216e+01
-1.789133480452788305e+01
-1.995024001115909584e+01
-4.062104157021905593e+01
-9.734913562471128046e+00
-5.340528203842983324e+00
-2.507704156306283494e+01
-2.726223071902251149e+01
-9.225894265582947895e+00
-4.106300460351951642e+01
-1.020431057273257096e+02
-1.241865375351517997e+01
-7.365552632874086214e+01
-2.429970718481361658e+01
-1.596027066167957820e+01
-3.603892297361058183e+01
-3.026307344163613777e+01
-1.005006071904973908e+01
-3.634976992606112844e+01
-1.270244440995147883e+01
-1.502647696108116371e+01
-1.538702116946962306e+01
-1.231452408867198400e+01
-2.359591541977633611e+01
-1.170765380987335647e+01
-9.830859390647944451e+00
-9.283273470548889961e+00
-1.299164621842666989e+01
-7.624406130850434948e+00
-2.096103678433540196e+01
-1.768198008265866861e+01
-1.279906821850044985e+01
-3.182862280669788646e+01
-5.473510925290806028e+01
-1.207128012546752949e+01
-3.065084791830739164e+01
-2.176844484162044679e+01
-1.082293409117936278e+02
-8.837717602279321127e+00
-1.182556492152985683e+01
-2.807805530611917177e+01
-8.830181986283308859e+00
-1.455434004705745288e+01
-1.104485677669013555e+01
-1.652952029163324354e+01
-4.749830829960198564e+00
-9.679395029421583274e+01
-1.093215092411179690e+01
-3.046086595794236018e+01
-1.291991969044349098e+01
-3.182713297232220029e+01
-1.481920986891588043e+01
-1.095928668634808503e+02
-1.532807640181747288e+01
-1.254891775116919739e+01
-4.560171261045971036e+00
-1.072253599918856715e+01
-3.095658534970807452e+01
-3.655436051132313935e+01
-8.791325073057256745e+00
-1.988581153701649029e+01
-1.227326882753711068e+01
-1.578224595700635824e+01
-2.475312570023934100e+01
-3.065084791830739164e+01
-2.136946393827084023e+01
-8.615452627762941518e+00
-3.502871513984982954e+01
-9.249839256432633050e+00
-1.034594073655047097e+01
-2.110471512166724395e+01
-3.075689934306065254e+01
-1.464012688096081405e+01
-2.813716327845650156e+01
-5.197555230305297158e+01
-1.717347419546803877e+01
-3.914089941968175168e+01
-6.733120113562401343e+01
-2.102781141044622260e+01
-3.203582179778702255e+01
-1.979649834550421517e+01
-1.813866109328660414e+01
-1.416190828305276028e+01
-1.722145175821743734e+01
-1.366993749947270054e+01
-3.365400215065218248e+01
-3.234386771440825648e+00
-1.815446112778731091e+01
-2.928064345767913323e+01
-1.309103042298533381e+01
-4.564227476410675166e+01
-2.840745473796290099e+01
-1.492062649986692335e+01
-4.849214627461783778e+01
-4.863396068592178523e+01
-3.059602870917631989e+01
-2.956520015382276156e+01
-1.519371480920471562e+01
-8.838869026990535005e+00
-1.923518823095724173e+01
-1.099188964407640441e+02
-2.174587337550618571e+01
-3.134601022012573779e+01
-1.563426701027042931e+01
-1.216415542549284012e+01
-9.191650436472855290e+00
-4.611624467347049006e+01
-9.026303083956642936e+00
-4.986323868704003459e+00
-2.099564417505274960e+01
-2.280845805143094651e+01
-2.074913661557814848e+01
-4.546345652164298201e+01
-1.538200147824471209e+01
-1.297711740362780297e+01
-2.856514263314680591e+01
-1.615224773562094640e+01
-1.469285397928823578e+01
-1.090134242253489383e+01
-3.573670220324841296e+01
-1.983054554346836795e+01
-7.365836940214229855e+00
-1.326168438576924480e+01
-2.870507306505224321e+01
-4.067874268343133082e+01
-4.503717324688562940e+01
-1.882004656622976313e+01
-3.110206228929764194e+01
-1.613842421303082020e+01
-1.532350448404049814e+01
-2.719148347999220050e+01
-4.673286760408615237e+00
-1.363749990896552511e+01
-3.342958198938275416e+01
-1.121141949467655365e+02
-3.285589144743030943e+01
-4.095296538718143609e+01
-4.636286925228748856e+01
-2.935569747829976350e+01
-1.292715800954815286e+01
-2.100583978755484438e+01
-4.828918688223878775e+01
-3.694809413864739156e+01
-2.679515977630189738e+01
-7.410677164244107828e+00
-1.838209644258868636e+01
-5.919467337430972265e+01
-9.076097607807998457e+00
-1.187008974292128904e+01
-9.811722148286277090e+00
-2.925281976954396512e+01
-1.014835930319723900e+01
-4.834112169809798587e+01
-3.031938234375859054e+01
-4.096441086273447496e+01
-1.940403740361773544e+01
-1.103299585206122231e+02
-1.100851451133190828e+01
-9.884087765763030831e+00
-2.748910390151874950e+01
-1.358463296692901778e+01
-3.322424379361586944e+01
-7.595945619286413653e+00
-1.115053931803607057e+01
-9.420778149519657418e+00
-2.430755967688693531e+01
-1.735850562165220268e+01
-3.239490856800210850e+01
-4.895941560976516627e+01
-4.524133078439480471e+01
-9.115734952923382650e+00
-8.711567828870029118e+00
-2.735664309004586414e+01
-1.266832957459939735e+01
-4.676115955566314142e+01
-2.027740621575533098e+01
-2.415122384952183410e+01
-3.297804085287308595e+01
-1.970706797765983964e+01
-2.108440086767365074e+01
-1.442998299207322255e+01
-1.588427817256665087e+01
-4.792344157439291052e+01
-5.888319818067671463e+01
-7.751226228929969153e+00
-8.982665201551784051e+00
-1.364971706414509001e+01
-2.171490680416217245e+01
-1.889118478507696608e+01
-3.078336161221015033e+01
-1.920084883537352383e+01
-1.494541702776615999e+01
-1.132267721576505437e+01
-3.021129097830188925e+01
-3.095152898248027995e+01
-1.958276864170938580e+01
-1.723265451263029036e+01
-1.617725349751450992e+01
-9.968270128127947771e+00
-2.412268883380505358e+01
-1.425715989921099691e+01
-1.287945918984897808e+01
-1.142688170799222824e+01
-1.993658664067498520e+01
-3.763625196241375193e+01
-1.619033535892251052e+01
-4.005520203684248770e+01
-3.061142512452638798e+01
-2.462566135387758237e+01
-1.185681599492173710e+01
-1.032974261560530493e+01
-4.492256960862665238e+01
-4.144692357302033514e+01
-1.291032895882114140e+01
-1.481526280497002546e+01
-1.306841467016164771e+01
-3.219636715010395278e+01
-2.613340279592033255e+01
-4.749747333070635591e+01
-3.505402300540929161e+01
-1.301914373162156835e+01
-1.645367476904147708e+01
-3.096103707078863465e+01
-2.188887223701539853e+01
-1.545205437293118678e+01
-2.754174638764594363e+01
-1.927652967614725554e+01
-2.195167987386078323e+01
-1.308178196870247412e+01
-1.094945411097956054e+02
-1.534166020427277921e+01
-2.389840424630216731e+01
-4.749747333070635591e+01
-1.223072131752264191e+01
-1.440493845371514858e+01
-2.269705438264600161e+01
-2.643398010005027743e+01
-8.862830934593818100e+00
-1.506212238897318123e+01
-5.355073975101667116e+01
-1.092183075060166608e+01
-1.002994064730289026e+01
-2.848087376775114521e+01
-1.448442749835752075e+01
-5.866786609795150298e+01
-1.611264917179115841e+01
-2.888110157708474546e+01
-1.398126692119931924e+01
-4.915275522977219147e+00
-4.141373448923690148e+01
-2.059157874631852181e+01
-3.845128428743200999e+01
-6.594687901923591333e+00
-2.108011210347271458e+01
-9.522123507113853691e+00
-6.981721511958091320e+00
-2.270020653838866309e+01
-1.965341026839321970e+01
-1.516422941336873720e+01
-6.431014082347788374e+00
-1.102500259132976055e+02
-2.933698997820485843e+01
-1.617453035225143765e+01
-8.559372474928055752e+00
-1.587455470164887217e+01
-2.676281846380221552e+01
-3.513613587885115663e+01
-4.330058365637212603e+01
-2.888110157708474546e+01
-2.132670484666249067e+01
-2.921119523417892694e+01
-8.711567828870029118e+00
-3.052013863105534952e+01
-8.379857198086051895e+00
-1.103335597465725648e+01
-6.792585621841259069e+01
-4.380685098987542858e+01
-5.793072728602025734e+01
-3.278546626086426130e+01
-2.834386771440825736e+00
-1.220178607108393365e+01
-1.344540109315525989e+01
-9.741698236073784756e+01
-2.739718540611249864e+01
-3.052013863105534952e+01
-1.177086659851462791e+01
-1.140907786085793063e+01
-1.086421735086227187e+02
-3.027231376505812932e+01
-1.210778577731744221e+01
-2.108361125914285239e+01
-1.102065010775133516e+02
-2.368414276097183446e+01
-1.236454576229123248e+01
-8.703148405935065668e+00
-2.150106536378420330e+01
-1.652389149418575087e+01
-2.497902403238348512e+01
-1.695816058106601076e+01
-3.701659360032400148e+00
-3.060609562699677966e+01
-8.959372474928056107e+00
-1.300530201531409524e+01
-2.323585608805352720e+01
-1.586402659288562234e+01
-1.085404720049374419e+02
-1.499816591797136489e+01
-1.265804970465282153e+01
-8.263857632758375260e+00
-1.026963692583205443e+02
-2.192279607913505401e+01
-1.716922160856813662e+01
-1.600446132674208144e+01
-4.095005011938321360e+01
-2.682317207533225201e+01
-2.481434256600688215e+01
-5.273286760408614882e+00
-2.583607506281700239e+01
-2.888110157708474546e+01
-3.150470858274669439e+01
-1.026970244689322520e+01
-2.019693276272716531e+01
-1.610915507706688743e+01
-2.228707109465374714e+01
-3.073190882754265729e+01
-1.391770498131417177e+01
-1.119105577014185826e+01
-2.095318741441118249e+01
-2.180192703005237576e+01
-4.322670038928389147e+01
-2.135046606548509374e+01
-4.820305907570764958e+01
-2.198308836232386554e+01
-5.618420414841591537e+01
-4.454542149002676865e+01
-3.681786928447776575e+01
-2.098419132194389647e+01
-1.780689924802073065e+01
-1.619044757819279567e+01
-9.864466948330733231e+00
-9.316267893314417847e+00
-4.230971594045687567e+01
-1.302460738768196613e+01
-1.832593814167472601e+01
-7.799098902986443704e+00
-9.645427246339945526e+00
-1.816394209759636524e+01
-2.982124997545630762e+01
-3.893931678061896662e+01
-1.163988840969789607e+01
-1.238893694907182841e+01
-2.395347663957870665e+01
-1.484385056508611633e+01
-4.495640866072812969e+01
-1.713259288762579757e+01
-5.793790677699745117e+01
-1.453819420919848326e+01
-1.421672304549018051e+01
-2.081511590988773719e+01
-9.433375286140314842e+00
-1.144713679673447437e+01
-1.803796926914543164e+01
-2.088574316064852354e+01
-1.490052298135698017e+01
-2.033883910273111795e+01
-1.233565196297728406e+01
-1.745574539944906789e+01
-6.785233899380919809e+01
-2.640740313229026270e+01
-1.073714045424581442e+01
-1.736138427818759311e+01
-1.798024606873767439e+01
-1.533051150715112065e+01
-8.411255526617473777e+00
-1.419637531760302274e+01
-1.284590551742051368e+01
-1.407462018253010605e+01
-1.145236028847521581e+01
-1.979168582302451540e+01
-1.693359089991023225e+01
-1.097154016272148880e+01
-1.614242513825820780e+01
-1.551022235377353020e+01
-1.709380669563346089e+01
-1.760448211523079109e+01
-1.087272051928442096e+02
-2.589823529594329088e+01
-1.360460854874077441e+01
-2.782113268648217996e+01
-2.228389444514102991e+01
-1.797095632286679034e+01
-1.300530201531409524e+01
-3.317726526479951588e+01
-6.232368085971975091e+01
-6.239081951120790137e+01
-9.490034913459663812e+01
-1.092404044230236693e+01
-1.495548627293007371e+01
-1.917493988230449631e+01
-7.424970723750242918e+00
-1.828036182279197774e+01
-2.325521881861276796e+01
-1.019437049700884224e+01
-1.496029941176366052e+01
-2.764524070754399432e+01
-1.631621568094139718e+01
-1.884699776869854659e+01
-4.630557795565977131e+01
-9.686637499285343011e+00
-2.356709135424049251e+01
-1.064091151158643100e+01
-1.315768068943286551e+01
-2.637738364093023691e+01
-1.202137314460569151e+01
-1.867359415848111936e+01
-1.647320534444871498e+01
-1.453490885951466360e+01
-7.826516595349334082e+00
-6.285511380255591263e+01
-1.665705712626703416e+01
-1.487005902055694229e+01
-3.360171261045970859e+00
-9.369717648384110475e+00
-1.157685273558170813e+01
-3.621923377876229466e+01
-1.587338525463836270e+01
-1.722172421772706485e+01
-2.745630661485574464e+01
-3.117081193647360493e+01
-1.547971479473516787e+01
-1.010479271110794741e+01
-2.681741701876321216e+01
-2.971105812540490376e+01
-1.705921268767044907e+01
-2.383668373019837361e+01
-1.531022235377353091e+01
-8.728657367720359161e+01
-5.026965240986278616e+01
-6.019289198222819692e+01
-5.056666041414585777e+01
-2.123458318240059484e+01
-1.429832061756161821e+01
-9.924285643217674036e+00
-1.620609598037225396e+01
-3.942723597684732795e+01
-4.663152270228390961e+01
-9.248523506393510729e+00
-3.048299771871173292e+01
-1.604344483644806019e+01
-1.972126833958446568e+01
-3.013154872605341694e+01
-3.076391343775113540e+01
-3.421980464820867951e+01
-1.342418778655904887e+01
-8.104908001530347406e+00
-4.901809914105981392e+01
-1.364379030766909651e+01
-1.761247262688765858e+01
-4.373286760408614526e+00
-2.344496279406778427e+01
-8.985310396325925097e+00
-3.362044746621320712e+01
-1.856817430770036736e+01
-3.856606245582747761e+01
-1.444977636480279237e+01
-1.947784997821277031e+01
-5.359310514267455261e+01
-1.139880450372102949e+01
-1.132331107862467512e+01
-1.477117730264357753e+01
-4.712661789155187364e+01
-1.748412722677836939e+01
-2.493391053181536421e+01
-1.244094510232000772e+01
-1.624143769447817931e+01
-2.691809336204938674e+01
-1.183160319495130963e+01
-8.668874133406514915e+00
-6.737200222568307595e+01
-1.075456542110689995e+01
-2.041342103107043826e+01
-2.813180088450041438e+01
-8.550871986368548505e+00
-8.918668851225023175e+00
-3.487944444876262651e+01
-1.301289231075985242e+01
-2.011015615853160909e+01
-3.341754482335353771e+01
-5.698959549935002400e+01
-3.285670421414696563e+01
-1.101199105208625895e+01
-3.660171261045971569e+00
-3.855443158540287385e+01
-1.437407073268030544e+01
-9.756945234407439216e+00
-1.488951405065729183e+01
-1.067259042383979839e+01
-5.141432334260393588e+01
-1.657571302987101092e+01
-5.140172282333019638e+01
-1.723934936751261304e+01
-2.258110789614460145e+01
-6.580998170357995392e+00
-1.367987315477774501e+01
-1.662159687170887779e+01
-2.387588482617301366e+01
-2.779571163658862076e+01
-8.680958897800374530e+01
-5.932848258749719861e+01
-3.361604087284301556e+01
-9.226902264298723821e+01
-1.525608287919098238e+01
-1.460115589158031213e+01
-5.497673723289002368e+01
-1.991331117548856611e+01
-9.714701523552752960e+00
-2.307424290254662225e+01
-3.393820312052709909e+01
-2.871548127033752706e+01
-2.267372451252922971e+01
-1.884537151972325830e+01
-1.283757980794815978e+01
-2.245391067020405984e+01
-7.916442524440796547e+01
-1.728412722677837010e+01
-6.762044465594722453e+01
-1.017354496180486123e+01
-1.203214569363873210e+01
-8.906888761790140663e+00
-9.803193007830618200e+00
-4.011730960374381283e+01
-1.738162873151553356e+01
-9.939254019254629924e+00
-1.875076125956855932e+01
-3.080181009307843709e+01
-1.017587997467324357e+01
-8.834893190979315136e+00
-2.131680920364031806e+01
-2.699328643170508002e+01
-3.052878782600672380e+01
-1.766295300014392922e+01
-2.203294280757345547e+01
-2.106815460484262559e+01
-5.553036065874557892e+00
-1.045602149813545445e+01
-1.495397735090158697e+01
-1.729026441220776178e+01
-1.377268858456260858e+01
-2.763786430083796475e+01
-1.312843138183623282e+01
-4.664901913403225819e+01
-1.353699403062216966e+01
-3.234386771440825648e+00
-6.489418198141977179e+00
-2.417828420352492458e+01
-7.987957758631042182e+00
-2.208151939309185252e+01
-2.109304274467641704e+01
-7.870355216050567648e+00
-2.253618572334574210e+01
-3.259357524278292573e+01
-1.804724071888088588e+01
-2.504536640540102610e+01
-1.168667312681384196e+01
-1.887772256950970728e+01
-1.347687274531968171e+01
-5.134994982532029439e+01
-8.037765777514733756e+00
-2.388825697586006314e+01
-8.140422523625748141e+00
-8.402121514378164235e+00
-2.362398583143280817e+01
-2.623283101414512331e+01
-1.692172971495754297e+01
-3.411804376940624195e+01
-1.004303244428070059e+02
-4.440684181915625750e+00
-1.482060137792990773e+01
-1.458925477752000965e+01
-2.577389196325538023e+01
-1.327574081442237919e+01
-4.516883255914549267e+01
-1.123998145851873787e+01
-1.034339247617829116e+01
-1.166364697998972133e+01
-1.000690131411524106e+02
-9.202053686701644253e+00
-1.499138263120812375e+01
-8.826606557918522000e+00
-2.078181666869934219e+01
-1.140249610593421892e+02
-1.128395978218306936e+02
-1.347687274531968171e+01
-1.124485677669013484e+01
-1.414465891310514323e+01
-2.850118742530397498e+01
-4.749747333070635591e+01
-2.805893992244155655e+01
-1.621376310321014813e+01
-2.020644119009028117e+01
-3.709694415548976565e+01
-7.108968164891831520e+01
-1.551362691653398507e+01
-1.903616612387885709e+01
-3.973716971663658626e+01
-4.633995492671976990e+01
-1.451770059805551760e+01
-3.090442541419222167e+01
-6.737200222568307595e+01
-3.059535492865845185e+01
-4.412019226567702646e+01
-1.533950217918800618e+01
-1.015298086488061244e+02
-1.835677538215684734e+01
-1.151650238874373322e+01
-8.265842273488528846e+00
-1.197338885926300733e+01
-2.670697198549676443e+01
-1.584674920314304103e+01
-1.194033349413654577e+01
-9.158443048883657411e+01
-9.909212804647738793e+00
-1.505598056717729527e+01
-1.062611701478994597e+01
-2.149761537844454651e+01
-1.621128955036209618e+01
-8.886678273749758716e+00
-1.001927058147053060e+02
-2.622966238038254971e+01
-2.934036560719934172e+01
-1.528633901153948216e+01
-1.252866934477805216e+01
-5.114994982532029866e+01
-1.398605295598050979e+01
-2.151956944585253595e+01
-7.864137887982340658e+01
-1.989544442274081604e+01
-5.457940924695159168e+01
-4.693823060049543017e+01
-1.745445347653576817e+01
-7.728353917619255498e+00
-5.661644765555224978e+01
-2.884392720540112975e+01
-1.782897343873628770e+01
-2.105530853293610249e+01
-2.566274192530910270e+01
-2.011830632433050070e+01
-2.011830632433050070e+01
-2.146330510812703452e+01
-1.996042060119598460e+01
-2.646574460239111914e+01
-2.720814260726387701e+01
-5.165028784254302963e+01
-3.334386771440825736e+00
-1.261233734613853308e+01
-2.106576237351813674e+01
-2.508832917889353809e+01
-1.060261492349813395e+01
-1.982794632989681816e+01
-1.317084514036223020e+01
-2.308942014986521230e+01
-2.785835865888893181e+01
-2.975249380342245686e+01
-1.956242251252896480e+01
-1.661402567734192814e+01
-3.048384830284921421e+01
-8.999448848674111545e+00
-1.115148852249940461e+02
-2.348772388489450691e+01
-9.822774453248214854e+00
-8.976294863395288814e+00
-2.352477518303545878e+01
-1.315842562413159023e+01
-8.043877868508687357e+00
-5.374819847503854930e+01
-1.716037503410237974e+01
-1.340684969964152629e+01
-1.698948700689212643e+01
-1.515470421650261201e+01
-8.584065440200395969e+00
-7.741599255006806679e+00
-4.325511453407366957e+01
-1.964982638891515876e+01
-3.465916460301481550e+01
-1.019586988627221658e+01
-1.006606157489758324e+01
-1.785802276875292804e+01
-1.598967518603317828e+01
-8.822298568742500180e+00
-1.036419169178435240e+01
-1.306349880117385531e+01
-1.316870772270169354e+01
-1.756785824928364903e+01
-2.785450292014208173e+01
-1.027995175563504944e+02
-1.327365866715768838e+01
-1.857403798831552066e+01
-7.282044101558776106e+01
-5.386672451637365100e+01
-2.222449466099645932e+01
-3.029275592689751306e+01
-1.088876833745992556e+01
-9.646702942677611858e+00
-2.664270208536296636e+01
-1.531976318470925236e+01
-2.588688119469340876e+01
-3.035187507987295419e+01
-1.635014775826724431e+01
-6.273286760408613105e+00
-1.698087680285735246e+01
-2.984447450342354102e+01
-7.209361807419425006e+00
-1.007367004262671095e+01
-2.095411256909114783e+01
-1.142759659608911704e+01
-3.039352058013173874e+01
-1.220543989703639554e+01
-9.069545890515444242e+00
-1.893561174885275733e+01
-2.002128258632436442e+01
-6.078254016043385377e+01
-1.877385369640485990e+01
-1.488812299531794459e+01
-2.084643046702186098e+01
-4.296884231298813006e+01
-9.494887974049902368e+00
-2.272166270050815839e+01
-1.687731653541937504e+01
-1.094485677669013590e+01
-2.088158228306735609e+01
-1.392915065224364213e+01
-1.146040991046834989e+01
-8.826977911963421519e+00
-5.094395821526463664e+01
-3.208868004846877398e+01
-1.258819648518424295e+01
-1.797678250701637026e+01
-1.918008584757148682e+01
-3.348573916631453784e+01
-1.073561106447351854e+01
-1.391333970202986059e+01
-9.593637791779167756e+00
-1.846835571193699366e+01
-2.219961718336120171e+01
-2.545846977892978913e+01
-1.017893086385301586e+02
-1.091819774501928286e+01
-1.101609916022637634e+02
-2.084641631007869123e+01
-2.173930934837184381e+01
-4.397466202114113543e+01
-1.298819230838579486e+01
-1.434216630405457416e+01
-2.180192703005237576e+01
-1.133891851216519875e+01
-2.861367448540074321e+01
-4.736044482413290524e+01
-6.687713006891168277e+01
-2.671868617376707888e+01
-3.608446230858680082e+01
-9.147217799094345736e+00
-1.653481708264292394e+01
-1.073160523173644521e+01
-1.909370726605465052e+01
-1.123633785076320102e+01
-1.044398834362223880e+02
-2.380608033492993059e+01
-9.746804591598033696e+00
-4.702747574580084233e+01
-1.357298170723848152e+01
-9.800430565162125518e+00
-1.094485677669013590e+01
-1.160995393069218551e+01
-8.177481680687282761e+00
-4.222316253726556390e+00
-1.023824115135691670e+02
-1.160742582053798522e+01
-4.393212939720925903e+01
-4.720116462178792460e+01
-1.950569124376420405e+01
-5.774554424992660806e+00
-1.744112557368604044e+01
-1.495840192280142844e+01
-1.113810930984280390e+01
-1.549909180001737674e+01
-1.433164645335386034e+01
-1.310465898963475162e+01
-3.255950615060544351e+01
-4.289329448218702368e+01
-3.286623467817752697e+01
-1.088182076600625869e+01
-2.530459569771620565e+01
-1.022178348245704882e+01
-3.692827516405483834e+01
-1.408520506830323171e+01
-3.054922210188131970e+01
-1.859920318509198012e+01
-1.719921694485504204e+01
-1.537462232096109638e+01
-4.296085003349904241e+01
-9.710466929481258092e+01
-1.152950086072782909e+01
-1.764266939630448761e+01
-1.423173959945379785e+01
-8.655473128447521702e+00
-1.156359335234326835e+01
-8.059236869987883267e+01
-2.969680818291467617e+01
-3.036043064321273732e+01
-2.008100035431507635e+01
-8.832771297828784896e+00
-1.470615487964632351e+01
-9.911988900960732707e+00
-8.051865461923092937e+00
-1.891565912139465411e+01
-9.246809094715660038e+00
-2.608712326233597167e+01
-3.080723766586719847e+01
-3.743712912827369621e+01
-2.429970718481361658e+01
-9.178837519810979728e+00
-3.616465151745938300e+01
-3.087504534860870109e+01
-1.039323506050510737e+01
-1.621507270282898361e+01
-1.211649514081667967e+01
-1.326153087140578890e+01
-2.383835845588979296e+01
-1.684643507483358604e+01
-1.113810930984280390e+01
-6.385861059174379051e+01
-2.438359635073489429e+01
-1.009323506050510666e+01
-1.613701436611601991e+01
-3.851055189751823349e+01
-9.467685487821177048e+01
-4.887456401685572871e+01
-7.237891347234230111e+00
-1.021808710597152015e+01
-4.291618468230775818e+01
-2.826973393403631007e+01
-9.047308263974052522e+00
-1.260267382550489401e+01
-1.015564812340888068e+01
-2.750078384217137639e+01
-1.542519053834084808e+01
-1.411919219149787708e+01
-1.306448010074565147e+01
-2.112235480822839051e+01
-6.025475904009363504e+00
-1.101794085513921928e+01
-3.434386771440825825e+00
-2.306076189528773313e+01
-2.802472618870533339e+01
-3.047941287377978981e+01
-1.520100438608117344e+01
-1.181522300408718529e+01
-2.597865226206802447e+01
-7.099857291055602104e+01
-2.834202817725776669e+01
-3.295492161464061098e+01
-2.202654146704319871e+01
-7.754978820123646699e+00
-2.055425129645529125e+01
-3.334386771440825736e+00
-1.691541845642717590e+01
-2.358846524633813857e+01
-2.522886662303266192e+01
-1.039323506050510737e+01
-1.212029062982368366e+01
-4.881179538855616329e+01
-1.831685814170294080e+01
-4.478621162405643474e+01
-8.212977193321032487e+00
-4.535037904284621391e+01
-1.020833076781541138e+02
-1.575878536262504959e+01
-2.383500300805052063e+01
-2.706745737626380688e+01
-1.837171565682628938e+01
-5.975424803690825826e+01
-1.031700498745774119e+01
-9.862774498679073076e+00
-2.387967362859179588e+01
-2.347595066637689953e+01
-1.679449584825185937e+01
-1.615637553448145169e+01
-1.409131852799827556e+01
-4.839249407357544897e+01
-1.547253939185450378e+01
-1.180725175345582123e+01
-3.241447367738654606e+01
-1.166197348294525860e+01
-4.868944262177188165e+01
-1.070421781406182582e+01
-1.695266941662552540e+01
-3.031952580300146138e+01
-2.343525751055083006e+01
-7.881308387101959134e+00
-4.328042384297712886e+01
-2.122024266068492082e+01
-1.424364899125323625e+01
-1.395174384535668821e+01
-3.773286760408615326e+00
-1.761936947429479261e+01
-8.559372474928055752e+00
-3.359811838858418298e+01
-3.310533056590251988e+01
-9.111235156074410924e+00
-1.404453599909503048e+01
-3.626065656465894449e+01
-1.330111239984663740e+01
-2.257841975563534476e+01
-2.792400939957806827e+01
-1.879574253245611004e+01
-2.409708875330774092e+01
-1.473841320734174154e+01
-9.624285643217669772e+00
-1.245892381545651517e+01
-1.831329678467557187e+01
-2.216293609053539626e+01
-1.831329678467557187e+01
-2.313911524855519986e+01
-5.034253417272233833e+01
-1.998485725647871547e+01
-3.419964810695066149e+01
-2.447533508489501131e+01
-3.053793458366548919e+01
-2.795321067439663665e+01
-2.145524053097217276e+01
-4.273632916857794228e+00
-1.998491280549634652e+01
-3.049475092614637006e+01
-3.124631591809225384e+01
-1.580091422172906945e+01
-1.083561106447351818e+01
-2.810104494176797374e+01
-1.216983976893596520e+01
-1.988501188313620460e+01
-3.773286760408615326e+00
-1.131237121546740987e+01
-1.618051741112004294e+01
-2.370608033492993272e+01
-1.932354314796392103e+01
-3.750266230683474333e+01
-6.820841580121182801e+00
-1.100413534603642596e+01
-2.802472618870533339e+01
-5.325907930771052179e+01
-1.001224603518859197e+02
-2.906778953060632631e+01
-5.241333336185622471e+01
-1.100010936882679005e+02
-1.090425801443057630e+01
-1.894195785929685627e+01
-2.197916851364308499e+01
-2.393909134877198852e+01
-5.768097843976027406e+01
-1.277451378173515018e+01
-3.089941944555478059e+01
-1.930954766727181493e+01
-1.010332957141871759e+02
-4.868944262177188165e+01
-1.120387973811669546e+01
-1.643318505056116052e+01
-1.048683096715335239e+01
-1.685456314173025660e+01
-4.331703409361077206e+01
-1.492529074641309528e+01
-4.698814871253007652e+01
-1.403708072617759051e+01
-2.042405392708746348e+01
-1.826661167236269634e+01
-2.446305703647178476e+01
-1.401432071823454528e+01
-3.434386771440825825e+00
-2.054243520102007281e+01
-1.573477753781355482e+01
-3.436524562527481663e+01
-7.508737815128002424e+00
-5.630532924097805392e+01
-1.168067706526436211e+01
-3.006749774612957893e+01
-1.363867309885143619e+01
-1.228312700250135414e+01
-1.775589671868173980e+01
-3.608963810803421524e+01
-1.161869890961353846e+01
-1.020693874353104178e+02
-2.381044718239737534e+01
-2.903175442370604031e+01
-1.066794132138472051e+01
-3.799986908411705855e+01
-8.629625218644907392e+00
-1.654010703571871588e+01
-1.890065061117815759e+01
-1.231710449102456195e+01
-9.089394836914154396e+00
-1.836760134813924594e+01
-1.691939278187097173e+01
-9.240681316771951259e+00
-1.529171048516390918e+01
-1.397661285069588644e+01
-2.525811300795347591e+01
-7.558722141400951777e+00
-3.055613023992732025e+01
-1.671078836442372406e+01
-5.158320621845304998e+01
-3.184743298402024436e+01
-1.631887317869794884e+01
-2.004136758568572318e+01
-1.988404675761620055e+01
-2.951480467870613822e+01
-1.469334564174621782e+01
-3.255846036045413427e+01
-2.361162824995100351e+01
-3.047853766904657036e+01
-1.423066074634941458e+01
-2.785017559847144142e+01
-2.495284269484602646e+01
-2.776968540828931609e+01
-8.713043679964261656e+00
-4.897420340709950892e+01
-1.554648358004434172e+01
-1.685555637123364647e+01
-2.510335650245052364e+01
-1.508526417070481251e+01
-6.390088562831684804e+00
-1.483555007570797635e+01
-2.898429886063063066e+01
-2.015685689987530083e+01
-3.706991240061994120e+01
-3.260140611845852021e+01
-5.844142038888461954e+00
-3.219949021307087378e+01
-1.255549648793844675e+01
-1.624983415772805273e+01
-1.756777356557488545e+01
-2.096627318636055648e+01
-2.539496388524415238e+01
-9.263643682043289473e+00
-3.679192551172432957e+01
-9.640770690047439473e+01
-5.087669278166912790e+01
-1.988441793962848081e+01
-2.259741042019506452e+01
-1.564260696178978982e+01
-3.344076814996397218e+01
-1.044983925643263412e+01
-6.617256097827201700e+01
-2.258475112209770330e+01
-1.129989955623218201e+01
-1.691261781888429994e+01
-3.926765726942220169e+01
-2.068579365070447906e+01
-1.658740476734568858e+01
-1.422880546332466878e+01
-1.570537761867404747e+01
-3.773827855254168639e+01
-1.266433684358575640e+01
-1.541484498800203440e+01
-4.650557795565977415e+01
-1.332933659649237867e+01
-8.310176996560590723e+00
-1.649492704353495753e+01
-1.615639758093009348e+01
-8.313043679964261301e+00
-1.505914086495508464e+01
-2.223164439652127200e+01
-9.832049320935608350e+00
-1.995390542240837917e+01
-4.147874268343132798e+01
-2.124747126956456356e+01
-3.111560149319480928e+01
-1.827172162213328122e+01
-1.132574084930749514e+01
-1.223392157739111497e+01
-1.702651715059096205e+01
-1.522536658765997153e+01
-1.739603106927235388e+01
-1.353195081023077151e+01
-1.319519181111073891e+01
-1.108002521177694888e+01
-1.284661765050010551e+01
-6.435302954993514568e+00
-1.765995485558890721e+01
-9.684831322767818662e+00
-3.170915557852163502e+01
-1.470330172643731537e+01
-1.626915832648791138e+01
-1.674513007067415771e+01
-2.396613973675308884e+01
-9.293579232885756269e+00
-2.442237578836881440e+01
-1.975710046561225752e+01
-3.021772043024362020e+01
-2.529155736999164006e+01
-1.687462978406873759e+01
-3.256746340013607721e+01
-1.304631968111687179e+01
-9.940769469680317272e+00
-2.062830642468538400e+01
-4.895998662051179906e+01
-2.806166583049800067e+01
-1.438157183986872489e+01
-9.573544961804859810e+00
-1.503126561215318802e+01
-5.107568054892417564e+01
-3.297648316628242782e+01
-6.342674058243463975e+01
-2.429238234537005070e+01
-3.930106533983964479e+00
-8.664497303748103008e+00
-1.697017675314149798e+01
-3.274147921621807455e+01
-3.790612853181036712e+01
-1.639329245008512714e+01
-2.364628890285014506e+01
-3.412412944591760144e+00
-1.474450728236364228e+01
-2.467815867908784355e+01
-1.552830615446985796e+01
-8.058954294564982135e+00
-2.122019904814961677e+01
-1.539213552370695659e+01
-7.764338198796711055e+00
-1.300728018854133516e+01
-2.574290501365107176e+01
-1.096458521884782584e+02
-8.929015419158666589e+00
-2.024468950092665764e+01
-1.939455721499018637e+01
-2.399615816078843267e+01
-1.166197348294525860e+01
-9.999467842088326108e+01
-2.360261632934994580e+01
-3.051026229059399952e+01
-1.171272553481147582e+01
-2.421757272945456663e+01
-5.750819016277343820e+01
-6.737200222568307595e+01
-2.255070172365000403e+01
-3.304016163362494041e+01
-4.297163112981615285e+01
-4.311501278931183379e+01
-1.800880450410632250e+01
-9.815583161386243205e+00
-9.184013695306576963e+00
-4.606933741351944889e+01
-2.340189892197410515e+01
-2.164676682864962132e+01
-1.432672102634541389e+01
-3.301068985585494886e+01
-7.869272515954623515e+00
-1.519417636396736171e+01
-2.952029060570970387e+01
-7.149239426867060487e+00
-1.003682637658044428e+02
-1.622941870179699109e+01
-1.736938199153699713e+01
-5.900365115421033124e+01
-3.298539301080283792e+01
-2.685982206347440737e+01
-1.788224470971686486e+01
-1.870584004537468559e+01
-2.055869964961390650e+01
-2.432895356973443057e+01
-1.432672102634541389e+01
-1.514830054450715302e+01
-2.634386771440825559e+00
-3.394082365948560920e+01
-3.027552991963086271e+01
-1.322684007372027004e+01
-2.754731437464434407e+01
-2.129118990139814116e+01
-5.805151612470305089e+00
-2.428911523907125414e+01
-9.299874430014938298e+00
-2.525811300795347591e+01
-7.794459834314305446e+00
-9.525566587725448287e+00
-1.180108712995702547e+01
-2.385207970951885414e+01
-1.690331326028237058e+01
-1.755266941662553037e+01
-1.096139648899729622e+02
-3.314492606240667527e+01
-9.573544961804859810e+00
-1.202317821464488468e+01
-4.827156166419553784e+01
-4.223104963126519173e+00
-7.314811026044793607e+00
-1.603182524816087096e+01
-2.062650833199544209e+01
-1.170172459301092083e+01
-1.788224470971686486e+01
-2.479389423626881950e+01
-3.132507190932254915e+01
-4.297163112981615285e+01
-6.972184153555086361e+00
-2.789167437074952360e+01
-3.025170228157298524e+01
-1.210401858622985216e+01
-4.701002649877110429e+01
-1.330588687934230485e+01
-9.489281501348814984e+00
-1.404372788713236453e+01
-6.261582743855111488e+00
-3.241715839298343127e+01
-2.626649481671995900e+01
-4.719652439770582930e+01
-1.625234498569193065e+01
-2.463247180555886828e+01
-2.299723500988720559e+01
-9.453799629642341884e+00
-4.630557795565977131e+01
-8.091975511023061784e+00
-5.773989402118250069e+01
-5.623417395440959865e+01
-1.343552875984118344e+01
-2.530538341769254629e+01
-1.907770315787781712e+01
-2.619731704224732383e+01
-1.486692112605023297e+01
-1.807881798408182661e+01
-1.311346033389423482e+01
-2.935213912891501309e+01
-2.169974364232935216e+01
-1.135695846590712854e+01
-1.516322085296054034e+01
-5.019028775706798484e+01
-9.955390022295578945e+01
-7.418781139978886330e+00
-8.886935428290072991e+00
-4.817489505461917787e+00
-2.092966022166750051e+01
-1.469190326420444848e+01
-1.303692623258471883e+01
-1.488596467027732650e+01
-2.956410209048713966e+01
-1.230664553407861916e+01
-1.623676068328191846e+01
-3.370994775744632932e+01
-9.656970247725707779e+00
-2.314744406424219747e+01
-3.108978574139745632e+01
-2.537336363479639445e+01
-8.068966446484690636e+00
-1.092619857011823541e+02
-2.114447446331292113e+01
-1.378989197614169093e+01
-1.549866073088529106e+01
-6.330236064895286319e+01
-1.642233779165886176e+01
-1.083904549167448650e+01
-1.814759599542222546e+01
-1.167807304328111506e+01
-4.635008881976098394e+00
-9.089394836914154396e+00
-3.151284398843866086e+01
-2.363384582205896223e+01
-1.765884100816328584e+01
-1.439930157095668939e+01
-9.906554592489308675e+01
-5.809065919144084944e+01
-1.827154900953679473e+01
-9.769955077234139651e+01
-3.172284071796143223e+01
-1.613807183259470079e+01
-2.219179273163252830e+01
-2.116611229125441795e+01
-1.406389936774784211e+01
-1.896973798259598709e+01
-1.671375319346050503e+01
-1.924227091646422849e+01
-5.303409862161258559e+01
-3.171036626238109690e+01
-1.908706085005991326e+01
-5.057485409876628069e+01
-5.190298650138545078e+00
-2.970514227249073613e+01
-9.911988900960732707e+00
-8.549915248250636424e+00
-2.316191108464201065e+01
-3.193904204171702688e+01
-2.893381380516182944e+01
-6.611706977121787787e+00
-5.635306037486706288e+01
-1.071130645033754902e+01
-3.728470798297505695e+01
-1.584912654347322380e+01
-1.539759034358430512e+01
-3.332185588775551821e+01
-1.000945336165612254e+01
-1.164190563657138888e+01
-2.382412311895178547e+01
-3.065366527974118682e+01
-5.961218714529235463e+00
-4.618204996074307189e+01
-3.372843433816372638e+00
-1.042650741484077948e+01
-1.535966692403368405e+01
-2.519122418434180943e+01
-1.939106424040040011e+01
-8.749648818299100128e+00
-1.273305609445197462e+01
-4.687502532418216106e+01
-1.906722082703933552e+01
-3.254959609973464296e+01
-1.268050904536010393e+01
-1.166029546775053305e+01
-1.617942387607667953e+01
-2.170418658856255689e+01
-2.379736056935966815e+01
-1.302152610126302967e+01
-1.252332857003994171e+01
-7.534139397200479316e+00
-3.348252188733252410e+01
-1.170340266597597711e+01
-4.818277084950495492e+01
-5.883563237449008199e+01
-1.525966692403368619e+01
-3.267561039359065234e+01
-1.651615906071964091e+01
-1.918255737309451092e+01
-1.574912654347322416e+01
-1.214013078426079417e+01
-3.463710212976569380e+01
-4.297163112981615285e+01
-3.340164166354712449e+01
-3.428614808975651584e+01
-2.973325541993979115e+01
-2.901730626203737984e+01
-3.793709843901168277e+00
-7.167770600317144414e+00
-1.444030734562116791e+01
-2.519122418434180943e+01
-3.107591231785308139e+01
-4.439466642345240643e+01
-2.309271424086787761e+01
-1.003954844684881920e+02
-1.214079411264910568e+01
-4.069527010108543408e+01
-1.378243070746819576e+01
-1.690749460638211943e+01
-1.565804911960306889e+01
-2.428342755824318644e+01
-1.838719302739011852e+01
-1.529495013179112917e+01
-3.634386771440826003e+00
-2.308138377904541017e+01
-1.766572622901378864e+01
-5.929789824356807060e+01
-1.440357703566410308e+01
-1.009250863414002026e+02
-1.832068943923727744e+01
-2.934386771440825381e+00
-1.761008390843781513e+01
-2.940314833681423323e+00
-2.225690446354031238e+01
-1.450115589158031248e+01
-1.493664727593503905e+01
-2.463450238637896916e+01
-2.944916528029999370e+00
-3.224694572183372543e+01
-4.826661435003321543e+01
-7.625819086231127031e+00
-9.811988900960731286e+00
-7.897202772403702831e+00
-8.058527701589630610e+00
-1.732923723808659844e+01
-3.188708840934608091e+01
-8.250945552301001129e+00
-1.679913264196301625e+01
-3.170129852426071082e+01
-1.065996590700667213e+01
-4.581524628806268140e+01
-1.131270027555966777e+02
-1.719262313047543245e+01
-1.002574813703097050e+02
-1.422989341165688337e+01
-9.519282167440138664e+01
-3.296409172683744515e+01
-1.812996301268564281e+01
-1.690902531339545334e+01
-4.663336577312188069e+01
-1.068425435352173736e+01
-1.551246606664890137e+01
-2.321703481934114066e+01
-1.290583847027007280e+01
-9.014625454028584173e+00
-5.851180081265248134e+01
-1.002582270136386455e+02
-8.044384369279345748e+00
-2.037828387764706406e+01
-3.184496239067481582e+01
-1.924166833985531255e+01
-9.449839256432632340e+00
-1.492479691731424829e+01
-8.929087241653835605e+00
-1.723185265888350060e+01
-1.251802144820805651e+01
-4.554665239018256528e+01
-1.996470301403158132e+01
-2.914205830882284332e+01
-2.177961172982822546e+01
-3.311385449190111530e+01
-2.379736056935966815e+01
-7.590332395075886041e+01
-1.031347199550585003e+01
-3.147225500209844995e+01
-6.393718836685741280e+01
-4.364539070037495350e+01
-1.330879289275198474e+01
-1.588016026618830168e+01
-2.561106240492896546e+01
-1.820153524435949421e+01
-1.850358882088374912e+01
-2.590787962116901255e+01
-1.535966692403368405e+01
-3.044916528029999458e+00
-2.542502760245361060e+01
-1.679586112508418694e+01
-7.356958257760731534e+00
-1.294806107993563771e+01
-6.813734981282026126e+01
-1.248244605377534100e+01
-1.471880349774749774e+01
-1.113589551949089866e+02
-4.878483144841465702e+01
-6.515534160147420373e+00
-1.091346128771480579e+02
-2.978565230536453967e+01
-2.610686052956284442e+01
-1.535966692403368405e+01
-9.040527669760971108e+00
-1.094066979100407337e+02
-2.078517917524422742e+01
-1.956948313261896644e+01
-1.937679172293756125e+01
-3.150255879406063286e+01
-1.541666393858990958e+01
-1.610823104671321104e+01
-3.314390188108943391e+01
-2.251338737496441311e+01
-3.067888528630397360e+01
-9.059718045215251436e+01
-2.955403108062331086e+01
-2.379736056935966815e+01
-9.546809094715658972e+00
-9.440149697987953559e+00
-4.857922422224697812e+01
-2.603411283840105384e+01
-1.101729551312315465e+02
-2.379736056935966815e+01
-2.245330057734554785e+01
-2.591956774704650357e+01
-1.589997951089774020e+01
-3.081069549442281641e+01
-1.627870058412921495e+01
-2.650499087045264801e+01
-1.655040613020198492e+01
-1.234834415825124232e+01
-1.326616333949166382e+01
-4.573914236925846666e+01
-4.311636751363437980e+01
-2.644916528029999547e+00
-2.157250004637014129e+01
-2.115217288099987769e+01
-2.264837386869018587e+01
-2.978565230536453967e+01
-7.433172332379752056e+00
-2.309437249542920156e+01
-1.753893575396096693e+01
-7.697521020276383297e+01
-3.164347743876943042e+01
-5.019682012727103881e+01
-2.656747995909374893e+01
-3.173557587125636203e+01
-2.951441653114840591e+01
-1.263328388733629559e+01
-2.409734180726757202e+01
-1.917009153954101208e+01
-1.657645414833237041e+01
-1.496868095406095911e+01
-2.936647717588013506e+01
-4.375784890227755142e+01
-2.486691454495059261e+01
-8.024994147827230861e+00
-2.679293323986274089e+01
-1.086995014426995994e+02
-1.107009807857298789e+01
-2.064357130250654038e+01
-7.373291831083453651e+00
-1.061732556609638145e+01
-4.225096404179080167e+00
-2.163799692281530085e+01
-1.711333336613630252e+01
-2.101396923353531676e+01
-1.719262313047543245e+01
-2.505432813098482647e+00
-5.138672727330703083e+01
-1.960067466996160945e+01
-2.351572756544146259e+01
-2.180841434548531410e+01
-2.331284021183598654e+01
-2.814250639413409161e+01
-1.400015890635500782e+01
-1.051325377411424000e+01
-2.127393633821297314e+01
-3.177371241726472206e+01
-1.224786095907843730e+01
-1.421354083976133076e+01
-1.842160070600279198e+01
-5.956524257371763298e+01
-1.695266941662552540e+01
-3.101641788273230915e+01
-2.158767029684559446e+01
-2.438199595023456112e+01
-1.121938386918070307e+01
-8.058527701589630610e+00
-2.457803881942921720e+01
-1.543193686229748351e+01
-1.899201285944818807e+01
-1.116220631372751626e+01
-1.726189707631638370e+01
-2.930230092617828319e+01
-2.317594255170133977e+01
-4.286652347984810518e+01
-8.816902839688619764e+00
-2.251638361545043665e+01
-1.066060117307912947e+01
-6.682498208927465377e+00
-1.015996590700667745e+01
-3.900338346615747298e+00
-1.216000661565059282e+01
-2.964722622236885030e+01
-8.954795511655852636e+00
-1.535966692403368405e+01
-1.149682608736316070e+01
-1.462056585970415590e+01
-5.865187448021812600e+01
-9.330233753487632953e+00
-4.001901024786168826e+00
-4.475019798433977058e+01
-3.078837964790833492e+00
-2.949164119461440947e+01
-1.870410330461981019e+01
-1.179615383288165553e+01
-3.071146320565924270e+01
-1.916277834880526498e+01
-1.286283272056042293e+01
-2.768648831116499309e+01
-8.166803220877369540e+00
-1.432593725354073655e+01
-3.180978759852678550e+01
-3.285948275630025961e+01
-2.228692134564325400e+01
-2.893381380516182944e+01
-1.695266941662552540e+01
-1.601174768044884900e+01
-1.001307699877707478e+02
-3.177697695021872448e+01
-4.654033149669953673e+01
-1.088330442727783343e+01
-1.725469988865922488e+01
-1.300583847027007423e+01
-8.857028759335079826e+00
-1.950858175430184360e+01
-9.529619328035243697e+00
-2.899815990858581571e+01
-1.760406996428209325e+01
-3.218834312805245190e+01
-1.543193686229748351e+01
-1.755655218707424225e+01
-3.171036626238109690e+01
-1.237881932264346041e+01
-8.696452705531767080e+00
-1.141055762786333361e+02
-9.605844060059579803e+00
-2.273349577419919143e+01
-1.964068529324660517e+01
-1.232920643553865858e+01
-1.814212182707413490e+01
-2.514604145585952466e+01
-7.777038409559915522e+01
-1.396845413427204186e+01
-3.204933492356360603e+01
-3.335095235188021690e+01
-1.109355154437373443e+02
-2.548073061709562381e+01
-7.433172332379752056e+00
-2.151246217247725312e+01
-2.989338708793039956e+01
-2.556485612155027454e+01
-2.590288314011387527e+01
-1.032577585760925842e+01
-2.010865326919650542e+01
-1.105104404980689026e+01
-1.778084173863609152e+01
-3.077748113443716349e+01
-2.220740756877140143e+01
-1.602554758817599989e+01
-1.137807124264604539e+02
-1.383818955909103821e+01
-1.831943603614898564e+01
-3.153551149724185620e+01
-4.311495979815045132e+01
-5.764472404239913317e+01
-1.854348073190868718e+01
-3.139092401702517421e+01
-4.254785010830457459e+00
-2.641815413219141107e+01
-1.494487972287425137e+01
-8.319614709836040234e+00
-1.850438207085896281e+01
-6.251951344147898482e+01
-2.729233221291857348e+01
-1.217333092259529792e+01
-3.656853960895714906e+00
-1.640104965257809511e+01
-7.084560416613686407e+00
-5.749566044606488902e+01
-1.727612672418664985e+01
-8.120211674442233019e+00
-2.162321071689445517e+01
-1.994205683855192035e+01
-1.768431327891489246e+01
-1.804652652005206193e+01
-2.281718556605045478e+01
-1.092955416000488178e+01
-8.749648818299100128e+00
-1.999716515566678510e+01
-2.742661653247139952e+01
-5.389167063560424253e+01
-1.822170113051241103e+01
-3.334603633880701778e+01
-3.307856130221373547e+01
-8.793654280922165611e+00
-1.565000111751627898e+01
-2.758418118624278392e+01
-5.091126269270528582e+01
-2.430075694385616103e+01
-1.891719029715493150e+01
-2.893381380516182944e+01
-2.341313210831203406e+01
-2.900701402980122623e+01
-1.429089863934555105e+01
-6.989847407531959433e+00
-4.683535580325658643e+00
-1.535966692403368405e+01
-2.459146633525763903e+01
-1.502278534622039885e+01
-2.379736056935966815e+01
-1.111122723546162803e+02
-2.074676682864961919e+01
-2.999801013508511005e+01
-9.014625454028584173e+00
-3.200817848928319620e+01
-5.499643371050153107e+00
-6.888087099182025774e+00
-8.867225492334359416e+00
-2.459675366790517970e+01
-5.006483966807962815e+01
-7.084560416613686407e+00
-1.507445652987412466e+01
-1.979464690026869533e+01
-2.199922902110339606e+01
-1.807350646722700915e+01
-1.973024646320317643e+01
-1.017901077696730638e+01
-2.279207246715431268e+01
-2.514604145585952466e+01
-1.209424358635629204e+01
