-2.734682277249500260e+01
-3.977814719646946173e+01
-7.698870536951621091e+01
-2.956653411859782921e+01
-3.131809090634802928e+01
-3.984643640712251056e+01
-3.784143116595254241e+01
-3.528703541222673579e+01
-5.070450099484602902e+01
-3.764239927415314924e+01
-2.469047606940789308e+01
-6.537695239642104639e+01
-5.528733693398762483e+01
-2.740049193746001066e+01
-4.451606325061896996e+01
-4.542138587767931313e+01
-3.137078511452230600e+01
-3.020021536422010300e+01
-5.667023853314569237e+01
-2.882610983233776025e+01
-3.668163024769460634e+01
-4.265865026584893371e+01
-3.603209168648051985e+01
-3.345646044293431487e+01
-6.534312523593082744e+01
-6.023065017853412684e+01
-7.243214361380633193e+01
-3.713282957457771261e+01
-5.797242516780699617e+01
-9.920977674282302416e+01
-2.661299694577621011e+01
-6.446180111944212854e+01
-3.774185286625642988e+01
-5.137783665025723678e+01
-5.745335680490611452e+01
-2.518674353918915187e+01
-2.033537142903450601e+01
-3.375907413067685070e+01
-2.507475618471035617e+01
-2.780590927970911963e+01
-2.720155906941431567e+01
-2.650436670882942991e+01
-2.237809678500865473e+01
-1.513292766217574759e+01
-1.722662255410768495e+01
-1.284082889462351318e+01
-2.128330761924548042e+01
-6.016415969599746205e+01
-5.567757578221205961e+01
-3.457116125369742576e+01
-1.252907876084086425e+01
-7.467358473190468260e+01
-3.112240935888871007e+01
-3.984817959095028783e+01
-2.175257047434975277e+01
-2.746547280912679057e+01
-3.857810151473225346e+01
-1.515026111580595369e+01
-1.881534616695971351e+01
-2.195055405515408253e+01
-3.682927257270999633e+01
-5.509221814512471838e+01
-2.068566565251676082e+01
-1.742914936137116655e+01
-5.402234121444681847e+00
-1.994753950433418055e+01
-2.612212815428533474e+01
-4.103163119870182385e+01
-1.332643919853637016e+01
-4.080602621372892003e+01
-2.113441499254725997e+01
-1.947487833015555125e+01
-3.669356237979159374e+01
-1.282411631241542693e+01
-3.815898048864238490e+01
-3.373932522953703028e+01
-2.865290565315951454e+01
-1.882489865018120767e+01
-4.288757119037620669e+01
-2.158605212210382263e+01
-1.458165248764480282e+01
-2.207163647466921574e+01
-1.368702300423269413e+01
-2.250909701298719057e+01
-2.815498188695575266e+01
-7.225558434556417886e+00
-2.373625138290035608e+01
-1.958318410514063856e+01
-1.849120501603032807e+01
-2.046195240110046143e+01
-1.461057901172843110e+01
-2.333015427214098736e+01
-3.731300194390328073e+01
-2.441390445127963105e+01
-1.151540047917363552e+01
-1.255413401454349298e+01
-2.143743831259732247e+01
-2.264366802624182640e+01
-3.463146034122249262e+01
-9.406437770089608463e+00
-2.409364867221219342e+01
-2.055039348721210501e+01
-1.569980791837944523e+01
-2.912189958667079637e+01
-2.114563919765125632e+01
-1.799695477875541982e+01
-1.855562033525275467e+01
-9.207863120266566170e+00
-8.725531884547262251e+00
-8.090720549690799146e+01
-4.846948284594941470e+01
-7.108215174217638044e+00
-9.296500162596542793e+01
-2.904827973101440719e+01
-2.559798470758988742e+01
-4.714139809995013053e+01
-3.526987341118441321e+01
-4.086965659314716959e+01
-6.560342287419040019e+01
-2.886433542611868219e+01
-6.707107250005114452e+01
-4.734034639888517582e+00
-2.728451485913311458e+01
-2.006676443835540624e+01
-1.216295184664118878e+01
-1.793153679275977197e+01
-3.800102863536028508e+01
-4.570072866611980089e+01
-2.465315050486117343e+01
-2.019974063207041226e+01
-6.555752203386572496e+00
-9.183530346693487445e+00
-2.694249378009069318e+01
-2.280695398253884321e+01
-5.641825646919299686e+01
-4.958277375552837185e+01
-1.550206594980248909e+01
-1.630365705720596381e+01
-2.663885922615846269e+01
-5.565856816651906058e+01
-2.608998575627217065e+01
-1.696797552757834637e+01
-1.370524466184692969e+01
-6.584422174537074568e+01
-8.024715173489616404e+01
-3.607574310773120629e+01
-2.826462262836637152e+01
-3.486976975592413197e+01
-1.097837565790864112e+01
-7.465744733929792432e+00
-3.637090615705303520e+01
-6.522934227529727735e+00
-1.923425440981235113e+01
-2.727831309625389622e+01
-4.631274742098537445e+01
-1.488327030722104105e+01
-3.311059370876471064e+01
-3.054037284242284400e+01
-1.739145409285116983e+01
-2.153515769818145031e+01
-2.317864554876279470e+01
-2.012653232174983486e+01
-2.876930076824153204e+01
-1.889210690209246835e+01
-6.330840072468201463e+00
-2.534352702259021228e+01
-4.839398310167619144e+01
-2.130706605946307519e+01
-7.481387152830005505e+01
-2.798330604198514138e+01
-4.607565450394248785e+01
-3.748298370357255038e+01
-2.150001737539363234e+01
-4.032751149283064773e-01
-2.266575487146916856e+01
-6.542673808006921377e+01
-1.483760750393191152e+01
-4.018038423471350740e+01
-1.846378143314581521e+01
-4.845037249307575422e+01
-1.670299511860808295e+01
-3.683120623384305503e+01
-4.076706498153757963e+01
-6.350848288018006116e+01
-1.123483362287750786e+01
-1.087607098374310510e+01
-3.061786269884140665e+01
-6.640151046385702216e+01
-3.061561813491496142e+00
-3.062363220382025730e+01
-4.521940988921329563e+01
-2.666037674336461905e+01
-2.083004362737862891e+01
-6.605670663753936367e+01
-5.885088122074729711e+01
-2.138483419503592486e+01
-1.481692171558106708e+01
-1.835232000355372151e+01
-4.856562405444407204e+01
-3.569189173557901285e+01
-2.353841278183955765e+01
-1.234575493785100164e+01
-3.668654454705255574e+01
-2.585034966661761402e+01
-1.214725534392708539e+01
-1.191048036932569509e+01
-2.271610563498455804e+01
-5.128808932165393486e+01
-2.033574494102427010e+01
-5.532777937580936722e+00
-5.355200436079876170e+01
-2.216529099566210448e+01
-2.963716604239610675e+01
-3.601775833486025391e+01
-1.699461683359543684e+01
-4.924989357178039029e+01
-4.368830195962402030e+01
-2.721180646236858891e+01
-1.919665369911309938e+01
-5.534866125287504701e+01
-4.866817368150195477e+01
-1.815667633874642917e+01
-1.658335088196425611e+00
-1.054215743393792515e+01
-2.766209777743220855e+01
-6.293184633792722593e+01
-3.802313974598397550e+01
-2.864732361222252166e+01
-8.634411189374784357e+00
-3.156835145334968473e+01
-2.878614518174246584e+01
-1.703014864782013760e+01
-9.748699856224284588e+00
-1.635935897662087868e+01
-9.131388527282677359e+00
-2.684074847191245539e+01
-7.358798359686452351e+00
-2.156776118040378520e+01
-7.144121101684126174e+00
-2.059018078701001997e+01
-3.215554204708281105e+01
-1.684227048219869971e+01
-4.142441123095275657e+01
-2.722906428677839230e+01
-1.254501064642120944e+01
-5.062348663679759397e+01
-6.277949376700037831e+00
-2.123808230125619811e+00
-4.040807912269301916e+00
-1.331695916210619757e+01
-5.870818420012205330e+00
-1.025113990302700451e+01
-2.777737477459899651e+01
-6.206027877433309214e+01
-5.701589385170109381e+01
-2.072625484044667132e+01
-2.682801662037655532e+01
-1.272951263874509387e+01
-1.317940740612191419e+01
-3.879493435084592790e+01
-3.534437300898746059e+01
-7.907714806900489002e+00
-1.243965164144579383e+01
-1.190899681396963139e+01
-2.732119852423424433e+01
-4.038892081520629773e+01
-1.463627933065924225e+01
-3.250951901461978366e+01
-2.106341442699921274e+01
-1.564594199415451925e+01
-2.815690795861480566e+01
-2.149410838831500570e+01
-1.405387568892972183e+01
-1.184227813148361896e+01
-1.787050210265735473e+01
-1.616995401748804406e+00
-5.795800606889266504e+01
-3.969924425491055953e+00
-7.606639364986769181e+00
-6.718825009967598305e+01
-8.562944561933436205e+01
-1.221498815869090482e+00
-2.244893637758369209e+01
-2.282142930077835530e+01
-4.695296982554837939e+01
-6.408500423043251182e+00
-1.104324940992615112e+01
-1.746772115588099084e+01
-9.508214450094275350e+00
-2.568236419019461536e+01
-1.807813062952342520e+01
-3.747015184011356581e+01
-1.918477486195154569e+01
-1.430838969826901597e+01
-6.168547216409907463e+01
-1.372340226472781133e+01
-2.887027049611773322e+01
-5.397312980301650498e+01
-5.466736794474217476e+01
-1.130539467607075821e+01
-2.543239996415819704e+01
-1.426634449879484201e+01
-2.370039521712129016e+01
-2.384520755255352853e+01
-1.211268178167864207e+01
-3.832510485256594279e+01
-5.310807798965085880e+01
-2.766973387142287066e+01
-1.321394533483473843e+01
-6.621634707262057873e+01
-2.929287477684533414e+01
-7.738734296593879947e+01
-3.612174311396790927e+01
-2.541839604938509112e+01
-2.313007076690798414e+01
-2.554485989064283658e+01
-2.497609915165178407e+01
-1.650917837348633554e+01
-4.218900750085751383e+01
-2.038479180818702829e+01
-9.451519359007003018e+00
-1.217759396540144090e+00
-4.317077367959832657e+01
-1.355146262691947889e+01
-2.560574162268182619e+01
-4.643031379458821384e+00
-2.405344733335742902e+01
-2.774518425670302335e+01
-6.592723873250550071e+01
-1.191985845012401768e+01
-6.771956936991712439e+01
-1.367835223072930795e+01
-1.068173379164331394e+01
-4.849016383233315253e+01
-1.886460850087086749e+00
-2.046231624253166004e+01
-1.699577383820113141e+01
-1.072702506662738031e+01
-1.675864947385730730e+01
-5.937852485128361479e+01
-2.957101214593514715e+00
-3.893009214233225634e+01
-1.401390534226543139e+01
-1.235356935428012015e+01
-3.199920687858221413e+01
-1.281463355923015435e+01
-6.146068063918208146e+00
-4.789241182722090429e+00
-3.851479817631806668e+01
-1.773459631438879924e+01
-1.097667032123104036e+01
-3.477835553151838610e+01
-3.619657731391093147e+00
-8.278589828168870568e+00
-1.565230512041127753e+01
-1.013140914887876143e+01
-5.644650284406152707e+01
-1.427876038461082331e+01
-3.352737675449986199e+01
-1.226689222828130887e+01
-4.814754436574396834e+00
-3.788785769651728685e+01
-2.609668707292271961e+01
-1.536441477839665914e+01
-2.527356514623096828e+01
-1.166070479820479022e+01
-1.125767098373003527e+01
-3.141290160859290026e+01
-3.622688198513477431e+01
-2.699357424241799563e+01
-1.422900473951977141e+01
-3.402026627525975755e+01
-5.370229925103797086e+01
-2.962847436986051619e+01
-3.901192253456129322e+01
-1.218432748879376426e+01
-4.915137205627510752e+01
-6.825248177487892143e+00
-6.967555623601879233e+01
-3.657329121107017755e+01
-3.627992805076324601e+01
-1.288964784633984628e+01
-3.863665660250959633e+01
-2.358291746538838041e+01
-1.788852251414526506e+01
-2.150001737539363234e+01
-1.616995401748804406e+00
-1.595997503432404230e+01
-2.753731332731567605e+01
-1.984263636321455193e+00
-3.394463916521485913e+01
-1.740066683422915972e+01
-1.185719138530294892e+01
-1.199757965014410743e+01
-4.321984275673582232e+00
-9.021667738081001531e+00
-1.867669275851751109e+01
-3.788261840733517261e+01
-4.773216072241130803e+01
-8.986578238589761014e+00
-5.768323339772099878e+00
-3.416785134029657200e+01
-2.182530421343671634e+01
-6.653672444328703861e+00
-7.244100210561271069e+00
-1.171538017208949078e+01
-3.250123954758596945e+00
-1.212798437269142582e+01
-2.552311571835510051e+01
-7.108361343398118315e+00
-2.095802643606250371e+01
-2.659270368113642746e+01
-1.620050739262826056e+01
-1.060241015174355184e+01
-4.547046025643226841e+01
-3.704914794081601848e+00
-9.155004595077510743e+00
-5.745463170191902691e+01
-1.969682713076494451e+00
-4.807636843124919324e+01
-3.536075918550568531e+01
-2.278853737617248854e+01
-3.681276350761985583e+01
-1.240323125129880033e+01
-4.171548841961111975e+01
-6.595160418249429313e+01
-1.364863640118909061e+01
-2.863710872243143513e+01
-5.310610930462093648e+01
-3.678422350758306436e+01
-5.148788553740615725e+00
-2.409666962138816615e+01
-1.662308394357886598e+01
-1.329387290628758400e+01
-2.546019561313835666e+01
-1.390211714333180737e+01
-9.425561142584026442e+00
-1.665178400996501296e+01
-3.084481634898243563e+00
-2.410819281727475527e+01
-3.612174311396790927e+01
-9.646982526374939582e+00
-2.370466091805738174e+01
-2.407600870071357235e+01
-8.986578238589761014e+00
-1.463452951395989032e+01
-3.745731862138726598e+01
-9.933654504619354952e+00
-1.539980791837944452e+01
-3.347716425444556876e+01
-4.126086789824471524e+00
-5.263254719688955419e+01
-3.491700957580874842e+01
-1.192619915444780965e+01
-1.202871884820139847e+01
-6.090405752123515981e+00
-1.960602269361657157e+00
-1.728280288407488996e+01
-1.399835029183571322e+01
-1.121916574847484682e+01
-1.008367419649681906e+01
-4.662315877329155001e+01
-4.815159566574225281e+00
-2.150001737539363234e+01
-5.753451787752690905e+01
-1.475420231512936375e+01
-5.115159566574225103e+00
-2.545071219870461476e+01
-3.632375102560054803e+00
-1.133643441360932336e+01
-2.727444927782871886e+01
-1.616995401748804406e+00
-3.644489269776081386e+01
-3.695417312046195946e+01
-1.210675138014870633e+01
-5.213785303239907165e+01
-2.962847436986051619e+01
-3.995399534073514047e+01
-9.476102290092187630e-01
-2.487125510336034395e+01
-3.697038614290184455e+01
-7.063734633152184195e+00
-1.417722974844057404e+01
-1.539980791837944452e+01
-1.034327382962461606e+01
-2.106284948586527150e+01
-7.833292535110878418e+00
-7.631348924530792388e+00
-8.997662643854420494e-01
-1.322125200091243125e+00
-2.789049400339587592e+01
-9.250261435693817091e+00
-1.539980791837944452e+01
-9.489866584905975344e+00
-2.483605267780326287e+01
-2.694172877162724333e+01
-2.771318645575702533e+01
-2.534931283185576234e+01
-5.644650284406152707e+01
-1.836083756874100104e+01
-5.840424866418042704e+00
-5.313680781367890660e+01
-1.075085193496236435e+01
-5.372112100649975730e+01
-3.733481914461395945e+01
-5.251866649544955123e+01
-4.067954279172058207e+00
-8.294233067473570031e+00
-5.134392203479396244e+01
-1.692844288301791522e+01
-1.210326811701202665e+01
-3.473424727564812020e+00
-3.742759590417402649e+01
-3.510087811656442458e+00
-8.619834434186874006e+00
-6.782350969100999549e+00
-1.411560467655151641e+01
-4.699346819752230431e+01
-1.601543651315551386e+01
-2.212010870792703443e+01
-1.663904659828957477e+01
-1.614036296540445647e+01
-5.475658879509532539e+01
-9.834115752083873119e+00
-2.132439040664974783e+01
-1.511332434062441088e+01
-3.690573517836804740e+01
-2.147874452464492379e+01
-3.704914794081601848e+00
-2.702524801808327837e+01
-5.253862283129284094e+01
-1.044179094219788162e+01
-2.473120066042395848e+01
-6.398549938307847462e+00
-1.022078747572131263e+01
-3.690573517836804740e+01
-3.808413794434078881e+01
-1.134463260637121351e+01
-3.810244330875409702e+01
-1.217816543555999331e+01
-9.364657318401643948e+00
-1.213451200714767353e+01
-1.305135385436588713e+01
-4.111567644925012388e+01
-1.890219719181566660e+01
-4.035677723541876816e+00
-1.746189300147337065e+01
-6.434677885384898843e+01
-3.039243660771421052e+00
-3.416785134029657200e+01
-2.323392058238064806e+01
-1.791387865342424135e+01
-5.227554539666187772e+00
-4.032751149283064773e-01
-1.313929385049831389e+01
-5.134392203479396244e+01
-1.751708195693845127e+01
-2.332879901256852406e+01
-3.430782586754055075e+01
-3.510087811656442458e+00
-5.134392203479396244e+01
-2.320260177943163171e+01
-3.359348593404022409e+01
-6.510859655952255309e+01
-3.994655995841906559e+01
-1.289391015943862051e+01
-2.499565527519334296e+01
-6.597823336271137862e+01
-1.519411914446959067e+01
-8.997662643854420494e-01
-3.099317881506426176e+01
-3.250123954758596945e+00
-2.714957619300851110e+00
-3.641043372310094384e+01
-1.667705126756532508e+01
-1.672738990541062520e+01
-2.154501214792571417e+01
-6.513038569817338441e+01
-1.068634604249282205e+01
-6.079646537083103652e+00
-1.595997503432404230e+01
-1.184306818304465736e+01
-1.583922800377843565e+01
-3.416785134029657200e+01
-1.720677295157101838e+01
-1.646634482699306901e+01
-1.184306818304465736e+01
-5.134392203479396244e+01
-3.039243660771421052e+00
-2.272725450510801437e+01
-8.097429216060142210e+01
-3.552947075018393974e+01
-2.344587335143371831e+01
-2.507932039651415579e+01
-7.800594862691848874e+00
-5.525180204756258462e+01
-1.245277991494412007e+01
-3.778988665637918132e+00
-1.722094407239087843e+01
-1.595373030913813928e+01
-3.704914794081601848e+00
-5.242292711223893065e+01
-5.005112442225490454e+00
-4.731172831206308871e+01
-1.491270828292126005e+01
-4.731172831206308871e+01
-9.918772902990870222e+00
-1.134463260637121351e+01
-5.417940090907016781e+01
-2.448986631111055345e+01
-5.407089723936991277e+00
-5.134392203479396244e+01
-2.658810128311925425e+00
-6.987777226446181089e+01
-2.895583466482036883e+01
-2.158768042795990993e+00
-3.956036392446831584e+00
-1.210326811701202665e+01
-1.583944446722617361e+00
-3.324455262517948739e+01
-2.908440838700461484e+01
-4.596130533620402048e+01
-5.736349073491269479e+01
-9.904152284620417745e+00
-7.800594862691848874e+00
-5.246581806150766880e+01
-5.610140180050300529e+01
-4.491829288148987409e+00
-1.871912443127621373e+01
-3.640579220413159334e+01
-2.329970240047060415e+01
-3.535888576997356125e+01
-6.500707892515013953e+01
-1.579522674658872816e+01
-4.279786001308202970e+00
-3.416785134029657200e+01
-3.096839712582933402e+01
-1.902007917228348077e+01
-5.185730576703703321e+01
-6.723027192424173393e+01
-4.387555530856308650e+01
-1.502804545148290316e+01
-7.005678993872513161e+01
-6.449848323732757649e+01
-2.691415424188805261e+01
-3.875097808940879407e+00
-8.918573722305653817e+00
-2.557732457898966416e+01
-1.925595120974779695e+00
-1.689980791837944452e+01
-9.626752522957518821e+00
-2.651478773748909745e+01
-3.255419298292164854e+01
-4.731172831206308871e+01
-2.704252094882447821e+01
-2.795687988354056230e+01
-1.595997503432404230e+01
-2.305186339238389692e+01
-7.302753818581024348e+00
-1.114417803909579519e+01
-5.262131587626853069e+00
-6.434677885384898843e+01
-6.562470350892139948e+01
-5.472708579749085089e+00
-1.816711161544143138e+01
-3.401628731506935566e+01
-4.656439633709299386e+01
-5.374265254770331346e+00
-5.763881061244069848e+00
-5.242292711223893065e+01
-3.904538505735287046e+00
-3.343636140800218470e+01
-3.477735631204376787e+00
-2.471650184234062309e+01
-1.663904659828957477e+01
-1.149332210789758868e+01
-3.994655995841906559e+01
-5.525180204756258462e+01
-1.616995401748804406e+00
-1.322125200091243125e+00
-3.459077816790105508e+00
-5.268577489784453149e+01
-3.477735631204376787e+00
-2.321841881005580888e+01
-4.951492714323403987e+00
-3.831854308156586342e+01
-2.791109446045838283e+01
-1.184306818304465736e+01
-1.475420231512936375e+01
-1.322125200091243125e+00
-3.022828634022178207e+01
-1.493407139580416754e+01
-1.233959852536605695e+01
-6.689173277436410103e+01
-7.800594862691848874e+00
-9.073678726086718882e+00
-6.429604232942398312e+01
-1.502804545148290316e+01
-2.106284948586527150e+01
-2.212010870792703443e+01
-9.626752522957518821e+00
-8.997662643854420494e-01
-5.215924391513487990e+01
-3.875097808940879407e+00
-3.089821883297616978e+01
-1.414680219473342859e+01
-3.699543654568491036e+01
-5.035342579366680837e+01
-1.475124189781876716e+01
-1.159069445045581759e+01
-2.138348835557485472e+01
-1.855923574456091885e+01
-2.766805997590945054e+01
-1.322125200091243125e+00
-2.127392603763752632e+01
-1.518435531045616749e+01
-1.840299718935767359e+01
-2.471650184234062309e+01
-7.280778741687989886e+00
-2.941794050083337275e+00
-6.477651272012215600e+01
-1.642308909627248781e+01
-6.963858654774162105e+00
-9.626752522957518821e+00
-9.023960882500987601e-01
-3.655484120384032565e+01
-7.741088517022150839e+00
-9.029079364721379619e+00
-2.651478773748909745e+01
-2.839408200171292762e+01
-5.215924391513487990e+01
-3.717371981918116575e+00
-5.005112442225490454e+00
-1.146165938367677839e+01
-7.907714806900489002e+00
-3.177444611531284213e+00
-1.231922823733861705e+01
-2.457236948069921212e+01
-1.042266284538877130e+01
-1.837276832798796278e+01
-5.763881061244069848e+00
-7.800594862691848874e+00
-2.751372810100518151e+01
-9.258144032047349370e+00
-9.023960882500987601e-01
-2.220203570653032088e+01
-2.586969592460092571e+01
-5.262131587626853069e+00
-8.986578238589761014e+00
-3.836597279687662621e+01
-2.009839173986480176e+01
-1.676612023448898015e+01
-4.748490776309039774e+01
-1.725701526739986491e+01
-9.421507788762061963e+00
-4.749032480133414680e+01
-3.575635506585925327e+01
-6.454716215178481598e+00
-9.023960882500987601e-01
-1.476111465899301223e+01
-2.331240874906879412e+01
-3.342169560046949783e+01
-8.022643927427854038e+00
-6.495511383697848373e+01
-4.929479097269397414e+01
-5.250873211261892237e+01
-1.548348515653783153e+01
-2.768628475466868721e+01
-8.270170402050483460e+01
-7.800594862691848874e+00
-3.384132597548178012e+01
-7.299304029132218652e+00
-4.757120492629795905e+01
-1.779649062706359786e+01
-5.064802760940079196e+00
-1.322125200091243125e+00
-4.032751149283064773e-01
-5.632709205364363036e+00
-1.134463260637121351e+01
-3.211348875665538571e+01
-9.344179976844721125e+00
-3.250123954758596945e+00
-1.610218221203582445e+01
-4.783103710351807081e+01
-3.700963896083036531e+01
-1.212142689433941456e+01
-7.800594862691848874e+00
-1.113938337242865195e+01
-1.491270828292126005e+01
-2.481505650287776277e+01
-1.099585556732132474e+01
-1.258268099167026755e+01
-2.496350840577547103e+01
-1.103344438315918197e+01
-3.416785134029657200e+01
-2.318047493844839124e+01
-3.259270759626478764e+01
-1.793898161297766336e+01
-6.560036556727025925e+01
-4.398429905128478978e+00
-3.502274734119877309e+01
-3.258294952948834311e+00
-8.986578238589761014e+00
-8.553551750129997799e+00
-3.152790261368265945e+01
-2.321841881005580888e+01
-3.362087582590238100e+01
-2.471650184234062309e+01
-5.221061170396755813e+01
-7.950837694768034680e+01
-2.410023642302116897e+01
-1.834074692041417265e+01
-3.875097808940879407e+00
-5.903133972377326621e+00
-2.140588705045250251e+01
-3.503843414837790249e+01
-3.704914794081601848e+00
-8.070735715908212171e+01
-9.656186270534087512e+00
-2.025943594580832041e+01
-7.227827258076848693e+01
-3.450118900237946917e+01
-1.424320781389316792e+01
-1.231922823733861705e+01
-7.800594862691848874e+00
-8.569867872042360446e+00
-1.173481276409881602e+01
-1.663904659828957477e+01
-6.585113751011677152e+01
-1.565310801995950030e+01
-3.102091777130597805e+01
-4.032751149283064773e-01
-2.532343834781173797e+01
-2.389524236543323710e+01
-8.511436878803296580e+00
-5.903133972377326621e+00
-2.488979912811054263e+01
-1.504412156563321190e+01
-3.982489633617420033e+00
-3.704914794081601848e+00
-3.296955119355299502e+00
-1.491270828292126005e+01
-2.107312304363174960e+01
-3.554826097157153697e+01
-8.997662643854420494e-01
-3.152790261368265945e+01
-3.152790261368265945e+01
-1.477141608174794740e+01
-4.815159566574225281e+00
-1.399835029183571322e+01
-1.477141608174794740e+01
-7.622043163517524533e+00
-6.952790742894202936e+01
-2.363642656448694979e+00
-2.389524236543323710e+01
-7.956440343932094095e+01
-5.840604514768457989e+01
-8.099803157555808752e+01
-3.277747630205843876e+01
-3.462934952050795800e+01
-5.186576430718952935e+01
-1.616995401748804406e+00
-1.595997503432404230e+01
-1.779649062706359786e+01
-2.046072468943118849e+01
-1.210326811701202665e+01
-3.296955119355299502e+00
-1.109806228455873978e+01
-7.907714806900489002e+00
-1.207422999175285661e+01
-9.879660796494828645e+00
-4.736364904195433922e+01
-4.815159566574225281e+00
-7.907714806900489002e+00
-6.959029553020382508e+00
-5.005112442225490454e+00
-2.765041915010076679e+01
-1.271207995528178358e+01
-1.890823649896986147e+00
-4.273549735884866152e+01
-3.416785134029657200e+01
-1.322125200091243125e+00
-3.821831164137842052e+01
-3.077647502256271395e+01
-6.106273568893550419e+01
-2.471650184234062309e+01
-5.262131587626853069e+00
-1.997495347114886144e+01
-9.808824921540978181e+00
-3.296955119355299502e+00
-1.694936336330491500e+01
-3.875097808940879407e+00
-2.332879901256852406e+01
-1.583922800377843565e+01
-3.131109968455938386e+01
-3.934674798805792761e+01
-3.861453291189542281e+00
-2.106284948586527150e+01
-9.481092391307841538e+00
-1.106965682401422413e+01
-3.596057115586696540e+01
-2.178226049449974866e+01
-8.346537116101652387e+00
-4.975544181743905447e+00
-3.652987628269053744e+01
-3.322674284521631449e+01
-1.595997503432404230e+01
-5.777187155593817636e+01
-2.453355039884924871e+00
-3.558074300633607123e+01
-7.907714806900489002e+00
-1.925595120974779695e+00
-4.295657927818075095e+00
-2.768165188798017695e+01
-5.712532922664890123e+01
-2.657998105527383714e+01
-2.651478773748909745e+01
-2.356081759104355910e+01
-2.150001737539363234e+01
-3.971609354037386197e+01
-3.502125676875671445e+01
-6.006009661023337998e+00
-3.320602695066382637e+01
-2.332879901256852406e+01
-2.533775630911505772e+01
-1.270665547020510289e+01
-7.579888794824920240e+01
-3.127680926546362628e+01
-1.676490257148824625e+01
-1.595373030913813928e+01
-3.652987628269053744e+01
-1.042965209596252230e+01
-1.925595120974779695e+00
-8.096961059405450101e+01
-1.727319729562623252e+01
-1.501085682905093321e+01
-7.705560178085713474e+00
-9.626752522957518821e+00
-1.099585556732132474e+01
-6.693435663747092690e+01
-1.930932158457393655e+01
-2.106796065972751819e+01
-6.959029553020382508e+00
-5.903133972377326621e+00
-8.007540886152271753e+01
-1.491270828292126005e+01
-3.296955119355299502e+00
-4.789974213376292766e+01
-2.789000815345193374e+01
-5.407089723936991277e+00
-5.903133972377326621e+00
-3.397691866463949850e+01
-3.568351819755169885e+01
-1.393969099004473122e+01
-2.700495713845030821e+01
-2.071494045869388145e+01
-1.672738990541062520e+01
-5.525180204756258462e+01
-2.286114349716867622e+01
-5.408404834692822405e+00
-2.378082226734298033e+01
-5.415650876512425782e+01
-3.875097808940879407e+00
-5.525180204756258462e+01
-3.536075918550568531e+01
-1.043401283127821699e+01
-8.902677530720247034e+00
-4.149349366474276479e+01
-1.424320781389316792e+01
-2.498247065132029121e+01
-9.023960882500987601e-01
-5.350699760840057451e+01
-1.922973857402837661e+00
-1.694072377677548857e+01
-1.134463260637121351e+01
-4.032751149283064773e-01
-1.020640908728681673e+01
-6.513038272640309856e+01
-1.491270828292126005e+01
-3.652987628269053744e+01
-1.099585556732132474e+01
-2.332879901256852406e+01
-5.386381265695131759e+01
-5.785343032560304266e+01
-5.134392203479396244e+01
-2.125558032970069888e+01
-2.150001737539363234e+01
-1.992167774623862186e+01
-3.296955119355299502e+00
-9.481092391307841538e+00
-1.218283309077399856e+01
-1.187028365753337766e+01
-3.296955119355299502e+00
-1.215830785601720443e+01
-6.470457604753077518e+00
-1.078301281437112635e+01
-2.310620061327286479e+01
-1.415418217913050114e+01
-1.654959806775611497e+01
-4.162084378759001879e+01
-3.250123954758596945e+00
-5.850159650125648625e+01
-1.900932158457393584e+01
-9.489866584905975344e+00
-2.390367675187247443e+01
-4.815159566574225281e+00
-1.078301281437112635e+01
-3.543177710988984153e+00
-7.978958001993217408e+01
-9.029079364721379619e+00
-6.562721848951456138e+01
-3.600327892431410959e+01
-9.385714248782555558e+00
-9.029079364721379619e+00
-4.731172831206308871e+01
-3.595564801164357505e+01
-1.912548027958634123e+01
-2.106284948586527150e+01
-3.280844489840986000e+01
-5.903133972377326621e+00
-7.907714806900489002e+00
-1.221860528557366621e+01
-2.758120918119622544e+01
-2.138093429970353299e+01
-9.489866584905975344e+00
-7.281768687405675067e+00
-2.321841881005580888e+01
-4.204071193262184813e+00
-2.106284948586527150e+01
-3.671650893895687773e+01
-5.579764176383500995e+01
-1.616995401748804406e+00
-7.905309465618314491e+00
-1.058228075437598292e+01
-1.230816372351344334e+01
-2.457236948069921212e+01
-3.351556999039279106e+01
-1.421546934726481659e+01
-2.634722946227137896e+01
-4.390371709743183359e+00
-5.709534043199536058e+01
-5.694661003413917655e+01
-3.092492692546039379e+01
-3.416785134029657200e+01
-5.903133972377326621e+00
-1.774069977028851852e+01
-1.424999055816981119e+01
-3.594507237832678470e+01
-3.875097808940879407e+00
-1.517562983013650957e+01
-3.704914794081601848e+00
-2.166894767343436357e+01
-9.023960882500987601e-01
-1.134463260637121351e+01
-3.296955119355299502e+00
-2.258322276987548705e+01
-1.494975820298327562e+01
-3.995908602594351322e+01
-7.800594862691848874e+00
-2.810062240767700104e+01
-4.135472756234600311e+00
-2.360805844379262908e+01
-4.815159566574225281e+00
-6.847544219010734423e+01
-6.341800185197135953e+00
-5.818651511193626646e+01
-1.880040580249084670e+01
-3.195476352987669522e+00
-3.553320762179293268e+01
-9.489866584905975344e+00
-3.459077816790105508e+00
-6.959029553020382508e+00
-1.190385755946359936e+01
-1.626276212663681164e+01
-2.462104785165340815e+01
-5.134392203479396244e+01
-4.697383779412533045e+00
-5.576518577980558433e+01
-5.685995457808688514e+01
-1.539980791837944452e+01
-4.756344025846049561e+01
-2.040634057767700327e+01
-3.351556999039279106e+01
-2.489063639937752370e+01
-3.660640594540623027e+01
-3.319575339289723814e+01
-3.192553413415896912e+01
-1.222874316494784175e+01
-6.059845230641696112e+00
-1.322125200091243125e+00
-1.399835029183571322e+01
-6.646643044744063644e+00
-5.262131587626853069e+00
-7.800594862691848874e+00
-4.162981080970628511e+01
-2.342940348293440778e+01
-2.447768646284568916e+00
-3.760536072668602969e+01
-1.322125200091243125e+00
-3.296955119355299502e+00
-2.083844629473735921e+01
-7.907714806900489002e+00
-2.503825103100826155e+01
-2.337117694664028278e+01
-3.704914794081601848e+00
-6.579512192542044602e+01
-6.214500995063092503e+00
-2.745517723121833242e+01
-6.514532721852087604e+01
-1.109806228455873978e+01
-1.672738990541062520e+01
-2.312151656585802684e+01
-8.878989188371281926e+00
-1.106951355030750861e+01
-2.975775669767590870e+01
-5.134392203479396244e+01
-8.757330812692087463e+00
-4.731172831206308871e+01
-8.878989188371281926e+00
-1.231922823733861705e+01
-2.694146949995943885e+01
-3.892420041355827465e+01
-3.282287355363586556e+01
-1.134463260637121351e+01
-5.645497628886436559e+01
-1.081189387980779237e+01
-3.201787596285844018e+01
-8.416541495923524963e+00
-5.005112442225490454e+00
-3.634194610876724596e+01
-5.947383513504650665e+00
-1.423506171676181253e+01
-1.780727495588104858e+01
-1.802621566037026568e+01
-4.102357733530671879e+01
-1.273241148580934734e+01
-1.616995401748804406e+00
-5.960614209690815102e+01
-1.554198814891468672e+01
-3.250123954758596945e+00
-1.231922823733861705e+01
-1.726276114785520122e+01
-1.091501729176952296e+01
-8.294149029672102102e+00
-5.145112271873074405e+01
-1.210326811701202665e+01
-3.536075918550568531e+01
-1.210326811701202665e+01
-2.083612178861667630e+01
-4.602981248430513261e+01
-1.231922823733861705e+01
-5.763881061244069848e+00
-3.077647502256271395e+01
-2.595493192498105373e+01
-2.638174484689323407e+01
-6.434806061188893977e+01
-3.420828491167713281e+01
-3.255215267311101712e+01
-1.210326811701202665e+01
-6.809098781401172573e+01
-3.594507237832678470e+01
-6.832461789366288940e+01
-4.055947514185033498e+01
-2.124889735430212312e+00
-2.747533099716579841e+01
-3.296955119355299502e+00
-2.546041132269481722e+01
-1.210326811701202665e+01
-6.640279489301170202e+01
-2.510932910011043973e+01
-8.857438885970895015e+00
-2.106284948586527150e+01
-1.073928434493554107e+01
-6.460510891991599181e+01
-3.296955119355299502e+00
-5.567013129511575187e+01
-2.505037904271152627e+01
-1.663904659828957477e+01
-8.362374413987891941e+00
-1.231922823733861705e+01
-6.475764067227640908e+01
-1.322125200091243125e+00
-9.023960882500987601e-01
-1.231922823733861705e+01
-1.176724217524577121e+01
-5.763881061244069848e+00
-1.764498930449348890e+01
-1.491270828292126005e+01
-2.691415424188805261e+01
-1.322125200091243125e+00
-4.574398381330453134e+01
-2.155640365284551407e+01
-7.178784086378712459e+00
-4.747420916324570328e+01
-1.134463260637121351e+01
-3.296955119355299502e+00
-8.079070737251167600e+01
-5.210068906642570141e+01
-6.622985459335397707e+01
-3.968312663914061744e+01
-3.744138386045759859e+01
-3.040497594618181054e+01
-3.875097808940879407e+00
-6.069584938051919565e+00
-1.099585556732132474e+01
-3.467824225058578946e+01
-3.410261975608166551e+01
-4.032751149283064773e-01
-1.779649062706359786e+01
-3.934674798805792761e+01
-5.134392203479396244e+01
-3.612174311396790927e+01
-4.081123753262082765e+00
-1.035299095342225684e+01
-1.158056291479678102e+01
-1.663904659828957477e+01
-1.595997503432404230e+01
-6.789112899728640116e+01
-2.559691775830251981e+00
-3.319575339289723814e+01
-5.192823522761487709e+01
-4.574398381330453134e+01
-2.531343746127031125e+01
-4.036968254454832561e+01
-5.344709890606065983e+01
-1.730089691353427162e+00
-2.496751292268149669e+01
-1.101721868020416295e+01
-3.459077816790105508e+00
-1.190385755946359936e+01
-9.029079364721379619e+00
-4.032751149283064773e-01
-3.655572139524647213e+01
-9.481092391307841538e+00
-1.399835029183571322e+01
-5.093773898648770171e+01
-2.628359253914782201e+00
-2.712476591290725025e+01
-1.526756265411183833e+01
-2.025943594580832041e+01
-9.676499241172303201e+00
-2.300737190344615613e+01
-2.332879901256852406e+01
-1.099585556732132474e+01
-2.189278318078835994e+00
-5.134392203479396244e+01
-1.663457186898012807e+01
-5.890806020941427334e+01
-1.663904659828957477e+01
-3.416785134029657200e+01
-1.729021162850728643e+01
-5.837483514560779696e+01
-8.013650427314418678e+00
-1.099585556732132474e+01
-1.231922823733861705e+01
-4.032751149283064773e-01
-2.699357424241799563e+01
-3.296955119355299502e+00
-1.399835029183571322e+01
-1.770095811060837221e+01
-1.109806228455873978e+01
-5.242394931148680115e+01
-6.764887821741039531e+00
-1.372340226472781133e+01
-6.336212059646919670e+01
-1.672738990541062520e+01
-1.009986011457110777e+01
-1.676612023448898015e+01
-4.050402176229193429e+01
-6.717426368621778465e+01
-2.699357424241799563e+01
-5.543190007914267881e+01
-3.416785134029657200e+01
-1.012179593254780663e+01
-3.612428117805567496e+01
-5.707417684582797790e+01
-2.106284948586527150e+01
-3.854304628039820813e+01
-2.898369322343960164e+00
-5.751493417519432683e+01
-5.795569272532532956e+00
-9.489866584905975344e+00
-5.763881061244069848e+00
-2.350851063325670154e+01
-1.099585556732132474e+01
-1.671648323976062755e+01
-2.628359253914782201e+00
-6.581378944038114298e+01
-2.785806829299583853e+01
-5.659772767368475854e+01
-1.190385755946359936e+01
-4.815159566574225281e+00
-6.843111961224835227e+01
-1.231922823733861705e+01
-4.636183790509456060e+01
-3.552419152600646868e+01
-1.925595120974779695e+00
-5.424387340756057796e+01
-5.833986972409737604e+01
-2.321841881005580888e+01
-1.322125200091243125e+00
-1.190385755946359936e+01
-1.075661135022136783e+01
-7.419548437167145849e+00
-2.743275727829852784e+01
-8.986578238589761014e+00
-1.847894040209189015e+01
-2.332879901256852406e+01
-2.125558032970069888e+01
-3.992538487517485635e+01
-1.847894040209189015e+01
-2.275148599710526653e+01
-1.055963911738529504e+01
-8.986578238589761014e+00
-1.491270828292126005e+01
-2.628359253914782201e+00
-1.346581645511070846e+01
-8.038255371503522895e+01
-1.372340226472781133e+01
-2.106284948586527150e+01
-1.777642531835267903e+01
-4.032751149283064773e-01
-1.744271689329335118e+01
-2.125558032970069888e+01
-2.025943594580832041e+01
-3.737866000288137514e+01
-9.023960882500987601e-01
-1.399835029183571322e+01
-1.184306818304465736e+01
-4.643536031673490072e+01
-1.190385755946359936e+01
-5.903133972377326621e+00
-1.042266284538877130e+01
-2.481505650287776277e+01
-6.535442025342041461e+01
-1.298890355290386012e+01
-2.468085442430771792e+01
-3.250123954758596945e+00
-2.106284948586527150e+01
-5.903133972377326621e+00
-3.296955119355299502e+00
-5.525180204756258462e+01
-1.470753642980180764e+01
-1.616995401748804406e+00
-1.595997503432404230e+01
-9.029079364721379619e+00
-3.186948782747486675e+01
-3.416785134029657200e+01
-1.675470516348194394e+01
-5.869509729446022561e+01
-9.029079364721379619e+00
-3.563414231800572196e+01
-1.992167774623862186e+01
-5.903133972377326621e+00
-1.109806228455873978e+01
-1.821134162647035026e+01
-1.184306818304465736e+01
-2.457236948069921212e+01
-4.815159566574225281e+00
-9.318270857194086432e+00
-3.762080371923123501e+00
-4.049806961710359587e+01
-1.399835029183571322e+01
-3.704914794081601848e+00
-5.763881061244069848e+00
-4.458310982504941933e+01
-9.023960882500987601e-01
-9.481092391307841538e+00
-5.525180204756258462e+01
-2.768389911483598098e+01
-3.416785134029657200e+01
-5.760977975450700228e+01
-1.992167774623862186e+01
-1.539980791837944452e+01
-2.332879901256852406e+01
-2.290164298920454655e+01
-4.788282958804483513e+01
-3.875097808940879407e+00
-5.903133972377326621e+00
-1.766612023448897872e+01
-3.459077816790105508e+00
-4.032751149283064773e-01
-2.240094981355797543e+01
-1.184306818304465736e+01
-9.481092391307841538e+00
-3.250123954758596945e+00
-2.659663555368766197e+01
-5.567934165322150797e+00
-3.536075918550568531e+01
-5.710860152280349666e+01
-5.005112442225490454e+00
-3.652987628269053744e+01
-5.658019922260397294e+01
-6.959029553020382508e+00
-3.195476352987669522e+00
-3.873888939336875126e+01
-1.109806228455873978e+01
-1.925595120974779695e+00
-2.025943594580832041e+01
-1.042266284538877130e+01
-2.628359253914782201e+00
-5.235985997283803783e+01
-6.463810107441057085e+01
-2.321841881005580888e+01
-3.778051743135660701e+01
-5.093206268078373000e+01
-5.005112442225490454e+00
-1.595997503432404230e+01
-2.689736618607939889e+01
-2.089653175249386763e+01
-3.459077816790105508e+00
-5.220391423301984801e+00
-7.800594862691848874e+00
-1.170839301908599595e+01
-3.328953209823700377e+01
-1.779649062706359786e+01
-4.032751149283064773e-01
-3.457282310947009307e+01
-1.231922823733861705e+01
-2.912084712389186336e+01
-9.029079364721379619e+00
-1.042266284538877130e+01
-6.341800185197135953e+00
-5.763881061244069848e+00
-3.652987628269053744e+01
-1.425841110259527156e+01
-3.934674798805792761e+01
-1.794064660610924733e+01
-3.704914794081601848e+00
-6.959029553020382508e+00
-3.416785134029657200e+01
-7.971623169676504972e+01
-5.863445986541928789e+01
-2.962847436986051619e+01
-8.986578238589761014e+00
-1.231922823733861705e+01
-3.176649690268725124e+01
-2.628359253914782201e+00
-1.507245121274412192e+01
-5.799080141284687073e+01
-2.558607965957876473e+01
-3.704914794081601848e+00
-1.616995401748804406e+00
-2.909503672621686832e+01
-1.184306818304465736e+01
-2.263096632885234172e+01
-5.596446085983800600e+01
-9.023960882500987601e-01
-5.573422063376459334e+01
-4.587327984365037992e+01
-2.691415424188805261e+01
-1.616995401748804406e+00
-5.005112442225490454e+00
-2.150001737539363234e+01
-1.794064660610924733e+01
-4.643520061914214736e+00
-8.986578238589761014e+00
-5.562105921818838539e+01
-9.489866584905975344e+00
-5.911689171704776413e+01
-3.083139478258095778e+01
-6.844230770251164664e+00
-2.569216541829721479e+01
-2.321841881005580888e+01
-1.676612023448898015e+01
-8.242051334466701462e+00
-1.399835029183571322e+01
-2.212010870792703443e+01
-7.907714806900489002e+00
-3.536075918550568531e+01
-5.903133972377326621e+00
-4.189178940186552325e+01
-2.457236948069921212e+01
-2.555115444888818743e+01
-1.162905670615349685e+01
-3.633377835814667378e+01
-4.032751149283064773e-01
-8.986578238589761014e+00
-4.617625834357755821e+01
-1.925595120974779695e+00
-3.432463291007815798e+01
-2.097013137669365079e+01
-6.959029553020382508e+00
-5.262131587626853069e+00
-2.691415424188805261e+01
-2.025943594580832041e+01
-5.134392203479396244e+01
-1.242292858584957216e+01
-1.042266284538877130e+01
-3.612174311396790927e+01
-3.250123954758596945e+00
-1.595997503432404230e+01
-1.491270828292126005e+01
-1.399835029183571322e+01
-6.408126560280389583e+01
-2.722565691750310890e+01
-3.319575339289723814e+01
-5.235985997283803783e+01
-1.109806228455873978e+01
-2.653101133530761047e+01
-1.491270828292126005e+01
-3.556649993212467109e+01
-5.583043893467955598e+01
-2.739962316600992320e+00
-1.109806228455873978e+01
-5.152205217930871584e+01
-5.035342579366680837e+01
-1.779649062706359786e+01
-2.579679888582638370e+01
-5.903133972377326621e+00
-3.652987628269053744e+01
-4.731172831206308871e+01
-9.481092391307841538e+00
-6.496077960786695371e+01
-1.779649062706359786e+01
-1.210326811701202665e+01
-9.023960882500987601e-01
-3.934674798805792761e+01
-2.656741041881859289e+01
-1.992167774623862186e+01
-1.595997503432404230e+01
-1.981696337717052447e+00
-1.794064660610924733e+01
-4.623485614711256630e+01
-3.296955119355299502e+00
-1.109806228455873978e+01
-1.190385755946359936e+01
-1.676612023448898015e+01
-5.407089723936991277e+00
-1.109806228455873978e+01
-2.150001737539363234e+01
-6.789112899728640116e+01
-1.042266284538877130e+01
-2.661403194520878301e+01
-9.489866584905975344e+00
-5.262131587626853069e+00
-5.262131587626853069e+00
-1.663904659828957477e+01
-8.997662643854420494e-01
-2.650741325411917160e+01
-1.008198554657807833e+01
-1.399835029183571322e+01
-2.132362276963312198e+01
-8.022789710068359170e+01
-1.824064660610924804e+01
-6.526906433851968359e+01
-1.322125200091243125e+00
-8.986578238589761014e+00
-1.616995401748804406e+00
-3.129838510042338839e+01
-3.292950732587168972e+01
-8.732347380627240696e+00
-6.959029553020382508e+00
-3.053096841574403442e+01
-3.416785134029657200e+01
-1.491270828292126005e+01
-1.595997503432404230e+01
-2.702396088250098583e+00
-1.203374001357884460e+01
-2.125558032970069888e+01
-2.212010870792703443e+01
-3.486377131454987932e+01
-2.106284948586527150e+01
-9.029079364721379619e+00
-1.794064660610924733e+01
-5.262131587626853069e+00
-2.628359253914782201e+00
-3.108854321861229408e+01
-1.042266284538877130e+01
-3.351556999039279106e+01
-2.252202196992545424e+01
-3.875097808940879407e+00
-1.099585556732132474e+01
-8.156834474966265347e+00
-2.730260605991666978e+01
-1.676612023448898015e+01
-2.461247081654994062e+01
-3.317322312942664553e+01
-8.182470939078349659e+01
-1.322125200091243125e+00
-7.800594862691848874e+00
-1.663904659828957477e+01
-1.164595680122809185e+01
-5.781655265565687074e+01
-2.962847436986051619e+01
-8.554117790177080849e+00
-3.416785134029657200e+01
-1.595997503432404230e+01
-8.115791091274431324e+01
-5.639717153141990735e+01
-5.763881061244069848e+00
-1.663904659828957477e+01
-1.885298538444773442e+01
-9.781092391307842249e+00
-1.539980791837944452e+01
-5.407089723936991277e+00
-7.800594862691848874e+00
-4.629246452831518610e+01
-1.676612023448898015e+01
-2.945647749662537507e+01
-3.536075918550568531e+01
-9.023960882500987601e-01
-4.815159566574225281e+00
-1.794064660610924733e+01
-5.644876909320036162e+01
-3.577481423306165453e+01
-2.513621633207977979e+01
-1.708440230698272089e+01
-3.652987628269053744e+01
-1.257851802382183770e+01
-2.321841881005580888e+01
-3.652987628269053744e+01
-2.321841881005580888e+01
-1.210326811701202665e+01
-2.125558032970069888e+01
-1.595997503432404230e+01
-1.636464792889751152e+01
-7.800594862691848874e+00
-1.041195450774529085e+01
-2.125558032970069888e+01
-7.299610269679587304e+01
-5.005112442225490454e+00
-9.759869140606246773e+00
-2.571157007945908646e+01
-2.392486464307556204e+01
-5.584152848979599781e+01
-9.382694045316158693e+00
-6.529377912141853812e+01
-8.997662643854420494e-01
-1.663457186898012807e+01
-1.822574844578268838e+01
-5.690175058410181919e+01
-1.263129391679537861e+01
-4.708717061146520422e+01
-2.097013137669365079e+01
-1.399835029183571322e+01
-8.997662643854420494e-01
-5.903133972377326621e+00
-7.907714806900489002e+00
-4.815159566574225281e+00
-7.907714806900489002e+00
-1.595373030913813928e+01
-2.099035272470329261e+01
-7.907714806900489002e+00
-6.454766089470084012e+01
-1.491270828292126005e+01
-3.416785134029657200e+01
-5.215924391513487990e+01
-2.125558032970069888e+01
-2.471650184234062309e+01
-4.743653545948880890e+01
-3.638083877968383462e+01
-2.628359253914782201e+00
-5.215924391513487990e+01
-3.416785134029657200e+01
-3.077647502256271395e+01
-7.930995110611559085e+01
-9.023960882500987601e-01
-1.190385755946359936e+01
-5.005112442225490454e+00
-6.462650699726759740e+01
-1.184306818304465736e+01
-3.459077816790105508e+00
-1.204369674373052135e+01
-6.670883156760809563e+00
-1.491270828292126005e+01
-3.459077816790105508e+00
-5.919967958364161120e+00
-3.077647502256271395e+01
-7.913309531995304269e+01
-1.184306818304465736e+01
-4.593028186987740469e+01
-2.083483474615575304e+01
-3.524666354889849629e+01
-2.907216979216312680e+01
-3.576014312780252169e+01
-2.406241464657537321e+01
-2.106284948586527150e+01
-3.875097808940879407e+00
-3.332649428716435658e+00
-1.539980791837944452e+01
-3.217458347907554383e+01
-6.211282515433860141e+01
-1.676612023448898015e+01
-2.125558032970069888e+01
-1.676612023448898015e+01
-8.997662643854420494e-01
-3.133250061948539766e+01
-3.648239888876472747e+01
-5.788832255995657050e+01
-7.800594862691848874e+00
-3.934674798805792761e+01
-2.332879901256852406e+01
-5.763881061244069848e+00
-3.540145685261111286e+00
-3.416785134029657200e+01
-2.125558032970069888e+01
-3.629105213238094763e+01
-3.416785134029657200e+01
-5.632709205364363036e+00
-3.633377835814667378e+01
-3.536075918550568531e+01
-1.272297468639347962e+01
-5.215924391513487990e+01
-2.182743708269458072e+00
-1.697766417452469767e+01
-4.815159566574225281e+00
-9.029079364721379619e+00
-4.579104423484162112e+01
-3.077647502256271395e+01
-9.489866584905975344e+00
-2.266077733190630639e+01
-6.428064697337715927e+01
-1.713260076526981734e+01
-9.023960882500987601e-01
-9.489866584905975344e+00
-2.962847436986051619e+01
-4.657007299334750883e+01
-6.495481689839924400e+01
-6.959029553020382508e+00
-9.463798355985984401e+00
-3.795654285035037212e+00
-1.677435396844344950e+01
-9.029079364721379619e+00
-5.798596263198582790e+00
-2.464602746368531072e+01
-7.074645979193143752e+00
-2.332879901256852406e+01
-5.262131587626853069e+00
-3.652987628269053744e+01
-1.652068616782685595e+01
-2.125558032970069888e+01
-1.261393477640077343e+01
-1.747990573381591872e+01
-2.332879901256852406e+01
-7.916372796361392261e+01
-2.212010870792703443e+01
-4.032751149283064773e-01
-5.005112442225490454e+00
-2.150001737539363234e+01
-2.106284948586527150e+01
-6.959029553020382508e+00
-8.878989188371281926e+00
-9.250261435693817091e+00
-4.305655771093884532e+00
-9.041937425044748622e+00
-5.292034445488172878e+01
-6.844416493425354986e+01
-2.691415424188805261e+01
-3.934674798805792761e+01
-2.525261304604265788e+01
-3.612174311396790927e+01
-2.512418270964091604e+01
-5.748526000396488200e+01
-1.794064660610924733e+01
-1.672738990541062520e+01
-5.763881061244069848e+00
-3.253312233380114549e+01
-2.751905806491849305e+01
-1.794064660610924733e+01
-8.997662643854420494e-01
-3.416785134029657200e+01
-1.322125200091243125e+00
-3.077647502256271395e+01
-1.372199261196608333e+01
-1.925595120974779695e+00
-3.331715260767375497e+01
-1.539980791837944452e+01
-3.126307312805852945e+01
-9.706374552876029682e+00
-2.351332081521211848e+01
-3.661865598949564315e+01
-4.815159566574225281e+00
-1.700273985464928828e+01
-9.481092391307841538e+00
-2.275148599710526653e+01
-3.250123954758596945e+00
-9.489866584905975344e+00
-1.002051763394970330e+01
-8.997662643854420494e-01
-9.023960882500987601e-01
-2.187248276749999931e+01
-2.109367015916489407e+01
-3.032942033096954049e+01
-1.147962278729233532e+01
-2.276153700287975923e+01
-5.344411678030083124e+01
-1.906005616519090040e+01
-9.023960882500987601e-01
-1.184306818304465736e+01
-1.892057088704326162e+01
-2.699357424241799563e+01
-4.032751149283064773e-01
-4.735182964791390248e+01
-2.332879901256852406e+01
-1.422902462895905451e+01
-3.351556999039279106e+01
-5.407089723936991277e+00
-2.608517846760899062e+01
-3.704914794081601848e+00
-7.922568503313954125e+01
-1.637334237805772119e+01
-1.073858035191742921e+01
-3.296955119355299502e+00
-5.750954253307406105e+01
-2.125558032970069888e+01
-4.131356062839355303e+01
-1.781725860611672374e+01
-1.210326811701202665e+01
-1.822499256614524654e+01
-3.322642043607084616e+01
-6.421019298784408136e+01
-7.907714806900489002e+00
-3.021278756268153032e+01
-3.459077816790105508e+00
-1.016457250729635930e+01
-3.319575339289723814e+01
-1.616995401748804406e+00
-1.491270828292126005e+01
-4.815159566574225281e+00
-2.691415424188805261e+01
-1.322125200091243125e+00
-1.925595120974779695e+00
-1.134463260637121351e+01
-1.992167774623862186e+01
-8.997662643854420494e-01
-8.986578238589761014e+00
-5.005112442225490454e+00
-3.636459903144642425e+01
-9.481092391307841538e+00
-1.184644395125723726e+00
-2.972414572154675483e+01
-4.815159566574225281e+00
-9.272405768843123397e+00
-1.499291095462290180e+01
-6.575409081084254126e+01
-1.824064660610924804e+01
-1.134463260637121351e+01
-3.319575339289723814e+01
-2.323304330904331749e+01
-3.934674798805792761e+01
-1.042266284538877130e+01
-3.400224611118039775e+01
-1.616995401748804406e+00
-3.636893322721764576e+01
-3.141234290938790252e+01
-2.332879901256852406e+01
-9.182623590745754072e+00
-2.260523411265106120e+01
-1.145527986549295463e+01
-3.536075918550568531e+01
-2.106284948586527150e+01
-2.434924250119629363e+01
-5.005112442225490454e+00
-1.925595120974779695e+00
-5.262131587626853069e+00
-2.150001737539363234e+01
-5.875406924637651684e+01
-9.408741032682074845e+00
-6.959029553020382508e+00
-2.471650184234062309e+01
-2.691415424188805261e+01
-2.212010870792703443e+01
-3.459077816790105508e+00
-5.932496548019755522e+01
-6.710693875296833699e-01
-2.332879901256852406e+01
-2.332879901256852406e+01
-3.164490342801507339e+01
-2.497563641747876773e+01
-3.099378896984923770e+01
-1.874131568637973544e+01
-2.125558032970069888e+01
-4.185855188552769945e+00
-5.825623656825890606e+01
-1.699483827968361283e+01
-1.109664327644621018e+01
-3.612174311396790927e+01
-5.642584168261696220e+01
-2.628359253914782201e+00
-2.332879901256852406e+01
-3.077685108184025964e+01
-1.814250213274860002e+01
-7.800594862691848874e+00
-2.461247081654994062e+01
-3.351556999039279106e+01
-3.875097808940879407e+00
-7.625344580365555203e+01
-5.763881061244069848e+00
-3.319575339289723814e+01
-2.384218274481149180e+01
-9.029079364721379619e+00
-3.934674798805792761e+01
-2.314316361542701017e+01
-6.476510047359498401e+01
-2.558157204077291169e+01
-1.779649062706359786e+01
-2.314316361542701017e+01
-2.671075206996944118e+01
-1.254144420698196782e+01
-2.106284948586527150e+01
-2.325412040543244885e+01
-9.375090870406356913e+00
-3.825353315439366497e+01
-2.373878323687079472e+01
-4.738964425571052175e+01
-4.032751149283064773e-01
-9.281537924221995084e+00
-1.190385755946359936e+01
-1.190385755946359936e+01
-2.699357424241799563e+01
-1.672738990541062520e+01
-3.662561566590112250e+01
-2.535198721013599510e+01
-8.325847875442166313e+00
-2.433225245579562213e+01
-2.425821179525886606e+01
-1.925595120974779695e+00
-1.134463260637121351e+01
-2.564334656103677901e+01
-3.062742915114035114e+01
-3.459077816790105508e+00
-1.099585556732132474e+01
-1.099585556732132474e+01
-2.207485293016896222e+01
-3.502274734119877309e+01
-2.481505650287776277e+01
-5.903133972377326621e+00
-3.351556999039279106e+01
-3.612174311396790927e+01
-3.875097808940879407e+00
-3.754411805059563534e+01
-6.620872597666007664e+01
-3.090415251277230624e+01
-5.912838298729921149e+01
-3.502274734119877309e+01
-5.035342579366680837e+01
-9.029079364721379619e+00
-1.222114726285652075e+01
-3.319575339289723814e+01
-3.502274734119877309e+01
-2.150001737539363234e+01
-3.771927888315522637e+01
-6.528854957488665889e+01
-1.821771396910185814e+01
-3.685302983378112174e+01
-1.322125200091243125e+00
-1.008367419649681906e+01
-3.652987628269053744e+01
-4.693669997260508353e+01
-1.190385755946359936e+01
-3.875097808940879407e+00
-1.148702212778031218e+01
-1.822574844578268838e+01
-2.624026976593028593e+01
-3.612174311396790927e+01
-2.699357424241799563e+01
-1.698035124844107813e+01
-3.652987628269053744e+01
-1.109806228455873978e+01
-7.448613755737341080e+01
-9.882069476887135551e+00
-5.763881061244069848e+00
-1.184306818304465736e+01
-1.504693487146246689e+01
-2.747697596498471384e+01
-5.407089723936991277e+00
-1.672738990541062520e+01
-1.979135934550463105e+01
-2.962847436986051619e+01
-1.794064660610924733e+01
-2.691415424188805261e+01
-3.704914794081601848e+00
-4.731172831206308871e+01
-1.992167774623862186e+01
-7.419608112146279666e+01
-5.262131587626853069e+00
-8.997662643854420494e-01
-2.041096567369216075e+01
-1.672738990541062520e+01
-2.691415424188805261e+01
-3.652987628269053744e+01
-3.536075918550568531e+01
-1.794064660610924733e+01
-8.003493313912309759e+01
-6.632473976839266072e+01
-5.655463315755327613e+01
-2.699357424241799563e+01
-3.319575339289723814e+01
-2.106284948586527150e+01
-5.817336801166739235e+01
-3.704914794081601848e+00
-1.794064660610924733e+01
-9.985852237359621242e+00
-1.236201785431371647e+01
-1.107495251829627136e+01
-7.907714806900489002e+00
-2.082225766890498520e+01
-4.219013762610858720e+01
-3.351556999039279106e+01
-5.005112442225490454e+00
-1.190385755946359936e+01
-3.875097808940879407e+00
-8.436647028737342069e+00
-2.539438894160249305e+01
-4.219373124288443933e+01
-6.631373680170156604e+01
-7.994352373549108393e+01
-8.986578238589761014e+00
-6.464025543456499179e+01
-1.231922823733861705e+01
-5.584152848979599781e+01
-3.076551958993882252e+01
-3.250123954758596945e+00
-1.539980791837944452e+01
-3.548749147379219693e+01
-5.903133972377326621e+00
-7.126766829658554059e+01
-1.259704670254332015e+01
-3.502274734119877309e+01
-2.161039323807151291e+01
-3.285164219087585025e+01
-2.106284948586527150e+01
-2.115858886907589564e+01
-5.693338606204231667e+01
-2.321841881005580888e+01
-5.763881061244069848e+00
-4.815159566574225281e+00
-1.756316221211200457e+01
-3.081003166969802720e+01
-5.903133972377326621e+00
-2.332879901256852406e+01
-3.536075918550568531e+01
-7.800594862691848874e+00
-1.669486863732118209e+01
-8.033506732882396761e+01
-2.674233790735650729e+01
-1.372340226472781133e+01
-9.029079364721379619e+00
-3.296955119355299502e+00
-2.150001737539363234e+01
-1.790212387458382182e+01
-2.783780682706298748e+01
-5.035342579366680837e+01
-3.704914794081601848e+00
-2.146056182193260753e+01
-1.190385755946359936e+01
-1.539980791837944452e+01
-2.651478773748909745e+01
-3.502274734119877309e+01
-8.997662643854420494e-01
-2.321841881005580888e+01
-1.794064660610924733e+01
-7.244424753947785689e+01
-3.433529748957140981e+01
-1.802396088250098671e+00
-2.380885468506717473e+01
-3.083139478258095778e+01
-4.032751149283064773e-01
-9.700277397323244344e+00
-1.350629722892166207e+01
-1.352676453882322072e+01
-1.102317082539258664e+01
-1.779649062706359786e+01
-3.598774891829453537e+01
-5.262131587626853069e+00
-2.376857988507449448e+00
-7.800594862691848874e+00
-2.529886175394454639e+01
-1.616995401748804406e+00
-4.815159566574225281e+00
-4.731172831206308871e+01
-8.097214671870570868e+00
-5.262131587626853069e+00
-1.992167774623862186e+01
-1.109806228455873978e+01
-9.481092391307841538e+00
-8.997662643854420494e-01
-1.785832365696276014e+01
-5.407089723936991277e+00
-1.794064660610924733e+01
-1.109806228455873978e+01
-9.023960882500987601e-01
-3.166905931202959490e+00
-3.536075918550568531e+01
-2.321841881005580888e+01
-9.023960882500987601e-01
-1.375379180578240756e+01
-5.947383513504650665e+00
-3.635947566680087562e+01
-3.012316853435099517e+01
-6.663810001705310526e+01
-2.651478773748909745e+01
-1.099585556732132474e+01
-2.072351717421002704e+01
-1.496733879906394726e+01
-3.416785134029657200e+01
-5.005112442225490454e+00
-2.712301069444182744e+01
-6.602792253933164091e+01
-2.125558032970069888e+01
-1.372340226472781133e+01
-2.766017021264518405e+01
-9.023960882500987601e-01
-2.656211121531754316e+01
-4.720654035340418275e+00
-8.986578238589761014e+00
-2.315623198367647007e+01
-5.321501313447083703e+01
-3.250123954758596945e+00
-3.296955119355299502e+00
-1.779649062706359786e+01
-6.704471294750001675e+01
-2.337723608778582474e+01
-2.763736740544486636e+01
-1.663904659828957477e+01
-1.672738990541062520e+01
-1.134463260637121351e+01
-2.280831209307161700e+01
-7.345980243868381443e+00
-1.672738990541062520e+01
-6.609151853075594829e+01
-2.332879901256852406e+01
-4.815159566574225281e+00
-5.585763304179940292e+01
-2.628359253914782201e+00
-8.986578238589761014e+00
-3.550858827724844247e+01
-5.525180204756258462e+01
-1.277752268734871599e+01
-4.602185003744126846e+01
-2.332879901256852406e+01
-2.414300022053615891e+01
-1.042266284538877130e+01
-5.005112442225490454e+00
-3.459077816790105508e+00
-1.794064660610924733e+01
-1.322125200091243125e+00
-4.828907108490921019e+01
-5.572476181125853856e+01
-1.776717362003019218e+01
-2.933388694978001254e+01
-2.323092256522979326e+01
-2.030639876516212183e+01
-2.081401745295841721e+01
-3.077647502256271395e+01
-2.150001737539363234e+01
-5.215924391513487990e+01
-3.296955119355299502e+00
-2.725704725197766365e+01
-8.049149269891968572e+01
-3.875097808940879407e+00
-1.372340226472781133e+01
-1.779649062706359786e+01
-5.215924391513487990e+01
-1.539980791837944452e+01
-5.567013129511575187e+01
-2.060650185468765017e+01
-4.032751149283064773e-01
-1.925595120974779695e+00
-7.907714806900489002e+00
-1.322125200091243125e+00
-9.432420712865432932e+00
-3.828190972657475655e+00
-4.367854087483650005e+00
-2.930052386301597167e+01
-4.731172831206308871e+01
-5.257043772928284397e+01
-5.903133972377326621e+00
-2.691415424188805261e+01
-2.505037904271152627e+01
-7.907714806900489002e+00
-2.477287615995327030e+01
-2.332879901256852406e+01
-3.612174311396790927e+01
-2.653615085037198895e+01
-5.701815528143931289e+01
-5.903133972377326621e+00
-6.452667688766881327e+01
-1.231922823733861705e+01
-7.907714806900489002e+00
-5.134392203479396244e+01
-3.898516682361098162e+01
-1.134463260637121351e+01
-1.217759396540144090e+00
-3.168200929883243688e+01
-5.134392203479396244e+01
-3.378637140903046543e+01
-1.925595120974779695e+00
-3.351556999039279106e+01
-4.515482084828533971e+00
-1.663904659828957477e+01
-1.325780662553292188e+01
-2.699357424241799563e+01
-6.519374690318848309e+01
-1.201528381629281661e+01
-3.062742915114035114e+01
-1.676612023448898015e+01
-1.910296959380393744e+01
-2.621065496800140338e+01
-4.731172831206308871e+01
-3.091835223715303727e+01
-1.109806228455873978e+01
-1.003741033711219899e+01
-3.572174738067661082e+01
-2.699357424241799563e+01
-9.481092391307841538e+00
-5.262131587626853069e+00
-3.639029634010062608e+01
-2.691415424188805261e+01
-7.907714806900489002e+00
-2.527037985505457129e+01
-4.586882897117401114e+01
-1.539980791837944452e+01
-3.081399658474379688e+00
-1.672738990541062520e+01
-5.525180204756258462e+01
-4.731172831206308871e+01
-3.713172445580004677e+01
-9.575052014786445298e+00
-4.591504802347850500e+01
-3.612174311396790927e+01
-2.125558032970069888e+01
-2.106284948586527150e+01
-5.679068612325658449e+01
-1.794064660610924733e+01
-3.612174311396790927e+01
-3.636378303409662749e+01
-2.791260163003829575e+01
-3.319575339289723814e+01
-6.829872529198285136e+00
-9.345256831831502353e+00
-8.997662643854420494e-01
-5.671014926097205944e+01
-1.663904659828957477e+01
-1.322125200091243125e+00
-2.699357424241799563e+01
-1.231922823733861705e+01
-3.612174311396790927e+01
-3.319575339289723814e+01
-2.628359253914782201e+00
-1.794064660610924733e+01
-3.657329121107017755e+01
-4.815159566574225281e+00
-6.577643359111507948e+01
-9.481092391307841538e+00
-2.333742896489139795e+01
-1.925595120974779695e+00
-4.032751149283064773e-01
-2.628359253914782201e+00
-7.800594862691848874e+00
-1.204369674373052135e+01
-1.399835029183571322e+01
-1.231922823733861705e+01
-1.663904659828957477e+01
-9.481092391307841538e+00
-1.042266284538877130e+01
-9.489866584905975344e+00
-2.332879901256852406e+01
-5.594765702268432506e+01
-1.137321690168652566e+01
-2.177413399403238969e+01
-1.834272646444068045e+01
-2.300327101146662301e+01
-4.610199473227559253e+01
-2.417364363689897644e+01
-4.612809161269217384e+01
-4.731172831206308871e+01
-3.631241524526379294e+01
-2.651478773748909745e+01
-1.820576801520374133e+01
-2.532827172193695020e+01
-1.042266284538877130e+01
-2.304950523483192271e+01
-9.481092391307841538e+00
-3.629105213238094763e+01
-2.364002546339295208e+01
-1.587801891044474800e+01
-2.971901967735567496e+01
-5.525180204756258462e+01
-1.322125200091243125e+00
-3.459077816790105508e+00
-1.539980791837944452e+01
-1.231922823733861705e+01
-9.029079364721379619e+00
-1.794064660610924733e+01
-3.743109354284730017e+01
-2.150001737539363234e+01
-5.262131587626853069e+00
-3.889635778943108413e+00
-2.512879901256852477e+01
-1.218347698531804824e+01
-8.986578238589761014e+00
-2.987996809677699162e+01
-1.230388417471520235e+01
-5.353777703374613850e+01
-3.098076796532696964e+00
-1.486483672068533934e+01
-7.650569784775556492e+00
-1.595997503432404230e+01
-1.145407949453801066e+01
-3.631241524526379294e+01
-1.491270828292126005e+01
-9.489866584905975344e+00
-3.250123954758596945e+00
-1.539980791837944452e+01
-5.763881061244069848e+00
-2.651478773748909745e+01
-9.029079364721379619e+00
-3.250123954758596945e+00
-3.081003166969802720e+01
-2.117117005332027802e+01
-1.099585556732132474e+01
-9.489866584905975344e+00
-1.399835029183571322e+01
-1.399835029183571322e+01
-1.676474079571400466e+01
-4.712469325964276479e+00
-1.794064660610924733e+01
-6.015159566574225458e+00
-1.539980791837944452e+01
-9.955384093753810504e+00
-8.878989188371281926e+00
-1.794064660610924733e+01
-6.056345647224948436e+01
-9.029079364721379619e+00
-2.481042996840629300e+01
-2.321841881005580888e+01
-4.734254898536272549e+01
-2.102971440318641072e+01
-2.651478773748909745e+01
-1.109806228455873978e+01
-1.539980791837944452e+01
-1.520557775692416413e+01
-3.319575339289723814e+01
-3.667110196530172317e+01
-3.790415052674073593e+01
-3.329149277610788005e+01
-5.005112442225490454e+00
-5.726884451472006532e+01
-1.616995401748804406e+00
-1.992167774623862186e+01
-3.296955119355299502e+00
-1.779649062706359786e+01
-4.195716826982100400e+01
-5.763881061244069848e+00
-2.344068842946840370e+00
-2.125558032970069888e+01
-1.676612023448898015e+01
-8.878989188371281926e+00
-2.372420107685530510e+01
-6.078417586850020626e+01
-1.322125200091243125e+00
-4.032751149283064773e-01
-2.694367300755634531e+01
-3.612174311396790927e+01
-3.319575339289723814e+01
-5.741663699967732981e+01
-1.099585556732132474e+01
-3.875097808940879407e+00
-9.029079364721379619e+00
-5.525180204756258462e+01
-1.672738990541062520e+01
-1.794064660610924733e+01
-2.546297731102236384e+01
-1.925595120974779695e+00
-4.991308587084985149e+00
-2.457236948069921212e+01
-1.672738990541062520e+01
-3.296955119355299502e+00
-6.573241179969731718e+01
-1.109806228455873978e+01
-2.833704437540992416e+01
-4.437776114102964797e+00
-5.763881061244069848e+00
-5.843962279181507569e+01
-6.959029553020382508e+00
-1.355426844433364941e+01
-4.322662453923727810e+01
-3.502274734119877309e+01
-1.184306818304465736e+01
-2.123063272154185199e+01
-4.032751149283064773e-01
-3.533213342452982175e+01
-1.925595120974779695e+00
-3.934674798805792761e+01
-2.125558032970069888e+01
-1.372340226472781133e+01
-5.567013129511575187e+01
-2.337710505962904151e+01
-3.536075918550568531e+01
-2.212010870792703443e+01
-1.900140897107348437e+01
-8.123378327307307245e+01
-2.733103935340303536e+01
-1.706612023448898086e+01
-2.099468753431400714e+01
-5.763881061244069848e+00
-3.440711695353353150e+01
-3.536075918550568531e+01
-8.878989188371281926e+00
-1.399835029183571322e+01
-1.190385755946359936e+01
-7.923835332724485170e+01
-5.567013129511575187e+01
-5.525180204756258462e+01
-1.099585556732132474e+01
-3.296955119355299502e+00
-2.212010870792703443e+01
-7.907714806900489002e+00
-6.611468981060328076e+01
-4.688501752930749689e+01
-1.042266284538877130e+01
-7.800594862691848874e+00
-3.505412095555690399e+01
-3.250123954758596945e+00
-5.215924391513487990e+01
-5.746394579543122916e+01
-3.360263538927645754e+01
-5.575606266435190861e+01
-1.822257290451708656e+01
-1.372340226472781133e+01
-1.992167774623862186e+01
-1.099585556732132474e+01
-8.986578238589761014e+00
-3.081003166969802720e+01
-8.878989188371281926e+00
-1.098175136633300752e+01
-3.875097808940879407e+00
-5.665678979721941744e+01
-2.501377147069224449e+01
-7.800594862691848874e+00
-5.631758298588034251e+01
-5.665481226442038221e+00
-2.210898575816084133e+01
-1.382005337827643388e+01
-6.454236169119991473e+01
-1.925595120974779695e+00
-2.471650184234062309e+01
-8.878989188371281926e+00
-9.489866584905975344e+00
-5.215924391513487990e+01
-1.856579886575906713e+01
-3.606720501852542782e+01
-5.919967958364161120e+00
-1.925595120974779695e+00
-6.121421331308212643e+01
-2.509406976193669436e+01
-9.023960882500987601e-01
-2.691471833080447595e+01
-9.481092391307841538e+00
-3.319575339289723814e+01
-3.217186312745629273e+00
-2.628359253914782201e+00
-1.136470889917555915e+01
-2.404515349752314535e+01
-1.992167774623862186e+01
-1.258739858082682517e+01
-3.083139478258095778e+01
-1.539980791837944452e+01
-5.624129856997580390e+01
-3.459077816790105508e+00
-1.322125200091243125e+00
-1.595997503432404230e+01
-2.702494785677609457e+01
-9.481092391307841538e+00
-2.500054180814062832e+01
-2.691415424188805261e+01
-5.581135697772707971e+01
-3.780143910641540117e+01
-4.587079975979556679e+01
-1.322125200091243125e+00
-1.595997503432404230e+01
-8.123987078422990749e+01
-1.617750593629088129e+01
-3.612174311396790927e+01
-1.372340226472781133e+01
-3.753463478000740849e+01
-1.002599624858650174e+01
-2.422736921874365379e+01
-2.471650184234062309e+01
-1.372340226472781133e+01
-2.118502230951132503e+01
-1.736612023448898157e+01
-2.704820475856077167e+01
-7.961731368369378004e+01
-2.165496427199753171e+01
-9.023960882500987601e-01
-1.992167774623862186e+01
-6.607913287826688986e+01
-2.507845775178799386e+01
-1.099585556732132474e+01
-2.332879901256852406e+01
-1.210326811701202665e+01
-2.212010870792703443e+01
-1.282702987900085034e+01
-2.363642656448694979e+00
-2.699357424241799563e+01
-2.025943594580832041e+01
-2.458118931420759523e+01
-3.784096324790768051e+01
-6.554779986179430296e+01
-2.096313296441226015e+01
-1.069932603063443999e+01
-7.800594862691848874e+00
-5.763881061244069848e+00
-2.321841881005580888e+01
-1.992167774623862186e+01
-4.731172831206308871e+01
-2.471650184234062309e+01
-3.612174311396790927e+01
-2.277693621026567694e+00
-7.981966930231367030e+01
-8.997662643854420494e-01
-3.777521248890256800e+01
-3.551040090714088393e+01
-1.826724831824130391e+01
-5.005112442225490454e+00
-3.250123954758596945e+00
-1.558044947446002482e+01
-1.992167774623862186e+01
-1.676612023448898015e+01
-1.056219993337043235e+02
-3.720597241503867991e+01
-1.992167774623862186e+01
-3.459077816790105508e+00
-1.866736868174675124e+01
-3.629105213238094763e+01
-2.228053902908007800e+01
-4.254661338839849094e+01
-2.651478773748909745e+01
-2.628359253914782201e+00
-3.652987628269053744e+01
-1.672738990541062520e+01
-1.210326811701202665e+01
-1.372340226472781133e+01
-2.125558032970069888e+01
-1.399835029183571322e+01
-1.718761572658875991e+01
-5.903133972377326621e+00
-3.083027329815957884e+01
-3.363619203641174238e+01
-1.791620411227562215e+01
-2.321841881005580888e+01
-3.118759958929405229e+01
-6.468855308379933433e+01
-3.934674798805792761e+01
-4.591436028437214389e+01
-1.539980791837944452e+01
-7.800594862691848874e+00
-3.373193141962241270e+01
-1.273616732472188495e+01
-5.344232707746121136e+00
-3.975035037895645473e+01
-1.826724831824130391e+01
-2.481505650287776277e+01
-3.351556999039279106e+01
-6.431214507579079509e+01
-4.572685853768850706e+01
-1.089223664598828911e+01
-9.029079364721379619e+00
-4.703182511488972750e+01
-2.336817021555007656e+01
-6.369455017060650093e+00
-1.242280143784927127e+01
-3.934674798805792761e+01
-6.347305240131245974e+00
-1.210326811701202665e+01
-3.934674798805792761e+01
-2.833704437540992416e+01
-3.368487040736600591e+01
-3.632667905635403827e+01
-3.371083077231159564e+01
-6.528203779528784878e+01
-9.265080930568380779e+00
-5.710132987593570419e+01
-1.702841607886859876e+01
-2.415020643728472916e+00
-2.486822671363893278e+01
-2.220386838330328771e+01
-2.492670607180860642e+01
-7.928025402184080406e+01
-7.212472074426442248e+01
-1.099585556732132474e+01
-2.628359253914782201e+00
-1.109806228455873978e+01
-2.693971011119937486e+01
-3.508445354521623472e+01
-2.506511405779031776e+01
-1.158056291479678102e+01
-3.355567132624359061e+01
-3.296955119355299502e+00
-1.212447904459298442e+01
-1.099585556732132474e+01
-1.029602164286141530e+01
-5.279604757234487522e+01
-1.211869812739096730e+01
-8.039431334359362324e+01
-4.156144134636674892e+01
-1.992167774623862186e+01
-3.934674798805792761e+01
-2.465898574845620317e+01
-8.997662643854420494e-01
-4.032751149283064773e-01
-2.691415424188805261e+01
-3.875097808940879407e+00
-7.604507821790946309e+00
-1.069932603063443999e+01
-8.285056774014586622e+00
-1.231922823733861705e+01
-1.794064660610924733e+01
-3.459077816790105508e+00
-4.572685853768850706e+01
-1.925595120974779695e+00
-5.134392203479396244e+01
-2.966764628476445953e+00
-2.106284948586527150e+01
-3.652987628269053744e+01
-8.878989188371281926e+00
-3.250123954758596945e+00
-2.962847436986051619e+01
-4.121874892431002912e+00
-5.005112442225490454e+00
-1.190385755946359936e+01
-1.710633202251599272e+01
-3.410660802963021609e+01
-1.372340226472781133e+01
-9.143407886383666749e+00
-1.372340226472781133e+01
-2.651478773748909745e+01
-1.616600690744420277e+01
-5.408275461981311594e+01
-3.402108309782661877e+01
-5.219006458843451668e+01
-5.567013129511575187e+01
-3.296955119355299502e+00
-8.878989188371281926e+00
-8.997662643854420494e-01
-2.707149018606546065e+01
-4.815159566574225281e+00
-5.407089723936991277e+00
-4.032751149283064773e-01
-6.466789568734668592e+01
-1.676612023448898015e+01
-4.032751149283064773e-01
-3.416785134029657200e+01
-1.042266284538877130e+01
-3.319575339289723814e+01
-1.502804545148290316e+01
-6.635288255450280559e+00
-1.694638057439521717e+01
-3.250123954758596945e+00
-1.109806228455873978e+01
-7.949272626279648080e+01
-2.106284948586527150e+01
-5.337862706853285744e+01
-2.106284948586527150e+01
-3.416785134029657200e+01
-3.612174311396790927e+01
-8.101540461333652132e+00
-1.137947314610707039e+01
-2.321841881005580888e+01
-2.651478773748909745e+01
-4.032751149283064773e-01
-3.633811255391798767e+01
-1.109806228455873978e+01
-6.332366228667837049e+00
-7.800594862691848874e+00
-2.332879901256852406e+01
-4.032751149283064773e-01
-5.847521213377252991e+01
-6.279174077458664627e+00
-6.959029553020382508e+00
-9.489866584905975344e+00
-1.663904659828957477e+01
-7.907714806900489002e+00
-5.509305396105379060e+01
-8.220838250077569853e+01
-2.106284948586527150e+01
-3.115924627113191647e+01
-4.731172831206308871e+01
-5.407089723936991277e+00
-1.099585556732132474e+01
-1.794064660610924733e+01
-1.372340226472781133e+01
-3.404646482732560742e+01
-2.962847436986051619e+01
-1.042266284538877130e+01
-8.997662643854420494e-01
-2.696121466342518858e+01
-4.032751149283064773e-01
-3.875097808940879407e+00
-3.875097808940879407e+00
-5.715159566574225636e+00
-5.911188031756706351e+01
-3.459077816790105508e+00
-3.612174311396790927e+01
-3.536075918550568531e+01
-5.903133972377326621e+00
-5.262131587626853069e+00
-1.925595120974779695e+00
-1.348719480311644148e+01
-1.246083621680258702e+01
-9.029079364721379619e+00
-9.023960882500987601e-01
-1.785065091079112776e+01
-1.925595120974779695e+00
-1.416337429041280060e+01
-3.250123954758596945e+00
-3.078547230461015261e+01
-5.976280708984462109e+01
-9.023960882500987601e-01
-1.340045314060444781e+01
-3.695109962472882614e+01
-6.096784541325003026e+00
-6.416110737551124998e+01
-1.672738990541062520e+01
-2.332879901256852406e+01
-2.691415424188805261e+01
-2.656211121531754316e+01
-4.731172831206308871e+01
-1.794064660610924733e+01
-1.595997503432404230e+01
-2.546018673877851413e+00
-2.125558032970069888e+01
-1.785065091079112776e+01
-8.686725903841195873e+01
-5.262131587626853069e+00
-1.407219767935463395e+01
-2.699357424241799563e+01
-6.565645259144012869e+01
-9.489866584905975344e+00
-3.077647502256271395e+01
-1.437212904309509121e+01
-6.255334605027640293e+01
-1.399835029183571322e+01
-5.267141097034026842e+01
-2.332879901256852406e+01
-1.099585556732132474e+01
-1.344507628557694190e+01
-9.481092391307841538e+00
-8.142248923175471331e-01
-4.032751149283064773e-01
-4.731172831206308871e+01
-1.595373030913813928e+01
-5.005112442225490454e+00
-5.903133972377326621e+00
-2.494766365104892003e+01
-3.033562385259374938e+00
-2.703062416247999522e+01
-5.763881061244069848e+00
-9.029079364721379619e+00
-5.262131587626853069e+00
-6.471168487759841526e+01
-9.023960882500987601e-01
-3.827491829789818922e+01
-2.025943594580832041e+01
-9.023960882500987601e-01
-1.925595120974779695e+00
-4.032751149283064773e-01
-6.786665725750838263e+00
-3.536075918550568531e+01
-2.150001737539363234e+01
-2.472677540010712605e+01
-5.971526661960831461e+01
-3.062742915114035114e+01
-4.626332572664414222e+00
-3.692189825891682631e+01
-3.319575339289723814e+01
-2.316415197352700872e+01
-9.481092391307841538e+00
-6.869568925753208433e+00
-3.106805887779498843e+00
-9.553634805350434078e+00
-1.595997503432404230e+01
-7.907714806900489002e+00
-3.612174311396790927e+01
-2.106284948586527150e+01
-2.332879901256852406e+01
-1.676612023448898015e+01
-1.676612023448898015e+01
-3.304408102365923128e+01
-9.023960882500987601e-01
-2.699357424241799563e+01
-1.322125200091243125e+00
-1.421780940456034692e+01
-2.691415424188805261e+01
-1.595997503432404230e+01
-2.212010870792703443e+01
-3.370055721454506426e+01
-4.807883798177875256e+00
-1.790257475887002414e+01
-2.125558032970069888e+01
-5.407089723936991277e+00
-2.795479462543390525e+00
-2.468275405567080227e+01
-6.959029553020382508e+00
-4.782485281808223476e+01
-5.209236585882135273e+01
-1.642199394392167733e+01
-7.979852981355834984e+00
-8.614780507637638252e+00
-1.333715353446264906e+01
-1.099604359696009226e+01
-6.090405752123515981e+00
-5.442505908673034298e+01
-4.040171427644676072e+00
-1.322125200091243125e+00
-8.878989188371281926e+00
-9.481092391307841538e+00
-4.762339208665272139e+01
-3.612174311396790927e+01
-1.620895660526528914e+01
-3.612174311396790927e+01
-2.287983958430445330e+00
-9.550090980302369914e+00
-1.401481155584570537e+00
-2.795479462543390525e+00
-3.632810205244285129e+01
-1.210326811701202665e+01
-2.329086499409189415e+01
-9.749896318655093097e+00
-3.651803295973992647e+01
-2.499497711241224707e+01
-2.707220569499299856e+01
-5.208933645501790011e+01
-2.212010870792703443e+01
-5.903337288603396615e+01
-3.179283319374640016e+01
-2.658942647338905019e+01
-5.580504911623690134e+01
-7.147807747348487339e+00
-6.499962546109424011e+01
-1.539980791837944452e+01
-1.120541940685115812e+01
-1.372340226472781133e+01
-2.691415424188805261e+01
-1.372340226472781133e+01
-5.763881061244069848e+00
-1.832898130587386021e+01
-6.176506913666729659e+00
-3.084358831683334401e+01
-2.049797743392468163e+01
-2.700926104959697227e+01
-7.800594862691848874e+00
-3.875097808940879407e+00
-2.212010870792703443e+01
-2.658942647338905019e+01
-2.332879901256852406e+01
-6.422499602158679011e+01
-6.561469470458732189e+01
-1.109806228455873978e+01
-3.612174311396790927e+01
-1.257849430939166524e+01
-5.491477913301602953e+00
-7.561712296463810823e+00
-2.691415424188805261e+01
-5.262131587626853069e+00
-6.517917234635746127e+01
-6.481659069508103244e+01
-2.510179338118248893e+01
-1.165986207262111485e+01
-6.216983166166290431e+00
-6.293309277421404602e+01
-1.109806228455873978e+01
-1.616995401748804406e+00
-1.497434962952049453e+01
-5.638115436424754989e+00
-3.459077816790105508e+00
-3.459077816790105508e+00
-1.415779820493143992e+00
-3.033562385259374938e+00
-2.795479462543390525e+00
-7.985067736147940520e-01
-5.575719669399939704e+01
-1.925595120974779695e+00
-2.656211121531754316e+01
-2.212010870792703443e+01
-1.708739728360967902e+01
-9.481092391307841538e+00
-1.099585556732132474e+01
-9.170995823157607418e+00
-1.631345257702244922e+01
-3.555035492486940996e+01
-5.262131587626853069e+00
-1.794064660610924733e+01
-5.407089723936991277e+00
-3.459077816790105508e+00
-9.489866584905975344e+00
-1.322125200091243125e+00
-3.451057069874939742e+01
-5.763881061244069848e+00
-4.815159566574225281e+00
-1.038109239130784189e+01
-5.903133972377326621e+00
-5.652267056246427046e+01
-2.459357953037919131e+01
-5.433207600980703766e+00
-8.068383087126116493e+01
-2.628359253914782201e+00
-9.489866584905975344e+00
-3.077647502256271395e+01
-2.656211121531754316e+01
-2.201724001674502773e+01
-5.262131587626853069e+00
-1.638949896165521736e+01
-3.036216149589569113e+01
-3.629105213238094763e+01
-1.210326811701202665e+01
-3.687328628415920129e+00
-1.231922823733861705e+01
-5.622204729120393552e+01
-3.632810205244285129e+01
-3.036216149589569113e+01
-5.763881061244069848e+00
-1.706910622541768063e+00
-2.738830518594132357e+01
-3.875097808940879407e+00
-2.150001737539363234e+01
-1.210326811701202665e+01
-2.107307183358977554e+01
-2.110981354889809936e+01
-1.627746268466036739e+01
-5.763881061244069848e+00
-8.878989188371281926e+00
-1.042266284538877130e+01
-4.617973892623660959e+01
-3.114049212262875699e+01
-1.672738990541062520e+01
-1.208997432537643846e+01
-4.572685853768850706e+01
-1.206532663649242387e+01
-1.672680906948378565e+00
-1.109806228455873978e+01
-9.349796692285062605e+00
-4.731172831206308871e+01
-2.699357424241799563e+01
-2.125558032970069888e+01
-1.222585148901306873e+01
-3.120098084902418734e+01
-3.656997761854128726e+01
-1.845200155217366600e+01
-9.029079364721379619e+00
-1.726918092746689837e+01
-5.255217194509351231e+01
-1.198756681500309895e+01
-5.319599550533978061e+01
-1.240542310374447510e+01
-1.708739728360967902e+01
-4.574822165057137369e+01
-5.527336427270440389e+00
-2.357154722783744827e+00
-3.538752437409151952e+01
-2.672600276374582151e+01
-2.235452337232429798e+01
-1.616995401748804406e+00
-1.184306818304465736e+01
-2.332879901256852406e+01
-2.628359253914782201e+00
-1.794064660610924733e+01
-3.875097808940879407e+00
-2.384863015661623820e+01
-2.471650184234062309e+01
-2.833704437540992416e+01
-8.598051853970465785e+00
-1.813275485406194676e+01
-1.231922823733861705e+01
-5.407089723936991277e+00
-3.653166014748584445e+01
-2.516920997510472446e+01
-2.995036161369650429e+01
-3.459077816790105508e+00
-3.319575339289723814e+01
-3.860194717636992578e+01
-5.407089723936991277e+00
-5.661836875672573655e+01
-5.903133972377326621e+00
-1.210326811701202665e+01
-2.106284948586527150e+01
-2.691415424188805261e+01
-2.601884693741396504e+01
-5.752935748044378528e+01
-2.691415424188805261e+01
-6.609716715148664434e+01
-2.332879901256852406e+01
-2.125558032970069888e+01
-3.612174311396790927e+01
-2.150001737539363234e+01
-3.365141070945423252e+01
-5.709456953340870555e+00
-2.363454978365838599e+01
-5.903133972377326621e+00
-2.653615085037198895e+01
-5.005112442225490454e+00
-2.903114584321642511e+01
-1.109806228455873978e+01
-1.676612023448898015e+01
-9.481092391307841538e+00
-1.992167774623862186e+01
-3.360263538927645754e+01
