-6.346744759161244076e+01
-6.941675838879061189e+01
-5.281044684428016467e+01
-7.556009599146467792e+01
-7.098414317489073255e+01
-7.396950771638486799e+01
-6.937899862356736946e+01
-7.436726256820666947e+01
-7.349690224610807832e+01
-6.329256458625876292e+01
-6.513710071133793633e+01
-7.218796185518974085e+01
-7.053643281983312363e+01
-5.716595131199327540e+01
-6.905656288671397647e+01
-6.451006183059229215e+01
-7.530780950535560692e+01
-6.467904826990951506e+01
-6.939580038311889609e+01
-6.196412392057960261e+01
-6.893459564846600074e+01
-7.390092102488522130e+01
-6.861851668330555754e+01
-6.116545729370194806e+01
-6.740319555013671504e+01
-6.750409706898935269e+01
-5.877694704788964941e+01
-6.413944362044647107e+01
-5.289264252479048167e+01
-6.699762670968137002e+01
-7.219012129502644370e+01
-6.997032428717211872e+01
-6.269454832496694507e+01
-1.009083273411882544e+02
-6.783886188352744284e+01
-5.658704754122236125e+01
-5.049411959186380017e+01
-5.821397716882185591e+01
-7.015088515207060027e+01
-6.727044981695162562e+01
-8.055414856829135317e+01
-6.088613107107292421e+01
-5.958722306074511010e+01
-7.119160319954190186e+01
-5.200272595664195308e+01
-2.374183795921096873e+01
-2.854890871301300592e+01
-3.896146190711252899e+01
-4.173416019694926149e+01
-1.692076024629926323e+01
-1.542007432599015715e+01
-1.818943514877917167e+01
-3.468987546728888560e+01
-2.617598187118553810e+01
-4.328045824532864572e+01
-2.332844814812211709e+01
-1.917826090784350512e+01
-4.107250924661198610e+01
-2.214775689788632462e+01
-1.756735704883334748e+01
-1.824859045136001612e+01
-2.088548747027380159e+01
-3.916116700784566262e+01
-3.623288511425703717e+01
-3.304540313146489439e+01
-2.508778897781087025e+01
-2.754162081228763270e+01
-4.615906529773658917e+01
-3.069982947150336017e+01
-2.341466141401033951e+01
-3.323926670507996306e+01
-1.794176852629381358e+01
-3.193048006251768811e+01
-2.367957126945974267e+01
-3.444175607937048511e+01
-2.332926711357136540e+01
-1.474686522274079969e+01
-2.618501311536300946e+01
-4.389112815838409887e+01
-3.187252481746358868e+01
-2.526589652180415868e+01
-3.712179936987188000e+01
-1.265786564882384724e+01
-9.335373531782494183e+00
-1.591043715047696061e+01
-1.653791929715408315e+01
-3.412155018841085763e+01
-4.120773082627039230e+01
-2.174034979946570090e+01
-3.434928121341890517e+01
-4.894127559086564361e+01
-1.254037661778074764e+01
-4.031709922841185900e+00
-3.189396446544849084e+01
-2.354047869180966401e+01
-1.590395673421165235e+01
-2.998449744034593323e+01
-3.009081597405146979e+01
-1.519607711568787956e+01
-2.126966555467487296e+01
-3.461485820870477426e+01
-1.590263054904648143e+01
-1.137275529153630060e+01
-1.844444419288821635e+01
-1.081395840002096875e+01
-1.818131663359246630e+01
-1.044938862127744095e+01
-2.607117709667203442e+01
-3.416509479282453299e+01
-4.856092262990548392e+01
-3.744881899270812653e+01
-3.771101100064595357e+01
-3.366758204179974001e+01
-2.838314891887589653e+01
-6.145738016430187578e+00
-1.990612780950429439e+01
-3.131495616026344564e+01
-3.729221369440296741e+01
-2.284749110678819406e+01
-8.172640826059424768e+00
-1.008652228575786403e+01
-3.247501139795239311e+01
-1.974068997871706799e+01
-2.736774475488293135e+01
-2.932960412207645717e+01
-2.316083632118025548e+01
-3.362396794287592172e+01
-3.754800471063243350e+01
-3.686453144609189536e+01
-1.997468874034425212e+01
-2.676148254000990079e+01
-6.085980812840818821e+00
-6.259117608750528916e+00
-2.838941258798674738e+01
-1.406501200735392487e+01
-1.864542629336216351e+01
-3.485340460248899319e+01
-5.735266756172985758e+00
-1.139423722031536279e+01
-1.060842536504423883e+01
-3.215904439707637863e+01
-2.456538176167215326e+01
-3.116939696844030649e+01
-3.223385311752048210e+01
-2.263480951634671001e+01
-2.608995464552146704e+00
-2.814003357243695191e+01
-7.166340180430269768e+00
-2.438554941419533861e+01
-6.264162302501817159e+00
-3.792762753903490136e+01
-1.565789552552494612e+01
-2.379207133461052237e+01
-2.005823547161966758e+01
-3.611077752222269055e+01
-6.450483898859490139e+00
-2.278406032742513077e+01
-1.451024820901056778e+01
-2.506977120667929171e+01
-2.993024850829893779e+01
-1.968044687742954935e+01
-3.034818891312013989e+01
-2.853899157762661787e+01
-4.192940539030118430e+01
-2.379207133461052237e+01
-3.766703564260367898e+01
-1.534744032995993912e+01
-1.112233356993085920e+01
-2.318600604471805227e+01
-2.665303889753710109e+01
-3.623350120855341316e+01
-1.183720304300056370e+01
-1.621422473115724827e+01
-2.694035648932473848e+01
-3.008404459861388602e+01
-1.177969377099110915e+01
-3.162389420814470853e+01
-6.469726580658966775e+00
-1.131278521165425843e+01
-3.473828603871538689e+01
-1.716666233982110867e+01
-8.460788319783747014e+00
-3.331805930242676084e+01
-7.465145245886491310e+00
-1.884881738423124631e+01
-2.063231313501914954e+01
-4.447901638617052100e+01
-3.010386058326188419e+01
-3.370510134554314163e+01
-2.330406491997542773e+01
-2.052185121167077142e+01
-3.499629329173856718e+01
-1.417147197178282703e+01
-2.781245636160546297e+01
-3.140183144086002187e+01
-2.330406491997542773e+01
-2.121684660167820624e+01
-3.203052864190656379e+01
-6.070879150338222452e+00
-7.618313801908022320e+00
-1.387832351495620742e+01
-1.112233356993085920e+01
-1.112233356993085920e+01
-1.573154827914519061e+01
-6.050190573375996195e+00
-3.031818490297919055e+01
-3.576505190355262442e+01
-2.917869502331193843e+01
-7.387259587610441436e+00
-3.652293122659509095e+01
-2.163338820225088455e+01
-7.644812359298018833e+00
-2.633822626416055357e+01
-5.209841731803082077e+00
-1.772365336462878105e+01
-3.205393849529463779e+01
-3.789519655905430540e+01
-2.056255608280561198e+00
-2.677238595507160213e+01
-1.506433960179881559e+01
-3.653862664497651291e+00
-3.662717530932174981e+01
-3.479867428320147127e+01
-4.634614564818813953e+00
-3.225761965711796364e+01
-2.631423034455507093e+01
-3.732808929134854026e+01
-1.596750469373462344e+01
-2.682058121667383332e+00
-2.670868768030337748e+01
-5.099189134282280378e-01
-5.281607001983117833e+00
-2.320643755241660600e+01
-3.320437712785651740e+01
-4.199053810417375132e+00
-2.281936973362257604e+01
-2.955782918129301606e+01
-2.485141205069504977e+01
-5.232759928436181873e+00
-2.422888247440411291e+01
-5.894931508312469148e+00
-9.966920101786209685e+00
-2.190997275386478194e+01
-3.252949649302807700e+01
-3.459315210619615755e+01
-2.827429368479527838e+01
-1.330663923843548702e+01
-3.911250777199495587e+01
-3.386137836954964797e+01
-5.304210387506793190e+00
-3.012202999678551407e+01
-3.432698348494038498e+01
-2.433364830940055512e+01
-5.674166174339305257e+00
-5.232759928436181873e+00
-3.817256068222672383e+01
-4.689635006418256147e+00
-3.098628217192471368e+01
-3.154780617380361463e+01
-1.860868991926574267e+01
-3.833344917773307259e+01
-1.506433960179881559e+01
-7.371512910880515079e+00
-2.922895536271837713e+01
-3.443891922868078836e+01
-3.142678177236242121e+01
-2.949390810129105844e+01
-1.981928459231813733e+01
-2.493719772955257952e+01
-3.102834634669100211e+01
-3.432691968986111419e+01
-3.509988251862431952e+01
-3.456489624873050559e+01
-2.340722559419071658e+01
-2.922895536271837713e+01
-3.313659192447838819e+01
-7.281806886522636191e+00
-7.348661096344144106e+00
-3.588505771107782039e+01
-5.099189134282280378e-01
-2.523388895262815623e+01
-8.654208972221708152e+00
-2.861167314014893748e+01
-3.709078127541129533e+01
-2.646156554341150979e+01
-2.281936973362257604e+01
-2.672703596563835404e+01
-3.525645371984149534e+01
-2.295870453943615885e+01
-3.052467031924796359e+01
-3.653889118316801898e+01
-8.312084275326606431e+00
-3.199407466129815347e+01
-4.689635006418256147e+00
-2.636523891113598594e+01
-1.319866353958447647e+01
-3.203052864190656379e+01
-2.637357387801204922e+01
-3.202917176002588207e+01
-2.330406491997542773e+01
-6.286401395440223361e+00
-2.238165124071715084e+01
-6.070879150338222452e+00
-3.650481942491108356e+01
-2.281936973362257604e+01
-2.768832428515491628e+01
-3.104666668967571752e+01
-2.977673856050766688e+01
-9.465768113480500290e+00
-2.375211008610486374e+01
-3.528477765320994308e+01
-5.703310855521473322e+00
-3.172714865941708240e+01
-3.063675312912590343e+01
-5.209841731803082077e+00
-3.046973687787229679e+01
-3.691252585858884316e+01
-2.977673856050766688e+01
-6.286401395440223361e+00
-3.527579756405222611e+01
-3.246014199496139696e+01
-1.004535056697514506e+01
-2.861167314014893748e+01
-6.478444809599282372e+00
-3.004859655371488358e+01
-2.752409313667530100e+01
-3.561491671181908458e+01
-2.646156554341150979e+01
-2.412412284546976426e+00
-3.588505771107782039e+01
-5.474628912200548925e+00
-3.203052864190656379e+01
-6.070879150338222452e+00
-2.523388895262815623e+01
-2.925728450923574542e+01
-2.861167314014893748e+01
-3.290813070254316131e+01
-2.666515208999288689e+01
-3.772188213542617063e+01
-3.185664139386980054e+01
-2.993024850829893779e+01
-3.044601787979955532e+01
-4.689635006418256147e+00
-3.262463488036907222e+01
-3.588505771107782039e+01
-2.993024850829893779e+01
-1.805682935965546676e+01
-2.139304130484471500e+01
-2.633019952588026769e+01
-1.038137890882576464e+01
-3.269364946083177159e+01
-2.861167314014893748e+01
-2.584617309815666886e+01
-3.355870164325543925e+01
-3.203052864190656379e+01
-2.758150715180967083e+01
-2.998570273128194685e+01
-3.211356634874480420e+01
-3.141350169272039139e+01
-3.253118836569672823e+01
-5.569077228777424615e+00
-3.061027325423917844e+01
-1.884881738423124631e+01
-2.929189402851613977e+01
-2.540425656528204001e+01
-2.637357387801204922e+01
-1.950507569552235054e+01
-3.253118836569672823e+01
-2.434411653063239811e+01
-2.584617309815666886e+01
-2.929189402851613977e+01
-2.540425656528204001e+01
-2.922895536271837713e+01
-2.513109634902381728e+01
-2.407168885738508024e+01
-3.525645371984149534e+01
-5.099189134282280378e-01
-2.379207133461052237e+01
-1.792719951880863860e+01
-3.099740381557939273e+01
-3.021621538188070133e+01
-2.839265151951747868e+01
-3.021621538188070133e+01
-3.711039622166493501e+01
-2.281936973362257604e+01
-8.571012387134466337e+00
-6.585591791611745016e+00
-2.637357387801204922e+01
-1.032750142243320468e+01
-2.929189402851613977e+01
-2.682058121667383332e+00
-3.653889118316801898e+01
-3.016816736525332132e+01
-3.662717530932174981e+01
-2.240571934207801164e+01
-3.459315210619615755e+01
-2.677238595507160213e+01
-2.364492296742435684e+01
-3.588505771107782039e+01
-5.099189134282280378e-01
-2.993024850829893779e+01
-3.420493402398269467e+01
-7.281806886522636191e+00
-3.253118836569672823e+01
-2.682058121667383332e+00
-4.689635006418256147e+00
-2.998570273128194685e+01
-1.057885180702554884e+01
-3.652293122659509095e+01
-5.209841731803082077e+00
-1.533464912036030192e+01
-2.379207133461052237e+01
-2.238165124071715084e+01
-3.016378208909529590e+01
-2.264438632958068354e+01
-4.199053810417375132e+00
-3.525645371984149534e+01
-2.858486120670228914e+01
-1.445217131118578813e+01
-3.656535302778255669e+01
-2.998570273128194685e+01
-1.683470402296019941e+01
-3.241130670036557149e+01
-2.240571934207801164e+01
-3.154316902854505855e+01
-2.974750215631744510e+01
-3.016378208909529590e+01
-2.213447941333377855e+01
-3.203052864190656379e+01
-1.009796666895280737e+01
-3.507749359953719193e+01
-2.819820732202308022e+01
-6.050190573375996195e+00
-4.689635006418256147e+00
-2.929189402851613977e+01
-3.185664139386980054e+01
-2.240571934207801164e+01
-3.459315210619615755e+01
-3.522541748748670898e+01
-3.917884314652764743e+01
-3.178609528817830920e+01
-2.642342601452850914e+01
-3.016378208909529590e+01
-2.412412284546976426e+00
-5.569077228777424615e+00
-2.682058121667383332e+00
-2.523388895262815623e+01
-3.052467031924796359e+01
-3.527579756405222611e+01
-2.412412284546976426e+00
-3.052467031924796359e+01
-6.070879150338222452e+00
-3.459718485301549151e+01
-1.997394557072370569e+00
-3.059878991268082515e+01
-2.974750215631744510e+01
-3.211356634874480420e+01
-3.114806779051822261e+01
-3.178609528817830920e+01
-5.875805292389800982e+00
-2.985900081467567801e+01
-3.662717530932174981e+01
-2.778627772946678576e+01
-3.846712976494694658e+01
-3.653889118316801898e+01
-1.805682935965546676e+01
-2.364492296742435684e+01
-5.464771688282384687e+00
-2.305524758598657087e+01
-2.974750215631744510e+01
-2.838065850746160024e+01
-2.238165124071715084e+01
-2.384544903958159168e+01
-5.099189134282280378e-01
-6.585591791611745016e+00
-2.364492296742435684e+01
-3.588505771107782039e+01
-2.706358415506902304e+01
-2.642342601452850914e+01
-3.459315210619615755e+01
-5.232759928436181873e+00
-2.952107427082643554e+01
-2.681620058392086392e+01
-3.203052864190656379e+01
-2.858486120670228914e+01
-6.775030825353085540e+00
-2.861167314014893748e+01
-4.097394557072370880e+00
-2.384544903958159168e+01
-2.493719772955257952e+01
-7.281806886522636191e+00
-8.354164889651128689e+00
-5.099189134282280378e-01
-3.624756403000242955e+01
-3.059878991268082515e+01
-3.203052864190656379e+01
-1.997394557072370569e+00
-4.689635006418256147e+00
-8.658225397023292302e+00
-2.925728450923574542e+01
-7.199075338107403965e+00
-5.209841731803082077e+00
-2.925728450923574542e+01
-5.232759928436181873e+00
-6.585591791611745016e+00
-2.646156554341150979e+01
-5.474628912200548925e+00
-2.922895536271837713e+01
-2.281936973362257604e+01
-1.506433960179881559e+01
-7.961681707202013847e+00
-5.211713433106100801e+00
-6.775030825353085540e+00
-4.931360322692410314e+00
-2.238165124071715084e+01
-2.703846107203584381e+01
-3.344749398133166096e+01
-3.185664139386980054e+01
-2.364492296742435684e+01
-3.720639431393745866e+01
-7.281806886522636191e+00
-2.584617309815666886e+01
-2.974750215631744510e+01
-2.778627772946678576e+01
-3.527579756405222611e+01
-3.624756403000242955e+01
-3.267925102436513640e+01
-3.154316902854505855e+01
-3.790778506311051643e+01
-2.412412284546976426e+00
-3.185664139386980054e+01
-8.587229731947584099e+00
-1.981928459231813733e+01
-2.861167314014893748e+01
-1.706374321915410874e+01
-2.998570273128194685e+01
-3.261595695522024130e+01
-2.778627772946678576e+01
-8.117595255268344800e+00
-7.281806886522636191e+00
-6.585591791611745016e+00
-2.253008031043853876e+01
-2.364492296742435684e+01
-2.422888247440411291e+01
-3.721097310178056006e+01
-4.839536326330364346e+00
-4.443308533301153318e+01
-3.342621418704376879e+01
-4.839536326330364346e+00
-1.714877072045414508e+01
-3.821055284838588761e+01
-3.296597200686134244e+01
-1.981928459231813733e+01
-2.362955664019260027e+01
-3.151276167649556825e+01
-1.701034710984731646e+01
-3.253118836569672823e+01
-5.232759928436181873e+00
-5.703310855521473322e+00
-2.925728450923574542e+01
-3.067818612938925327e+01
-2.922895536271837713e+01
-5.474628912200548925e+00
-2.955782918129301606e+01
-3.016378208909529590e+01
-2.379207133461052237e+01
-2.955782918129301606e+01
-2.240571934207801164e+01
-2.682058121667383332e+00
-2.253008031043853876e+01
-3.016550493286829493e+01
-4.156255608280560843e+00
-2.364492296742435684e+01
-2.922895536271837713e+01
-2.666515208999288689e+01
-3.662717530932174981e+01
-2.253008031043853876e+01
-2.281936973362257604e+01
-1.441898166438088325e+01
-5.569077228777424615e+00
-3.624756403000242955e+01
-1.993776208689086360e+01
-7.961681707202013847e+00
-5.232759928436181873e+00
-2.502324391928470604e+01
-2.578855425912392718e+01
-2.281936973362257604e+01
-3.459315210619615755e+01
-2.977673856050766688e+01
-8.760479521381395074e+00
-3.276516220503869903e+01
-3.033974699871617986e+01
-2.778627772946678576e+01
-3.282227402594576660e+01
-2.858486120670228914e+01
-2.321059521228013267e+01
-5.209841731803082077e+00
-7.961681707202013847e+00
-2.922895536271837713e+01
-4.689635006418256147e+00
-3.638684309496122893e+01
-4.931360322692410314e+00
-3.021621538188070133e+01
-2.412412284546976426e+00
-3.296854901719383335e+00
-2.238165124071715084e+01
-5.569077228777424615e+00
-3.203052864190656379e+01
-3.652293122659509095e+01
-3.178609528817830920e+01
-2.281936973362257604e+01
-1.884881738423124631e+01
-3.052467031924796359e+01
-4.199053810417375132e+00
-5.209841731803082077e+00
-3.233126386304937938e+01
-6.178987983303953158e+00
-2.637357387801204922e+01
-3.203052864190656379e+01
-2.910902862154996740e+01
-2.637357387801204922e+01
-6.585591791611745016e+00
-2.384544903958159168e+01
-3.059878991268082515e+01
-3.052467031924796359e+01
-9.475076112848645593e+00
-2.719435878845728283e+01
-2.977673856050766688e+01
-8.434471390529763468e+00
-3.539333776152638222e+01
-3.662717530932174981e+01
-4.199053810417375132e+00
-4.872747666017305690e+00
-3.203052864190656379e+01
-2.682058121667383332e+00
-1.157130110501352682e+01
-4.509383981052501156e+00
-2.441360841419508887e+01
-3.296854901719383335e+00
-6.286401395440223361e+00
-5.474628912200548925e+00
-5.474628912200548925e+00
-2.642342601452850914e+01
-4.199053810417375132e+00
-2.858486120670228914e+01
-3.050086635674137625e+01
-6.286401395440223361e+00
-2.444472830387976714e+01
-5.816327166177658547e+00
-6.199459143706264719e+00
-5.099189134282280378e-01
-2.902404005664139675e+01
-5.099189134282280378e-01
-1.884881738423124631e+01
-2.758150715180967083e+01
-2.081908412172424505e+01
-2.955782918129301606e+01
-6.775030825353085540e+00
-2.238165124071715084e+01
-1.884881738423124631e+01
-5.816327166177658547e+00
-2.929189402851613977e+01
-1.506433960179881559e+01
-2.955782918129301606e+01
-2.523388895262815623e+01
-3.052467031924796359e+01
-2.758150715180967083e+01
-6.050190573375996195e+00
-5.209841731803082077e+00
-2.523388895262815623e+01
-3.325564772683071624e+01
-3.154316902854505855e+01
-3.296854901719383335e+00
-6.070879150338222452e+00
-2.240571934207801164e+01
-3.090180841191144623e+01
-3.971821723258196357e+01
-5.703310855521473322e+00
-2.412412284546976426e+00
-2.281936973362257604e+01
-2.523388895262815623e+01
-6.286401395440223361e+00
-3.203052864190656379e+01
-7.281806886522636191e+00
-6.070879150338222452e+00
-2.540425656528204001e+01
-2.379207133461052237e+01
-2.858486120670228914e+01
-6.775030825353085540e+00
-6.050190573375996195e+00
-3.624756403000242955e+01
-8.271354018824334631e+00
-1.028951343590418155e+01
-2.523388895262815623e+01
-2.929189402851613977e+01
-3.336215651075369237e+01
-3.468611482613709285e+01
-4.689635006418256147e+00
-3.253118836569672823e+01
-2.056255608280561198e+00
-3.142048132721870246e+01
-2.955782918129301606e+01
-4.839536326330364346e+00
-2.419403919718969576e+01
-2.412412284546976426e+00
-8.642681585716436743e+00
-3.527579756405222611e+01
-3.459315210619615755e+01
-3.185664139386980054e+01
-2.905717051706212573e+01
-6.286401395440223361e+00
-2.858486120670228914e+01
-2.412412284546976426e+00
-3.653889118316801898e+01
-2.778627772946678576e+01
-5.474628912200548925e+00
-2.523388895262815623e+01
-2.253008031043853876e+01
-6.070879150338222452e+00
-2.892208963163793811e+01
-2.422888247440411291e+01
-2.925728450923574542e+01
-7.961681707202013847e+00
-8.320175904971902625e+00
-3.662717530932174981e+01
-2.379207133461052237e+01
-2.642342601452850914e+01
-2.384810342878032330e+01
-6.195018481308862235e+00
-2.977673856050766688e+01
-3.044911135205003916e+01
-3.596402926480926254e+01
-6.585591791611745016e+00
-2.253008031043853876e+01
-3.236411419207204432e+01
-4.669028524953105830e+00
-3.201888548748311081e+01
-2.925728450923574542e+01
-2.237145524859252887e+01
-2.410337671173217444e+01
-3.864515658554751099e+01
-2.320643755241660600e+01
-6.050190573375996195e+00
-2.922895536271837713e+01
-1.683470402296019941e+01
-3.541781334236933532e+01
-3.719773647351446755e+01
-1.805682935965546676e+01
-2.523388895262815623e+01
-2.846723260825941182e+01
-3.151276167649556825e+01
-9.538360078738955750e+00
-2.996569028714086258e+01
-3.525645371984149534e+01
-2.493719772955257952e+01
-3.021621538188070133e+01
-2.974750215631744510e+01
-3.296854901719383335e+00
-3.059878991268082515e+01
-2.758150715180967083e+01
-2.540425656528204001e+01
-6.585591791611745016e+00
-2.861167314014893748e+01
-4.931360322692410314e+00
-2.637357387801204922e+01
-2.666515208999288689e+01
-2.682058121667383332e+00
-3.652293122659509095e+01
-5.099189134282280378e-01
-2.922895536271837713e+01
-4.090683214809727986e+01
-2.925728450923574542e+01
-2.441360841419508887e+01
-2.540425656528204001e+01
-3.114329079056187766e+01
-2.422888247440411291e+01
-2.929189402851613977e+01
-2.778627772946678576e+01
-2.584617309815666886e+01
-3.525645371984149534e+01
-3.470965940058155041e+01
-3.253118836569672823e+01
-3.353730425145394634e+01
-2.861167314014893748e+01
-9.732335888558688808e+00
-3.376089421567371573e+01
-3.287158699027428099e+01
-3.480421006073812151e+01
-2.441360841419508887e+01
-2.384810342878032330e+01
-4.689635006418256147e+00
-3.222550080483802049e+01
-2.925728450923574542e+01
-4.689635006418256147e+00
-2.637357387801204922e+01
-2.431744676750812317e+01
-1.506433960179881559e+01
-2.881520040551464845e+01
-2.523388895262815623e+01
-2.422888247440411291e+01
-2.989074895215429351e+01
-3.021621538188070133e+01
-6.195018481308862235e+00
-2.390473132124049016e+01
-2.441360841419508887e+01
-3.519250229729617985e+01
-6.286401395440223361e+00
-6.286401395440223361e+00
-3.052467031924796359e+01
-2.682058121667383332e+00
-6.070879150338222452e+00
-2.642342601452850914e+01
-1.981928459231813733e+01
-9.972028335469392601e+00
-5.304210387506793190e+00
-2.237145524859252887e+01
-3.041235465989398179e+01
-2.422888247440411291e+01
-1.683470402296019941e+01
-2.929189402851613977e+01
-2.979792136046398099e+01
-2.974750215631744510e+01
-3.194312987429590578e+01
-2.523388895262815623e+01
-5.099189134282280378e-01
-3.016816736525332132e+01
-2.412412284546976426e+00
-3.874438196563644254e+01
-3.536386275086445607e+01
-2.056255608280561198e+00
-3.154316902854505855e+01
-2.758150715180967083e+01
-3.178609528817830920e+01
-8.086856526484682561e+00
-3.151276167649556825e+01
-7.281806886522636191e+00
-2.540425656528204001e+01
-3.277293552162751666e+01
-3.740575989893855535e+01
-6.286401395440223361e+00
-5.816327166177658547e+00
-5.816327166177658547e+00
-2.708954533894864269e+01
-3.236411419207204432e+01
-2.920829721503567100e+01
-2.523388895262815623e+01
-3.449258611221316784e+01
-2.976609571466388360e+01
-1.885051978630929170e+01
-3.531955543627869076e+01
-2.922895536271837713e+01
-1.804602883337706132e+01
-1.950507569552235054e+01
-5.703310855521473322e+00
-3.184574493327687605e+01
-1.884881738423124631e+01
-3.583665313465159841e+01
-4.199053810417375132e+00
-2.298032089316174265e+01
-6.286401395440223361e+00
-2.913650669976981078e+01
-3.747471649904301216e+01
-2.993024850829893779e+01
-7.550512896688358566e+00
-3.253118836569672823e+01
-2.993024850829893779e+01
-3.525645371984149534e+01
-2.218221693578734666e+00
-1.884881738423124631e+01
-1.683470402296019941e+01
-6.195018481308862235e+00
-3.848011910951449011e+01
-4.931360322692410314e+00
-5.304210387506793190e+00
-2.838034784246942266e+01
-6.286401395440223361e+00
-3.169402791912673578e+01
-3.652293122659509095e+01
-2.494113186958307438e+01
-3.052467031924796359e+01
-2.646633406980472003e+01
-5.569077228777424615e+00
-6.195018481308862235e+00
-2.354198156500929784e+01
-6.070879150338222452e+00
-3.021621538188070133e+01
-3.063760740518927506e+01
-2.379207133461052237e+01
-6.585591791611745016e+00
-5.569077228777424615e+00
-6.775030825353085540e+00
-5.816327166177658547e+00
-1.884881738423124631e+01
-1.981928459231813733e+01
-3.260941309282299727e+01
-2.646156554341150979e+01
-3.430580871317943092e+01
-3.063947192948543830e+01
-5.474628912200548925e+00
-2.056255608280561198e+00
-2.540425656528204001e+01
-5.304210387506793190e+00
-3.602904129104092590e+01
-2.974750215631744510e+01
-3.052467031924796359e+01
-1.806359837170543869e+01
-2.580541496798347723e+01
-3.736448198346345606e+01
-3.683158952584042112e+01
-5.232759928436181873e+00
-4.199053810417375132e+00
-3.178609528817830920e+01
-7.622300929202799225e+00
-2.478526202445909732e+01
-1.023230654259794647e+01
-3.257829260256974635e+01
-3.093431824631062455e+01
-2.602256543176429204e+01
-5.304210387506793190e+00
-2.639530290496094622e+01
-3.748819783647739001e+01
-2.663769802893940764e+01
-9.487900637820613881e+00
-4.036552677291641089e+01
-5.816327166177658547e+00
-6.286401395440223361e+00
-2.758150715180967083e+01
-5.304210387506793190e+00
-3.525645371984149534e+01
-1.981928459231813733e+01
-3.849113227576437168e+01
-3.052467031924796359e+01
-2.094938829057029750e+01
-5.474628912200548925e+00
-1.736162759345759810e+01
-4.197000197799766852e+01
-3.186503350455354067e+01
-2.540425656528204001e+01
-3.652293122659509095e+01
-5.474628912200548925e+00
-4.017636547503118294e+01
-4.020029046441956133e+00
-1.506433960179881559e+01
-3.278564223371652275e+01
-7.281806886522636191e+00
-5.099189134282280378e-01
-7.463891449697343639e+00
-2.949390810129105844e+01
-3.525645371984149534e+01
-3.296854901719383335e+00
-6.775030825353085540e+00
-2.240571934207801164e+01
-2.237145524859252887e+01
-2.537561606564084116e+01
-3.671147948144594153e+01
-2.949390810129105844e+01
-2.979792136046398099e+01
-3.527579756405222611e+01
-3.016450191469905917e+01
-6.195018481308862235e+00
-6.070879150338222452e+00
-2.949390810129105844e+01
-2.596682902652808878e+01
-3.652293122659509095e+01
-4.235526375970577817e+01
-3.811543323295189367e+01
-2.422888247440411291e+01
-3.034899190561123561e+01
-3.229235927360556246e+01
-3.021621538188070133e+01
-2.056255608280561198e+00
-6.050190573375996195e+00
-2.238165124071715084e+01
-2.372077954712890957e+01
-2.929189402851613977e+01
-2.637357387801204922e+01
-3.036753908852348616e+01
-4.839536326330364346e+00
-2.720196393614631702e+01
-1.800704301802455021e+01
-2.379207133461052237e+01
-2.445233446983068148e+01
-3.031094897514253717e+01
-3.246456217435495972e+01
-4.689635006418256147e+00
-5.099189134282280378e-01
-2.970639156711681395e+01
-1.884881738423124631e+01
-3.211356634874480420e+01
-5.474628912200548925e+00
-2.264438632958068354e+01
-2.580814187115511515e+01
-6.070879150338222452e+00
-3.580266964228142257e+01
-3.178609528817830920e+01
-3.296854901719383335e+00
-2.584617309815666886e+01
-2.858486120670228914e+01
-2.441360841419508887e+01
-2.834350573237865234e+01
-2.999875282758356576e+01
-2.348999581266197367e+01
-4.000055765616071568e+01
-2.237145524859252887e+01
-2.540425656528204001e+01
-4.689635006418256147e+00
-6.070879150338222452e+00
-3.016378208909529590e+01
-3.279508760850944782e+01
-5.099189134282280378e-01
-1.997394557072370569e+00
-3.001417050188900859e+01
-5.474628912200548925e+00
-2.238165124071715084e+01
-2.929189402851613977e+01
-6.585591791611745016e+00
-2.653862768915330150e+01
-2.281936973362257604e+01
-1.506433960179881559e+01
-1.805682935965546676e+01
-3.178609528817830920e+01
-3.652293122659509095e+01
-2.682058121667383332e+00
-2.717789353621449777e+01
-6.585591791611745016e+00
-3.652003792729824028e+01
-3.046732821682313741e+01
-3.116142860817368287e+01
-6.770556136806410663e+00
-5.703310855521473322e+00
-7.961681707202013847e+00
-2.056255608280561198e+00
-2.682058121667383332e+00
-3.459315210619615755e+01
-4.931360322692410314e+00
-2.253008031043853876e+01
-2.056255608280561198e+00
-2.998570273128194685e+01
-2.949390810129105844e+01
-2.912557174166382623e+01
-3.385196329729019027e+01
-3.391397068442255858e+01
-3.197537969767179078e+01
-2.970639156711681395e+01
-3.194682612603015315e+01
-2.437249543274733909e+01
-3.695734512792760285e+01
-5.209841731803082077e+00
-2.637357387801204922e+01
-1.997394557072370569e+00
-3.624756403000242955e+01
-2.894395010455635742e+01
-6.050190573375996195e+00
-6.216315640986826985e+00
-3.104113253116544513e+01
-3.459315210619615755e+01
-3.739082541617687383e+01
-7.281806886522636191e+00
-5.569077228777424615e+00
-2.682058121667383332e+00
-2.422888247440411291e+01
-2.682058121667383332e+00
-1.981928459231813733e+01
-2.758150715180967083e+01
-3.092248420098660944e+01
-3.296854901719383335e+00
-3.653889118316801898e+01
-2.240571934207801164e+01
-3.239395086635953902e+01
-2.758150715180967083e+01
-3.789630039859306976e+01
-1.884881738423124631e+01
-2.584617309815666886e+01
-2.281936973362257604e+01
-6.775030825353085540e+00
-6.286401395440223361e+00
-2.016645369122449694e+01
-3.016378208909529590e+01
-7.281806886522636191e+00
-3.735384503350540086e+01
-2.441360841419508887e+01
-2.529519269340215359e+01
-3.296854901719383335e+00
-3.722800278373527050e+01
-3.521357579131434790e+01
-7.281806886522636191e+00
-4.839536326330364346e+00
-4.334483789151421718e+01
-4.020141609302339702e+01
-2.692185326231735942e+01
-2.561908821834773065e+01
-6.070879150338222452e+00
-2.422888247440411291e+01
-4.839536326330364346e+00
-2.642045532682504572e+01
-5.703310855521473322e+00
-3.163770123011428836e+01
-2.699346549582600474e+01
-3.541781334236933532e+01
-2.682058121667383332e+00
-3.058508742208449860e+01
-2.493719772955257952e+01
-1.884881738423124631e+01
-2.677238595507160213e+01
-3.302142635235605894e+01
-2.682058121667383332e+00
-2.412412284546976426e+00
-3.736060899027627613e+01
-1.683470402296019941e+01
-2.540425656528204001e+01
-2.422888247440411291e+01
-2.858486120670228914e+01
-2.949390810129105844e+01
-3.016378208909529590e+01
-3.211356634874480420e+01
-2.925728450923574542e+01
-2.319111496541874473e+01
-3.766292595727813364e+01
-1.805682935965546676e+01
-3.347308932329471531e+01
-3.653889118316801898e+01
-2.683684024165776449e+01
-4.199053810417375132e+00
-2.320643755241660600e+01
-2.237145524859252887e+01
-3.155674230934604196e+01
-2.422888247440411291e+01
-2.838549029293159975e+01
-1.250163497723352002e+01
-6.525455877579198649e+00
-2.974750215631744510e+01
-3.626629545918485853e+00
-4.839536326330364346e+00
-5.304210387506793190e+00
-5.209841731803082077e+00
-2.758150715180967083e+01
-2.422888247440411291e+01
-5.232759928436181873e+00
-2.412412284546976426e+00
-7.281806886522636191e+00
-2.484186245516739078e+01
-2.422888247440411291e+01
-3.253118836569672823e+01
-2.974750215631744510e+01
-2.651008072610251887e+01
-3.021621538188070133e+01
-3.652293122659509095e+01
-1.506433960179881559e+01
-2.637357387801204922e+01
-6.195018481308862235e+00
-1.805682935965546676e+01
-2.364492296742435684e+01
-3.159203462688847708e+01
-3.775722387551728332e+01
-3.662717530932174981e+01
-3.416514187208311171e+01
-6.070879150338222452e+00
-4.157822853662771934e+01
-3.711018147585649274e+01
-3.264431871836650600e+01
-5.566299217415880740e+00
-3.069382439970799936e+01
-1.310135480710790823e+01
-2.237145524859252887e+01
-2.238165124071715084e+01
-3.381989993448129184e+01
-6.585591791611745016e+00
-3.515583892856636083e+01
-3.940408352070852516e+01
-1.366258716718567356e+01
-1.805682935965546676e+01
-2.974750215631744510e+01
-2.523388895262815623e+01
-3.097230548076683831e+01
-2.264438632958068354e+01
-7.961681707202013847e+00
-3.459315210619615755e+01
-2.315663032051964976e+01
-1.941938186612048511e+01
-6.585591791611745016e+00
-4.020316163746831961e+01
-2.240571934207801164e+01
-2.379207133461052237e+01
-3.762416741500605610e+01
-3.459315210619615755e+01
-2.682058121667383332e+00
-2.718244440236679438e+01
-3.994067524802311908e+01
-2.760388483535633242e+01
-6.286401395440223361e+00
-3.063705689583595060e+01
-6.782927984112510522e+00
-4.046220951035159885e+01
-2.646156554341150979e+01
-2.642342601452850914e+01
-2.666515208999288689e+01
-2.993024850829893779e+01
-2.861167314014893748e+01
-5.099189134282280378e-01
-2.523388895262815623e+01
-2.961762594748004673e+01
-7.075308853341017112e+00
-3.099720735314624775e+01
-1.114010707543967271e+01
-3.030017405915455697e+01
-3.016378208909529590e+01
-3.652293122659509095e+01
-6.050190573375996195e+00
-3.399130644934009382e+01
-4.120290710920384925e+01
-5.209841731803082077e+00
-6.070879150338222452e+00
-2.493719772955257952e+01
-3.135036662620361270e+01
-6.286401395440223361e+00
-3.527579756405222611e+01
-3.525645371984149534e+01
-7.281806886522636191e+00
-3.091891423945929063e+01
-2.729959377254218467e+01
-3.016378208909529590e+01
-3.467143631787637048e+01
-5.569077228777424615e+00
-1.683470402296019941e+01
-3.693745149571525843e+01
-3.624756403000242955e+01
-3.154316902854505855e+01
-6.050190573375996195e+00
-7.961681707202013847e+00
-9.073652542880466854e+00
-3.110519634094355723e+01
-3.262463488036907222e+01
-3.034016498589912558e+01
-6.070879150338222452e+00
-3.588505771107782039e+01
-6.775030825353085540e+00
-2.264438632958068354e+01
-6.195018481308862235e+00
-1.038070835736786712e+01
-3.459315210619615755e+01
-2.159991561729811949e+01
-6.585591791611745016e+00
-7.281806886522636191e+00
-4.199053810417375132e+00
-5.561257300088380262e+00
-3.400235587907630475e+01
-2.264438632958068354e+01
-2.696601883649526599e+01
-2.881524776423833600e+01
-3.860638568275295057e+01
-2.523388895262815623e+01
-2.493719772955257952e+01
-3.638088084309816139e+01
-1.997394557072370569e+00
-6.195018481308862235e+00
-1.981928459231813733e+01
-1.506433960179881559e+01
-5.816327166177658547e+00
-5.569077228777424615e+00
-5.209841731803082077e+00
-3.185664139386980054e+01
-5.816327166177658547e+00
-5.304210387506793190e+00
-3.652293122659509095e+01
-2.493286913964373497e+01
-2.540425656528204001e+01
-1.462446163842199631e+01
-3.075090864930110968e+01
-2.237145524859252887e+01
-3.243279673380977357e+01
-5.474628912200548925e+00
-2.240571934207801164e+01
-2.364492296742435684e+01
-2.139088294561895864e+01
-3.634823137340811883e+01
-7.281806886522636191e+00
-2.281936973362257604e+01
-1.683470402296019941e+01
-3.059878991268082515e+01
-3.032970422916541509e+01
-2.666515208999288689e+01
-3.309608917127223293e+01
-5.569077228777424615e+00
-3.245244109566020541e+01
-2.968560734280174529e+01
-4.074259949808931225e+01
-6.668590243848728782e+00
-2.859875863208565860e+01
-1.159748201273625412e+01
-1.950507569552235054e+01
-2.056255608280561198e+00
-5.703310855521473322e+00
-3.241318175147937808e+01
-2.422888247440411291e+01
-4.689635006418256147e+00
-3.112535476583206062e+01
-3.154316902854505855e+01
-3.629343346677416804e+01
-2.977673856050766688e+01
-3.708309867628177869e+01
-2.646156554341150979e+01
-3.707122257704017443e+01
-3.512580339467071155e+01
-2.320643755241660600e+01
-2.682058121667383332e+00
-3.627589402178663391e+01
-3.541781334236933532e+01
-3.295422647954361395e+01
-2.597836880271348647e+01
-4.689635006418256147e+00
-2.682058121667383332e+00
-3.272125736055148337e+01
-3.032900810756718357e+01
-2.974750215631744510e+01
-2.256732923515486533e+01
-2.758150715180967083e+01
-3.381055017205724056e+01
-7.281806886522636191e+00
-9.259077339033787268e+00
-3.206570936319904774e+01
-2.998570273128194685e+01
-2.540425656528204001e+01
-1.884881738423124631e+01
-5.816327166177658547e+00
-5.474628912200548925e+00
-2.922895536271837713e+01
-3.678249164233618984e+01
-5.997302789865513795e+00
-2.642342601452850914e+01
-2.441360841419508887e+01
-3.783707724587331001e+01
-5.302422396267830962e+00
-3.651024518724919687e+01
-2.809477141996763194e+01
-3.541781334236933532e+01
-3.021621538188070133e+01
-3.662717530932174981e+01
-2.922084194439747051e+01
-5.569077228777424615e+00
-2.078125530932204157e+01
-6.070879150338222452e+00
-2.974750215631744510e+01
-1.855024563635598511e+01
-1.506433960179881559e+01
-2.441360841419508887e+01
-7.790362000006084031e+00
-6.050190573375996195e+00
-3.596402926480926254e+01
-2.412562686831208936e+01
-2.987044347940686606e+01
-4.974166174339305968e+00
-2.713408066177117206e+01
-3.202501375682622609e+01
-3.112535476583206062e+01
-2.758150715180967083e+01
-1.997394557072370569e+00
-3.441534555540938101e+01
-2.666515208999288689e+01
-4.839536326330364346e+00
-2.646156554341150979e+01
-3.652293122659509095e+01
-3.446974079270496105e+01
-3.296854901719383335e+00
-4.012638858550207033e+01
-3.160416051930055303e+01
-2.491597963236608848e+01
-3.515583892856636083e+01
-3.669340191949913788e+01
-4.151574384706874099e+01
-3.259784837072020025e+01
-3.059878991268082515e+01
-3.021621538188070133e+01
-1.950507569552235054e+01
-2.056255608280561198e+00
-3.141048545599747754e+01
-2.237145524859252887e+01
-3.052467031924796359e+01
-9.343336854540346792e+00
-8.900889289796534598e+00
-1.506433960179881559e+01
-2.379207133461052237e+01
-5.099189134282280378e-01
-6.070879150338222452e+00
-5.569077228777424615e+00
-2.264438632958068354e+01
-5.209841731803082077e+00
-1.990326507685792734e+01
-1.079300135225451918e+01
-3.203052864190656379e+01
-3.173168376742141206e+01
-3.030394869241182221e+01
-3.473825536142384607e+01
-3.541781334236933532e+01
-3.687906728278640855e+01
-4.931360322692410314e+00
-2.682058121667383332e+00
-3.652293122659509095e+01
-5.569077228777424615e+00
-2.240571934207801164e+01
-2.072970514636677564e+01
-4.839536326330364346e+00
-3.472252340854923602e+01
-3.279862325903281572e+01
-4.648238799555242906e+01
-3.336074116229453779e+01
-3.855816338921091102e+01
-4.689635006418256147e+00
-3.662717530932174981e+01
-3.075090864930110968e+01
-4.275760568973203846e+01
-1.033113151399770402e+01
-3.653889118316801898e+01
-8.660374299202052484e+00
-2.921808749906108105e+01
-3.086247557171495970e+01
-3.572416165075300398e+01
-2.056255608280561198e+00
-3.037240943481019073e+01
-1.805682935965546676e+01
-2.858486120670228914e+01
-4.839536326330364346e+00
-4.622302067118257440e+01
-3.449422501070004188e+01
-6.749064171767747311e+00
-4.199053810417375132e+00
-4.243972728851536402e+01
-3.070642020501431801e+01
-4.931360322692410314e+00
-2.690645210005547128e+01
-2.441360841419508887e+01
-1.506433960179881559e+01
-1.898201124118223504e+01
-2.998570273128194685e+01
-3.025578111450801089e+01
-2.523388895262815623e+01
-4.035685454525361138e+01
-2.910078276509352335e+01
-2.995358643290978051e+01
-5.209841731803082077e+00
-2.379207133461052237e+01
-3.860864033745328783e+01
-2.621561916148129612e+01
-2.743732071041518594e+01
-1.981928459231813733e+01
-7.281806886522636191e+00
-5.703310855521473322e+00
-3.459315210619615755e+01
-7.648923186489700932e+00
-8.683229922097387643e+00
-2.503998877945696222e+01
-3.553365566272757547e+01
-3.620616457083886530e+01
-2.320643755241660600e+01
-5.029848050513518132e+00
-3.911853225936026490e+01
-3.473825536142384607e+01
-2.417977614454273549e+01
-2.610014471682755044e+01
-2.844204322619727776e+01
-3.221682754117593106e+01
-4.199053810417375132e+00
-6.195018481308862235e+00
-3.652293122659509095e+01
-3.154316902854505855e+01
-2.175922299471002574e+01
-1.981928459231813733e+01
-3.242610116802124764e+01
-9.475076112848645593e+00
-3.021621538188070133e+01
-1.805877448973014410e+01
-2.936099341232323567e+01
-3.052467031924796359e+01
-6.195018481308862235e+00
-3.140724620045969573e+01
-3.523650514168033254e+01
-2.998299807279772722e+01
-3.848102406339823744e+01
-2.786670382015687153e+01
-3.764262939468131464e+01
-4.512412284546976515e+00
-2.913650669976981078e+01
-3.288907013856189820e+01
-3.660836288204234279e+01
-2.921808749906108105e+01
-2.264438632958068354e+01
-3.258876485321059846e+01
-2.412412284546976426e+00
-6.898457880800364705e+00
-3.516320889592329735e+01
-3.751434059640723717e+01
-3.371322444950624231e+01
-1.278094064787331163e+01
-2.621534313442847264e+01
-2.949390810129105844e+01
-3.652293122659509095e+01
-3.662717530932174981e+01
-3.896953402941026923e+01
-2.637703015812831353e+01
-1.997394557072370569e+00
-3.704595783733596903e+01
-3.624756403000242955e+01
-6.070879150338222452e+00
-5.474628912200548925e+00
-3.401828719283039959e+01
-2.778627772946678576e+01
-5.569077228777424615e+00
-1.725024413674696078e+01
-5.209841731803082077e+00
-3.016378208909529590e+01
-2.646156554341150979e+01
-3.116918942837039452e+01
-5.099189134282280378e-01
-3.815793604499915403e+01
-1.884881738423124631e+01
-2.758150715180967083e+01
-2.305130802507878585e+01
-5.099189134282280378e-01
-2.363462087009653345e+01
-5.569077228777424615e+00
-2.809477141996763194e+01
-1.997394557072370569e+00
-2.974750215631744510e+01
-6.070879150338222452e+00
-2.056255608280561198e+00
-2.913650669976981078e+01
-2.320643755241660600e+01
-2.056255608280561198e+00
-2.379207133461052237e+01
-2.594628412135742224e+01
-2.264438632958068354e+01
-2.710982445626846271e+01
-3.869261308586924741e+01
-1.860868991926574267e+01
-2.056255608280561198e+00
-2.666515208999288689e+01
-2.342838141220124015e+01
-8.148933746412946988e+00
-2.493719772955257952e+01
-2.412412284546976426e+00
-2.636725875892625837e+01
-8.854169573687480366e+00
-2.364492296742435684e+01
-1.506433960179881559e+01
-1.972814477723056470e+01
-3.376912238821922330e+01
-9.405474330901519409e+00
-1.506433960179881559e+01
-1.069181721929367690e+01
-2.264438632958068354e+01
-2.974162341037322577e+01
-1.050230041036210693e+01
-3.316023719093747246e+01
-3.237400152759815342e+01
-7.343558580824998572e+00
-1.950507569552235054e+01
-5.304210387506793190e+00
-2.929669242490197689e+01
-3.026061628341538778e+01
-3.060306095872119414e+01
-3.549494449418721587e+01
-2.240571934207801164e+01
-3.647223878595696789e+01
-4.258781102072067881e+01
-3.122913162502008078e+01
-2.320643755241660600e+01
-2.758150715180967083e+01
-2.760068350407847859e+01
-2.584617309815666886e+01
-2.240571934207801164e+01
-3.303594696706328193e+01
-6.497546238830781640e+00
-7.281806886522636191e+00
-7.961681707202013847e+00
-2.918488525492305641e+01
-3.815802267386988689e+01
-5.099189134282280378e-01
-9.630077617262646328e+00
-3.402669345628557096e+01
-2.767364881454439285e+01
-2.865741262789034849e+01
-2.412412284546976426e+00
-3.253118836569672823e+01
-1.683470402296019941e+01
-2.056255608280561198e+00
-2.682058121667383332e+00
-2.264438632958068354e+01
-3.030394869241182221e+01
-2.974750215631744510e+01
-3.254042641085829501e+01
-6.585591791611745016e+00
-2.682058121667383332e+00
-2.444293183235638267e+01
-3.541781334236933532e+01
-2.976248162139058451e+01
-2.422888247440411291e+01
-2.632440028240439034e+01
-3.059878991268082515e+01
-2.666515208999288689e+01
-5.304210387506793190e+00
-1.805682935965546676e+01
-2.728231136410427382e+01
-9.373574700354659228e+00
-2.364492296742435684e+01
-2.441360841419508887e+01
-6.845891789037293229e+00
-2.060183667122687368e+01
-6.070879150338222452e+00
-5.607063296209272352e+00
-4.451811053999881551e+01
-3.594624173909210185e+01
-2.422888247440411291e+01
-1.950507569552235054e+01
-2.334950521199666085e+01
-3.271993761612764473e+01
-5.474628912200548925e+00
-4.452488984724196541e+01
-1.805682935965546676e+01
-3.323333068083228881e+01
-3.205668114672598534e+01
-4.839536326330364346e+00
-5.816327166177658547e+00
-3.886252174798643466e+01
-2.493719772955257952e+01
-2.441360841419508887e+01
-3.342816062843292713e+01
-1.805682935965546676e+01
-4.931360322692410314e+00
-2.808107340901243276e+01
-3.018918312192512587e+01
-3.239761447408128703e+01
-4.013727047299487083e+01
-5.703310855521473322e+00
-2.646502418662666756e+01
-3.744907924099122454e+01
-6.195018481308862235e+00
-2.666515208999288689e+01
-1.805682935965546676e+01
-2.998570273128194685e+01
-3.832397307468172443e+01
-3.660093269983155295e+01
-5.569077228777424615e+00
-6.286401395440223361e+00
-3.211026034452915923e+01
-4.689635006418256147e+00
-2.845659761268909449e+01
-2.379207133461052237e+01
-2.281936973362257604e+01
-3.869500634904002823e+01
-1.103794879658407524e+01
-3.228433268424391400e+01
-4.040814038480326076e+01
-2.922084194439747051e+01
-2.646156554341150979e+01
-2.949390810129105844e+01
-4.689635006418256147e+00
-2.264438632958068354e+01
-3.108976664490973718e+01
-3.339654293676412777e+01
-2.281936973362257604e+01
-3.194083811928199523e+01
-3.029804946445158720e+01
-6.050190573375996195e+00
-3.392117682011907931e+01
-3.634888556472135690e+01
-3.030273371656830861e+01
-2.581975427388221433e+01
-3.198771862985761416e+01
-2.493719772955257952e+01
-2.769624137981506351e+01
-4.689635006418256147e+00
-2.338152929913046663e+01
-6.971023985843209481e+00
-3.374845409719840461e+01
-6.585591791611745016e+00
-2.478526202445909732e+01
-3.011864007310083124e+01
-6.286401395440223361e+00
-2.758150715180967083e+01
-2.940187229432878269e+01
-3.315115367342787067e+01
-3.296854901719383335e+00
-3.517702599440114142e+01
-6.070879150338222452e+00
-2.949390810129105844e+01
-2.934179322367938525e+01
-2.422888247440411291e+01
-6.382147625649312594e+00
-4.931360322692410314e+00
-5.816327166177658547e+00
-5.099189134282280378e-01
-5.099189134282280378e-01
-1.805682935965546676e+01
-3.105257783252649517e+01
-1.909353318035985225e+01
-9.205485725344713543e+00
-3.271993761612764473e+01
-2.977673856050766688e+01
-1.314068038152521645e+01
-3.487566542258933566e+01
-2.412412284546976426e+00
-2.432236574996942124e+01
-3.411234747494988540e+01
-7.281806886522636191e+00
-2.361126036173233445e+01
-3.679753306399602764e+01
-2.056255608280561198e+00
-2.995097293736071009e+01
-6.050190573375996195e+00
-9.538360078738955750e+00
-1.731959382864268093e+01
-3.699825845470570584e+01
-1.201160830218812769e+01
-4.097394557072370880e+00
-2.734216191208658486e+01
-1.997394557072370569e+00
-2.666515208999288689e+01
-7.961681707202013847e+00
-2.974750215631744510e+01
-3.879927717604496706e+01
-5.569077228777424615e+00
-4.199053810417375132e+00
-3.286348008211428606e+01
-2.984493403538163392e+01
-3.773608248907041229e+01
-4.199053810417375132e+00
-1.805682935965546676e+01
-2.614085407955052531e+01
-6.928719040243544569e+00
-2.365788961649152000e+01
-1.981928459231813733e+01
-5.474628912200548925e+00
-3.192842937190639319e+01
-6.205333007915238674e+00
-2.323138597609972322e+01
-3.652934931912595573e+01
-2.540425656528204001e+01
-2.412412284546976426e+00
-6.050190573375996195e+00
-2.320643755241660600e+01
-2.977673856050766688e+01
-1.506433960179881559e+01
-3.574678655108029091e+01
-2.477916240065875186e+01
-3.279862325903280862e+01
-4.075054297001047843e+01
-3.069121970514341058e+01
-3.595637043450842185e+01
-6.416646852789802402e+00
-3.145511382753000973e+01
-3.178609528817830920e+01
-6.704210387506794433e+00
-3.510553163415114142e+01
-8.763537448449829625e+00
-5.703310855521473322e+00
-2.523388895262815623e+01
-2.913390330844386611e+01
-1.805682935965546676e+01
-3.172745409338987344e+01
-3.260413935931677543e+01
-3.715694576279118877e+01
-2.626453074843433555e+01
-3.821264589214155194e+01
-2.970004819524960382e+01
-2.470520293159417236e+01
-7.961681707202013847e+00
-2.677238595507160213e+01
-2.873393811468922721e+01
-2.977673856050766688e+01
-3.655669877807233092e+01
-1.534661169263908853e+01
-2.540437517326672179e+01
-2.370939068673876093e+01
-3.903235070238040549e+01
-3.198121436155506814e+01
-2.418346031260557183e+01
-3.296854901719383335e+00
-5.569077228777424615e+00
-3.163307516546835529e+01
-6.585591791611745016e+00
-3.045465928252263765e+01
-1.997394557072370569e+00
-4.839536326330364346e+00
-2.594216758433924852e+01
-1.778424368204030515e+01
-7.536601517023069796e+00
-4.191963090351288912e+01
-2.056255608280561198e+00
-2.786520572527779294e+01
-5.703310855521473322e+00
-4.199053810417375132e+00
-2.523388895262815623e+01
-2.819171864915116288e+01
-3.486260052565975798e+01
-2.922809341086284363e+01
-2.422888247440411291e+01
-3.070477568381521749e+01
-4.689635006418256147e+00
-2.666515208999288689e+01
-4.136273711331716640e+01
-2.947209595064988008e+01
-2.564034092147555555e+01
-6.050190573375996195e+00
-3.980199766054537491e+01
-5.099189134282280378e-01
-5.232759928436181873e+00
-3.528737178603110891e+01
-2.738956739465795920e+01
-5.703310855521473322e+00
-3.033385195224183661e+01
-3.339654293676412777e+01
-4.839536326330364346e+00
-1.884881738423124631e+01
-3.936291396373245988e+01
-5.474628912200548925e+00
-3.159323444747125009e+01
-3.031094897514253717e+01
-2.974750215631744510e+01
-3.021621538188070133e+01
-1.965042184484265064e+01
-3.070477568381521749e+01
-2.916242182780190006e+01
-5.703310855521473322e+00
-7.902377074627289666e+00
-3.236586965342186772e+01
-4.689635006418256147e+00
-2.710783676846901713e+01
-3.662526770539204790e+01
-3.570320432000504240e+01
-3.823369188550724829e+01
-1.451238655701065383e+01
-2.770638154083101412e+01
-3.178609528817830920e+01
-3.070477568381521749e+01
-5.209841731803082077e+00
-2.587887531323406165e+01
-5.474628912200548925e+00
-4.303350038871335670e+01
-1.506433960179881559e+01
-3.000444928605237038e+01
-3.506547445121836404e+01
-2.703853930551101215e+01
-1.805682935965546676e+01
-2.417977614454273549e+01
-3.000369067053816252e+01
-2.336399839240626619e+01
-6.286401395440223361e+00
-3.031118462024848270e+01
-3.357602806848063182e+01
-2.240571934207801164e+01
-3.229235927360556246e+01
-3.578451312955564134e+01
-3.189251309892541286e+01
-6.286401395440223361e+00
-7.961681707202013847e+00
-5.232759928436181873e+00
-3.280164683824430938e+01
-3.461099619815680484e+01
-6.195018481308862235e+00
-3.624043291082112717e+01
-3.277020247001352260e+01
-1.884881738423124631e+01
-6.195018481308862235e+00
-6.775030825353085540e+00
-3.279533930295857402e+01
-2.523388895262815623e+01
-2.759721163742349503e+01
-3.474486432731617924e+01
-3.424963875502327681e+01
-3.794614588908082453e+01
-3.016378208909529590e+01
-2.523388895262815623e+01
-6.286401395440223361e+00
-3.571578576102297831e+01
-2.493719772955257952e+01
-2.584617309815666886e+01
-5.569077228777424615e+00
-3.448580650234408296e+01
-3.801100035255640108e+01
-1.997394557072370569e+00
-6.195018481308862235e+00
-2.584617309815666886e+01
-1.884881738423124631e+01
-4.323325722614276501e+00
-4.390236618682394010e+01
-3.364844984680258477e+01
-4.255874165942542220e+01
-2.223413481646939260e+01
-2.977673856050766688e+01
-6.775030825353085540e+00
-5.703310855521473322e+00
-3.265618146284441536e+01
-3.393139392572169299e+01
-2.237145524859252887e+01
-4.199053810417375132e+00
-3.344427310976279699e+01
-3.271262398800936211e+01
-2.381089469777484524e+01
-3.851740893705640190e+01
-1.037779949779316446e+01
-2.636725875892625837e+01
-3.677323058422341262e+01
-6.775030825353085540e+00
-3.520303221817498951e+01
-2.441360841419508887e+01
-2.554591939821837698e+01
-2.320643755241660600e+01
-3.884206137793666613e+01
-3.523209269442504166e+01
-2.197796767087344350e+01
-7.281806886522636191e+00
-2.493719772955257952e+01
-9.569108605204611706e+00
-2.477916240065875186e+01
-6.195018481308862235e+00
-8.270436107688290406e+00
-5.551258900829975751e+00
-2.412412284546976426e+00
-1.534661169263908853e+01
-2.974750215631744510e+01
-8.291911925176590259e+00
-6.286401395440223361e+00
-2.320643755241660600e+01
-2.666515208999288689e+01
-4.689635006418256147e+00
-4.593335732142835326e+01
-4.199053810417375132e+00
-3.457460496814925932e+01
-2.491366844161050409e+01
-3.212244467875193266e+01
-3.279370704095389755e+01
-5.232759928436181873e+00
-6.585591791611745016e+00
-2.404582085666091729e+01
-3.121687360763368702e+01
-4.593742154902141550e+01
-2.797593449371635899e+01
-3.525645371984149534e+01
-2.281936973362257604e+01
-4.199053810417375132e+00
-2.719982251968590958e+01
-2.866663021705662473e+01
-3.428968840980435573e+01
-2.949390810129105844e+01
-1.773119478808886740e+01
-2.154476737982673384e+01
-1.997394557072370569e+00
-2.421395473661043596e+01
-3.067645602097685043e+01
-2.319401507988310840e+01
-4.199053810417375132e+00
-2.432236574996942124e+01
-5.304210387506793190e+00
-3.678640836783588242e+01
-2.584617309815666886e+01
-2.412412284546976426e+00
-2.526260946409912833e+01
-7.002000785641736336e+00
-8.418895641609482894e+00
-2.677238595507160213e+01
-2.666515208999288689e+01
-1.683470402296019941e+01
-8.675052718515289030e+00
-2.432236574996942124e+01
-4.193206797740491254e+01
-4.024114379260976193e+01
-6.775030825353085540e+00
-2.264438632958068354e+01
-3.252565504019970177e+01
-3.931754242071526306e+01
-2.707785493747335082e+01
-3.612757987905540347e+01
-6.224034003444754326e+00
-2.540425656528204001e+01
-2.814560669464608011e+01
-2.685676332318030646e+01
-3.217215724950433042e+01
-1.687360839023976311e+01
-5.209841731803082077e+00
-5.703310855521473322e+00
-3.850319388702691015e+01
-3.002985299756526061e+01
-2.807310465108289321e+01
-3.894763477169650656e+01
-6.775030825353085540e+00
-3.959864197812253650e+01
-1.683470402296019941e+01
-3.993280570034484356e+01
-2.320643755241660600e+01
-3.409952118382464192e+01
-3.851004679322341673e+01
-4.114145266326941908e+01
-3.043326219133891897e+01
-1.506433960179881559e+01
-3.827282054349618079e+01
-2.832891584538581142e+01
-2.702021204191594705e+01
-4.113969428596239908e+01
-2.690042327085237872e+01
-3.681119401041870987e+01
-3.355946781746046526e+01
-3.016378208909529590e+01
-3.749763303029628503e+01
-2.248135906036885956e+01
-2.741061284707611634e+01
-3.055904784288302878e+01
-4.174444249713150867e+01
-2.530737027473713852e+01
-3.030014174577631891e+01
-7.533474564969145248e+00
-3.031094897514253717e+01
-3.994325407661516891e+01
-2.327908961762588547e+01
-2.584617309815666886e+01
-4.689635006418256147e+00
-3.098571350051357598e+01
-2.682058121667383332e+00
-3.372640484292729468e+01
-2.472230615605188930e+01
-3.729664663774464373e+01
-2.989449986466853559e+01
-6.585591791611745016e+00
-3.130648069304508496e+01
-1.981928459231813733e+01
-6.769951973829186898e+00
-3.783325239928517192e+01
-1.683470402296019941e+01
-3.113496580673378489e+01
-5.816327166177658547e+00
-2.314108016290776604e+01
-1.498354618670886396e+01
-5.474628912200548925e+00
-1.981928459231813733e+01
-2.913542618527016970e+01
-2.441360841419508887e+01
-2.974750215631744510e+01
-1.884881738423124631e+01
-5.099189134282280378e-01
-2.240571934207801164e+01
-2.574103221218875959e+01
-6.195018481308862235e+00
-2.869185745947270760e+01
-2.417977614454273549e+01
-2.471960378875163400e+01
-2.966433469460144678e+01
-2.540425656528204001e+01
-6.085612960389235937e+00
-2.940966991531304942e+01
-3.748631898874445056e+01
-7.790002756714498489e+00
-4.931360322692410314e+00
-5.232759928436181873e+00
-3.520164517901532264e+01
-3.019149422842183483e+01
-7.961681707202013847e+00
-3.513451704855398106e+01
-6.095447215133500407e+00
-4.164738089304510993e+01
-4.148999792179075996e+01
-5.703310855521473322e+00
-3.376245120151625656e+01
-7.473597692018278948e+00
-6.286401395440223361e+00
-3.855539904798783368e+01
-6.619886193927777107e+00
-3.409927018047213210e+01
-1.455092119105143311e+01
-2.646156554341150979e+01
-2.743813811122211632e+01
-3.075278346017184461e+01
-3.040283690762630187e+01
-2.998570273128194685e+01
-1.950507569552235054e+01
-2.682058121667383332e+00
-3.443940497641011689e+01
-2.584617309815666886e+01
-2.417977614454273549e+01
-2.584617309815666886e+01
-5.569077228777424615e+00
-5.703310855521473322e+00
-2.868079095367894027e+01
-5.232759928436181873e+00
-3.863808502819529167e+01
-3.502275037694207782e+01
-2.840495889857726652e+01
-3.973868593205743593e+01
-4.199053810417375132e+00
-6.050190573375996195e+00
-1.981928459231813733e+01
-7.281806886522636191e+00
-2.496573950262256147e+01
-1.884881738423124631e+01
-6.391541647609257915e+00
-1.736545002339286725e+01
-1.997394557072370569e+00
-3.417784791965006264e+01
-3.911418934700595429e+01
-2.709192805802454629e+01
-3.016378208909529590e+01
-4.689635006418256147e+00
-4.199053810417375132e+00
-1.884881738423124631e+01
-2.793517974481441257e+01
-4.413771987488129867e+01
-3.081687579282542089e+01
-1.683470402296019941e+01
-5.569077228777424615e+00
-2.545165740193759518e+01
-2.908010623582941534e+01
-5.667286741397312255e+00
-7.427509759739939987e+00
-2.334950521199666085e+01
-2.240571934207801164e+01
-3.296854901719383335e+00
-2.417977614454273549e+01
-2.899673559595480299e+01
-5.099189134282280378e-01
-1.884881738423124631e+01
-4.199053810417375132e+00
-5.209841731803082077e+00
-4.069966553319024882e+01
-2.741431492169738249e+01
-2.237145524859252887e+01
-4.839536326330364346e+00
-2.540425656528204001e+01
-2.677238595507160213e+01
-2.698510218238941771e+00
-1.981928459231813733e+01
-5.544727269658445756e+00
-5.099189134282280378e-01
-4.391357350153110417e+01
-5.703310855521473322e+00
-3.625632884319137617e+01
-7.281806886522636191e+00
-3.149993835434472800e+01
-3.296854901719383335e+00
-2.770711327772190202e+01
-1.043626976719842148e+01
-2.682058121667383332e+00
-5.304210387506793190e+00
-4.689635006418256147e+00
-2.240571934207801164e+01
-8.564650639924455078e+00
-2.412412284546976426e+00
-5.099189134282280378e-01
-3.097583440665528087e+01
-3.009570876177068399e+01
-7.961681707202013847e+00
-2.373082955638362179e+01
-3.517946635455371762e+01
-1.506433960179881559e+01
-2.240571934207801164e+01
-3.207575036444288230e+01
-1.997394557072370569e+00
-2.630255096582068575e+01
-6.070879150338222452e+00
-2.386690016488944366e+01
-2.626543369096209801e+01
-1.778424368204030515e+01
-3.804564200664626838e+01
-5.569077228777424615e+00
-2.606526126783624164e+01
-1.683470402296019941e+01
-2.574103221218875959e+01
-5.474628912200548925e+00
-9.383069510199513630e+00
-1.884881738423124631e+01
-2.868412302657033308e+01
-5.304210387506793190e+00
-3.048780357928376361e+01
-1.683470402296019941e+01
-1.003659410741711611e+01
-5.099189134282280378e-01
-3.134365668690161044e+01
-2.432236574996942124e+01
-7.961681707202013847e+00
-3.053116049331232418e+01
-7.281806886522636191e+00
-3.359121036457023024e+01
-1.824071210254483333e+01
-2.319401507988310840e+01
-6.775030825353085540e+00
-2.476284516924940249e+01
-2.314108016290776604e+01
-2.584617309815666886e+01
-2.787152721462959448e+01
-7.961681707202013847e+00
-4.002623496678216952e+01
-3.750040311563166284e+01
-3.295560401740329581e+01
-2.806242986735270506e+01
-1.506433960179881559e+01
-3.303936519860494769e+01
-6.585591791611745016e+00
-1.506433960179881559e+01
-2.465214110770544309e+01
-2.963191981126044183e+01
-2.441360841419508887e+01
-1.884881738423124631e+01
-3.478896947464518519e+01
-2.532628998158251576e+01
-2.583320425867110259e+01
-6.775030825353085540e+00
-4.931360322692410314e+00
-1.683470402296019941e+01
-3.645038720199811166e+01
-2.584617309815666886e+01
-7.961681707202013847e+00
-4.211036028158723354e+01
-2.990825048537742958e+01
-2.980979537040061444e+01
-1.683470402296019941e+01
-2.904957212348624651e+01
-2.655510557306326191e+01
-3.186709218554850764e+01
-1.884881738423124631e+01
-1.997394557072370569e+00
-3.463558958694139278e+01
-2.865588644347917935e+01
-2.741431492169738249e+01
-4.199053810417375132e+00
-2.988480594492818909e+01
-2.421395473661043596e+01
-3.471792658829266287e+01
-2.784100030979039886e+01
-3.938394863018324088e+01
-1.598739962519940150e+01
-3.003030392844402741e+01
-6.286401395440223361e+00
-2.575278498592218313e+01
-3.839221067144250554e+01
-2.259863855342126371e+01
-3.061185522526155367e+01
-2.647956079231998316e+01
-2.731990501559583251e+01
-3.052936724724527551e+01
-4.199053810417375132e+00
-2.598661629388334404e+01
-3.039086451612404360e+01
-5.099189134282280378e-01
-4.199053810417375132e+00
-2.523388895262815623e+01
-4.193667562192876375e+01
-4.013179635225056785e+01
-5.515201258069160062e+00
-5.099189134282280378e-01
-4.388981329134128373e+01
-3.840806588244099373e+01
-4.094189209214967917e+01
-2.677238595507160213e+01
-2.406020148079093346e+01
-2.600497683467202492e+01
-3.788057443498086485e+01
-1.147327063462233276e+01
-3.020743115050757410e+01
-9.538122387464960994e+00
-4.839536326330364346e+00
-1.981928459231813733e+01
-3.050629442388105872e+01
-2.237145524859252887e+01
-2.436947576504799429e+01
-4.689635006418256147e+00
-1.506433960179881559e+01
-3.027451017906120256e+01
-3.869231758445244651e+01
-6.775030825353085540e+00
-6.585591791611745016e+00
-2.441360841419508887e+01
-6.585591791611745016e+00
-3.300926216821089110e+00
-4.000878247274118849e+01
-3.385686252551743536e+01
-2.748637238191417254e+01
-3.843316387676284762e+01
-5.703310855521473322e+00
-5.209841731803082077e+00
-2.672949945411955497e+01
-6.050190573375996195e+00
-3.732451613786452782e+01
-2.947366062458629088e+01
-3.560873217660857648e+01
-3.458106199230184252e+00
-2.682058121667383332e+00
-5.569077228777424615e+00
-1.818240136178470578e+01
-3.100959751763013728e+01
-9.852048955657354057e+00
-3.330011382186738444e+01
-1.997394557072370569e+00
-1.090018140513408795e+01
-2.408422155966186651e+01
-4.173956181635788454e+01
-2.383340761645165884e+01
-2.663621550244535996e+01
-3.715846326333288374e+01
-3.020271533342772941e+01
-3.013302591849172885e+01
-4.839536326330364346e+00
-4.931360322692410314e+00
-3.230667384264982189e+01
-2.252871397882681492e+01
-5.816327166177658547e+00
-1.561191135045844902e+01
-7.395715373962085337e+00
-2.688832474491157143e+01
-2.387234311781299212e+01
-2.422658086737290262e+01
-1.561191135045844902e+01
-3.440771540523965655e+01
-5.232759928436181873e+00
-2.540425656528204001e+01
-3.571578576102297831e+01
-4.161047203392057270e+01
-2.133649324051647156e+01
-2.523388895262815623e+01
-7.281806886522636191e+00
-2.605128522076565289e+01
-1.506433960179881559e+01
-1.683470402296019941e+01
-1.114324430119479459e+01
-5.304210387506793190e+00
-3.232250424147197521e+01
-6.050190573375996195e+00
-7.410690065925847669e+00
-2.329243548008761877e+01
-2.334950521199666085e+01
-3.138387725842617471e+01
-4.253906205045829125e+01
-3.420217436937015520e+01
-3.574027917809471688e+01
-4.019602849016172996e+01
-3.891298399529780738e+01
-3.724647100402363264e+01
-2.523388895262815623e+01
-3.409927018047213210e+01
-3.898555390919896979e+01
-2.897654649904302815e+01
-4.931360322692410314e+00
-3.021805037230183544e+01
-3.431149690988002021e+01
-2.441360841419508887e+01
-2.773008345127066221e+01
-3.360797112212095783e+01
-2.412412284546976426e+00
-2.417977614454273549e+01
-6.070879150338222452e+00
-4.605360267096932603e+01
-3.135800809430384106e+01
-2.208481527368637387e+01
-6.195018481308862235e+00
-2.819521086796500242e+01
-2.623140251065447615e+01
-2.264931200085980834e+01
-8.748449254083251247e+00
-5.569077228777424615e+00
-5.816327166177658547e+00
-4.294183162809950716e+01
-8.583093644566169189e+00
-3.729869156710350353e+01
-6.450336590867710385e+00
-2.652221789421226994e+00
-2.595804295976792631e+01
-3.481868985476211975e+01
-4.083673950503229122e+01
-2.744309379442448105e+01
-3.202004562545796063e+01
-3.519204697990392106e+01
-3.296854901719383335e+00
-2.281936973362257604e+01
-2.441360841419508887e+01
-3.975864384711313448e+01
-2.310671565297201369e+01
-3.794495043097519726e+01
-1.884881738423124631e+01
-5.569077228777424615e+00
-2.264438632958068354e+01
-2.688815119888646166e+01
-2.386525406094004609e+01
-7.048583588070949091e+00
-2.056255608280561198e+00
-2.264438632958068354e+01
-2.441360841419508887e+01
-3.212106758159887931e+01
-3.097230548076683831e+01
-1.769197882911451103e+01
-8.822584119773241085e+00
-4.083468774159337045e+01
-7.906021057283021847e+00
-3.360147227393986924e+01
-3.483379028628765894e+01
-6.195018481308862235e+00
-2.356104553766213883e+01
-7.601099009201090162e+00
-3.080638104998094562e+01
-3.951047259110885079e+01
-6.286401395440223361e+00
-5.474628912200548925e+00
-3.093032112688920066e+01
-2.943402737893568144e+01
-4.839536326330364346e+00
-6.286401395440223361e+00
-1.884881738423124631e+01
-3.838918304999975817e+01
-3.084284760385225610e+01
-4.839536326330364346e+00
-1.506433960179881559e+01
-2.909063070330262235e+01
-2.447722491298367942e+01
-2.041583155906151248e+01
-4.839536326330364346e+00
-3.048903167408331782e+01
-6.070879150338222452e+00
-4.082339499441258823e+01
-2.939636543528440527e+01
-3.032988344415297277e+01
-3.059660328184854450e+01
-3.053691178252499583e+01
-7.281806886522636191e+00
-5.099189134282280378e-01
-2.372353875632798292e+01
-7.619720663816957895e+00
-3.444583660411134929e+01
-4.000878247274118849e+01
-3.486884209001600254e+01
-6.202643023394232458e+00
-7.741386691325683245e+00
-2.308729252624327088e+01
-2.895304807113827295e+01
-1.506433960179881559e+01
-1.076765865827206525e+01
-2.654141701469881909e+01
-3.173148659268088778e+01
-1.981928459231813733e+01
-2.441360841419508887e+01
-4.391373976511167854e+01
-2.364788518106114168e+01
-4.839536326330364346e+00
-2.718446445772179132e+01
-2.790937608084272270e+01
-6.050190573375996195e+00
-5.232759928436181873e+00
-2.392498115076640630e+01
-3.312554177184620841e+01
-6.901892880359318028e+00
-1.506433960179881559e+01
-2.768483339146643729e+01
-6.195018481308862235e+00
-1.805682935965546676e+01
-7.961681707202013847e+00
-3.370636522941856583e+01
-4.251257282008673855e+01
-2.090058554217806730e+01
-3.354937252265373360e+01
-8.801262300500832580e+00
-7.893399447375306188e+00
-2.264438632958068354e+01
-1.506433960179881559e+01
-3.083197156913772119e+01
-3.572045215636192239e+01
-3.178367394698711479e+01
-2.666131775045454333e+01
-2.822681350702272596e+01
-2.412412284546976426e+00
-7.088960153102297213e+00
-2.477916240065875186e+01
-4.412497812603882075e+00
-3.951901157010246379e+01
-4.248819105204486846e+01
-2.681021226281303882e+01
-8.151667550153506525e+00
-4.689635006418256147e+00
-2.522828675298518419e+01
-1.506433960179881559e+01
-5.753956631358442486e+00
-2.871125022847632025e+01
-3.204460192993694534e+01
-2.933032719134565625e+01
-2.717378073600330879e+01
-4.597602257996815212e+01
-5.099189134282280378e-01
-2.998570273128194685e+01
-2.518686879368942755e+01
-3.197098973370393082e+01
-4.138155091635512406e+01
-3.296854901719383335e+00
-2.831284888786960252e+01
-2.982960683761611165e+01
-5.099189134282280378e-01
-5.703310855521473322e+00
-6.259185705133393007e+00
-5.753956631358442486e+00
-6.775030825353085540e+00
-3.296854901719383335e+00
-5.304210387506793190e+00
-2.446748855274910994e+01
-3.462833235943235621e+01
-8.061807059171330891e+00
-3.008516167925865403e+01
-3.481687121667137319e+01
-2.544191227023886981e+01
-5.816327166177658547e+00
-2.787746655626981251e+01
-7.961681707202013847e+00
-1.981928459231813733e+01
-6.775030825353085540e+00
-6.286401395440223361e+00
-3.296854901719383335e+00
-3.535404173571424025e+01
-3.008516877482777119e+01
-2.909869451876314983e+01
-2.932635674975231765e+01
-2.257742828777859501e+01
-3.152398338732782435e+01
-3.181658930115350969e+01
-3.649088510588692458e+01
-4.689635006418256147e+00
-4.070804912895698635e+01
-5.816327166177658547e+00
-2.090058554217806730e+01
-3.393692355304909114e+01
-2.298781302003019889e+01
-3.366918561386177089e+01
-6.050190573375996195e+00
-3.719273253522526801e+01
-2.231361081823384040e+01
-4.326061686580846555e+01
-1.922620344275947701e+01
-2.667861761219307581e+01
-2.365859981409193225e+01
-1.981928459231813733e+01
-3.123326068305752656e+01
-3.078529228591353117e+01
-3.340040510801566853e+01
-5.569077228777424615e+00
-2.994253711184833122e+01
-2.729421725337475735e+01
-2.404386789327591956e+01
-3.643955671841565902e+01
-4.689635006418256147e+00
-2.308729252624327088e+01
-3.828677577698388035e+01
-7.281806886522636191e+00
-2.728578296934125191e+01
-4.839536326330364346e+00
-2.540425656528204001e+01
-4.169142274585328067e+01
-1.506433960179881559e+01
-2.584617309815666886e+01
-2.461447340413747753e+01
-2.951091614505245531e+01
-2.636835923811015192e+01
-1.997394557072370569e+00
-2.138063390090436044e+01
-5.232759928436181873e+00
-7.878510310355759216e+00
-2.523388895262815623e+01
-1.981928459231813733e+01
-2.858130272563005292e+01
-1.674750939574205333e+01
-3.076815409934238232e+01
-2.404386789327591956e+01
-2.387234311781299212e+01
-3.296854901719383335e+00
-7.281806886522636191e+00
-2.682058121667383332e+00
-2.876761416486163370e+01
-1.251132846447835334e+01
-3.107961006586486974e+01
-2.465189847993800498e+01
-1.683470402296019941e+01
-3.225804935956028174e+01
-8.489453785401302355e+00
-6.497546238830781640e+00
-2.563013358571604172e+01
-5.753956631358442486e+00
-2.609547677085913264e+01
-3.413222990624353059e+01
-2.408422155966186651e+01
-2.293743444398606002e+01
-3.386666554761409742e+01
-1.713126597928003392e+01
-2.930866157897059310e+01
-2.427686989645940940e+01
-7.281806886522636191e+00
-2.609918913428228127e+00
-2.357119328784685308e+01
-3.074542519346510971e+01
-4.556838710959145544e+01
-6.195018481308862235e+00
-4.304926310057926031e+01
-2.523388895262815623e+01
-6.070879150338222452e+00
-2.934124309182735146e+01
-2.264438632958068354e+01
-2.929455232277278398e+01
-2.412412284546976426e+00
-3.631413893372297252e+01
-3.567661225242166267e+01
-2.951091614505245531e+01
-2.412412284546976426e+00
-3.361931172171534854e+01
-4.931360322692410314e+00
-3.658249889588839920e+01
-2.544191227023886981e+01
-1.400636161539146718e+00
-2.946006181245218869e+01
-2.587641284521367879e+01
-4.689635006418256147e+00
-3.164223391150285636e+01
-3.296854901719383335e+00
-3.217462841495389370e+01
-3.054883912232512344e+01
-1.884881738423124631e+01
-3.049798893230339303e+01
-2.842717680955120940e+01
-2.818107806475207511e+01
-2.264438632958068354e+01
-1.506433960179881559e+01
-3.022962673196239436e+01
-3.884058728681553418e+01
-6.775030825353085540e+00
-4.490665751919912196e+01
-2.264438632958068354e+01
-2.748837184523420873e+01
-2.313062025990284809e+01
-3.364895235486958569e+01
-2.772745318430799344e+01
-2.898816543555059866e+01
-2.749812182638419955e+01
-5.474628912200548925e+00
-3.111284333849464900e+01
-2.891961432619126526e+01
-4.097394557072370880e+00
-2.307850005888580469e+01
-4.931360322692410314e+00
-2.523388895262815623e+01
-4.839536326330364346e+00
-2.950004780921615932e+01
-3.296854901719383335e+00
-3.732451613786452782e+01
-2.319401507988310840e+01
-1.805682935965546676e+01
-4.199053810417375132e+00
-3.517537837251921218e+01
-1.683470402296019941e+01
-2.930410019693168877e+01
-2.574193382966178589e+01
-3.629136808466053310e+01
-2.476522792489416247e+01
-2.652867665316898638e+01
-6.195018481308862235e+00
-3.413696451859028969e+01
-1.147327063462233276e+01
-2.776582001911425834e+01
-2.515539467834756593e+01
-9.064012080208337707e+00
-5.816327166177658547e+00
-2.412412284546976426e+00
-3.462376889544748337e+01
-1.981928459231813733e+01
-3.728982733033073060e+01
-3.551989543786734771e+01
-5.599677975584608447e+00
-2.989527466686745782e+01
-2.864360379684404734e+01
-5.099189134282280378e-01
-2.625565718722125297e+01
-2.808879383720053369e+01
-2.936961899713565316e+01
-2.264438632958068354e+01
-2.866302364280100790e+01
-4.361494197112246951e+01
-3.046000669893284396e+01
-2.871242618196993135e+01
-2.681958906014491717e+01
-7.281806886522636191e+00
-1.383603042871171240e+01
-3.208152267216952680e+01
-6.070879150338222452e+00
-7.037499082246669424e+00
-2.887298034269829117e+01
-2.090058554217806730e+01
-5.569077228777424615e+00
-1.997394557072370569e+00
-6.195018481308862235e+00
-1.997394557072370569e+00
-2.673721316490089706e+01
-2.711906739556878065e+01
-1.506433960179881559e+01
-2.478176272953537662e+01
-2.687769309722956379e+01
-2.373352679693841694e+01
-3.168717410845962235e+01
-2.951452070198470068e+01
-2.523388895262815623e+01
-2.253008031043853876e+01
-2.240571934207801164e+01
-2.933968104300456403e+01
-3.147000183924298611e+01
-2.668093274819312555e+01
-3.490003091569057148e+01
-2.795682466547910749e+01
-1.962300279605981146e+01
-4.299222906361952923e+00
-6.286401395440223361e+00
-3.382977473732274376e+01
-3.481687121667137319e+01
-4.037412141502117890e+01
-3.213272193966440682e+01
-2.373082955638362179e+01
-3.310485324737412327e+01
-3.438350538656949595e+01
-2.496016496458139144e+01
-3.431829412065629725e+01
-5.474628912200548925e+00
-3.002985299756526061e+01
-3.546112010268764436e+01
-2.699579121643172641e+01
-6.775030825353085540e+00
-1.683470402296019941e+01
-2.924730504031749589e+01
-2.883803490752125143e+01
-2.774454976079750068e+01
-3.197537969767179078e+01
-6.050190573375996195e+00
-2.244824968815891708e+01
-1.859278938727944919e+01
-3.581242951039757116e+01
-3.706037742021429438e+01
-2.949001216571227602e+01
-2.987372549701018443e+01
-3.886560346299951618e+01
-5.304210387506793190e+00
-2.683881641729863787e+01
-2.363967378109152762e+01
-2.296779351513048084e+01
-3.076144054947785733e+01
-2.552158697775940865e+01
-2.910047393806349447e+01
-3.087476677317027907e+01
-2.306760037187457968e+01
-3.022546332676416370e+01
-2.641845447470840114e+01
-2.841486024208974115e+01
-6.178987983303953158e+00
-7.961681707202013847e+00
-2.404386789327591956e+01
-5.816327166177658547e+00
-2.887675300224179509e+01
-3.133637364146294146e+01
-3.549816848792232094e+01
-4.156255608280560843e+00
-4.693724853479702475e+00
-6.286401395440223361e+00
-2.334950521199666085e+01
-2.550590296717700411e+01
-8.028390468959161197e+00
-2.408422155966186651e+01
-5.816327166177658547e+00
-2.934373526359984652e+01
-3.683513312645601445e+01
-2.056255608280561198e+00
-3.043722190523230609e+01
-3.624756403000242955e+01
-2.832891584538581142e+01
-3.104040459878766711e+01
-2.980979537040061444e+01
-3.657536664236376112e+01
-2.625565718722125297e+01
-2.295532538296895453e+01
-8.048334423832914197e+00
-3.043596496160044396e+01
-6.785528337069143490e+00
-1.327748730058993409e+01
-3.242885070517557011e+01
-3.314216042399807094e+01
-4.388297464945336657e+01
-2.581660352675860537e+01
-2.795302181906462380e+01
-2.298587366705203650e+01
-4.163924299479197799e+01
-3.029804946445158720e+01
-5.232759928436181873e+00
-6.224034003444754326e+00
-3.910211758665451498e+01
-2.845710781250459931e+01
-2.560779762453476494e+01
-3.703525258255866959e+01
-2.477916240065875186e+01
-2.358531744436666600e+01
-3.171140019299630097e+01
-5.474628912200548925e+00
-2.056255608280561198e+00
-4.331146961095644343e+01
-5.518305099616891418e+00
-2.575344611006183015e+01
-1.981928459231813733e+01
-5.816327166177658547e+00
-6.286401395440223361e+00
-2.588462649320387854e+01
-6.070879150338222452e+00
-3.436528143960200055e+01
-3.957572823473032031e+01
-2.966028407416950330e+01
-6.687010365529410194e+00
-2.977229986701143716e+01
-2.646084277062245604e+01
-6.050190573375996195e+00
-3.443914775096516934e+01
-1.997394557072370569e+00
-2.759858942682959082e+01
-3.670249713637348776e+01
-2.138063390090436044e+01
-2.847200936925779402e+01
-7.961681707202013847e+00
-1.859278938727944919e+01
-1.981928459231813733e+01
-3.305543357054687448e+01
-4.839536326330364346e+00
-5.559709902886989852e+00
-2.334950521199666085e+01
-2.306304527680987704e+01
-3.991855709160401489e+01
-5.569077228777424615e+00
-5.474628912200548925e+00
-5.816327166177658547e+00
-3.175687235126888908e+01
-6.775030825353085540e+00
-3.382058121667383510e+00
-3.197537969767179078e+01
-2.298587366705203650e+01
-3.296854901719383335e+00
-2.240571934207801164e+01
-2.499789963990707164e+01
-2.689743575986249269e+01
-3.022799681707853381e+01
-3.791637195386376646e+01
-2.584617309815666886e+01
-8.879518404917096319e+00
-2.720035408854521464e+01
-2.441360841419508887e+01
-3.295611654341609409e+01
-2.264438632958068354e+01
-3.274080389871023300e+01
-2.408921217095925371e+01
-5.474628912200548925e+00
-3.045321228977947925e+01
-9.302716319412876800e+00
-6.775030825353085540e+00
-3.415042399561097852e+01
-3.464376440326673645e+01
-2.446748855274910994e+01
-2.295798995509292695e+01
-1.976041643808269654e+01
-3.710084535986434418e+01
-2.408422155966186651e+01
-2.276634772064802803e+01
-3.008161252444623202e+01
-2.994710202126964305e+01
-2.878559843778357674e+01
-4.689635006418256147e+00
-3.779833808615385493e+01
-3.241422609619531414e+01
-4.362233930185335140e+01
-2.412412284546976426e+00
-1.805682935965546676e+01
-3.659213147245804265e+01
-3.136881072195898668e+01
-3.422657806665735336e+01
-2.873269997604892367e+01
-2.524503057580307086e+01
-1.981928459231813733e+01
-7.961681707202013847e+00
-2.056255608280561198e+00
-2.442388571000998709e+01
-6.286401395440223361e+00
-1.506433960179881559e+01
-3.180738379373693903e+01
-3.023845660106308131e+01
-3.133006857343968576e+01
-3.578119782728983012e+01
-6.195018481308862235e+00
-2.668392340592759027e+01
-3.162747860059367255e+01
-2.668635035774830300e+01
-3.519204697990392106e+01
-1.558277122712265061e+01
-4.200403001112383805e+01
-3.910236820189721385e+01
-6.286401395440223361e+00
-3.015370384285562366e+01
-1.721005716224691895e+01
-2.264438632958068354e+01
-5.703310855521473322e+00
-8.328199244028176906e+00
-6.497546238830781640e+00
-2.293197188600301573e+01
-5.304210387506793190e+00
-1.020603591287235368e+01
-2.477916240065875186e+01
-2.643356441608727891e+01
-7.281806886522636191e+00
-6.050190573375996195e+00
-2.771128775058743798e+01
-2.056255608280561198e+00
-2.580405787996028977e+01
-4.131161847316643332e+01
-3.426071319667514103e+01
-5.099189134282280378e-01
-4.116657014924822988e+01
-5.932162908994124351e+00
-2.606204498736865460e+01
-3.652619774588864487e+01
-2.501038043322970239e+01
-1.929265265877316438e+01
-9.341995105631170304e+00
-2.702280550834897355e+01
-1.039773379339167825e+01
-2.546251153986317206e+01
-2.412412284546976426e+00
-3.004501048921387607e+01
-2.417185273376939136e+01
-2.928268015598457552e+01
-2.829146549792122656e+01
-3.215328656696598131e+01
-3.893707293967840144e+01
-3.132244487691217927e+01
-3.489279270286630208e+01
-2.587641284521367879e+01
-1.884881738423124631e+01
-2.759261076489482534e+01
-2.595243252345511564e+01
-7.961681707202013847e+00
-2.296779351513048084e+01
-2.816618088276559462e+01
-3.712871481832832643e+01
-2.876918377855624698e+01
-6.286401395440223361e+00
-9.018979275165261100e+00
-2.876918377855624698e+01
-2.540425656528204001e+01
-7.157767085254886474e+00
-3.666161634235827194e+01
-3.745237664358598551e+01
-2.105544279912230010e+01
-2.849232795191485934e+01
-2.653898689928033150e+01
-2.666131775045454333e+01
-2.609995464972052304e+01
-4.160316925299184732e+01
-3.507974331400463797e+01
-2.828264655355144797e+01
-2.056255608280561198e+00
-6.585591791611745016e+00
-3.576628689010320272e+01
-4.199053810417375132e+00
-2.871242618196993135e+01
-6.497546238830781640e+00
-2.953892355367477407e+01
-2.090058554217806730e+01
-3.261299203876689745e+01
-4.338328230930116547e+01
-2.858012657650070665e+01
-1.441404554231819901e+01
-3.118697912102170022e+01
-2.237145524859252887e+01
-5.304210387506793190e+00
-3.029804946445158720e+01
-6.070879150338222452e+00
-3.680372439231771153e+01
-6.857909327509578823e+00
-2.960763723850438289e+00
-6.286401395440223361e+00
-5.538456850688598720e+00
-4.931360322692410314e+00
-1.683470402296019941e+01
-2.442612304438750570e+01
-6.286401395440223361e+00
-3.466943352630258346e+01
-6.585591791611745016e+00
-3.014391847228633381e+01
-2.334950521199666085e+01
-5.753956631358442486e+00
-2.976243531938647280e+01
-2.669417587171223971e+01
-4.199053810417375132e+00
-2.628046421773156993e+01
-2.373082955638362179e+01
-4.249465630931160831e+01
-2.595243252345511564e+01
-8.309803416636691864e+00
-3.382826259816386738e+01
-2.540425656528204001e+01
-3.070534550837283660e+01
-4.931360322692410314e+00
-2.924709661166295405e+01
-2.627705856558020159e+01
-3.996268197040335224e+01
-2.787807579659544999e+01
-3.436528143960200055e+01
-1.950507569552235054e+01
