-4.441050122289320257e+01
-6.959621141729518001e+01
-4.319788741180018121e+01
-1.462325837826053885e+02
-5.664587814832353274e+01
-1.049128947864979864e+02
-5.167061351293539673e+01
-1.247169115180200123e+02
-8.272179384553894010e+01
-1.377453120858702107e+02
-1.457971439639615312e+02
-1.194494533369100822e+02
-8.077410647635382190e+01
-1.390245782384197923e+02
-1.280249472316086212e+02
-4.484378420487439598e+01
-1.124577779463130867e+02
-4.990961522684852980e+01
-1.216229329339515601e+02
-5.794568822017276943e+01
-7.307752605068665730e+01
-1.311647056714875816e+02
-5.102532482238578382e+01
-1.171997011234444130e+02
-1.475119210319081446e+02
-5.690435216536780416e+01
-1.468426645171558107e+02
-1.362631289374843675e+02
-6.193611357287002761e+01
-1.082477024230281586e+02
-1.366896773270723315e+02
-1.277213310634426335e+02
-1.216459751413209602e+02
-1.016736042338045252e+02
-8.192920210238494860e+01
-4.323065876459109091e+01
-1.079958560049575169e+02
-5.358598748929581745e+01
-1.060256373636854477e+02
-1.325580286107766312e+02
-3.022783498293507520e+01
-3.493490358117258410e+01
-6.182801436254995053e+01
-3.538022949487920243e+01
-3.874573771068023120e+01
-6.741832939730545604e+01
-3.118754519297473138e+01
-5.058019361805181546e+01
-1.379938854945915594e+01
-2.665301209025970763e+01
-2.157596891891282453e+01
-3.355452056589032850e+01
-4.919843128737885252e+01
-5.211747788573138962e+01
-1.740930835310940239e+01
-5.335419970371790299e+01
-2.279090478693518307e+01
-2.495864293479798235e+01
-3.351200126472382124e+01
-2.063224109096860204e+01
-3.570364452779659814e+01
-2.996700098918678634e+01
-4.827846372589593926e+01
-9.354711864609816985e+01
-5.944507926716325841e+01
-8.723810734969418945e+01
-2.500868791988895623e+01
-3.270933683284110316e+01
-4.420206930598488526e+01
-3.801878701619957468e+01
-3.498424407887196708e+01
-1.526385671985996950e+01
-2.718637616801321855e+01
-1.140678820232921709e+02
-1.146492945080638748e+01
-2.400170867672371955e+01
-3.900399794167392997e+01
-7.382380551645617572e+01
-2.837385479212989026e+01
-7.641149373914430498e+01
-2.806817842049785128e+01
-5.422015317030461290e+01
-2.234789574086576991e+01
-7.426625548738822147e+01
-3.227295319978183841e+01
-1.037746326035822975e+01
-1.771098882710233369e+01
-2.822032671007802307e+01
-1.181524648892733964e+01
-3.691973081897214115e+01
-3.274431497356011533e+01
-5.203785651381186028e+01
-1.902498258609508142e+01
-4.745360232175532644e+01
-3.187451833926100164e+01
-1.410029593027299910e+01
-2.602029353538607381e+01
-1.923228433929635273e+01
-4.339811751875356549e+01
-2.736316292350527135e+01
-3.480866332483765291e+01
-1.339398928908792996e+01
-2.391793309571739812e+01
-9.372312424457858526e+01
-1.120480385696515313e+01
-2.332939890917416648e+01
-2.201038378202414236e+01
-2.884084197324214571e+01
-9.065365082292089483e+01
-3.015659945554747523e+01
-2.323214316787694145e+01
-4.952216907490812048e+01
-1.668952203081530783e+01
-4.451033635659513266e+01
-2.972002998841777455e+01
-2.173467320980061501e+01
-3.039406166143903931e+01
-3.497876140176899185e+01
-2.487383416786385837e+01
-1.551854036448039054e+01
-2.696268300574898191e+01
-7.251760983932008742e+01
-1.171325288989784141e+01
-1.058534450880829638e+02
-5.223987737367354356e+01
-1.750844759076629487e+01
-2.805546259992274472e+01
-3.634878283018271361e+01
-7.275074633736031160e+01
-1.527151531593044638e+02
-8.483548510393846698e+01
-7.953993970301330307e+01
-3.111722062222770191e+01
-2.116632616897044983e+01
-1.010530432994839600e+01
-2.545069963876505170e+01
-1.325857332154701140e+01
-1.750844759076629487e+01
-2.465501704743582323e+01
-5.686848345686041739e+01
-4.975593413356521921e+01
-2.790253694399589435e+01
-4.684937429880962867e+01
-8.911243655552102183e+00
-7.587424769036479688e+01
-2.661233242960507539e+01
-3.519791120153253416e+01
-3.571262909589980694e+01
-1.519825469279953722e+01
-1.148093461542448424e+01
-4.264667675597737428e+01
-2.245784872837432644e+01
-4.546680208050524641e+01
-2.672418185218870335e+01
-1.005289132414390352e+01
-2.046873542105802812e+01
-4.224951773123662235e+01
-2.968578735934857349e+01
-1.785667629963209180e+01
-1.374773644258676697e+01
-4.581646078881347961e+01
-3.109843493836667605e+01
-2.326708019704648933e+01
-9.272379381789158970e+01
-1.433747215370452466e+01
-5.056363690444542414e+01
-3.893685748530654678e+01
-3.026559811313305559e+01
-2.583249989999222151e+01
-1.771659792706697445e+01
-2.368292801951357163e+01
-8.527845286876656417e+01
-2.606024391171859378e+01
-1.083636361742902920e+02
-3.671155893174928053e+01
-3.759931247126895926e+01
-4.430084871226539178e+01
-1.250488089677374148e+01
-2.878969818227710675e+01
-3.465000243915155664e+01
-2.291200397235581221e+01
-4.102563168120011028e+01
-9.330101165106563599e+01
-6.922147513914882211e+01
-5.619354212294196316e+01
-2.007224436879367957e+01
-4.185334286112885138e+01
-2.204070914040190843e+01
-1.786432697172653405e+01
-3.257581366849035476e+01
-2.074046741600119148e+01
-1.180311538320840725e+01
-3.335982194667727185e+01
-2.622945110977445182e+01
-4.119523411626363441e+01
-3.732834358688447196e+01
-1.434209679358231426e+01
-3.476757346092823298e+01
-2.788042492459135602e+01
-3.096646209061214350e+01
-1.947595626732294249e+01
-2.891076381670196582e+01
-2.644367754509066160e+01
-2.700107955546813443e+01
-1.408338588439632488e+01
-3.300705086003426914e+01
-2.344790537747670811e+01
-2.027272385153310452e+01
-1.613120565238549631e+01
-2.188097639780516346e+01
-1.150760851025917475e+02
-1.448449545499742896e+01
-2.436175501623793593e+01
-3.264099610528849382e+01
-1.035097965139152265e+01
-1.054596603858728443e+01
-1.228036152331881681e+01
-3.588050806908535151e+01
-1.205165005036988646e+01
-1.070211164207881609e+02
-2.136595232202510886e+01
-2.334537464413759622e+01
-2.478456394774958937e+01
-6.038039513693168203e+01
-9.620560448322414970e+00
-3.476757346092823298e+01
-4.587268035238771802e+01
-8.755719954999520382e+00
-5.925939922291313167e+01
-6.853771036026966357e+00
-7.806456972991014709e+01
-6.066723324937920836e+01
-4.920755364820039546e+01
-5.813132297859093001e+01
-9.845132571054169546e+01
-3.863454231181713538e+01
-2.134707257600972241e+01
-1.029613367952955940e+02
-3.306220193278456776e+01
-6.787146606435356944e+01
-2.208881271338423602e+01
-6.991709295943286406e+01
-4.480585824401444484e+01
-1.076131601700552665e+02
-2.715825777336781144e+01
-5.974755739412771050e+00
-1.417470115244513806e+01
-2.273246649104240902e+01
-8.510618635863055204e+01
-3.310169836631690998e+01
-8.908686800101126124e+00
-2.158034228758170769e+01
-1.349226303940092464e+00
-1.137075353362064334e+02
-9.614085380132273428e+00
-6.846344901423189810e+01
-2.423008692848882006e+01
-1.744680659132676936e+01
-2.907872802174390259e+01
-1.085632617347095419e+01
-7.156288262910902631e+01
-5.934653721096680101e+01
-1.141406923350798195e+02
-3.161975734151885931e+01
-3.732391697582708900e+01
-7.961496242734786222e+01
-2.421230812661184473e+01
-1.712280137735454133e+01
-6.199966282459845957e+01
-6.901251045885182123e+00
-8.281517838243392049e+00
-3.034071623509475302e+01
-2.424044080974439552e+01
-7.501087307380905145e+01
-2.134707257600972241e+01
-3.960976970505977590e+01
-1.567620930516742206e+01
-9.810290920768909473e+01
-1.032640181322892658e+01
-1.035097965139152265e+01
-2.159851934499583237e+01
-1.096497918312207887e+01
-1.035097965139152265e+01
-4.864794896072027086e+00
-1.194564753355571440e+01
-2.943352509060083833e+00
-9.754091839910225303e+01
-7.955128335324705802e+01
-2.634050018649978497e+01
-2.393273051161378007e+01
-3.568956986761348560e+01
-1.397833653640207530e+01
-4.900789002232711056e+01
-3.316870133091825323e+00
-3.631502908202648428e+00
-4.831473842437328159e+01
-1.141278928905043699e+01
-1.234834935556189350e+01
-2.043984682039997125e+01
-3.212058972372531684e+01
-2.452221872530871494e+01
-1.408904296695772373e+01
-5.377900407901722701e+01
-3.018035212019220381e+01
-9.615531119879895527e+01
-2.134707257600972241e+01
-1.417470115244513806e+01
-1.393285108238650238e+01
-1.884734810864876309e+01
-2.058042113307300625e+01
-1.574613045288337076e+01
-4.831473842437328159e+01
-1.852324453825814032e+01
-3.311503238933603654e+00
-7.413522103375436245e+01
-5.713369449224107655e+01
-7.465303701189013452e+01
-5.691427455325816709e+01
-1.445640550788844791e+01
-3.680821787400176248e+01
-1.259403901396160919e+01
-4.932645320553555734e+01
-6.787146606435356944e+01
-1.896284560566346045e+01
-6.383280412162967821e+00
-5.604279379014823803e+01
-2.312136205370844166e+01
-5.362010553580012129e+01
-8.510618635863055204e+01
-1.875623913784523111e+01
-3.025261040526587664e+01
-2.050124100445492914e+01
-5.518349114073861728e+01
-1.138576919206786187e+01
-1.412726769096097712e+01
-4.050505043067012423e+01
-1.755096747871380103e+01
-3.033185606934092959e+01
-4.320795597502442575e+00
-2.212314242659656571e+01
-7.470254690362337158e+01
-7.040431391814445305e+01
-2.588701522577660441e+01
-3.199011479370110678e+01
-2.258881271338423602e+01
-8.510618635863055204e+01
-1.054596603858728443e+01
-5.548792042567116312e+01
-1.775426186207914370e+01
-1.657566654592852018e+01
-1.523295188670518741e+01
-6.192657162389642167e+01
-9.211491782456585042e+01
-1.616420777086057683e+02
-1.976483199860256335e+01
-8.510618635863055204e+01
-2.494151394911577313e+01
-4.000052046538647232e+01
-7.239244759688720166e+00
-2.251117251245902295e+01
-4.374710049399737954e+01
-3.911945053156424024e+01
-8.795603313019475422e+01
-8.113972909439638670e+00
-2.134707257600972241e+01
-2.257515429401713902e+00
-1.020242986099668911e+02
-7.413522103375436245e+01
-5.529185947801979495e+01
-1.264139788710065915e+02
-3.690281525879452573e+00
-2.134707257600972241e+01
-6.061770604527499984e+01
-4.094603043185911417e+01
-3.140370779250318733e+01
-2.695229999686417344e+01
-5.095412321084566543e+01
-5.187418175480818405e+00
-8.032949358577738508e+00
-1.387190411541623902e+01
-5.570323864657559909e+01
-9.446911070264251009e+01
-5.120055937269753343e+01
-3.012841906845841322e+01
-1.305208734527643060e+02
-3.387894211530054633e+01
-1.726976022164128821e+01
-1.264139788710065915e+02
-2.259102721170873096e+01
-7.150234271292319477e+00
-3.960976970505977590e+01
-5.252075077514138002e+01
-2.873353833866807250e+01
-8.510618635863055204e+01
-1.645007528464854119e+01
-4.218482153302115023e+01
-3.553279288071379938e+01
-2.904202911362510164e+01
-3.360325877003818107e+01
-1.824473688012922423e+00
-9.912504963620516207e+01
-2.206040361344577150e+01
-3.297079827514717465e+01
-1.779696893201368368e+00
-3.741690201515179837e+01
-3.798872009768493285e+01
-2.800147753153762409e+00
-1.004515715264933817e+01
-1.644997128094803429e+01
-1.192637548827659089e+02
-1.730613049122587910e+01
-2.030776277794540263e+01
-9.251031990209487077e+00
-2.257515429401713902e+00
-1.136335589648805566e+01
-5.094473640441347584e+01
-2.208881271338423602e+01
-4.159751324318136767e+00
-1.027170599901765513e+02
-6.626417747742064535e+01
-1.864602434387298402e+01
-3.776041325073497745e+01
-3.170355860961212002e+01
-3.960976970505977590e+01
-5.453412780573121665e+01
-1.644997128094803429e+01
-2.499367709111610480e+01
-6.853771036026966357e+00
-2.277083625317773752e+01
-2.947089738376093848e+01
-1.861562542512846719e+01
-7.383115405472217674e+00
-1.268471761175930368e+02
-1.262271325023913349e+01
-3.113773575713585728e+01
-6.389183049370721790e+00
-8.697302220217064672e+00
-1.459574999266212458e+01
-6.739176503986537625e+01
-2.169911048302077816e+01
-3.983770559228635477e+01
-4.767793665998127040e+00
-1.294270578133513894e+01
-1.779696893201368368e+00
-8.744675183883626346e+01
-1.630087820911052177e+01
-1.014265654853549137e+01
-2.143908426920889099e+01
-2.936939216000737929e+00
-2.834395092321542720e+01
-5.314804870278791782e+00
-2.180622350522057928e+01
-1.828289851586049508e+00
-2.603599365996592496e+01
-1.215514303960098630e+01
-5.229955653113287184e+01
-5.065515414441030373e+01
-5.229955653113287184e+01
-6.924837775690703268e+01
-7.014852960905783164e+01
-1.030369466519849766e+02
-2.890218995096472554e+01
-2.270437732220305804e+01
-2.445074769493859890e+01
-5.681867241965152715e+01
-2.554741936742550124e+01
-3.561880805299293229e+01
-3.021297654814300060e+01
-9.474692140733878887e+01
-2.202037752376471857e+01
-1.222796149407071908e+01
-5.812617996132720322e+01
-6.405926356102554564e+00
-1.078069617273581926e+01
-2.224102823817415597e+01
-4.172929803780390046e+01
-1.961398236123693195e+01
-4.832289738752278652e+01
-6.072624340354754224e+01
-4.562356697501105884e+01
-1.195317122304435387e+01
-2.216050315270152993e+01
-2.838222393392801024e+01
-3.410447659095079587e+01
-6.787146606435356944e+01
-1.008932764620570879e+02
-7.245514434516692859e+01
-1.348747923538125804e+01
-2.073924048041013890e+01
-3.232130893829286578e+01
-1.966399531878918339e+01
-1.686891564549831912e+01
-1.514865668470654825e+01
-2.504695933588525492e+01
-3.026110049796945134e+01
-1.109159586865279934e+01
-1.445882043226302471e+01
-6.338003103743272959e+01
-2.973845507593298265e+01
-1.079214760132258135e+02
-3.522647026958230043e+01
-2.276298957905531495e+00
-1.939381947473234291e+01
-2.151363093397250381e+01
-5.952263332955372732e+01
-2.202037752376471857e+01
-1.387190411541623902e+01
-9.408478403296065551e+01
-1.078234922770315762e+01
-4.681891737320202651e+01
-4.064894061064383379e+01
-3.783732440630238614e+00
-2.208881271338423602e+01
-1.093525928303593275e+02
-1.294270578133513894e+01
-2.274169148499762727e+01
-1.332318251628560546e+01
-2.432374509185160960e+01
-8.881441997198361094e+01
-1.357836540272572279e+00
-4.497314279983790186e+01
-2.662948485671374854e+01
-1.078234922770315762e+01
-1.078234922770315762e+01
-3.960976970505977590e+01
-6.750746100134522010e+01
-1.067358343724857761e+01
-1.238783084061710227e+01
-5.353581524946007164e+01
-5.095412321084566543e+01
-1.714172715744420827e+01
-1.340267797315567577e+01
-5.971435743250230388e+01
-8.821878226549290503e+01
-2.630707465708001891e+01
-3.960976970505977590e+01
-8.673583437248577610e+00
-4.029037444508060162e+01
-2.306006947588732814e+01
-2.777064953409491110e+01
-8.510618635863055204e+01
-1.417470115244513806e+01
-8.658991854841215030e+00
-7.246865671722216007e+01
-4.459036165300125276e+01
-3.363112719046692689e+01
-1.841848440023234446e+00
-6.765704017398923042e+01
-1.078234922770315762e+01
-4.977276822491545971e+01
-3.557979434183200595e+01
-6.438537320055736757e+01
-3.109843493836667605e+01
-6.787146606435356944e+01
-5.509537970354347181e+01
-6.642193746991763703e+01
-1.779696893201368368e+00
-1.779696893201368368e+00
-1.280477356048910309e+01
-1.387190411541623902e+01
-8.445904526190170714e+01
-7.920675881788754680e+01
-3.820273032402969449e+00
-1.238783084061710227e+01
-1.028757460885308603e+02
-1.873287636312532456e+01
-1.873287636312532456e+01
-8.039859144372840660e+00
-1.269207136525549018e+01
-3.960976970505977590e+01
-2.813353987884038787e+00
-1.408904296695772373e+01
-7.188101528465622891e+00
-1.824473688012922423e+00
-1.577847483458238642e+01
-1.753247378259120737e+01
-3.525262438156812550e+01
-9.245553399997929489e+01
-1.574981788426259044e+01
-1.066482947738305427e+02
-2.224102823817415597e+01
-2.802537233328476418e+01
-1.495788531100976115e+01
-2.284602086760295236e+01
-3.547994559842411633e+00
-6.440140403427776050e+00
-2.890500433311157380e+01
-9.234513382790093772e+01
-8.627290773955191128e+01
-1.474052910971987629e+01
-3.476757346092823298e+01
-1.837734657515435543e+01
-6.440140403427776050e+00
-2.594149868722302443e+01
-4.946220246392815056e+01
-2.257338021419105445e+01
-1.216536010373024794e+02
-1.332150600314326709e+02
-1.019971634032502550e+02
-1.357836540272572279e+00
-2.300950046282568806e+01
-1.488740646581572236e+01
-7.818572037089076332e+01
-2.273246649104240902e+01
-1.387190411541623902e+01
-1.641595376278359595e+02
-1.035527563815720242e+01
-1.069619412646395205e+02
-7.736413659818731503e+01
-2.002962220297923324e+01
-9.111677780984349795e+01
-6.977693126589736039e+01
-1.054596603858728443e+01
-1.633194666039879195e+01
-8.852182218803578451e+01
-9.033823347234842061e+01
-3.960976970505977590e+01
-7.418251588440489286e+01
-1.481752078777932979e+01
-1.560566402335501124e+01
-6.405148056990935146e+00
-6.878922905895868212e+01
-3.338040892680766092e+00
-8.210474925638530408e+01
-6.799790288438730101e+01
-2.506921721355635668e+01
-2.484577077364609821e+01
-7.354620714724937613e+00
-1.342574983483434536e+01
-5.647980186363008670e+01
-3.612842682941639083e+01
-1.438592239663435990e+01
-1.828289851586049508e+00
-3.465962640864744060e+01
-3.077443350203678207e+01
-2.434578712793662447e+01
-1.294270578133513894e+01
-2.766852125944079432e+01
-8.558982947722034851e+01
-4.831473842437328159e+01
-5.518349114073861728e+01
-1.078234922770315762e+01
-9.879065899384617211e+00
-5.095412321084566543e+01
-7.492042410319405121e+01
-1.644997128094803429e+01
-4.468012968548001140e+01
-1.417470115244513806e+01
-4.683378611519050594e+01
-2.630707465708001891e+01
-6.799229458213456212e+01
-6.325835039145263039e+01
-4.629239834427181677e+01
-8.301476473598476957e+00
-2.441160461656313174e+01
-1.824473688012922423e+00
-3.960976970505977590e+01
-4.224676819063776634e+01
-9.879065899384617211e+00
-1.824473688012922423e+00
-1.828289851586049508e+00
-8.915694419338313992e+01
-1.294270578133513894e+01
-1.438592239663435990e+01
-2.585093308747480378e+01
-7.566520972726958405e+01
-6.009507184365572385e+01
-5.708828768107505169e+01
-2.208881271338423602e+01
-5.452836659128605845e+01
-7.295928283436960271e+01
-2.273246649104240902e+01
-4.171479627296818649e+01
-1.180821194746152258e+01
-1.349226303940092464e+00
-7.466646931519332497e+01
-3.748372710068544933e+01
-2.134707257600972241e+01
-1.054596603858728443e+01
-7.354620714724937613e+00
-8.032949358577738508e+00
-6.787146606435356944e+01
-1.173327053208300796e+01
-1.078234922770315762e+01
-1.190908825649066216e+01
-3.847545457613871633e+01
-7.413522103375436245e+01
-8.619550441840196697e+01
-5.889346050899182217e+01
-5.518349114073861728e+01
-1.755096747871380103e+01
-3.111264440704492529e+01
-8.658991854841215030e+00
-3.002750412393867308e+01
-1.828818919803667953e+01
-2.664170842062335964e+01
-3.002750412393867308e+01
-1.755096747871380103e+01
-8.355831796989626525e+00
-1.824473688012922423e+00
-7.961496242734786222e+01
-2.257515429401713902e+00
-1.036580004398176769e+01
-2.214007342044298099e+01
-5.472857243067225852e+01
-5.095412321084566543e+01
-8.469516468025020117e+00
-1.794961413523166627e+01
-1.035097965139152265e+01
-7.348736588159417238e+01
-1.387190411541623902e+01
-8.507765834066972843e+01
-7.609411532216996932e+01
-4.831473842437328159e+01
-4.307581109449598955e+01
-1.837734657515435543e+01
-1.613466855288283952e+01
-1.668790422870175760e+01
-8.658991854841215030e+00
-1.393993409775172765e+01
-4.459036165300125276e+01
-2.209470366783138573e+01
-2.444441096841332595e+01
-1.236875251497964001e+01
-1.063287464711610042e+01
-5.019761992219930136e+01
-3.700367726721354700e+01
-8.327169555739523332e+01
-3.249034954154409149e+01
-8.784558683691648184e+01
-8.970556786748699096e+01
-6.045511812827079012e+01
-1.080318623082078062e+02
-1.387190411541623902e+01
-2.441160461656313174e+01
-1.179115810987904922e+01
-4.459036165300125276e+01
-1.178733591914332024e+01
-1.061746463908040639e+01
-1.115171812243740135e+01
-8.888254788470810297e+01
-2.900508258187169730e+00
-1.438592239663435990e+01
-9.727997311433949079e+00
-1.057326614032785983e+02
-9.170358428589641164e+01
-4.241047556679480834e+01
-7.731380058672868927e+01
-8.032949358577738508e+00
-2.961404378438769669e+01
-5.518349114073861728e+01
-3.066635857529189479e+01
-4.052798237518443614e+01
-7.354620714724937613e+00
-9.879065899384617211e+00
-7.354620714724937613e+00
-2.774536022214784481e+01
-2.951790557831722595e+01
-8.901582181240681280e+01
-9.323635345735333146e+00
-3.170674706117145902e+01
-4.724307312610656595e+01
-1.824473688012922423e+00
-7.436558936753361593e+01
-5.103516152005759210e+01
-1.078234922770315762e+01
-3.447434843731626586e+01
-1.078234922770315762e+01
-4.154844127192167491e+01
-3.190142571837474605e+01
-3.424596955445829849e+01
-7.354620714724937613e+00
-3.537285556194873948e+01
-6.886453250486816557e+01
-3.889448693044531780e+01
-5.019761992219930136e+01
-2.936168588000385782e+01
-7.589187995123162978e+01
-1.652052945864618749e+01
-2.694516017760809490e+01
-1.668790422870175760e+01
-8.954592577433491840e+01
-2.735901735672772617e+01
-5.133962619691938301e+01
-1.705370434796658330e+01
-2.838510345498410459e+01
-6.842044849759311376e+00
-2.735901735672772617e+01
-3.170674706117145902e+01
-4.532075024708305477e+01
-7.354620714724937613e+00
-2.056079938105111893e+01
-1.873287636312532456e+01
-1.881675967130237481e+01
-5.476573655385497830e+01
-1.417470115244513806e+01
-8.182064697151839994e+01
-9.945521281553423876e+01
-8.565633317779186484e+01
-1.873740786694192550e+01
-6.997758193911595015e+01
-1.503496888102825579e+01
-7.391105205010305212e+01
-1.349226303940092464e+00
-1.653642280387862584e+01
-1.370027111150570676e+01
-1.824473688012922423e+00
-6.899202181958705182e+01
-1.755096747871380103e+01
-2.391902487982919467e+01
-3.910951058595367158e+01
-2.466393807281598427e+01
-9.078963555459307599e+01
-1.824473688012922423e+00
-8.658991854841215030e+00
-5.019761992219930136e+01
-1.773731389495347699e+01
-3.320879808851823611e+01
-3.097249755357437806e+01
-3.658663972804873055e+01
-6.440140403427776050e+00
-1.236875251497964001e+01
-2.906945373180715109e+01
-5.331428022847930492e+00
-2.125725518877382569e+01
-1.127015787340368149e+02
-8.300154759663270454e+01
-7.713889144586730140e+01
-2.276298957905531495e+00
-1.763466855288283952e+01
-8.111045198031931136e+01
-2.852425003849982232e+01
-4.982379515766766076e+01
-2.208881271338423602e+01
-1.560566402335501124e+01
-5.153786055668943078e+01
-6.944900249539497850e+01
-1.417470115244513806e+01
-9.056872573952762195e+01
-1.054596603858728443e+01
-2.646152878701432343e+00
-2.822647308097861085e+01
-2.960394266328869506e+01
-1.036580004398176769e+01
-1.688032235829405536e+01
-5.871858534386862516e+01
-1.814063490481299112e+00
-6.231968665197740620e+00
-2.304099565259168259e+00
-3.196972092581469127e+01
-9.052090248257805172e+00
-8.834956604014635673e+01
-1.417470115244513806e+01
-1.113900080577742244e+02
-1.086026276776641808e+01
-6.440140403427776050e+00
-1.236875251497964001e+01
-1.873287636312532456e+01
-6.878922905895868212e+01
-2.273246649104240902e+01
-5.611171129346266184e+01
-5.571229364141983353e+01
-2.257338021419105445e+01
-2.630707465708001891e+01
-5.934284689176494965e+01
-2.257515429401713902e+00
-1.526932293258937179e+01
-1.639352528531212627e+01
-4.459036165300125276e+01
-2.090409851578322886e+01
-2.273246649104240902e+01
-1.035097965139152265e+01
-2.720530697712905166e+01
-1.024040083276182003e+02
-1.349226303940092464e+00
-7.293881025830550868e+01
-1.726015486374382135e+01
-3.462340267998335719e+00
-8.322491846892081924e+01
-6.025913826548962504e+01
-8.472943269568165903e+00
-2.556362402568933589e+01
-1.221891014287593435e+01
-1.221891014287593435e+01
-1.873287636312532456e+01
-4.893746354394303921e+01
-8.032949358577738508e+00
-4.163847503255180982e+01
-2.474618091779890960e+01
-9.263010946746847196e+01
-1.357836540272572279e+00
-1.231949337387615628e+01
-1.370027111150570676e+01
-9.316457098760204758e+01
-1.004586823917940137e+02
-2.175908705385383257e+01
-5.444329211382380151e+01
-3.448855200536671362e+01
-3.845587692371675814e+01
-6.773967548447113529e+01
-1.837734657515435543e+01
-8.658991854841215030e+00
-7.608026904531139678e+01
-8.417992292854935954e+01
-1.273849081334464017e+01
-9.780999625888746607e+00
-1.691475255203481254e+01
-8.753448298687216322e+01
-3.636963022363924125e+01
-7.456990083547870540e+01
-1.580769319361261793e+01
-1.349226303940092464e+00
-7.356494968587409744e+01
-8.098941542317960796e+01
-1.564378175363506429e+01
-2.257338021419105445e+01
-2.208881271338423602e+01
-1.138576919206786187e+01
-1.644997128094803429e+01
-1.115403270854318052e+01
-1.536533823579191349e+01
-5.187636273700037748e+01
-6.194473491245224750e+01
-2.501142588082480600e+01
-1.002386416726270397e+02
-6.878922905895868212e+01
-7.309130977629330062e+01
-7.350394266452836689e+01
-2.900508258187169730e+00
-1.755096747871380103e+01
-2.728389764725412547e+01
-1.499932726344794887e+01
-4.688654916304334108e+01
-2.388955538927548261e+01
-2.338327813724767523e+01
-5.563633033923773752e+01
-2.157545375754107653e+01
-5.194619732196682804e+01
-1.837734657515435543e+01
-1.236875251497964001e+01
-8.982652283484654276e+00
-4.459036165300125276e+01
-6.028608039278928032e+01
-8.724553660017093648e+01
-8.322491846892081924e+01
-4.379433640644498382e+01
-3.462340267998335719e+00
-7.434457888915233070e+00
-2.971188992331545720e+01
-6.485471140920343203e+01
-1.221891014287593435e+01
-2.194674487067739577e+01
-8.658991854841215030e+00
-2.333771902750409311e+01
-7.354620714724937613e+00
-7.322423274190799702e+01
-4.307956053569861155e+01
-2.506921721355635668e+01
-1.503496888102825579e+01
-5.056249542156042764e+01
-1.060738606006110629e+01
-5.563633033923773752e+01
-8.356699193352861244e+01
-8.525131482734504829e+00
-1.584044718185576883e+01
-2.276298957905531495e+00
-4.946220246392815056e+01
-5.769828274941075108e+01
-8.658991854841215030e+00
-4.459036165300125276e+01
-6.264034426053875393e+00
-6.440140403427776050e+00
-8.431391460844725572e+00
-2.257338021419105445e+01
-3.083547306149774414e+01
-3.377874297404341064e+01
-3.039856212961157311e+01
-8.032949358577738508e+00
-1.613466855288283952e+01
-8.982652283484654276e+00
-1.143141899583392984e+01
-4.201722740335144124e+01
-1.054596603858728443e+01
-6.368318981934162082e+01
-2.441160461656313174e+01
-1.349226303940092464e+00
-8.904514718905129200e+01
-2.685901735672772617e+01
-6.764998902542487258e+01
-4.419640167823906296e+01
-2.276298957905531495e+00
-1.067465426408540097e+01
-7.647945818044733812e+01
-4.349546847967380359e+01
-9.026683680878905136e+01
-6.787146606435356944e+01
-5.805557120528234805e+01
-7.100423436235924868e+00
-2.395823526932623082e+01
-7.499811333884251496e+01
-1.416955886214361726e+01
-1.517309510360987446e+01
-1.147015049902805686e+02
-1.341377316344968662e+01
-1.036580004398176769e+01
-1.778393545525477037e+01
-6.152140410948487670e+01
-3.232257741968261655e+00
-3.415671928306947791e+01
-1.417470115244513806e+01
-5.889346050899182217e+01
-2.499466618160298736e+01
-7.184944781244058731e+01
-2.556362402568933589e+01
-1.824473688012922423e+00
-1.860378558784833558e+01
-5.405831038446714132e+01
-3.473316444665339020e+01
-1.276867420857347568e+01
-1.737079987333984121e+01
-2.957947411923254677e+01
-7.434457888915233070e+00
-6.521581817845158469e+01
-3.138469830231885638e+01
-3.476757346092823298e+01
-9.721853037370611617e+01
-1.644997128094803429e+01
-1.417470115244513806e+01
-2.276298957905531495e+00
-9.625512430361956717e+01
-1.622546208538027912e+01
-3.013119447195496647e+01
-8.731635670156313722e+01
-1.150881328548449289e+01
-1.136467756419340702e+02
-2.439555164526527165e+01
-1.527764777717855793e+01
-1.873287636312532456e+01
-6.263674131015467594e+01
-4.052798237518443614e+01
-4.100423649313307806e+01
-6.440140403427776050e+00
-4.946220246392815056e+01
-9.879065899384617211e+00
-9.279582044755885306e+01
-1.596143781947760232e+01
-4.379889471938415113e+01
-9.403042376137656788e+01
-5.742861637261457020e+01
-9.234835113407601170e+01
-1.238783084061710227e+01
-7.372224644031197727e+01
-3.105642773651610256e+01
-3.193392179574301082e+01
-1.349226303940092464e+00
-5.909436617997467067e+01
-3.960976970505977590e+01
-2.257515429401713902e+00
-4.259745378825257944e+01
-2.390935552623627203e+01
-5.461922131702945649e+01
-2.804889652467320005e+01
-3.916259995420340090e+00
-8.113972909439638670e+00
-2.273246649104240902e+01
-1.859045990082612576e+01
-4.946220246392815056e+01
-9.060973197027962556e+01
-2.690560737956658599e+01
-2.761492515309359419e+01
-8.771891421888695106e+01
-1.722227866627336468e+01
-8.343781802707957240e+01
-6.440140403427776050e+00
-1.138576919206786187e+01
-3.059833343233319525e+01
-1.221891014287593435e+01
-2.386960039193436955e+01
-9.987803615121895007e+01
-1.054596603858728443e+01
-6.467176010457773572e+00
-3.369465088044356094e+01
-1.272498169204715524e+01
-2.218568799559685445e+01
-4.841931215878567940e+01
-4.732854308078385230e+01
-1.641814480614763028e+01
-1.519586630527989968e+01
-7.184944781244058731e+01
-2.584406238034385339e+01
-9.762782651112880217e+01
-1.336882311030678849e+01
-5.760848831401067116e+01
-8.014548482698170062e+01
-7.027732038757544331e+01
-3.390534971085465088e+01
-1.333324280349468793e+01
-1.021169960152345624e+02
-4.521811737521051100e+01
-2.506921721355635668e+01
-6.890593998374984608e+01
-3.178304016731813064e+01
-3.320879808851823611e+01
-1.246038551375820802e+01
-1.036580004398176769e+01
-1.816185439539125923e+01
-7.109213088985450213e+01
-1.794111817048302271e+01
-1.819578190702226195e+01
-1.010967402583247576e+02
-9.047138530696059888e+01
-5.889346050899182217e+01
-1.644997128094803429e+01
-6.467176010457773572e+00
-7.211506203222042188e+01
-1.873287636312532456e+01
-7.530031756500306983e+00
-9.042157635920628422e+01
-5.277317035721207361e+00
-1.091972666357903776e+01
-5.702141503968810810e+01
-1.152329928661125535e+01
-7.630964660627549279e+01
-6.022637184722723447e+01
-9.871658134613664970e+01
-1.873287636312532456e+01
-1.560566402335501124e+01
-2.208881271338423602e+01
-1.560566402335501124e+01
-4.226245734937688070e+01
-7.915225975043401263e+01
-2.785651606144416448e+01
-1.586690551839361518e+01
-7.882366906346506141e+01
-1.639352528531212627e+01
-3.179289600692225548e+00
-5.948939366278133889e+01
-9.099679088772697355e+01
-2.273246649104240902e+01
-1.558381708482525951e+01
-1.763088941856738501e+01
-3.002750412393867308e+01
-2.106627581955324047e+01
-1.873287636312532456e+01
-3.553279288071379938e+01
-1.873287636312532456e+01
-5.067635866815104606e+01
-4.946220246392815056e+01
-8.113972909439638670e+00
-1.276867420857347568e+01
-3.179289600692225548e+00
-6.828560136806387959e+00
-4.163491858894651187e+01
-1.036580004398176769e+01
-2.134707257600972241e+01
-1.690584869251156874e+01
-3.476757346092823298e+01
-3.950931663019025564e+01
-1.668790422870175760e+01
-1.650072018587794886e+01
-1.434269784645139012e+01
-1.824473688012922423e+00
-1.098553562484866220e+01
-5.255760535214349716e+01
-2.090963040989899113e+01
-1.408379736552336681e+01
-1.036580004398176769e+01
-9.879065899384617211e+00
-1.387190411541623902e+01
-2.257338021419105445e+01
-8.941563544729744706e+01
-1.035097965139152265e+01
-1.517309510360987446e+01
-6.058219288160682936e+01
-1.333324280349468793e+01
-7.546957507689015188e+00
-1.294270578133513894e+01
-2.873353833866807250e+01
-1.837734657515435543e+01
-6.440140403427776050e+00
-3.746816525601305869e+01
-9.602346075598414643e+01
-9.145485947547922478e+01
-5.476573655385497830e+01
-5.098776469092275221e+01
-2.630707465708001891e+01
-1.755096747871380103e+01
-4.272521358565985139e+00
-4.521066644847138605e+00
-1.650874856258111834e+01
-4.000026233231629647e+00
-3.075595013574925929e+01
-7.089336971942162791e+01
-2.805813011452645611e+00
-7.046383458360371321e+01
-3.599524248927899350e+01
-3.110503128145865404e+01
-9.795719986208506214e+01
-4.287682642650639764e+01
-7.417510877839204397e+01
-2.061027983042205491e+01
-1.644997128094803429e+01
-1.474052910971987629e+01
-4.704135334225505005e+01
-9.879065899384617211e+00
-7.184944781244058731e+01
-3.170674706117145902e+01
-2.273246649104240902e+01
-1.920369324225605823e+01
-2.900508258187169730e+00
-7.354620714724937613e+00
-2.979361938259337705e+01
-4.968864785882606583e+01
-6.748824435889012818e+00
-1.467470115244513806e+01
-1.873287636312532456e+01
-2.061027983042205491e+01
-6.787146606435356944e+01
-4.290353777369048771e+01
-4.898791062692733789e+00
-6.061471133795734545e+01
-5.095412321084566543e+01
-5.815762283637695873e+01
-4.186459134420407224e+01
-3.599761924208904418e+01
-1.041780883916479183e+02
-8.982652283484654276e+00
-3.321555285771771082e+01
-1.523199824384742840e+01
-7.289650866262388718e+01
-2.273246649104240902e+01
-2.000987903849329186e+01
-9.978916663370398510e+01
-8.163698103475593371e+01
-1.338021570724349019e+01
-2.354969381391095240e+01
-1.387190411541623902e+01
-3.462340267998335719e+00
-6.699046967834728861e+00
-4.309588175306943469e+01
-2.563308638069017320e+01
-7.309130977629330062e+01
-8.047999879808483570e+01
-1.294270578133513894e+01
-1.859904416053920073e+01
-1.960490063342113842e+01
-5.207088270152982545e+01
-7.147261096072483610e+00
-2.514406908412444963e+01
-2.900508258187169730e+00
-3.010794971248221330e+01
-2.318760981317730341e+01
-1.873287636312532456e+01
-3.516557682523789197e+01
-3.158970556553548192e+01
-3.755182806215061930e+01
-3.950931663019025564e+01
-7.184944781244058731e+01
-4.290353777369048771e+01
-8.728969302814338960e+01
-9.835701924292602882e+01
-4.092205182805330566e+01
-8.644212379594426920e+01
-9.726722056392829074e+01
-8.380312816881527738e+00
-5.358591123447767757e+01
-1.526126088931141922e+01
-2.169501697207010693e+01
-3.567126137458698310e+01
-6.978844155309406005e+01
-1.392791439186423119e+01
-4.134364942238774887e+01
-2.134707257600972241e+01
-1.223343589939658074e+02
-3.109843493836667605e+01
-1.333324280349468793e+01
-3.310143972713198934e+01
-3.698538412030309530e+01
-1.409943320400735089e+01
-1.076266088148171107e+01
-3.191066794845670884e+01
-4.585007128945010635e+01
-1.689368221898646638e+01
-7.456251523682267646e+01
-3.554323044158719114e+01
-3.376847072714947728e+01
-8.959839905610536448e+00
-1.885049088864112932e+01
-1.333324280349468793e+01
-9.649709135858775255e+01
-2.665442395875329495e+01
-3.435983839799198591e+01
-1.078234922770315762e+01
-9.363354059541984498e+01
-2.900508258187169730e+00
-3.382598033675000693e+01
-1.333324280349468793e+01
-4.044973634139314811e+01
-4.480612548388299388e+01
-3.225499601542961869e+01
-9.112557923489575273e+00
-7.549940765336927484e+01
-5.198740219421895858e+01
-4.744192953556139969e+01
-7.973269954901016376e+01
-3.950931663019025564e+01
-1.438592239663435990e+01
-6.759709657313652542e+01
-1.832059477431638328e+00
-5.472857243067225852e+01
-9.621380099760163773e+01
-7.354620714724937613e+00
-9.411060804992091278e+01
-3.467246123576238404e+01
-1.670554852096605813e+01
-3.320879808851823611e+01
-1.913070593678959952e+01
-2.873353833866807250e+01
-5.095412321084566543e+01
-3.035641384700546297e+01
-7.546957507689015188e+00
-3.179289600692225548e+00
-7.092823459559014054e+01
-2.208881271338423602e+01
-1.333324280349468793e+01
-1.349226303940092464e+00
-9.972490560919939639e+01
-2.873353833866807250e+01
-2.900508258187169730e+00
-2.307196110285575585e+01
-1.349226303940092464e+00
-7.354620714724937613e+00
-9.202421857427381724e+01
-9.629459947763468364e+00
-7.345188799533357127e+00
-2.694516017760809490e+01
-1.779003069316162566e+01
-4.845258833051912006e+01
-6.852985233280458033e+01
-1.036580004398176769e+01
-3.251710243832962988e+01
-2.720200237633735796e+01
-1.238783084061710227e+01
-2.320111479108103225e+00
-2.276298957905531495e+00
-1.123779380984187526e+01
-4.840720697411566675e+01
-2.397551707284631206e+01
-6.358494472751544890e+01
-2.965973073384244785e+01
-1.333324280349468793e+01
-6.977783356478717280e+01
-1.162738449762502668e+01
-2.061027983042205491e+01
-1.111126774623109981e+01
-2.276298957905531495e+00
-1.873287636312532456e+01
-1.687190411541623902e+01
-6.298768606391361402e+01
-2.409697108583944214e+01
-1.294270578133513894e+01
-7.256794030522254957e+01
-1.763088941856738501e+01
-7.345188799533357127e+00
-2.082681393060735431e+01
-5.476573655385497830e+01
-1.159932462439232665e+02
-5.723204257743464751e+00
-9.029341343355936544e+01
-7.599858414939330942e+01
-1.015993917059865197e+02
-2.630707465708001891e+01
-1.613466855288283952e+01
-1.294270578133513894e+01
-5.095412321084566543e+01
-1.269361437099927770e+01
-2.040349425975790965e+01
-8.756147018883223154e+01
-1.104477944898492723e+02
-3.598923088025566130e+01
-1.843280721501987429e+01
-3.837874805823584978e+00
-2.873353833866807250e+01
-1.716795297135853460e+01
-2.746532531061273374e+00
-3.002750412393867308e+01
-6.082810933863686387e+01
-9.055420764518569854e+01
-1.824473688012922423e+00
-8.379356928326666321e+01
-1.440467390384344526e+01
-2.630707465708001891e+01
-8.865525691699741628e+01
-6.440140403427776050e+00
-2.273246649104240902e+01
-2.257338021419105445e+01
-4.840720697411566675e+01
-1.651729942566075238e+01
-1.824473688012922423e+00
-4.302452292662679412e+01
-2.694516017760809490e+01
-1.602052945864618749e+01
-1.417470115244513806e+01
-3.292175621223915272e+00
-1.846772103463782599e+01
-3.292746569626888942e+00
-3.979471534607824879e+00
-2.257338021419105445e+01
-6.030142975712028885e+01
-5.841558481662218583e+00
-6.614726796447689594e+01
-9.007670961621685990e+01
-6.412694168871618672e+01
-8.032949358577738508e+00
-8.982652283484654276e+00
-1.523487343555042628e+01
-1.710304888644698451e+01
-9.185419756365480026e+00
-2.316989058104851651e+01
-9.758151100217948226e+01
-1.051693451126426311e+02
-1.837734657515435543e+01
-1.035097965139152265e+01
-2.802423303815908540e+01
-8.791546136380243581e+01
-7.354620714724937613e+00
-9.020179288404428064e+00
-1.175799056319099734e+01
-8.510618635863055204e+01
-1.436615673292077844e+01
-1.682606264152271791e+01
-2.257515429401713902e+00
-4.618086908282950276e+01
-9.468478201712960640e+01
-1.417470115244513806e+01
-4.946220246392815056e+01
-1.294270578133513894e+01
-4.480612548388299388e+01
-1.755096747871380103e+01
-1.873287636312532456e+01
-1.875623913784523111e+01
-8.948424076359040669e+01
-1.733993758939939056e+01
-9.384568175130749523e+01
-7.346060359977620635e+01
-3.002750412393867308e+01
-1.990935851429106762e+01
-1.438592239663435990e+01
-3.378990734680644437e+01
-7.354620714724937613e+00
-5.095412321084566543e+01
-2.314197068227520759e+01
-1.351168406886784723e+01
-2.061027983042205491e+01
-1.827458293183217819e+01
-4.466048328674901313e+00
-8.658991854841215030e+00
-3.837874805823584978e+00
-2.506921721355635668e+01
-3.746587082143128100e+01
-1.951610042404782774e+01
-2.276298957905531495e+00
-3.612842682941639083e+01
-3.758542712243752248e+01
-8.960164014389270903e+01
-1.029820924547421157e+01
-1.081259863927495672e+02
-7.387218759121259382e+01
-1.152329928661125535e+01
-1.052391532456965848e+02
-2.900508258187169730e+00
-7.126688710190035181e+01
-1.163039714403515745e+02
-1.221891014287593435e+01
-6.440140403427776050e+00
-8.032949358577738508e+00
-1.103528019068329229e+02
-3.172062684144815847e+01
-4.290353777369048771e+01
-3.476757346092823298e+01
-3.526723901473977207e+01
-6.773967548447113529e+01
-6.457988113670646158e+01
-5.476573655385497830e+01
-1.387190411541623902e+01
-1.417470115244513806e+01
-1.457063118556351355e+01
-3.835846883851112921e+01
-2.781782544868793394e+00
-1.076266088148171107e+01
-1.824473688012922423e+00
-2.506921721355635668e+01
-2.273246649104240902e+01
-3.179289600692225548e+00
-3.390898082669928471e+01
-2.134707257600972241e+01
-2.682624557274669286e+01
-4.221991248527056939e+01
-1.841848440023234446e+00
-1.559275710388856950e+01
-2.801487280311371109e+01
-7.922368344189871436e+01
-1.239772919133513085e+01
-1.221891014287593435e+01
-1.602052945864618749e+01
-4.715976094764358351e+01
-8.982652283484654276e+00
-6.895081115455775489e+01
-1.560566402335501124e+01
-7.723104304137615372e+01
-2.002962220297923324e+01
-3.698538412030309530e+01
-7.156970713190513322e+01
-1.837734657515435543e+01
-1.035097965139152265e+01
-1.712280137735454133e+01
-8.552295340702234228e+01
-3.179289600692225548e+00
-7.354620714724937613e+00
-1.602052945864618749e+01
-1.856873625082196355e+01
-8.896527371620931035e+01
-3.462340267998335719e+00
-4.946220246392815056e+01
-7.352750658707097386e+01
-1.712280137735454133e+01
-3.476757346092823298e+01
-2.276298957905531495e+00
-1.824473688012922423e+00
-2.900508258187169730e+00
-2.257515429401713902e+00
-8.658991854841215030e+00
-2.873353833866807250e+01
-8.964275915343908707e+01
-9.058596570163230410e+01
-6.440140403427776050e+00
-1.457063118556351355e+01
-6.748824435889012818e+00
-4.167455024215093573e+01
-1.755096747871380103e+01
-1.146052662103468123e+01
-3.312625565023320462e+01
-2.002962220297923324e+01
-6.910790040946247359e+01
-2.725335218870056053e+01
-3.758542712243752248e+01
-8.799717738035469949e+01
-1.294270578133513894e+01
-7.159467420936778126e+01
-1.035097965139152265e+01
-2.140629679718067990e+01
-1.417470115244513806e+01
-1.387190411541623902e+01
-1.668790422870175760e+01
-3.175956934797932263e+01
-7.546957507689015188e+00
-3.688755445209906725e+01
-3.002750412393867308e+01
-3.353366871367467184e+01
-2.134707257600972241e+01
-1.029820924547421157e+01
-1.176578627916788022e+01
-5.937960884686689411e+01
-1.438592239663435990e+01
-1.837734657515435543e+01
-2.687427262962573238e+01
-4.480612548388299388e+01
-1.036580004398176769e+01
-1.640946352433552136e+01
-1.435645330249756313e+01
-5.095412321084566543e+01
-3.033642754260687724e+01
-2.962193439998113575e+00
-2.962193439998113575e+00
-3.449094578319126470e+01
-4.049258071222951116e+00
-1.634299952932948230e+01
-2.687427262962573238e+01
-4.421485100761353237e+01
-3.683439986865828075e+01
-2.257515429401713902e+00
-3.950931663019025564e+01
-8.928250239772263797e+01
-3.408799021279928354e+01
-1.016266457688415699e+02
-7.241907922847651946e+01
-2.255456528693610707e+01
-1.755096747871380103e+01
-6.673485810078480540e+01
-4.359039461354625189e+01
-8.900319383908989579e+00
-1.875623913784523111e+01
-2.037780790588015378e+01
-5.516884409389150790e+01
-1.349226303940092464e+00
-1.634299952932948230e+01
-3.349694830654309641e+01
-3.179289600692225548e+00
-4.480612548388299388e+01
-5.588816595147562793e+01
-7.338313206764480867e+01
-3.876803661101835274e+00
-3.175956934797932263e+01
-1.634299952932948230e+01
-1.824473688012922423e+00
-1.438592239663435990e+01
-3.746816525601305869e+01
-2.082681393060735431e+01
-6.601248776894423997e+01
-3.682464097931227798e+01
-2.822311769377692769e+01
-1.001183668832575080e+02
-4.121735013117621094e+01
-3.210264861748048304e+01
-3.203555828897337676e+01
-3.746816525601305869e+01
-1.451009812718328718e+01
-7.101690768776641960e+01
-1.668790422870175760e+01
-4.189599297500141262e+00
-1.824473688012922423e+00
-3.109843493836667605e+01
-1.349226303940092464e+00
-1.850007109360655733e+01
-3.462340267998335719e+00
-5.095412321084566543e+01
-7.546957507689015188e+00
-1.294270578133513894e+01
-1.616356620927751919e+01
-3.320879808851823611e+01
-1.837734657515435543e+01
-7.354620714724937613e+00
-4.451286952012995357e+01
-1.357836540272572279e+00
-4.946220246392815056e+01
-4.946220246392815056e+01
-2.058521461108957595e+01
-1.417470115244513806e+01
-6.388642725220522323e+01
-9.879065899384617211e+00
-2.962193439998113575e+00
-1.712280137735454133e+01
-1.387190411541623902e+01
-9.314339923371912278e+01
-4.816993509262612605e+00
-1.036580004398176769e+01
-2.026845127032292027e+01
-5.812493758136955080e+01
-2.692065901212467693e+01
-7.157977842280747893e+01
-1.616356620927751919e+01
-1.035097965139152265e+01
-2.962193439998113575e+00
-5.095412321084566543e+01
-1.824473688012922423e+00
-3.462340267998335719e+00
-3.320879808851823611e+01
-8.032949358577738508e+00
-4.946220246392815056e+01
-6.420324584358348829e+01
-3.002750412393867308e+01
-2.134707257600972241e+01
-3.179289600692225548e+00
-1.035097965139152265e+01
-2.630707465708001891e+01
-1.875623913784523111e+01
-6.056217987650504853e+01
-1.787799719774902840e+01
-8.510618635863055204e+01
-8.648308249236004031e+01
-7.166724599894749304e+01
-4.683311417256128095e+01
-1.778244205647562737e+01
-3.179289600692225548e+00
-4.402223582776202448e+01
-4.714986242907870917e+01
-7.952298334241304190e+01
-1.221891014287593435e+01
-1.221891014287593435e+01
-1.417470115244513806e+01
-6.635361737422572048e+01
-1.613466855288283952e+01
-3.444044333138650416e+01
-1.755096747871380103e+01
-5.894647727617797983e+00
-2.257338021419105445e+01
-4.397694754569560160e+00
-7.392228159683762101e+01
-4.480612548388299388e+01
-1.387190411541623902e+01
-1.560566402335501124e+01
-3.589749019543409503e+01
-2.708816631350174831e+01
-9.629459947763468364e+00
-4.480612548388299388e+01
-1.560566402335501124e+01
-1.067465426408540097e+01
-7.739052359499680733e+01
-4.972909457242054998e+01
-8.032949358577738508e+00
-4.859392444232523189e+01
-7.491103893106880207e+01
-8.610455589566278434e+01
-2.680707465708001891e+01
-2.680707465708001891e+01
-9.104737700776371412e+01
-3.595812625363672055e+01
-1.560566402335501124e+01
-1.613466855288283952e+01
-2.258881271338423602e+01
-1.333324280349468793e+01
-2.680707465708001891e+01
-6.704915367964834161e+01
-3.320879808851823611e+01
-3.802897496131294020e+00
-4.062484641378839001e+01
-4.704135334225505005e+01
-4.864119308932198038e+01
-1.067465426408540097e+01
-1.035097965139152265e+01
-1.036580004398176769e+01
-3.541472968112545772e+01
-7.249166115066098826e+01
-3.950931663019025564e+01
-1.725004501438786164e+01
-8.978912324017353797e+01
-8.453176946380739309e+01
-2.776298957905531495e+00
-3.164596477658190210e+01
-1.837734657515435543e+01
-2.257515429401713902e+00
-8.153771081914140240e+00
-2.680707465708001891e+01
-8.157638772394537341e+01
-3.179289600692225548e+00
-3.187071873860901050e+01
-4.851538935819832687e+01
-1.028154587107926545e+02
-3.312625565023320462e+01
-9.158991854841215030e+00
-5.145412321084566543e+01
-3.712857654556808740e+01
-8.898384248068457225e+01
-1.029820924547421157e+01
-3.462340267998335719e+00
-3.458690713037655229e+01
-2.680707465708001891e+01
-2.962193439998113575e+00
-1.755096747871380103e+01
-3.758542712243752248e+01
-1.314659752838547391e+01
-3.571523209125074061e+01
-7.546957507689015188e+00
-1.467470115244513806e+01
-6.911482738880042120e+01
-1.357836540272572279e+00
-4.946220246392815056e+01
-4.704135334225505005e+01
-4.831473842437328159e+01
-6.903261333575665049e+01
-3.179289600692225548e+00
-1.755096747871380103e+01
-2.111027983042205491e+01
-9.751204663681131990e+01
-8.882507838069269468e+00
-8.045905110028069629e+00
-6.440140403427776050e+00
-1.875623913784523111e+01
-3.312625565023320462e+01
-7.977848326366486731e+01
-6.831049835367406331e+01
-1.078234922770315762e+01
-7.229922506615544364e+00
-3.746870910471238858e+01
-2.138471704967568598e+01
-1.037102897305302207e+01
-7.157977842280747893e+01
-1.779430376346087783e+01
-6.044914970567356249e+01
-1.712280137735454133e+01
-4.962966796927126722e+01
-7.559202735301488474e+01
-9.879065899384617211e+00
-4.480612548388299388e+01
-9.122266959795562968e+01
-3.027235571747464604e+01
-1.967716098456416418e+01
-3.476757346092823298e+01
-8.683674879064415109e+01
-3.234461494242301427e+01
-4.526833447224287710e+01
-2.186769011009391050e+01
-1.441745795667134544e+01
-1.453477345070976767e+01
-2.645041111804644629e+01
-4.271706028826120871e+01
-8.682666732450971381e+01
-2.260955929319066371e+01
-2.961674370532156075e+01
-2.470529001865535079e+01
-3.344751933674965017e+01
-7.497820380079618019e+01
-1.067465426408540097e+01
-1.668790422870175760e+01
-1.352457517099377071e+01
-4.946220246392815056e+01
-5.805996006960285172e+01
-1.837734657515435543e+01
-3.089940442980624979e+01
-5.095412321084566543e+01
-2.258881271338423602e+01
-4.480612548388299388e+01
-8.726078665110662769e+01
-2.257515429401713902e+00
-3.950931663019025564e+01
-4.537666921126134412e+01
-2.111027983042205491e+01
-7.539014734903086890e+01
-2.873353833866807250e+01
-1.755096747871380103e+01
-2.708816631350174831e+01
-6.736662085975530090e+01
-5.931567587465394809e+01
-3.821690824368192807e+01
-3.758542712243752248e+01
-1.837734657515435543e+01
-1.078234922770315762e+01
-9.021844131749551821e+01
-9.773031136146705933e+01
-3.585291204181552871e+01
-6.739176503986537625e+01
-3.317439783347516169e+01
-6.773967548447113529e+01
-7.646553414583111419e+01
-1.338180382322094530e+01
-5.095412321084566543e+01
-9.256947272374284807e+01
-1.067465426408540097e+01
-2.002962220297923324e+01
-4.645513618397124844e+01
-9.096270132727222801e+01
-1.616356620927751919e+01
-6.787146606435356944e+01
-3.950931663019025564e+01
-7.144486255138980368e+01
-1.837734657515435543e+01
-6.367526886468412783e+01
-6.838136508112196310e+00
-5.516884409389150790e+01
-4.053325341065051646e+01
-4.704135334225505005e+01
-1.078234922770315762e+01
-1.435576108328600853e+01
-2.258881271338423602e+01
-1.824473688012922423e+00
-8.671334592644817008e+01
-9.682096680953264922e+01
-1.668790422870175760e+01
-2.607492689834157318e+01
-1.875623913784523111e+01
-1.160417515885723461e+01
-7.184944781244058731e+01
-2.873353833866807250e+01
-3.863412972017327718e+01
-4.755164595375958925e+01
-7.845998922348731242e+01
-1.357836540272572279e+00
-1.212983884762930984e+02
-9.310683978496480506e+01
-2.258881271338423602e+01
-4.828189379756537392e+00
-9.426219276152475857e+01
-5.095412321084566543e+01
-4.360331146348015352e+01
-1.221891014287593435e+01
-4.893492677262756274e+01
-3.401922007003108206e+01
-8.920883440098471340e+01
-2.002962220297923324e+01
-3.109843493836667605e+01
-2.694516017760809490e+01
-9.616433466891005821e+01
-2.694516017760809490e+01
-1.067465426408540097e+01
-1.837734657515435543e+01
-1.634299952932948230e+01
-7.546957507689015188e+00
-2.061027983042205491e+01
-5.749300762114418717e+01
-2.694516017760809490e+01
-1.029820924547421157e+01
-2.902397800136506234e+01
-9.303444904324415177e+01
-2.162982828947111003e+01
-8.186282568689346562e+00
-3.698538412030309530e+01
-2.346586166089081260e+01
-1.351168406886784723e+01
-2.525119916910819740e+01
-1.668790422870175760e+01
-3.179289600692225548e+00
-2.494356735458599417e+01
-3.339882621210638547e+01
-3.624865897977853990e+01
-6.739176503986537625e+01
-1.075968770529817675e+02
-3.120293381341545214e+01
-3.611352563581535691e+01
-3.462340267998335719e+00
-4.704135334225505005e+01
-3.164980318657100966e+01
-8.203150532644457371e+01
-2.391888308427921217e+01
-1.349226303940092464e+00
-1.078234922770315762e+01
-1.289072877787406668e+01
-8.032949358577738508e+00
-7.354620714724937613e+00
-7.013777466241167247e+01
-3.353366871367467184e+01
-7.546957507689015188e+00
-2.369158932223540504e+01
-6.676694372423442303e+01
-2.873353833866807250e+01
-1.034418419294934068e+02
-1.333324280349468793e+01
-1.417470115244513806e+01
-1.837734657515435543e+01
-3.179289600692225548e+00
-3.881198663441956853e+00
-1.602052945864618749e+01
-3.109843493836667605e+01
-1.379889343928240208e+01
-8.250423473222633675e+01
-8.982652283484654276e+00
-3.170674706117145902e+01
-7.662195591249860627e+01
-9.701070571473454152e+01
-1.594870211922410519e+01
-7.961496242734786222e+01
-1.382241121738157830e+01
-1.911723539417498685e+01
-2.668988481070143592e+01
-2.134707257600972241e+01
-2.630707465708001891e+01
-1.036580004398176769e+01
-2.901415713647961780e+01
-9.879065899384617211e+00
-1.178643893364069584e+01
-3.357368228185016079e+01
-6.739176503986537625e+01
-6.440140403427776050e+00
-1.054596603858728443e+01
-5.285014998950560994e+01
-3.806387697634953327e+01
-3.170674706117145902e+01
-3.109843493836667605e+01
-9.081955355837885691e+01
-2.273246649104240902e+01
-3.365309798090500237e+01
-9.879065899384617211e+00
-5.476573655385497830e+01
-3.918231210154301181e+01
-2.258881271338423602e+01
-8.032949358577738508e+00
-3.179289600692225548e+00
-1.078234922770315762e+01
-1.006241414043766014e+02
-3.003428428174797205e+01
-9.472949316232602257e+01
-6.739176503986537625e+01
-1.824473688012922423e+00
-7.851946883421785373e+00
-1.417470115244513806e+01
-7.698748493007839500e+01
-2.134707257600972241e+01
-1.016012114444183467e+01
-9.671150760804238189e+01
-1.349226303940092464e+00
-1.035097965139152265e+01
-1.357836540272572279e+00
-4.887605739566734542e+01
-1.864922980800438523e+01
-1.036580004398176769e+01
-2.273246649104240902e+01
-4.680782062100141871e+01
-5.476573655385497830e+01
-5.554000917457830866e+00
-1.629322815895335452e+01
-5.463847743896531028e+01
-1.200906623699672338e+01
-4.831473842437328159e+01
-8.032949358577738508e+00
-1.115121467210038730e+01
-2.391048775945262150e+01
-3.950931663019025564e+01
-1.613466855288283952e+01
-9.879065899384617211e+00
-7.909287290789219327e+00
-3.950931663019025564e+01
-8.032949358577738508e+00
-3.462340267998335719e+00
-3.002750412393867308e+01
-6.739176503986537625e+01
-3.387149013239301354e+01
-2.061027983042205491e+01
-7.275074633736031160e+01
-7.546957507689015188e+00
-5.095412321084566543e+01
-4.946220246392815056e+01
-2.707794623900306874e+01
-4.946220246392815056e+01
-7.546957507689015188e+00
-2.257515429401713902e+00
-9.879065899384617211e+00
-2.134707257600972241e+01
-7.285956253236997782e+01
-4.831473842437328159e+01
-1.438592239663435990e+01
-3.179289600692225548e+00
-5.999023847179330460e+01
-1.036580004398176769e+01
-8.982652283484654276e+00
-4.801692504150505414e+01
-4.356250838783086721e+00
-8.025365561236885981e+01
-7.515065129542301747e+01
-7.518760820397054090e+01
-1.712280137735454133e+01
-2.900508258187169730e+00
-4.599580538467222368e+01
-7.048285544382032697e+00
-1.731282522141841795e+01
-1.899473416545539450e+01
-2.173213813041348530e+01
-2.630707465708001891e+01
-8.676235491813048384e+01
-1.644997128094803429e+01
-1.644997128094803429e+01
-1.403118117492119765e+01
-6.968000334318415412e+01
-1.921888595404191946e+01
-3.517715839108703335e+01
-1.152329928661125535e+01
-3.158970556553548192e+01
-3.395137756337413748e+01
-1.712280137735454133e+01
-2.900508258187169730e+00
-8.660869707918038785e+01
-2.257515429401713902e+00
-2.134707257600972241e+01
-2.273246649104240902e+01
-2.630707465708001891e+01
-2.116542061534163821e+01
-9.149034959814290602e+00
-4.012324312835333728e+01
-1.417470115244513806e+01
-7.125587025344877645e+00
-2.873353833866807250e+01
-6.452493293987376433e+01
-2.714935348547001226e+01
-4.831473842437328159e+01
-1.755096747871380103e+01
-1.177310625828813784e+01
-1.521129116593348485e+01
-2.002962220297923324e+01
-3.036952186156061373e+01
-7.340671967075314797e+01
-1.078234922770315762e+01
-4.946220246392815056e+01
-6.521509555011861892e+01
-2.106188176491443187e+01
-9.039770810370742993e+01
-7.015892738952494767e+01
-3.628080154076357644e+01
-3.736176749746125125e+00
-3.309843493836667960e+01
-3.847545457613871633e+01
-2.257515429401713902e+00
-8.569201754180090802e+01
-2.779416249753005275e+01
-1.072756467262111713e+01
-2.469647936314117587e+01
-1.674113695540898661e+01
-1.644997128094803429e+01
-3.219011080275476644e+01
-4.605708289795012433e+01
-1.486271759424881012e+01
-8.032949358577738508e+00
-7.546957507689015188e+00
-2.780697473689550492e+01
-1.873287636312532456e+01
-2.980566522755954040e+01
-1.294270578133513894e+01
-1.277287441304371995e+01
-3.654661963431414762e+01
-6.440140403427776050e+00
-3.002750412393867308e+01
-4.641102351046392727e+01
-2.273246649104240902e+01
-2.276298957905531495e+00
-8.475285697274003383e+01
-3.179289600692225548e+00
-2.926456940847729982e+01
-5.476573655385497830e+01
-1.519157097471736151e+01
-3.360585151654409231e+01
-1.755096747871380103e+01
-1.961842183156763042e+01
-2.061027983042205491e+01
-2.208881271338423602e+01
-1.767363167927313228e+01
-3.387428907990629767e+01
-3.305206537054176152e+01
-6.549766270717348959e+00
-6.838136508112196310e+00
-1.417470115244513806e+01
-8.634634521255820516e+01
-3.426426375655647405e+01
-1.873287636312532456e+01
-1.294270578133513894e+01
-7.650166674407498135e+01
-9.305712150077988554e+01
-7.057118895851546370e+01
-3.688755445209906725e+01
-5.889346050899182217e+01
-5.453412780573121665e+01
-6.951014737384551267e+01
-1.644997128094803429e+01
-5.095412321084566543e+01
-1.152329928661125535e+01
-3.007608070929154209e+01
-1.521129116593348485e+01
-2.273246649104240902e+01
-1.703019557859948208e+01
-9.500540851474929127e+01
-5.255262511793804237e+01
-1.595647390125704490e+01
-9.531522925974770999e+01
-1.422067932332545226e+01
-1.035097965139152265e+01
-3.504209592793717576e+01
-7.354620714724937613e+00
-4.480612548388299388e+01
-1.395698407989029377e+01
-4.946220246392815056e+01
-3.665252877401566423e+01
-7.546957507689015188e+00
-7.354620714724937613e+00
-2.377020312061919327e+01
-2.134707257600972241e+01
-1.755096747871380103e+01
-3.024334293348632485e+01
-1.634299952932948230e+01
-5.160434297879075416e+01
-2.276298957905531495e+00
-8.182064697151839994e+01
-3.950931663019025564e+01
-3.734109956617959369e+01
-5.746974952684265503e+01
-4.132193365981280664e+01
-3.369369228128657312e+01
-1.845250593893735314e+01
-1.333324280349468793e+01
-1.989535934709607901e+01
-2.900508258187169730e+00
-2.662480340878391516e+01
-2.892135973236223734e+01
-8.819983653936834855e+01
-2.697141235183377717e+01
-9.879065899384617211e+00
-2.630707465708001891e+01
-1.192101867160576134e+01
-3.950931663019025564e+01
-1.621913797205423435e+01
-1.054596603858728443e+01
-9.832977183831559387e+01
-6.549766270717348959e+00
-3.179289600692225548e+00
-9.478369752082880240e+00
-3.114029443758879978e+01
-1.644997128094803429e+01
-2.134707257600972241e+01
-1.417470115244513806e+01
-3.689588903922846441e+01
-7.637987882749477819e+00
-3.179289600692225548e+00
-1.824473688012922423e+00
-8.816642741995124766e+01
-1.663619238607140005e+01
-2.387222840059928686e+01
-3.179289600692225548e+00
-2.002962220297923324e+01
-1.333324280349468793e+01
-1.076364010662691229e+01
-4.496676798604950420e+01
-1.483431500651791524e+01
-6.440140403427776050e+00
-1.443694537146946999e+01
-2.273246649104240902e+01
-7.954816609762654878e+01
-9.481328751221847995e+01
-1.083532410217156183e+01
-6.838136508112196310e+00
-3.179289600692225548e+00
-7.354620714724937613e+00
-1.499659102199335337e+01
-1.506290833872914448e+01
-7.262015213084485765e+01
-3.768107972680107309e+01
-3.950931663019025564e+01
-6.223357230680800711e+00
-2.276298957905531495e+00
-1.755096747871380103e+01
-9.516373406670300739e+00
-1.900491861309663122e+01
-1.953226203642299552e+01
-8.749745841488123688e+01
-4.317562734981187589e+01
-4.619770814418891547e+01
-8.960575817092799866e+01
-1.799643032421252542e+01
-1.054596603858728443e+01
-1.510008480087557459e+01
-1.029050230510199526e+01
-2.276298957905531495e+00
-2.900508258187169730e+00
-1.122868249481048508e+01
-2.630707465708001891e+01
-3.950931663019025564e+01
-1.644997128094803429e+01
-8.601142774417292003e+01
-8.640170521747586463e+01
-2.208881271338423602e+01
-3.179289600692225548e+00
-2.273246649104240902e+01
-4.218735703673221593e+01
-7.430705045734722347e+00
-9.879065899384617211e+00
-1.560566402335501124e+01
-1.207190600814217163e+01
-5.339969790388925475e+01
-1.439261221546031422e+01
-3.885656653016026496e+01
-1.221891014287593435e+01
-1.294270578133513894e+01
-2.042525623453986938e+01
-2.276298957905531495e+00
-1.036580004398176769e+01
-2.694516017760809490e+01
-1.180280565314683727e+01
-6.885889169633861684e+01
-3.102376460023287663e+01
-6.739176503986537625e+01
-2.932292860557134162e+01
-3.406702564956725610e+01
-6.549766270717348959e+00
-6.739176503986537625e+01
-3.994973634139314811e+01
-9.323953044769045562e+01
-5.154541280784167157e+01
-3.423581025877221862e+01
-1.613466855288283952e+01
-3.179289600692225548e+00
-6.992716564216551944e+01
-6.026327465762216917e+01
-1.849378915179894634e+01
-3.768564154553478573e+01
-2.900508258187169730e+00
-3.108681897094070123e+01
-1.804166696410920423e+00
-1.284030566089973036e+01
-2.134707257600972241e+01
-1.196540180735250658e+01
-3.207275082420026990e+01
-1.755096747871380103e+01
-6.408215200653927468e+01
-2.276298957905531495e+00
-7.258921869139378202e+01
-2.446562252051656827e+01
-4.568217938302922221e+01
-1.036580004398176769e+01
-6.460089706971990609e+01
-3.838637434842280527e+01
-1.061746463908040639e+01
-8.982652283484654276e+00
-3.019068669974310737e+01
-2.273246649104240902e+01
-2.794730315788503816e+01
-2.184215329827702590e+01
-6.378778702436018477e+01
-2.134707257600972241e+01
-7.995254941897194101e+00
-1.755096747871380103e+01
-3.476757346092823298e+01
-2.017352525128796970e+01
-5.453412780573121665e+01
-1.465036471757773739e+01
-1.636982541828444937e+01
-7.540805567254400898e+01
-2.630707465708001891e+01
-2.647264605367043444e+01
-7.546957507689015188e+00
-1.078234922770315762e+01
-1.560566402335501124e+01
-4.638149059581369471e+00
-3.795597173885053621e+01
-2.326711221319717993e+01
-3.960976970505977590e+01
-2.966652541984255365e+01
-7.184944781244058731e+01
-1.837734657515435543e+01
-1.510855207885312623e+01
-3.714096742683543084e+01
-5.889346050899182217e+01
-8.482773143733047050e+01
-3.764913538586129249e+01
-1.046954427829435588e+02
-3.361996488921430171e+01
-2.208881271338423602e+01
-1.357836540272572279e+00
-1.036580004398176769e+01
-2.028924779032839965e+01
-8.690954058021087292e+01
-2.905907383939815603e+01
-4.831473842437328159e+01
-1.837734657515435543e+01
-8.892610321902563442e+01
-1.036580004398176769e+01
-5.095412321084566543e+01
-1.021275729968719048e+01
-1.599236650393783421e+01
-7.631327136986483595e+01
-8.793639046312335950e+01
-7.350394266452836689e+01
-8.403920752161528895e+00
-1.054596603858728443e+01
-5.889346050899182217e+01
-2.963639283146255110e+01
-1.346772336758724009e+01
-1.118093099139236557e+01
-3.462340267998335719e+00
-2.900508258187169730e+00
-2.630707465708001891e+01
-9.613540695113110246e+01
-2.257515429401713902e+00
-1.827003524756362296e+01
-1.387190411541623902e+01
-8.463324931546436858e+01
-1.417470115244513806e+01
-1.731887079421595743e+01
-7.226218720870346601e+01
-2.934137363288402867e+01
-2.708505529868548578e+01
-2.934137363288402867e+01
-5.969591350364349580e+01
-7.163222507857597066e+01
-9.520439914018814420e+01
-2.113675477994542007e+01
-3.249682104529705384e+01
-4.036848768741513993e+00
-3.002750412393867308e+01
-2.028924779032839965e+01
-1.873287636312532456e+01
-1.617470115244513806e+01
-2.877855591472700780e+01
-9.556185825388372024e+00
-7.269560883027375553e+01
-1.358724288749483478e+01
-1.213502673247142383e+01
-2.208881271338423602e+01
-1.634299952932948230e+01
-1.081456197203766934e+01
-6.739176503986537625e+01
-2.948454469356706653e+01
-1.387190411541623902e+01
-1.978223092707819930e+01
-3.224239207643765326e+01
-1.560566402335501124e+01
-6.838136508112196310e+00
-8.510618635863055204e+01
-2.582836730449404428e+01
-1.152329928661125535e+01
-1.389044293865866919e+01
-8.032949358577738508e+00
-3.038736545086040763e+01
-8.101877215478875627e+00
-2.273246649104240902e+01
-1.257145502536398141e+01
-1.333324280349468793e+01
-2.093477639902828003e+01
-1.560566402335501124e+01
-1.066226517183199718e+01
-3.183759446575887964e+01
-1.021275729968719048e+01
-1.873287636312532456e+01
-8.510618635863055204e+01
-6.739176503986537625e+01
-1.035097965139152265e+01
-1.417470115244513806e+01
-2.954240837304659095e+01
-8.658991854841215030e+00
-1.417470115244513806e+01
-5.595841741238783840e+01
-2.446562252051656827e+01
-2.908727132317425301e+01
-2.257515429401713902e+00
-4.603451493996178812e+00
-9.670600674410573561e+01
-1.837734657515435543e+01
-3.675189349099503033e+01
-1.796237100553747013e+01
-1.078234922770315762e+01
-7.083216951352844148e+01
-1.978223092707819930e+01
-4.417749267139434011e+01
-5.546870997682780313e+01
-2.217758530928885463e+01
-3.873557888242378056e+01
-1.464318725546720401e+01
-7.671915201374170579e+01
-3.094023321897953238e+01
-7.520151742994036681e+01
-1.960475694944527802e+01
-8.141933854579356478e+01
-2.989204095781663995e+01
-3.002750412393867308e+01
-4.232308903426072533e+01
-5.889346050899182217e+01
-2.446562252051656827e+01
-1.165534783503413863e+01
-1.613466855288283952e+01
-1.824473688012922423e+00
-1.942490265681555428e+01
-2.134707257600972241e+01
-4.440121987964051442e+00
-2.900508258187169730e+00
-3.115376218582841261e+01
-1.368625972005587954e+01
-1.455152927024390053e+01
-1.357836540272572279e+00
-7.354620714724937613e+00
-7.546957507689015188e+00
-5.528625812365692127e+01
-4.946220246392815056e+01
-3.381747795902140297e+01
-3.116136595462458558e+01
-9.064781800393346600e+01
-3.476757346092823298e+01
-3.476757346092823298e+01
-1.560566402335501124e+01
-7.354620714724937613e+00
-2.208881271338423602e+01
-1.389044293865866919e+01
-3.462340267998335719e+00
-1.294270578133513894e+01
-1.205340817010663201e+01
-1.458849187497440170e+01
-6.034790387421156765e+01
-3.010180498896034962e+01
-7.000247695919043167e+01
-2.877855591472700780e+01
-1.035097965139152265e+01
-7.386932157168375568e+01
-1.100875669130969925e+01
-3.120863101784090787e+01
-1.438592239663435990e+01
-2.900508258187169730e+00
-3.109843493836667605e+01
-1.837734657515435543e+01
-5.889346050899182217e+01
-6.878922905895868212e+01
-1.824473688012922423e+00
-1.506290833872914448e+01
-4.360308214218019884e+01
-6.440140403427776050e+00
-5.720686731046994566e+01
-2.932292860557134162e+01
-2.932292860557134162e+01
-6.878922905895868212e+01
-3.462340267998335719e+00
-6.440140403427776050e+00
-3.039858180275442479e+01
-6.440140403427776050e+00
-1.317205976651493060e+01
-7.125587025344877645e+00
-6.440140403427776050e+00
-1.726787718952711259e+01
-1.162738449762502668e+01
-4.831473842437328159e+01
-1.411426524250218861e+01
-7.475274945910545910e+01
-2.970958924053493178e+01
-1.069965056839405548e+01
-3.276808402960141109e+01
-1.035097965139152265e+01
-2.079651295375617437e+01
-1.389044293865866919e+01
-7.354620714724937613e+00
-1.684489355456917181e+01
-8.213147690454997019e+01
-3.812826731745569475e+01
-2.276298957905531495e+00
-2.257515429401713902e+00
-3.296521814721216970e+01
-1.462991108467636536e+01
-1.152329928661125535e+01
-4.584645225510708144e+01
-1.358724288749483478e+01
-7.756160503446091070e+01
-2.989204095781663995e+01
-6.739176503986537625e+01
-2.163584212169256915e+01
-2.660545127070771088e+01
-6.878922905895868212e+01
-8.261653974999848060e+01
-6.739176503986537625e+01
-1.562459559750167415e+01
-1.162738449762502668e+01
-3.462340267998335719e+00
-9.242795005233432448e+00
-1.036580004398176769e+01
-2.714161163075326755e+01
-2.720787907364870506e+01
-6.420048011804195198e+01
-7.209075965798875529e+01
-5.546870997682780313e+01
-4.831473842437328159e+01
-6.922147513914882211e+01
-2.703947336491063425e+01
-1.394963489809190804e+01
-1.358724288749483478e+01
-3.002750412393867308e+01
-4.049535096257088895e+01
-5.147025733855188179e+01
-1.029820924547421157e+01
-6.895658732254243262e+01
-8.510618635863055204e+01
-6.440140403427776050e+00
-7.354620714724937613e+00
-5.095412321084566543e+01
-3.142415484071360154e+01
-1.054596603858728443e+01
-2.844522001056874316e+01
-4.378823067369200572e+00
-3.451646041604207937e+01
-1.029820924547421157e+01
-3.066636799267225655e+00
-1.644997128094803429e+01
-5.528625812365692127e+01
-8.839422707389086753e+00
-5.528625812365692127e+01
-1.036580004398176769e+01
-5.095412321084566543e+01
-2.208881271338423602e+01
-3.032638271048611500e+00
-9.583160429989233364e+01
-5.889346050899182217e+01
-8.658991854841215030e+00
-7.880960349912086826e+01
-2.173213813041348530e+01
-1.471990444627647676e+01
-2.561559738109407647e+01
-8.633003167876143635e+00
-8.671436708768421653e+00
-2.757571036359712480e+01
-3.259708772612437855e+00
-9.724466419636219428e+01
-2.714161163075326755e+01
-2.136747994749967816e+01
-2.630707465708001891e+01
-8.721037652745992830e+01
-2.545262257383689786e+01
-9.879065899384617211e+00
-1.364039757683285004e+01
-3.919363237890596707e+00
-3.462340267998335719e+00
-1.819682076594802567e+01
-2.276298957905531495e+00
-1.294270578133513894e+01
-1.333324280349468793e+01
-1.387190411541623902e+01
-4.663842860304785631e+01
-7.354620714724937613e+00
-3.826570224171563694e+01
-3.571846447780870903e+01
-1.073368110578660861e+01
-1.239672798579978874e+01
-8.394214230473203031e+00
-1.036580004398176769e+01
-4.002667677834365634e+01
-1.333324280349468793e+01
-9.069928471736947984e+01
-2.900508258187169730e+00
-3.247390954619696402e+01
-5.706813876300793709e+01
-1.035097965139152265e+01
-9.545520779460278504e+01
-3.109843493836667605e+01
-1.294270578133513894e+01
-8.032949358577738508e+00
-9.811262855000181560e+01
-7.430672109303021955e+01
-5.756048684428559170e+01
-6.674131039482161043e+01
-1.438961613590137389e+01
-3.708016300820811750e+01
-8.298960730564935773e+00
-1.791808158957166697e+01
-4.946220246392815056e+01
-5.528625812365692127e+01
-1.748836438313221109e+01
-5.868127761446177715e+01
-1.392013466241600383e+01
-2.276298957905531495e+00
-2.573768694688409298e+01
-3.179289600692225548e+00
-7.516493488426124259e+01
-8.009893158115761480e+01
-1.613466855288283952e+01
-3.109843493836667605e+01
-1.904576990639368717e+01
-1.613466855288283952e+01
-5.453412780573121665e+01
-1.035097965139152265e+01
-2.824927856147893479e+01
-3.109843493836667605e+01
-8.485621942376152305e+00
-1.036580004398176769e+01
-1.560566402335501124e+01
-3.826663275667311126e+01
-3.625274794736803585e+01
-2.986469984907710895e+01
-1.506290833872914448e+01
-4.553856278741778141e+01
-3.017597881287094808e+01
-1.824473688012922423e+00
-2.694516017760809490e+01
-8.658991854841215030e+00
-3.219882848321086044e+01
-2.508420477867488785e+01
-2.983713769185631293e+01
-1.348085626061144637e+01
-1.696178322048159259e+01
-8.792238885609886268e+01
-8.753885369349816870e+01
-1.172461739677627790e+01
-1.729139271167992575e+01
-5.225138461277590096e+01
-6.440140403427776050e+00
-5.095412321084566543e+01
-1.613466855288283952e+01
-9.011013238713687201e+01
-3.719273609563472860e+00
-3.019792968078292361e+01
-2.208881271338423602e+01
-2.208881271338423602e+01
-2.644339444650816162e+01
-3.162634372139509509e+01
-1.020409227377743377e+02
-2.492849520733104995e+01
-5.938620723294579307e+01
-8.658991854841215030e+00
-2.216093585371186592e+01
-1.152329928661125535e+01
-3.688755445209906725e+01
-2.630707465708001891e+01
-6.467748995108971144e+01
-1.682606264152271791e+01
-3.366873347671854333e+01
-3.451016469408717313e+00
-8.510618635863055204e+01
-2.440276587758657101e+01
-1.638365563471672459e+01
-2.333935399657449139e+01
-2.731922305989242972e+01
-3.462340267998335719e+00
-4.036848768741513993e+00
-8.976216974522509418e+01
-7.915225975043401263e+01
-3.109843493836667605e+01
-7.354620714724937613e+00
-5.900117611664455808e+00
-1.036580004398176769e+01
-2.630707465708001891e+01
-2.656632654327214738e+01
-1.837734657515435543e+01
-1.438592239663435990e+01
-1.074023521878111964e+01
-1.755096747871380103e+01
-3.815255701870438543e+01
-1.419858606952760738e+01
-2.695832555371543293e+01
-2.827056591470670099e+01
-5.734275216722926416e+01
-5.207088270152982545e+01
-2.461634674612761131e+01
-7.345188799533357127e+00
-2.276298957905531495e+00
-5.365605170495182108e+01
-7.532811431900357491e+01
-1.414663150873648689e+01
-1.179987702549045636e+01
-2.527000015582348524e+01
-1.425504215857948154e+01
-3.643220744726576754e+01
-8.791980317210865792e+01
-2.257515429401713902e+00
-1.387190411541623902e+01
-8.579761593376244377e+01
-1.317205976651493060e+01
-3.476757346092823298e+01
-5.470838491498950873e+01
-3.436579961855576215e+01
-9.803427714996558962e+01
-5.889346050899182217e+01
-3.064498327724047400e+01
-3.156185773620902069e+01
-1.355105908897136047e+01
-1.521129116593348485e+01
-8.353119957146372343e+00
-2.503653689182288034e+01
-2.513693333566162735e+01
-1.139953363626996108e+01
-8.781709431246849817e+01
-8.394214230473203031e+00
-1.029820924547421157e+01
-2.430971671303169401e+01
-1.294270578133513894e+01
-1.644997128094803429e+01
-2.811585118505688285e+01
-1.578879184818969605e+01
-3.179289600692225548e+00
-2.208881271338423602e+01
-1.054596603858728443e+01
-1.417470115244513806e+01
-1.083532410217156183e+01
-2.273246649104240902e+01
-1.417470115244513806e+01
-7.043167180919641623e+01
-4.464548396381665896e+01
-1.438592239663435990e+01
-5.453412780573121665e+01
-1.438592239663435990e+01
-7.392992968595116565e+01
-3.088540753483962931e+01
-8.885847632695579534e+00
-1.302762693265580651e+01
-2.349740559132573026e+01
-2.541866953059931333e+01
-6.878922905895868212e+01
-1.644997128094803429e+01
-1.387190411541623902e+01
-1.035097965139152265e+01
-3.960976970505977590e+01
-3.071744054300139837e+01
-1.029820924547421157e+01
-3.344751933674965017e+01
-3.145055059509412843e+01
-2.341219697239793263e+01
-1.899434962640748381e+01
-2.569416689071780269e+01
-5.066900516322107251e+00
-2.973845507593298265e+01
-9.003589841061257459e+01
-1.824473688012922423e+00
-4.480612548388299388e+01
-3.749106113163455234e+01
-1.948507165853516199e+01
-1.824473688012922423e+00
-2.058198465865985938e+01
-1.972260385239452418e+01
-2.762105687814163346e+01
-3.344751933674965017e+01
-1.417470115244513806e+01
-1.252187026401658798e+01
-2.866820513518534241e+01
-2.557849470090334876e+01
-9.723356924116549749e+01
-2.985576110801901351e+01
-1.152329928661125535e+01
-5.889346050899182217e+01
-3.960976970505977590e+01
-2.208881271338423602e+01
-1.294270578133513894e+01
-1.644997128094803429e+01
-1.023505869274707081e+01
-6.337081580760784760e+00
-3.425183493456751194e+01
-1.078234922770315762e+01
-3.425183493456751194e+01
-2.952975121712253426e+01
-3.109843493836667605e+01
-8.394214230473203031e+00
-1.712280137735454133e+01
-1.152329928661125535e+01
-5.632283108305662722e+01
-1.027996823414304259e+02
-7.170239865276965219e+00
-5.433710912788670555e+01
-1.517036742891556855e+01
-8.523680108197699212e+01
-3.476757346092823298e+01
-2.061027983042205491e+01
-2.378170781375342102e+01
-8.401947365401002799e+01
-2.641933163322179468e+01
-1.584641849424852822e+01
-1.013137698003341569e+02
-3.086116598121681065e+01
-2.261975144534711291e+01
-1.644997128094803429e+01
-8.658991854841215030e+00
-1.678159813253748212e+01
-2.134707257600972241e+01
-5.531263980122986368e+01
-4.464548396381665896e+01
-2.694516017760809490e+01
-3.249380746234828621e+01
-4.464548396381665896e+01
-1.078234922770315762e+01
-8.364324932227248155e+00
-8.293642175964919261e+01
-3.086116598121681065e+01
-3.919363237890596707e+00
-4.783043290031383066e+00
-2.855063287214669288e+01
-1.519157097471736151e+01
-8.816962604007450466e+00
-1.716906658221719795e+01
-1.026094489871828728e+02
-2.446562252051656827e+01
-2.273246649104240902e+01
-3.644889383501920577e+01
-1.389044293865866919e+01
-2.900508258187169730e+00
-7.345188799533357127e+00
-3.960976970505977590e+01
-8.739453400279874273e+00
-5.680402173580728942e+01
-2.952975121712253426e+01
-4.954361482884480949e+01
-2.886854180563438632e+01
-2.273246649104240902e+01
-3.643829157279611763e+00
-6.748824435889012818e+00
-1.473573924339725494e+01
-7.184944781244058731e+01
-2.396006719060764922e+01
-1.068313063012002573e+01
-5.528625812365692127e+01
-1.584641849424852822e+01
-2.952975121712253426e+01
-4.358738969578684674e+00
-7.354620714724937613e+00
-9.572099715311804147e+00
-2.449002115275809643e+01
-2.866820513518534241e+01
-2.630707465708001891e+01
-2.166637716361570654e+01
-8.375441509748819158e+01
-1.837687618794824473e+01
-3.288006445893145724e+01
-7.187600038156756455e+01
-1.029820924547421157e+01
-7.073963139836651237e+01
-8.602116634741243217e+00
-7.184944781244058731e+01
-3.805258333608300347e+00
-1.416004648236990349e+01
-1.417470115244513806e+01
-1.289646745121444837e+01
-8.394214230473203031e+00
-6.739176503986537625e+01
-6.143536096538086611e+01
-1.344237387132029937e+01
-3.247173227655811445e+01
-7.295928283436960271e+01
-7.573522014997823959e+00
-3.960976970505977590e+01
-1.387190411541623902e+01
-8.374881533071598483e+01
-2.623083528963773148e+01
-3.387683654085913076e+01
-8.741362873883562656e+01
-8.409852436645481077e+01
-2.208881271338423602e+01
-2.380603007204291188e+01
-2.866820513518534241e+01
-1.054596603858728443e+01
-7.501544968314169637e+01
-5.528625812365692127e+01
-5.546870997682780313e+01
-2.943735544408965410e+01
-1.294270578133513894e+01
-4.753218971281668814e+01
-2.385829940451591114e+01
-1.438926941171378004e+01
-2.619864403953036458e+01
-4.008045490200823480e+01
-1.035097965139152265e+01
-1.219591346640088503e+01
-3.462340267998335719e+00
-4.226733785806263199e+01
-1.600691929464148799e+01
-8.754317578935058464e+01
-9.796317053310989564e+00
-5.166713734611722941e+01
-2.787086413617481284e+01
-1.289072877787406668e+01
-2.958948536411726238e+01
-2.295653810422300012e+01
-1.029820924547421157e+01
-8.175995497834969683e+01
-6.440140403427776050e+00
-3.109843493836667605e+01
-1.819682076594802567e+01
-6.384989378574545071e+01
-3.053625704230998394e+01
-8.418669659789905779e+01
-7.391543054180222327e+01
-9.181325851819991613e+00
-6.739176503986537625e+01
-1.054596603858728443e+01
-1.029820924547421157e+01
-1.674536210407823944e+01
-5.333312895822072619e+01
-1.560566402335501124e+01
-2.284674424646615520e+01
-6.878922905895868212e+01
-7.184944781244058731e+01
-1.720933553401616933e+01
-2.314240636471550161e+01
-3.070513088315762218e+01
-8.818757009489911525e+01
-3.148037020740424907e+01
-5.889346050899182217e+01
-3.193143938041439611e+01
-1.634299952932948230e+01
-1.917664609606636716e+01
-8.719072926429998205e+00
-1.219591346640088503e+01
-3.179289600692225548e+00
-3.105796231554346321e+01
-2.957782007004208324e+01
-8.203689849827347302e+01
-8.647875778708169037e+01
-2.712831615225950088e+01
-3.452188776625738598e+01
-8.568571420032667163e+01
-1.494893381804769561e+01
-1.417470115244513806e+01
-7.314999663496035254e+00
-3.339302906265068316e+01
-3.027538803223540498e+01
-2.673422203285122833e+01
-2.097308341151571653e+01
-8.394214230473203031e+00
-6.739176503986537625e+01
-2.943369893681744998e+01
-2.873353833866807250e+01
-2.134707257600972241e+01
-1.259315293601773433e+01
-3.462340267998335719e+00
-8.032949358577738508e+00
-1.943440490888715289e+01
-1.992527551200513258e+01
-1.890138061547626691e+01
-1.078234922770315762e+01
-7.171340692515354220e+00
-1.028906294019300560e+01
-1.226198535556787306e+01
-1.237870079352801511e+01
-5.208707177359089258e+01
-2.208881271338423602e+01
-1.824473688012922423e+00
-1.350259700511367100e+01
-1.357836540272572279e+00
-2.476185528587405926e+01
-2.061027983042205491e+01
-2.061027983042205491e+01
-3.462340267998335719e+00
-1.317205976651493060e+01
-3.240988182079984625e+01
-8.507765834066972843e+01
-2.134707257600972241e+01
-4.210599811720499730e+01
-1.321681412563762237e+01
-2.900508258187169730e+00
-1.873287636312532456e+01
-1.029820924547421157e+01
-1.634299952932948230e+01
-1.639825793075952021e+01
-3.675189349099503033e+01
-3.615696622542321848e+01
-2.962193439998113575e+00
-2.134707257600972241e+01
-5.198740219421895858e+01
-1.017311355273314888e+01
-5.095412321084566543e+01
