-3.923869115457415546e+01
-3.529347916092984860e+01
-3.564674775589824662e+01
-7.360884015530804447e+01
-2.869805301618483995e+01
-1.011117270978431861e+02
-8.062237047723384364e+01
-4.302104864364417836e+01
-3.627697016199024915e+01
-2.710080789054349992e+01
-4.963261112096069638e+01
-3.651461761985346754e+01
-9.542142855348659225e+01
-6.915963378762003799e+01
-2.816865942141436108e+01
-5.805989532085711602e+01
-3.090528526615195304e+01
-2.724576573765542520e+01
-2.836992721972016795e+01
-4.242728013850828006e+01
-5.056914221564881728e+01
-5.458853820594801931e+01
-5.660474068725399377e+01
-4.026816736837660216e+01
-7.585203602765655262e+01
-7.122469370416857259e+01
-8.286615726404224347e+01
-8.874697394765760805e+01
-3.221990135956279033e+01
-8.760705207967436081e+01
-6.084483816901710185e+01
-9.182527696371671766e+01
-3.200266676926693066e+01
-8.490386344671605912e+01
-6.476471399772471216e+01
-6.006320046016777781e+01
-9.252481826806378251e+01
-5.509715346116500001e+01
-7.375293406750425618e+01
-2.565616747857322366e+01
-4.053111337244264689e+01
-2.046009011746952666e+01
-3.104130469625596334e+01
-1.773049374240116549e+01
-2.194636023029105587e+01
-2.912552892895890011e+01
-2.925796568274885701e+01
-6.645079768611996940e+01
-6.874970604211435443e+01
-8.428322500117238292e+01
-8.664403147769094815e+00
-2.179045039866338485e+01
-8.727588683541353021e+01
-2.041743878058643347e+01
-2.287506555368813110e+01
-2.161335772797356469e+01
-6.791904712406344302e+00
-1.592174418336977482e+01
-6.340072587838204043e+00
-9.699656636112899832e+01
-1.016880552110269065e+01
-1.124295417886800408e+01
-8.308639580012187054e+00
-7.879539349710459994e+00
-1.650821756527474449e+01
-3.211999908907585688e+00
-1.001033288079136696e+01
-2.383456056064175499e+01
-1.247477544625825630e+01
-5.309320859592222774e+01
-5.574163683156881888e+01
-1.861341791017830616e+01
-2.431927894063331408e+01
-4.893557800912560651e+01
-4.001095863535731212e+00
-1.890968518137008303e+01
-5.502970584079302796e+01
-1.228567723509965859e+01
-1.258732490692441708e+01
-8.209393197817547616e+00
-6.041202317905170815e+01
-1.095255256905771972e+02
-2.199163729524912725e+01
-8.251759731213731186e+01
-5.156758682706565367e+01
-1.080940138966980157e+01
-6.947722565043998877e+00
-3.584864810287577086e+01
-8.952033942235884112e+00
-4.944479520019273266e+00
-4.997853543189094694e+01
-2.209660236978611181e+01
-1.208372853214261333e+01
-7.988345389188746815e+00
-2.317950592414637967e+01
-6.289864728959160800e+01
-2.149985114852564294e+01
-2.560236911626437717e+01
-2.733445214624527964e+01
-4.613281419854889265e+01
-2.479390751233889034e+01
-4.977593295820406638e+01
-1.680517364967541738e+01
-4.909690188183858339e+01
-2.422436725029718740e+00
-5.905745527973128794e+00
-1.079814959915036887e+01
-4.811482962496484106e+00
-6.003766346130185383e+01
-7.971070740254101850e+01
-2.116055994908909099e+01
-1.920007751693775333e+01
-2.059228093612370358e+01
-1.373106460081458806e+02
-2.310559965226367751e+01
-1.901495225995601501e+01
-2.174831480952981622e+01
-2.280616790279213646e+01
-1.097617181707133760e+01
-8.497744643765418715e+00
-3.102695194899099107e+01
-1.511578702930103368e+01
-5.923064551004414646e+00
-7.707095966571873902e+00
-7.032550407143061122e+00
-2.329456473789013771e+01
-9.226576643417306656e+00
-2.358112944785727905e+01
-1.544787985905354333e+01
-3.302369846463830072e+01
-7.114541084922949565e+00
-6.003766346130185383e+01
-2.249472294282002593e+01
-8.040283347191794050e+00
-2.223927426386908479e+01
-6.404824121293473560e+00
-9.041779460362878496e+00
-3.847844379851702001e+01
-1.277131581609045607e+00
-6.003766346130185383e+01
-6.276475839552552571e+01
-2.112183597952108016e+01
-1.044825170468425668e+01
-5.122327679556825331e+01
-3.979163561342529931e+01
-3.396077255073883094e+01
-1.938721889847208857e+01
-1.001033288079136696e+01
-7.480442468655228438e+00
-2.255752676235410448e+01
-2.433730142264975171e+01
-2.653427336399351333e+01
-6.270823330601665191e+00
-5.905745527973128794e+00
-1.301042027611098639e+01
-3.626788624759196011e+01
-4.865225601928359822e+01
-1.511578702930103368e+01
-9.529467655014618899e+00
-9.340379356247536791e+00
-1.606216889936896308e+01
-4.161413010556282899e+01
-5.905174869515278147e+01
-1.071547027039174438e+01
-2.428909616930207349e+01
-2.533197068115616624e+00
-2.351583627972335222e+01
-9.364074835965034538e+00
-9.933269962446281909e+00
-1.286414260260804987e+01
-2.449138050168875580e+01
-7.237781719673301950e+01
-1.614079741773425525e+01
-9.364074835965034538e+00
-2.528989878059147500e+01
-9.922290806711595579e+00
-1.210068071244328891e+01
-2.443870748221975120e+01
-8.553237100013154404e+00
-2.433730142264975171e+01
-2.772331109683936745e+01
-3.037385854845183530e+01
-2.011347683706765110e+01
-3.140297646890221372e+01
-9.059894046934596545e+00
-7.720419446226144622e+00
-6.623886199448351420e+01
-1.067445197772549648e+01
-7.382176227011099101e+00
-2.449138050168875580e+01
-1.159426798701798944e+01
-1.343152519391582622e+01
-9.504855781908005952e-01
-9.763086036640409304e+00
-2.834825160491998020e+01
-1.168153296009123210e+01
-2.219472294282002522e+01
-2.219472294282002522e+01
-2.261988508509302065e+01
-1.442719588129543595e+01
-2.705434205320438679e+01
-1.754845204948944826e+01
-1.286414260260804987e+01
-1.286414260260804987e+01
-2.844044489198575931e+01
-3.566788624759196580e+01
-1.442719588129543595e+01
-9.401817903579569702e+00
-5.326579728901030819e+01
-8.170543594901100448e+01
-5.326579728901030819e+01
-9.293448251546589489e+00
-5.204983679507105165e+01
-2.726222637275086313e+01
-1.117754472500534035e+01
-2.219472294282002522e+01
-3.066131714172551526e+01
-1.623324646289594142e+01
-4.643246213663775990e+00
-4.830627014874778524e+01
-5.389347532395738938e+00
-5.957433045104137648e+01
-6.373316390543461551e+01
-6.061294298388848922e+00
-1.587657289523310489e+01
-1.092396481634850680e+01
-6.915346129569230449e+00
-1.616518025510036338e+01
-2.689849808873991499e+00
-7.256060030787238269e+00
-1.131449634649426450e+01
-1.131449634649426450e+01
-8.609254800805521413e+00
-1.301779278743890877e+01
-3.289831032977486558e+01
-2.225502720484557884e+00
-9.922290806711595579e+00
-3.817388946401185024e+01
-2.011347683706765110e+01
-5.335349195046160986e+01
-5.573047369914350924e+01
-2.665763029419958841e+01
-2.630979898570626219e+01
-7.742058933352593897e+01
-1.311301345418772790e+01
-9.059894046934596545e+00
-3.396077255073883094e+01
-2.101925288675706938e+01
-4.914067507728129414e+01
-2.423638187598834648e+00
-2.777895711720931082e+00
-2.190802205296034089e+01
-1.159436783700519413e+01
-2.937100211030960040e+01
-9.504855781908005952e-01
-8.553237100013154404e+00
-4.508098282399442880e+00
-2.686946054188304700e+01
-3.462354172474969971e+01
-3.382031689706128219e+01
-5.075802513760446999e+01
-9.333269962446280488e+00
-2.300633824502770253e+01
-5.148234500307456329e+00
-1.637828316725963873e+01
-3.596788624759196296e+01
-6.373316390543461551e+01
-2.250026446245686174e+01
-8.553237100013154404e+00
-5.957433045104137648e+01
-6.373316390543461551e+01
-2.675044156664005257e+01
-3.566788624759196580e+01
-2.772683879354183034e+01
-7.382176227011099101e+00
-3.136428783871809145e+01
-2.030355780731018633e+00
-1.277131581609045607e+00
-2.876463259246399673e+01
-9.710332880791366250e+00
-2.202178203768135845e+01
-1.378674621616467988e+01
-3.225599245431828166e+01
-4.948535063888274976e+01
-3.396077255073883094e+01
-1.090225894802086337e+01
-2.312335763357769025e+01
-2.650054180090249645e+01
-4.849075804714616567e+01
-3.181912676249112693e+01
-3.181912676249112693e+01
-9.588321361099783502e+00
-1.700088764377492723e+01
-6.443858580421419902e+01
-3.508833394553951024e+01
-1.277131581609045607e+00
-6.635489318092541566e+01
-3.626788624759196011e+01
-9.633269962446281198e+00
-3.233205836918271814e+01
-4.763834252006886061e+01
-5.871464405015499821e+00
-9.457163351235914561e+00
-2.321805255720602901e+01
-4.128890819751980956e+01
-6.361294298388848745e+00
-2.800541410292884947e+01
-2.349098477790932904e+01
-3.884543123746642124e+01
-6.391465479975038733e+01
-6.679793829455834775e+00
-6.646265735324519142e+01
-1.258768413225024752e+00
-3.893358767011963550e+01
-1.290423871426794022e+01
-2.923969338462230994e+01
-1.061033288079136838e+01
-3.626788624759196011e+01
-6.593710054267505427e+01
-1.746085266770927902e+01
-2.101925288675706938e+01
-7.879539349710459994e+00
-2.560130293452953065e+00
-2.459842988521005935e+01
-8.446934470641380699e+00
-1.453872458404445211e+01
-1.603259266216072021e+01
-2.504073459980276084e+01
-5.982962557938565595e+01
-5.901957806783305394e+00
-1.532719588129543808e+01
-5.299423088496310896e+01
-6.915346129569230449e+00
-1.156632550688382288e+01
-1.122712403697983774e+01
-3.364116427175557078e+01
-1.205220646966207099e+01
-7.714464978818210739e+01
-8.844736863204211375e+00
-1.580260800581199554e+00
-3.312811125465540130e+01
-1.307936739649166213e+01
-2.916335648190032259e+01
-2.074712962894835044e+01
-2.310185034108961233e+01
-4.797613880944281561e+01
-1.112120844494568495e+01
-5.776948908303317864e+01
-6.626097487479199799e+01
-1.307936739649166213e+01
-2.763654249560396181e+01
-1.562719588129543880e+01
-9.774507296809494150e+00
-1.404558984916199371e+01
-8.114803672291898806e+00
-9.340379356247536791e+00
-4.361222170511536689e+01
-3.343136652386601959e+00
-9.364253970566513985e+00
-1.031033288079136767e+01
-7.308508003810294085e+00
-5.088285191327224055e+01
-2.794335867103582771e+01
-8.260176590520851292e+00
-9.333269962446280488e+00
-2.714266590477738106e+01
-5.092552243615222807e+01
-6.386978424727628578e+01
-6.061294298388848922e+00
-1.402073554208546291e+01
-4.023473597973006122e+01
-2.423638187598834648e+00
-1.198596096414817680e+01
-2.449138050168875580e+01
-4.906737367579137299e+01
-2.772683879354183034e+01
-3.817388946401185024e+01
-5.092552243615222807e+01
-5.957433045104137648e+01
-3.396077255073883094e+01
-8.483991130338532116e+01
-5.387805914720419054e+01
-1.368540810713783351e+01
-4.828129365845767751e+01
-9.450670331354199760e+00
-4.122542235629428831e+01
-4.875795047862923326e+01
-1.402073554208546291e+01
-4.736777283912979186e+01
-6.202591894180472565e+01
-6.915346129569230449e+00
-3.287253279897167602e+01
-8.083308121046538730e+00
-4.382913902101350345e+01
-9.504855781908005952e-01
-3.200182146559863838e+01
-8.953016582385725286e+00
-1.580136614993373279e+01
-1.041547027039174367e+01
-1.041547027039174367e+01
-9.710332880791366250e+00
-1.311301345418772790e+01
-3.596928213703648680e+01
-9.322840441243954501e+00
-1.459857865380700481e+01
-4.843927830068857965e+00
-2.533197068115616624e+00
-5.982962557938565595e+01
-1.131449634649426450e+01
-2.218297070662801218e+01
-2.417501465446860465e+01
-1.228567723509965859e+01
-9.940981638127441400e+00
-2.630979898570626219e+01
-5.148234500307456329e+00
-2.225502720484557884e+00
-1.212743153664843376e+01
-2.772683879354183034e+01
-6.104824121293473738e+00
-6.428264458364749601e+01
-1.445461219133818354e+01
-2.480129967586953654e+01
-2.570053794882454667e+01
-1.672435707597869836e+01
-2.619542908298561734e+00
-6.328220280202849324e+00
-2.424261499839174760e+01
-2.407089035224840501e+01
-6.559064392591251647e+01
-6.271380318983944591e+01
-6.184861607460990740e+01
-2.128974445703716611e+01
-2.225502720484557884e+00
-2.844044489198575931e+01
-1.092396481634850680e+01
-8.950608743205519247e+00
-9.333269962446280488e+00
-3.959335858305591671e+01
-6.132863869044989258e+01
-1.404094712897574837e+01
-2.188767175009090948e+01
-1.841495225995601359e+01
-8.857261919198195699e+01
-7.547644459392209626e+00
-7.245685755974067277e+00
-2.844044489198575931e+01
-5.255087880655445076e+01
-1.784453681798253299e+01
-5.148234500307456329e+00
-3.566788624759196580e+01
-7.256060030787238269e+00
-3.136428783871809145e+01
-5.889248097431686979e+00
-1.151497989666362010e+01
-2.630979898570626219e+01
-1.553819570085527424e+01
-5.682572897655526312e+00
-3.300146974268253075e+01
-2.130297623070618940e+01
-1.754845204948944826e+01
-5.282351310534414779e+01
-6.061294298388848922e+00
-3.716788624759196580e+01
-2.533197068115616624e+00
-6.570357119515884392e+01
-9.710332880791366250e+00
-5.957433045104137648e+01
-5.092552243615222807e+01
-2.573309453131956559e+01
-1.614297966970534404e+00
-4.932059333782055432e+01
-4.145486396576282573e+01
-1.593409270533872046e+00
-9.623310057061067013e+00
-1.320089689058623250e+01
-1.344273931659602006e+01
-4.813325832415625172e+01
-8.211544436788989287e+01
-7.382176227011099101e+00
-7.208746471831947389e+00
-5.010584489596523383e+01
-6.287856598439257816e+00
-9.023510144511845965e+00
-6.576091419951286809e+01
-1.193433752828033434e+01
-9.333269962446280488e+00
-4.112534726096032500e+01
-1.201790932059127748e+01
-9.023510144511845965e+00
-7.205645210376037113e+00
-1.512399507825325173e+01
-6.901198769113601372e+01
-5.282870255382309921e+00
-1.402073554208546291e+01
-4.638975836723871993e+01
-2.630979898570626219e+01
-2.772683879354183034e+01
-2.520811624876359858e+01
-3.821706186302353370e+00
-2.731927352817477583e+01
-6.539295271283471322e+00
-2.086327213089585797e+01
-1.151497989666362010e+01
-2.225502720484557884e+00
-6.061294298388848922e+00
-5.557916149453517107e+01
-5.092552243615222807e+01
-1.442719588129543595e+01
-2.693281820329710285e+01
-2.449138050168875580e+01
-4.896269667376461143e+01
-1.953471902681335237e+01
-1.131968054277200508e+01
-4.717423552790576480e+01
-2.063773970655811851e+01
-6.344853170624593020e+01
-2.101925288675706938e+01
-2.423638187598834648e+00
-5.712133417081109599e+01
-1.168153296009123210e+01
-5.148234500307456329e+00
-5.329740983448935765e+01
-1.344237190255696390e+01
-1.066011108576161526e+01
-2.030355780731018633e+00
-1.151497989666362010e+01
-3.462354172474969971e+01
-6.915346129569230449e+00
-1.442719588129543595e+01
-4.055100287207931586e+01
-6.539295271283471322e+00
-8.369014612432316369e+00
-1.328327843970169475e+01
-8.953016582385725286e+00
-1.228567723509965859e+01
-2.433730142264975171e+01
-2.225502720484557884e+00
-7.547644459392209626e+00
-6.308191945490015939e+00
-6.796335870051780859e+00
-4.361608800805632313e+01
-1.168153296009123210e+01
-1.421698310603341753e+01
-2.907790111349203244e+01
-9.059894046934596545e+00
-1.129426798701798873e+01
-1.254558984916199016e+01
-5.887763535895906131e+01
-1.494295080320680569e+01
-5.118211286592263320e+01
-3.136428783871809145e+01
-8.993003451548959859e+00
-2.030355780731018633e+00
-1.133835758728147702e+01
-1.402073554208546291e+01
-1.672191168877805278e+00
-2.324615866196277025e+01
-2.820096137773177958e+01
-1.971055610028366267e+00
-2.037910067121717006e+01
-5.010584489596523383e+01
-1.522040246805305408e+01
-1.129426798701798873e+01
-4.984226220068247670e+01
-2.225502720484557884e+00
-3.136428783871809145e+01
-2.772683879354183034e+01
-4.087743180418534905e+01
-1.442719588129543595e+01
-4.014900185216134787e+01
-1.311301345418772790e+01
-4.349984885122432843e+01
-3.382031689706128219e+01
-2.324615866196277025e+01
-1.286414260260804987e+01
-2.772683879354183034e+01
-1.214185506819254812e+01
-2.212333067631966799e+01
-1.146706335172082092e+00
-1.286414260260804987e+01
-2.693281820329710285e+01
-2.160824658080712979e+01
-9.922290806711595579e+00
-5.148234500307456329e+00
-3.132244815165013918e+01
-1.286414260260804987e+01
-2.225502720484557884e+00
-6.915346129569230449e+00
-4.625134253509255444e+01
-5.103239903373389552e+01
-2.923895393275845578e+01
-1.494295080320680569e+01
-1.129426798701798873e+01
-2.011347683706765110e+01
-6.080672314254095312e+01
-6.535297898117555349e+01
-2.423638187598834648e+00
-2.124353238941984756e+01
-8.244842992150729799e+01
-6.915346129569230449e+00
-1.277131581609045607e+00
-2.212333067631966799e+01
-3.462354172474969971e+01
-3.566788624759196580e+01
-6.786963326573173561e+01
-2.959574260088261255e+01
-1.151497989666362010e+01
-6.284498142089180561e+01
-3.382031689706128219e+01
-2.685162432044261394e+01
-1.486459176408551563e+01
-3.382031689706128219e+01
-1.512399507825325173e+01
-6.034298454249506705e+01
-1.348453542271060535e+01
-1.066011108576161526e+01
-9.333269962446280488e+00
-1.841495225995601359e+01
-1.151497989666362010e+01
-1.667730765458256315e+01
-2.008574854129982512e+01
-1.546216889936896344e+01
-7.259439892372438408e+01
-2.083595997043085646e+01
-9.384610391431525755e+00
-3.382031689706128219e+01
-3.292894733957854214e+01
-9.059894046934596545e+00
-6.061294298388848922e+00
-3.258101874380757579e+01
-1.546216889936896344e+01
-8.091655349341612791e+00
-6.506929198267753733e+00
-8.950608743205519247e+00
-5.276553035740436570e+01
-2.183944600643422618e+01
-3.168144958503127384e+01
-1.754845204948944826e+01
-3.497836649650108143e+01
-6.593467355391524620e+01
-3.136428783871809145e+01
-5.195727938587081240e+01
-7.245685755974067277e+00
-1.546216889936896344e+01
-9.444584127580646360e-01
-3.420541577965575186e+01
-9.023510144511845965e+00
-2.449138050168875580e+01
-1.512399507825325173e+01
-3.202276838073579768e+01
-7.547644459392209626e+00
-2.030355780731018633e+00
-1.198596096414817680e+01
-2.696832474538637836e+00
-2.258950805605715217e+01
-3.566788624759196580e+01
-5.957433045104137648e+01
-8.568596822577726257e+00
-9.444584127580646360e-01
-3.420460098748836231e+01
-7.547644459392209626e+00
-1.769438368203490342e+01
-3.304994611016948625e+01
-1.654230304724618961e+01
-1.671486327379755465e+01
-1.344552175386736792e+01
-4.022536845024298913e+01
-2.630979898570626219e+01
-1.102176433213600149e+01
-1.220672895008505776e+01
-4.222798722734154353e+01
-1.593409270533872046e+00
-6.142758287137048256e+01
-2.693281820329710285e+01
-1.151497989666362010e+01
-9.838590951818762420e+00
-2.449138050168875580e+01
-1.580260800581199554e+00
-1.593409270533872046e+00
-8.543165555874085726e+01
-9.023510144511845965e+00
-2.449138050168875580e+01
-1.442719588129543595e+01
-4.815246034127109453e+01
-1.131449634649426450e+01
-1.546216889936896344e+01
-1.121437062105233018e+01
-1.546216889936896344e+01
-3.497836649650108143e+01
-1.960991868525603721e+01
-1.290197934545578029e+01
-1.151497989666362010e+01
-3.238898741045704810e+01
-4.763463654789725865e+01
-1.654829551192026216e+01
-4.508098282399442880e+00
-1.151497989666362010e+01
-6.517239781497848128e+01
-5.282870255382309921e+00
-6.061294298388848922e+00
-1.198596096414817680e+01
-8.353430899262056641e+01
-2.630979898570626219e+01
-1.121437062105233018e+01
-2.062512843121753647e+01
-1.311301345418772790e+01
-1.886161212432566714e+01
-2.868513118735175027e+01
-7.506765073767229524e+01
-5.575005940148833616e+01
-6.341533450455774101e+01
-1.908127305413948349e+01
-9.564938692232720641e+00
-4.334860013672748380e+01
-9.023510144511845965e+00
-5.957433045104137648e+01
-1.290088935527807479e+01
-1.286414260260804987e+01
-6.405428338839158187e+01
-9.504855781908005952e-01
-1.591272654372968098e+01
-1.819835540248714523e+01
-1.121437062105233018e+01
-4.898183639171941195e+01
-7.006044152950619264e+01
-2.717145872997206979e+01
-1.143438015408866093e+01
-4.501185651327065784e+01
-1.256727812270195344e+01
-1.437972101002043779e+01
-1.546216889936896344e+01
-8.925298886993992653e+00
-3.844524141884119928e+01
-5.282870255382309921e+00
-1.174289869940998443e+01
-2.610696940215951667e+00
-3.382031689706128219e+01
-1.494295080320680569e+01
-8.264616030990117324e+00
-2.343628883676792540e+01
-4.897199297889634551e+01
-1.580260800581199554e+00
-1.309565373594308291e+01
-2.030355780731018633e+00
-6.287856598439257816e+00
-5.102165680284514337e+01
-9.883724311466339785e+00
-8.218206856488686540e+00
-3.462354172474969971e+01
-7.502176751177866088e+00
-1.168153296009123210e+01
-1.580260800581199554e+00
-1.402073554208546291e+01
-9.922290806711595579e+00
-8.553237100013154404e+00
-7.318603172559161862e+01
-1.131449634649426450e+01
-2.030355780731018633e+00
-2.036825972565651455e+01
-1.506850903786839524e+01
-2.903968226812616038e+01
-1.697410497887906189e+01
-1.121437062105233018e+01
-1.220672895008505776e+01
-1.841495225995601359e+01
-2.177662057716984734e+01
-5.935397817451981695e+01
-1.286414260260804987e+01
-1.580260800581199554e+00
-3.292894733957854214e+01
-2.176890445685667430e+01
-2.324615866196277025e+01
-7.256060030787238269e+00
-4.751002624504749861e+01
-1.228567723509965859e+01
-1.232473393321887833e+01
-2.176890445685667430e+01
-1.739563038555527541e+01
-1.666789964146413183e+01
-2.394637620293583780e+01
-8.091655349341612791e+00
-9.710332880791366250e+00
-3.842492107276680713e+01
-1.129426798701798873e+01
-6.490092615702945977e+01
-1.580260800581199554e+00
-3.136428783871809145e+01
-3.521784951707493150e+01
-4.670721097852406523e+00
-2.555579668778099833e+00
-2.772683879354183034e+01
-7.245685755974067277e+00
-2.984171970104927851e+01
-3.396077255073883094e+01
-5.323756325497932096e+01
-4.879929944676880638e+01
-3.462354172474969971e+01
-7.049859583974843247e+00
-1.151497989666362010e+01
-2.322925902582403523e+01
-2.423638187598834648e+00
-4.122542235629428831e+01
-1.580260800581199554e+00
-5.024948128856195950e+01
-6.843226230979502134e+01
-1.277131581609045607e+00
-1.886161212432566714e+01
-2.011347683706765110e+01
-3.462354172474969971e+01
-6.915346129569230449e+00
-1.574319160673513807e+01
-4.751002624504749861e+01
-9.504855781908005952e-01
-1.546216889936896344e+01
-3.608034680450776932e+01
-2.516830436362989332e+01
-2.219472294282002522e+01
-3.926901184907806908e+01
-2.101925288675706938e+01
-1.356382097675100340e+01
-1.377656458026995701e+01
-5.623064551004414824e+00
-1.901041714827681872e+01
-2.528989878059147500e+01
-1.593409270533872046e+00
-2.463899711680423721e+01
-2.844044489198575931e+01
-1.129426798701798873e+01
-1.591272654372968098e+01
-5.282870255382309921e+00
-2.610696940215951667e+00
-2.011347683706765110e+01
-4.157633036707066054e+01
-1.007014567764404944e+01
-9.333269962446280488e+00
-1.007014567764404944e+01
-3.474105544863117956e+01
-1.546216889936896344e+01
-2.449138050168875580e+01
-7.256060030787238269e+00
-9.910448121569732649e+00
-1.886161212432566714e+01
-2.528989878059147500e+01
-1.311301345418772790e+01
-2.696078856395300605e+01
-8.091655349341612791e+00
-9.333269962446280488e+00
-9.444584127580646360e-01
-1.439239300088752671e+01
-8.837620789819279565e+00
-3.382031689706128219e+01
-1.997152610085394997e+01
-3.396077255073883094e+01
-9.922290806711595579e+00
-2.030355780731018633e+00
-1.230495496065050931e+00
-5.067890836990532222e+01
-7.547644459392209626e+00
-1.580136614993373279e+01
-6.061294298388848922e+00
-2.360033893692444451e+01
-6.104824121293473738e+00
-2.219472294282002522e+01
-8.807986860445753408e+00
-1.546216889936896344e+01
-1.591272654372968098e+01
-1.841495225995601359e+01
-3.382031689706128219e+01
-2.011347683706765110e+01
-9.059894046934596545e+00
-1.494295080320680569e+01
-1.030713821980148026e+01
-2.630979898570626219e+01
-3.382031689706128219e+01
-9.710332880791366250e+00
-1.317471091222635238e+01
-1.337940329046580423e+01
-9.329016952533347506e+00
-3.758963971412703220e+00
-9.838590951818762420e+00
-7.991592138092523889e+00
-2.103611399664847781e+01
-5.943154976309868687e+01
-6.750292448163483527e+01
-1.886161212432566714e+01
-1.442719588129543595e+01
-1.198596096414817680e+01
-2.047705605531390560e+01
-2.844044489198575931e+01
-2.030355780731018633e+00
-2.324615866196277025e+01
-5.282870255382309921e+00
-1.713329870011184397e+01
-9.023510144511845965e+00
-5.161120070765903733e+01
-4.946220499966182871e+01
-7.991592138092523889e+00
-2.164885332596858092e+01
-6.915346129569230449e+00
-3.953549269544024014e+01
-7.812611619442279220e+01
-4.937826612891416289e+01
-3.045290795910974424e+01
-3.044134638225839495e+01
-4.223045758952521567e+01
-1.543595359852760751e+01
-4.424740767260862739e+00
-7.547644459392209626e+00
-5.994694776765185651e+01
-3.515423153989203087e+01
-4.122542235629428831e+01
-8.560978469285723591e+00
-1.593409270533872046e+00
-2.321770570807367307e+01
-1.854954968057639419e+01
-8.034536527417884599e+00
-1.580260800581199554e+00
-1.905485490102896762e+01
-5.115381765964028205e+01
-3.200182146559863838e+01
-1.902165613707473213e+01
-9.444584127580646360e-01
-4.053943872237444168e+01
-1.277876839533486830e+01
-1.593409270533872046e+00
-1.101166782197367766e+01
-1.129426798701798873e+01
-1.311301345418772790e+01
-9.619511889688666884e+00
-2.229447579744990193e+01
-9.002589959518846996e+00
-5.637001204223020068e+01
-6.722525830146717851e+01
-9.910818033864648768e+00
-4.607393414235082929e+01
-1.197352079514434742e+01
-8.553237100013154404e+00
-2.332819965759983205e+01
-3.136428783871809145e+01
-1.228567723509965859e+01
-1.580260800581199554e+00
-4.446868864747624883e+01
-1.257974144543870132e+01
-7.547644459392209626e+00
-9.228009296436937348e+00
-7.256060030787238269e+00
-6.790344329634137921e+01
-7.670553344416953223e+01
-7.777882176879073484e+01
-4.054737989045014501e+01
-1.402073554208546291e+01
-5.426552834812311232e+01
-7.245685755974067277e+00
-7.245685755974067277e+00
-1.007014567764404944e+01
-5.292240585737400238e+01
-2.324615866196277025e+01
-1.442719588129543595e+01
-6.061294298388848922e+00
-4.142097311225776224e+01
-1.880072535803341793e+01
-2.915566032994894741e+01
-9.922290806711595579e+00
-9.504855781908005952e-01
-4.815246034127109453e+01
-1.402073554208546291e+01
-2.176890445685667430e+01
-1.678607227068695096e+01
-1.074386987609643107e+01
-1.277131581609045607e+00
-7.519205852033746140e+00
-1.129426798701798873e+01
-2.347356809957226531e+01
-9.504855781908005952e-01
-9.059894046934596545e+00
-6.038668012986512679e+01
-9.504855781908005952e-01
-2.141856753146716486e+01
-6.423192069770009027e+01
-6.061294298388848922e+00
-2.423638187598834648e+00
-4.815246034127109453e+01
-3.136428783871809145e+01
-3.566788624759196580e+01
-2.772683879354183034e+01
-2.690793930994362171e+01
-2.176890445685667430e+01
-2.113986308387951141e+01
-1.277131581609045607e+00
-5.305840102156550131e+01
-4.122542235629428831e+01
-9.504855781908005952e-01
-1.198596096414817680e+01
-8.692589543398851504e+01
-3.292894733957854214e+01
-2.005263850097306033e+01
-4.242245679548848614e+01
-3.566788624759196580e+01
-1.580260800581199554e+00
-9.504855781908005952e-01
-1.587131218777573416e+01
-1.591272654372968098e+01
-1.303958423843942072e+01
-3.136428783871809145e+01
-8.304843892056098298e+01
-1.286414260260804987e+01
-6.568953804415768616e+01
-1.018051208345258374e+01
-8.650702958202726833e+00
-1.022835766889126319e+01
-4.122542235629428831e+01
-7.547644459392209626e+00
-1.158641084287534539e+01
-2.345991587124573030e+01
-3.462354172474969971e+01
-3.396077255073883094e+01
-2.683258507687360961e+00
-2.039847878667901515e+00
-7.245685755974067277e+00
-5.282870255382309921e+00
-1.442719588129543595e+01
-3.285701355029184612e+01
-1.593409270533872046e+00
-7.256060030787238269e+00
-2.030355780731018633e+00
-9.444584127580646360e-01
-7.245685755974067277e+00
-8.833561503741718113e+00
-1.139943052739555718e+01
-7.382176227011099101e+00
-2.030355780731018633e+00
-2.844044489198575931e+01
-2.030355780731018633e+00
-1.104075259461507841e+01
-2.324615866196277025e+01
-2.433730142264975171e+01
-1.402073554208546291e+01
-1.049353785288001717e+01
-1.198596096414817680e+01
-1.593409270533872046e+00
-7.143528110084049842e+01
-2.219472294282002522e+01
-4.013381255195506014e+01
-1.293680278724845323e+01
-5.010584489596523383e+01
-1.580136614993373279e+01
-9.760615428894155343e+00
-2.218729036392571885e+01
-1.257310651518668188e+01
-9.333269962446280488e+00
-2.183593807970353406e+00
-3.639127147771068849e+01
-2.621615178690390380e+01
-5.726356270431983120e+01
-1.494295080320680569e+01
-2.541699518135772351e+01
-2.101925288675706938e+01
-4.084762850586867700e+01
-6.287856598439257816e+00
-2.152183548565506399e+01
-1.168153296009123210e+01
-9.333269962446280488e+00
-5.868141676352376379e+01
-1.151497989666362010e+01
-3.919993080321815171e+01
-3.186296025485310679e+01
-1.140869125450813293e+01
-1.593409270533872046e+00
-8.037755570795665605e+00
-9.444584127580646360e-01
-3.292894733957854214e+01
-1.593409270533872046e+00
-1.198596096414817680e+01
-5.010584489596523383e+01
-1.591272654372968098e+01
-6.104824121293473738e+00
-7.256060030787238269e+00
-5.600519100296108377e+01
-3.789090937163552830e+00
-4.815246034127109453e+01
-8.276469905331863686e+01
-4.508098282399442880e+00
-9.333269962446280488e+00
-2.433730142264975171e+01
-9.922290806711595579e+00
-2.423638187598834648e+00
-4.307789374661885518e+01
-6.915346129569230449e+00
-2.460632157543130560e+01
-3.658623071980440677e+00
-1.790614533185784651e+01
-5.006525262453802583e+01
-6.702404317678343659e+00
-1.886161212432566714e+01
-9.563356738523101086e+00
-2.030355780731018633e+00
-1.442719588129543595e+01
-5.282870255382309921e+00
-3.292894733957854214e+01
-2.776342777855143140e+01
-3.136428783871809145e+01
-1.092396481634850680e+01
-4.751002624504749861e+01
-2.385015147548942238e+01
-1.886161212432566714e+01
-2.630979898570626219e+01
-1.163246569361712979e+01
-9.059894046934596545e+00
-9.005462944805811887e+00
-2.011347683706765110e+01
-1.092396481634850680e+01
-8.210129560955655492e+00
-2.951540616305937448e+01
-1.269085469596405780e+01
-8.553237100013154404e+00
-1.902384034323800321e+01
-1.546216889936896344e+01
-7.382176227011099101e+00
-1.092396481634850680e+01
-3.114491395442996335e+01
-5.101169297163562533e+01
-6.309445260957423329e+01
-2.423638187598834648e+00
-2.130297623070618940e+01
-2.772683879354183034e+01
-8.927075936383538135e+00
-1.437972101002043779e+01
-3.326372401008223534e+01
-1.121437062105233018e+01
-5.338924860225482405e+01
-1.580260800581199554e+00
-1.131449634649426450e+01
-2.482123771274424229e+01
-1.311301345418772790e+01
-4.286936835796574030e+01
-1.593409270533872046e+00
-1.754845204948944826e+01
-1.886161212432566714e+01
-1.754845204948944826e+01
-2.423638187598834648e+00
-1.580260800581199554e+00
-1.593409270533872046e+00
-2.219472294282002522e+01
-2.347356809957226531e+01
-1.286414260260804987e+01
-9.081283330990817859e+00
-9.504855781908005952e-01
-2.327513151448481210e+01
-7.547644459392209626e+00
-2.449138050168875580e+01
-4.808012031245792883e+01
-2.011347683706765110e+01
-1.311301345418772790e+01
-1.593409270533872046e+00
-1.937187712741263468e+01
-6.483238692824173199e+01
-2.449138050168875580e+01
-6.134904175317718966e+01
-4.751002624504749861e+01
-4.882102707501138639e+01
-9.023510144511845965e+00
-2.693281820329710285e+01
-3.634118153595326817e+01
-2.460723082507294102e+00
-4.368973129620320606e+01
-6.061294298388848922e+00
-2.449138050168875580e+01
-8.950608743205519247e+00
-3.501455936467151808e+00
-6.104824121293473738e+00
-2.030355780731018633e+00
-2.130297623070618940e+01
-1.131449634649426450e+01
-1.546216889936896344e+01
-7.245685755974067277e+00
-1.710041757765325698e+01
-7.037367770675970746e+01
-9.059894046934596545e+00
-2.030355780731018633e+00
-3.144714592441126300e+01
-3.136428783871809145e+01
-1.130349220715989489e+01
-1.566419933543254395e+01
-3.551432516971252795e+01
-7.245685755974067277e+00
-4.122542235629428831e+01
-1.875323216852194719e+01
-1.546216889936896344e+01
-2.305632798786411364e+00
-1.129426798701798873e+01
-5.418186395630483077e+01
-5.542709154361905632e+01
-6.287856598439257816e+00
-5.573047369914350924e+01
-2.075757562146902302e+01
-1.610895876783242286e+01
-6.915346129569230449e+00
-6.251201604266064749e+01
-1.841495225995601359e+01
-2.301546714598335441e+01
-6.287856598439257816e+00
-1.754845204948944826e+01
-1.151497989666362010e+01
-1.593409270533872046e+00
-1.580260800581199554e+00
-1.437972101002043779e+01
-4.773932378438753688e+01
-2.282412487917661537e+01
-6.588293436673338022e+01
-9.710332880791366250e+00
-7.256060030787238269e+00
-9.333269962446280488e+00
-7.382176227011099101e+00
-1.131449634649426450e+01
-3.639966410884954939e+01
-9.023510144511845965e+00
-1.533402954143917807e+00
-7.256060030787238269e+00
-2.223391497657390659e+01
-2.159491846653959968e+01
-2.423638187598834648e+00
-2.423638187598834648e+00
-1.580136614993373279e+01
-3.462354172474969971e+01
-5.282870255382309921e+00
-1.211261225926450358e+01
-8.553237100013154404e+00
-7.382176227011099101e+00
-6.208526473897675402e+01
-5.155104668216715424e+01
-7.993384753440964552e+00
-2.225502720484557884e+00
-1.277131581609045607e+00
-1.129426798701798873e+01
-2.030355780731018633e+00
-3.139845875883880311e+01
-2.026572105416009251e+01
-1.591272654372968098e+01
-1.494295080320680569e+01
-1.811786999507987517e+01
-5.077718530009747155e+01
-1.437972101002043779e+01
-4.122542235629428831e+01
-2.109269593537782317e+00
-1.439428936634507217e+01
-2.433730142264975171e+01
-9.504855781908005952e-01
-9.023510144511845965e+00
-2.011347683706765110e+01
-1.295616102475617915e+01
-7.959029095657186303e+00
-9.023510144511845965e+00
-7.256060030787238269e+00
-7.256060030787238269e+00
-4.656346043620375497e+01
-7.547644459392209626e+00
-1.308134082549726962e+01
-3.396077255073883094e+01
-7.245685755974067277e+00
-7.208746471831947389e+00
-9.023510144511845965e+00
-7.208746471831947389e+00
-6.287856598439257816e+00
-8.553237100013154404e+00
-2.176890445685667430e+01
-9.444584127580646360e-01
-2.324615866196277025e+01
-1.196828296413410087e+01
-9.333269962446280488e+00
-1.555321747764265261e+01
-2.324615866196277025e+01
-4.843427595386646800e+01
-5.970692341095956834e+01
-3.690630590743661088e+01
-1.593409270533872046e+00
-7.350239424764089335e+01
-6.384567170492888266e+01
-3.382031689706128219e+01
-4.921002667594463276e+01
-8.553237100013154404e+00
-2.528989878059147500e+01
-1.841495225995601359e+01
-1.546216889936896344e+01
-6.617375930535881423e+01
-2.676372269031923778e+01
-6.074546102430307570e+01
-1.286414260260804987e+01
-6.915346129569230449e+00
-6.287856598439257816e+00
-1.576087377298571468e+01
-1.228567723509965859e+01
-8.393183733604356433e+00
-3.317826987233536418e+00
-5.932329701219663320e+01
-1.321098108291499429e+01
-3.136428783871809145e+01
-1.442719588129543595e+01
-2.433730142264975171e+01
-1.228567723509965859e+01
-1.442719588129543595e+01
-2.602401627240506699e+01
-1.198596096414817680e+01
-5.000701863290555593e+01
-2.423638187598834648e+00
-4.870716733117574648e+01
-3.396077255073883094e+01
-2.528989878059147500e+01
-1.480318239819436421e+01
-1.121437062105233018e+01
-2.970210620668639834e+00
-1.298482779932953513e+01
-2.225502720484557884e+00
-1.078219196287141024e+01
-1.130366472558554314e+01
-5.505268218023640969e+01
-1.129426798701798873e+01
-2.161256205413116405e+01
-1.416566662394687803e+01
-1.151497989666362010e+01
-1.481548906586608538e+01
-5.902918479626008974e+01
-5.331260409676465883e+01
-4.717423552790576480e+01
-7.476415367294706016e+00
-7.382176227011099101e+00
-2.772683879354183034e+01
-4.162817478584879893e+01
-5.787843059102596754e+01
-4.345730986769213189e+01
-4.267773881051995843e+00
-6.888550289212774658e+01
-4.179804573964351277e+01
-5.714159173279684012e+01
-1.286414260260804987e+01
-1.228567723509965859e+01
-2.086274659677857457e+01
-9.023510144511845965e+00
-2.636541118407993167e+01
-5.418186395630483077e+01
-1.402073554208546291e+01
-2.324615866196277025e+01
-1.999613928387721629e+01
-3.966200341728925594e+01
-1.402073554208546291e+01
-5.408870967065932689e+01
-9.023510144511845965e+00
-2.772683879354183034e+01
-1.258768413225024752e+00
-6.287856598439257816e+00
-2.423638187598834648e+00
-4.677107109883432656e+01
-1.311301345418772790e+01
-1.563919341858746392e+01
-8.381692234208738057e+01
-1.311301345418772790e+01
-6.931435656573626147e+01
-3.136428783871809145e+01
-4.508098282399442880e+00
-1.311301345418772790e+01
-1.841495225995601359e+01
-2.610696940215951667e+00
-5.623064551004414824e+00
-3.382031689706128219e+01
-2.433730142264975171e+01
-1.618111502867700580e+01
-3.136428783871809145e+01
-1.428730009051003336e+01
-9.059894046934596545e+00
-9.333269962446280488e+00
-1.948635034634008179e+01
-7.831780872896024981e+00
-5.526843704942329794e+01
-5.068233480402594182e+01
-2.782007085891938303e+01
-1.205085057267428539e+01
-3.566788624759196580e+01
-7.547644459392209626e+00
-1.286414260260804987e+01
-2.895979169925864127e+01
-1.398733039310978832e+01
-1.593409270533872046e+00
-7.245685755974067277e+00
-5.957433045104137648e+01
-2.630979898570626219e+01
-3.396077255073883094e+01
-5.037465669336925345e+01
-1.873781117455774492e+01
-4.172037589009596559e+01
-7.814011661647429108e+00
-1.027999795769259350e+01
-2.772683879354183034e+01
-1.921574594397745628e+01
-4.751002624504749861e+01
-4.461285542871006982e+01
-2.528989878059147500e+01
-3.566788624759196580e+01
-8.950608743205519247e+00
-6.276920386049363998e+01
-1.494295080320680569e+01
-4.508098282399442880e+00
-1.398862955326018920e+01
-2.433730142264975171e+01
-1.267956126733277600e+01
-9.710332880791366250e+00
-3.412099071042451470e+01
-6.104824121293473738e+00
-1.494295080320680569e+01
-7.382176227011099101e+00
-7.208746471831947389e+00
-1.754845204948944826e+01
-1.402073554208546291e+01
-1.804681316560158422e+01
-9.822628672076293199e+00
-5.000872527943436552e+01
-4.128776765166848861e+01
-1.494295080320680569e+01
-2.011347683706765110e+01
-1.129426798701798873e+01
-1.198596096414817680e+01
-3.292894733957854214e+01
-4.870716733117574648e+01
-1.127544310535561607e+02
-1.546216889936896344e+01
-1.270240011919889156e+01
-6.068481949515527418e+01
-2.651670178324085470e+00
-9.504855781908005952e-01
-1.299505535799345779e+01
-2.160824658080712979e+01
-3.427020805843200435e+01
-8.837620789819279565e+00
-6.061294298388848922e+00
-5.074409836944006003e+01
-9.023510144511845965e+00
-1.017350494264041671e+01
-2.176890445685667430e+01
-7.256060030787238269e+00
-3.511609961061228358e+00
-6.872460837230825348e+01
-2.423638187598834648e+00
-6.500336185454699489e+01
-7.256060030787238269e+00
-2.094064900223224868e+01
-9.504855781908005952e-01
-5.093577252336913830e+01
-9.716904693836816875e+00
-9.922225941333659094e+00
-4.187107757683082099e+01
-4.508098282399442880e+00
-4.827297879249249490e+01
-6.915346129569230449e+00
-5.164861903823867095e+01
-1.168153296009123210e+01
-5.010584489596523383e+01
-7.245685755974067277e+00
-2.314752969105800418e+01
-3.104663820817552988e+01
-8.149268096628221159e+00
-2.393505065505901896e+01
-1.900105904702546411e+01
-3.242534976457632467e+01
-3.566788624759196580e+01
-2.065156314886478839e+01
-1.426853958029411373e+01
-2.770691347712699582e+01
-2.423638187598834648e+00
-2.130297623070618940e+01
-6.104824121293473738e+00
-9.922290806711595579e+00
-5.174280857749290163e+01
-1.213211335993712936e+01
-2.282530196549078028e+01
-2.258097558321955489e+01
-3.122531469232816903e+01
-1.841495225995601359e+01
-1.277491531704703576e+01
-4.891530627173612800e+01
-4.751002624504749861e+01
-1.494295080320680569e+01
-4.865964767061487350e+01
-5.010584489596523383e+01
-7.245685755974067277e+00
-2.307278955460261471e+01
-6.287856598439257816e+00
-1.591272654372968098e+01
-2.413970180933892706e+01
-1.399758076528562434e+01
-9.333269962446280488e+00
-1.546216889936896344e+01
-1.725358542525102123e+01
-6.287856598439257816e+00
-2.030355780731018633e+00
-2.979701788118934758e+01
-6.460394842824017303e+01
-1.766467454285324834e+01
-9.340521170980924381e+00
-5.170752864391944570e+01
-5.887839273140356511e+01
-1.026343866085668388e+01
-7.547644459392209626e+00
-6.495958044449469071e+01
-1.764316046648311698e+01
-1.691157736412719004e+01
-4.508098282399442880e+00
-4.862144628268331381e+00
-1.580445698627104356e+01
-1.529334531081633131e+01
-4.122542235629428831e+01
-2.568922492516810152e+01
-3.758963971412703220e+00
-4.377702244551984201e+00
-6.104824121293473738e+00
-1.263111048413044735e+01
-2.101925288675706938e+01
-2.491462372260065194e+01
-1.478261262773493101e+01
-9.150701098145837875e+00
-9.444584127580646360e-01
-7.961482894697728518e+00
-6.131137790931512654e+01
-9.922290806711595579e+00
-7.382176227011099101e+00
-1.204556945271570179e+01
-2.176890445685667430e+01
-3.566788624759196580e+01
-5.097290178103190073e+01
-1.593409270533872046e+00
-9.474173234217595052e+00
-5.190266408851330482e+01
-1.311301345418772790e+01
-1.841495225995601359e+01
-7.547644459392209626e+00
-8.553237100013154404e+00
-3.146257365853609755e+01
-4.312191203863554989e+01
-5.566271775819922141e+01
-7.874836145260221798e+00
-9.838590951818762420e+00
-2.219472294282002522e+01
-3.155664846472231844e+01
-7.382176227011099101e+00
-1.131449634649426450e+01
-4.947030166569997789e+01
-2.585257408704948290e+01
-9.922290806711595579e+00
-1.286414260260804987e+01
-6.288752516018593752e+01
-1.593409270533872046e+00
-5.566271775819922141e+01
-2.030355780731018633e+00
-3.200182146559863838e+01
-5.048929491394101632e+00
-1.051113843503322087e+01
-1.591272654372968098e+01
-1.546216889936896344e+01
-5.531435577405252246e+01
-1.591272654372968098e+01
-6.287856598439257816e+00
-2.433730142264975171e+01
-1.227943998906814471e+01
-6.518117824481343803e+01
-1.311301345418772790e+01
-1.566419933543254395e+01
-1.277131581609045607e+00
-4.409116457461781380e+01
-2.030355780731018633e+00
-2.117143115117948327e+01
-1.151497989666362010e+01
-3.619632537837331299e+00
-2.429550142981711502e+01
-2.329367225245248640e+00
-1.189067620510077106e+01
-7.382176227011099101e+00
-7.518793412201715398e+01
-5.010584489596523383e+01
-6.956296132801892895e+01
-7.256060030787238269e+00
-2.324615866196277025e+01
-5.557785850871242417e+01
-8.154480338006075613e+01
-1.580136614993373279e+01
-9.504855781908005952e-01
-3.422460034819910391e+01
-2.326729207761026430e+01
-1.277262511549128199e+01
-1.751721910699628637e+01
-8.091655349341612791e+00
-9.504855781908005952e-01
-1.311301345418772790e+01
-9.925253768981651348e+00
-8.021275389335883688e+00
-9.444584127580646360e-01
-2.885524095818022516e+01
-2.362651782990421623e+01
-4.532600339830964664e+00
-9.059894046934596545e+00
-2.030355780731018633e+00
-5.310240812987633063e+01
-2.371153105500976466e+01
-2.399857383368225427e+01
-3.287253279897167602e+01
-2.836411968578521403e+00
-1.711628106798264426e+01
-1.841495225995601359e+01
-6.405031240483969768e+00
-4.760148645127806333e+01
-3.292894733957854214e+01
-6.287856598439257816e+00
-5.520555799468928626e+01
-7.191265299894565999e+01
-8.529474137416553248e+00
-1.129426798701798873e+01
-5.395176704882360497e+01
-3.136428783871809145e+01
-1.810363456991262865e+01
-1.108971533166906553e+01
-2.528989878059147500e+01
-2.757257106352937370e+01
-2.176890445685667430e+01
-3.644646893087806916e+01
-1.286414260260804987e+01
-1.286414260260804987e+01
-9.922290806711595579e+00
-2.423638187598834648e+00
-5.010584489596523383e+01
-9.710332880791366250e+00
-1.121646916126379345e+01
-9.444584127580646360e-01
-5.317959110203517525e+01
-1.151497989666362010e+01
-9.787049066644676998e+00
-2.969812860509341590e+01
-1.410627316087319905e+01
-1.265076967134461228e+01
-1.993697808156312945e+01
-6.287856598439257816e+00
-2.469711972614297935e+01
-3.450501537119100703e+01
-1.198596096414817680e+01
-5.957433045104137648e+01
-5.385998629198744680e+01
-3.566788624759196580e+01
-1.546216889936896344e+01
-7.547644459392209626e+00
-1.402073554208546291e+01
-6.061294298388848922e+00
-3.122531469232816903e+01
-3.974889489574769641e+01
-2.077945534601112598e+01
-1.494295080320680569e+01
-6.192018663713068349e+01
-1.151497989666362010e+01
-2.433730142264975171e+01
-1.870346505401044634e+00
-6.061294298388848922e+00
-1.102581761388780102e+01
-2.972323166584676457e+01
-2.030355780731018633e+00
-4.655157423433647246e+00
-3.973694123494165353e+01
-3.292894733957854214e+01
-1.546216889936896344e+01
-9.348251168187923454e+00
-5.127704708690481539e+01
-5.152761320832387071e+01
-7.547644459392209626e+00
-3.464357012236521172e+01
-9.700359281463930117e+00
-2.130297623070618940e+01
-3.875047772427587489e+01
-1.131449634649426450e+01
-4.104078731891405596e+01
-6.989262636489585567e+00
-6.343833563116542962e+01
-5.002863100899465820e+01
-1.092396481634850680e+01
-1.286681921643034521e+01
-1.009944182989445594e+01
-4.192741469750414751e+01
-1.168153296009123210e+01
-2.240202238591970740e+01
-1.593409270533872046e+00
-5.282870255382309921e+00
-2.423638187598834648e+00
-1.043147624532659634e+01
-2.772683879354183034e+01
-1.916481609131088959e+01
-5.117272266539238501e+01
-8.837620789819279565e+00
-4.597118215898735372e+01
-9.333269962446280488e+00
-3.310710040732112169e+00
-1.089385338333882913e+01
-1.862735994061861433e+01
-5.525243666678141707e+00
-1.406965024346311921e+01
-1.151497989666362010e+01
-1.277131581609045607e+00
-9.838590951818762420e+00
-9.201218572545515784e+00
-2.324615866196277025e+01
-5.282870255382309921e+00
-5.282870255382309921e+00
-2.495564235834349276e+01
-8.837620789819279565e+00
-1.402073554208546291e+01
-8.915705117365364529e+00
-5.227497817359319754e+01
-4.778272024778317473e+01
-2.173986803535658652e+00
-1.437972101002043779e+01
-7.382176227011099101e+00
-5.787906765591033320e+01
-6.915346129569230449e+00
-2.772683879354183034e+01
-1.062862955369208962e+01
-2.647225031456165567e+01
-5.786792220640409568e+01
-1.494295080320680569e+01
-8.837620789819279565e+00
-1.727293954295792489e+01
-3.875047772427587489e+01
-6.104634584526280605e+00
-3.625195356096057253e+01
-1.286414260260804987e+01
-7.468557730922638882e+01
-2.219472294282002522e+01
-2.651670178324085470e+00
-5.185276054078505581e+01
-1.129426798701798873e+01
-7.549918261746330472e+01
-3.566788624759196580e+01
-4.175489916535911306e+01
-6.261960669862076223e+00
-3.382031689706128219e+01
-3.686852160130776657e+00
-3.382031689706128219e+01
-4.466080962104125973e+01
-1.593409270533872046e+00
-3.287253279897167602e+01
-2.026291864049964886e+01
-2.130297623070618940e+01
-3.285474596195671637e+01
-2.130297623070618940e+01
-2.324615866196277025e+01
-9.866822036368729343e+00
-1.286414260260804987e+01
-3.644646893087806916e+01
-1.277131581609045607e+00
-4.950868215288936369e+01
-1.311301345418772790e+01
-3.292894733957854214e+01
-2.630979898570626219e+01
-6.817215705804888159e+01
-1.009944182989445594e+01
-7.547644459392209626e+00
-5.148234500307456329e+00
-1.240977531799586764e+01
-9.504855781908005952e-01
-6.287856598439257816e+00
-5.711476222713076112e+01
-8.837620789819279565e+00
-1.746461327574245459e+01
-5.147675801209246060e+01
-1.198596096414817680e+01
-2.338602706409682952e+01
-6.061294298388848922e+00
-7.547644459392209626e+00
-1.593409270533872046e+00
-7.547644459392209626e+00
-1.841495225995601359e+01
-1.232441634202146696e+00
-1.467893027883740942e+01
-1.437972101002043779e+01
-6.960937370958315284e+01
-6.081757436874339362e+01
-7.547644459392209626e+00
-3.136428783871809145e+01
-1.591272654372968098e+01
-1.143220673692723821e+01
-2.079722218144844348e+01
-1.286414260260804987e+01
-1.121437062105233018e+01
-2.030355780731018633e+00
-3.159782279733279609e+01
-3.846889072168364176e+00
-1.198596096414817680e+01
-2.238833194565352613e+01
-5.282870255382309921e+00
-1.311301345418772790e+01
-2.176890445685667430e+01
-3.396077255073883094e+01
-1.580260800581199554e+00
-9.716904693836816875e+00
-5.217644721190580981e+01
-1.286681921643034521e+01
-6.251865112546845893e+01
-9.480561605610661857e+00
-1.131449634649426450e+01
-1.566394417039701459e+01
-1.131449634649426450e+01
-9.444584127580646360e-01
-2.690163099012866965e+01
-3.382031689706128219e+01
-6.410849718217721716e+01
-1.168153296009123210e+01
-1.992513742352699424e+01
-1.254983793201950171e+01
-2.177581683293449544e+01
-2.943197435943121576e+01
-1.245892766919111772e+01
-2.528989878059147500e+01
-3.686852160130776657e+00
-2.229203961113755028e+01
-9.423890750827204954e+00
-1.286414260260804987e+01
-3.382031689706128219e+01
-9.059894046934596545e+00
-6.560934010662489868e+01
-9.333269962446280488e+00
-3.382031689706128219e+01
-3.939306176315666619e+01
-8.768066800268867311e+00
-1.009944182989445594e+01
-1.311301345418772790e+01
-7.478596864226693697e+01
-6.945226978724723210e+01
-6.915346129569230449e+00
-7.286187646081963010e+01
-1.228567723509965859e+01
-2.630979898570626219e+01
-1.615861788824807732e+01
-1.593409270533872046e+00
-2.528989878059147500e+01
-3.871606787330899913e+00
-2.049390665702646785e+01
-3.686852160130776657e+00
-6.287856598439257816e+00
-6.915346129569230449e+00
-1.442719588129543595e+01
-1.910103427207633597e+00
-2.347356809957226531e+01
-7.165373232569994855e+01
-5.130007323849488188e+01
-7.256060030787238269e+00
-7.343402332933413845e+01
-2.423638187598834648e+00
-4.603496814522274150e+01
-5.378449774945501360e+01
-9.333269962446280488e+00
-6.061294298388848922e+00
-2.433730142264975171e+01
-2.314752969105800418e+01
-5.282870255382309921e+00
-2.238061042643786536e+01
-2.238833194565352613e+01
-3.620190724292362106e+00
-9.216545924745155105e+00
-5.196446443111114633e+01
-1.219101700877831895e+01
-1.286681921643034521e+01
-7.245685755974067277e+00
-1.841495225995601359e+01
-9.504855781908005952e-01
-1.841495225995601359e+01
-2.772683879354183034e+01
-2.656452465676327179e+01
-7.547644459392209626e+00
-6.410934583507425089e+01
-1.055606731288728106e+01
-1.277131581609045607e+00
-9.059894046934596545e+00
-3.136428783871809145e+01
-9.059894046934596545e+00
-1.643930758703946893e+01
-2.176890445685667430e+01
-1.402073554208546291e+01
-5.201306288674152256e+01
-1.151497989666362010e+01
-7.547644459392209626e+00
-1.754845204948944826e+01
-1.546216889936896344e+01
-5.664236564857002065e+01
-2.423638187598834648e+00
-4.367502995571054925e+01
-1.404005333778162878e+01
-3.073881846088464442e+01
-1.198596096414817680e+01
-1.131449634649426450e+01
-9.275457341963377900e+00
-1.997152610085394997e+01
-7.382176227011099101e+00
-1.198596096414817680e+01
-1.198596096414817680e+01
-1.131449634649426450e+01
-3.875047772427587489e+01
-1.546216889936896344e+01
-2.528989878059147500e+01
-1.515308193637418022e+01
-9.922290806711595579e+00
-6.442897994410304818e+01
-1.153670458641023089e+01
-1.228567723509965859e+01
-4.751002624504749861e+01
-2.324615866196277025e+01
-6.509180812767991142e+01
-2.423638187598834648e+00
-1.151497989666362010e+01
-4.684453254782939524e+01
-8.091655349341612791e+00
-9.922290806711595579e+00
-1.546216889936896344e+01
-7.989169148337518678e+00
-5.148234500307456329e+00
-2.324615866196277025e+01
-7.382176227011099101e+00
-3.644646893087806916e+01
-1.286414260260804987e+01
-2.801876660026447041e+01
-2.528989878059147500e+01
-1.286681921643034521e+01
-3.686852160130776657e+00
-8.875079714469983116e+00
-9.987756270899673439e+00
-1.593409270533872046e+00
-2.493409270533871958e+00
-2.030355780731018633e+00
-9.333269962446280488e+00
-2.433730142264975171e+01
-1.593409270533872046e+00
-2.451194526302864318e+01
-2.119948969290382124e+01
-3.287253279897167602e+01
-2.030355780731018633e+00
-1.131449634649426450e+01
-5.349536885411854570e+01
-6.100657803545361801e+00
-1.902901940421437033e+01
-4.093435723667985116e+01
-1.643930758703946893e+01
-1.318636060617589933e+01
-5.695404722532457953e+01
-1.841495225995601359e+01
-2.528989878059147500e+01
-7.245685755974067277e+00
-1.871342467289058931e+01
-5.718472404517225982e+01
-1.192990752809632227e+01
-1.044790381615344010e+01
-2.127064497160976231e+01
-1.743159361311475664e+01
-5.153004828996485287e+01
-2.433730142264975171e+01
-1.228567723509965859e+01
-1.414065846254198533e+01
-4.962313283418535548e+01
-9.922290806711595579e+00
-3.287253279897167602e+01
-2.598896010498071973e+01
-3.382031689706128219e+01
-9.333269962446280488e+00
-2.061337908850792289e+01
-2.254694274449745706e+01
-2.610696940215951667e+00
-1.228567723509965859e+01
-3.324457601116435512e+01
-3.620190724292362106e+00
-4.387413474364478105e+01
-4.575200850694542964e+00
-3.620190724292362106e+00
-1.121633848812844825e+01
-9.732680462051101600e+00
-1.657742093079217938e+01
-6.204878721787159179e+01
-2.630979898570626219e+01
-4.508098282399442880e+00
-6.061294298388848922e+00
-6.799761143757812931e+01
-4.810343521964797020e+01
-2.695907302922535997e+00
-1.402073554208546291e+01
-6.915346129569230449e+00
-5.918283167760425556e+01
-7.699694139598475928e+00
-3.396077255073883094e+01
-5.104812049795484796e+01
-1.277131581609045607e+00
-3.161798604680675595e+01
-3.136428783871809145e+01
-6.061294298388848922e+00
-1.009370196953415544e+01
-5.253378005117880889e+01
-1.830797259988544567e+01
-3.062768962821206742e+01
-4.509687698410894008e+00
-1.001455986032166656e+01
-2.238833194565352613e+01
-1.467893027883740942e+01
-1.442719588129543595e+01
-5.034929277513076329e+01
-5.576139237100046131e+01
-2.738470943403885371e+01
-4.999704101210275553e+01
-4.508098282399442880e+00
-2.693281820329710285e+01
-6.915346129569230449e+00
-9.504855781908005952e-01
-1.277491531704703576e+01
-3.186428703251717920e+01
-1.151497989666362010e+01
-9.023510144511845965e+00
-1.079154508447284933e+01
-5.282870255382309921e+00
-1.151497989666362010e+01
-3.287253279897167602e+01
-4.409570636202995075e+01
-5.676260457873236476e+01
-4.240201006372029013e+01
-3.156523511365082868e+01
-2.433730142264975171e+01
-1.214185506819254812e+01
-1.151497989666362010e+01
-2.943197435943121576e+01
-4.717423552790576480e+01
-1.546216889936896344e+01
-1.419371210714073683e+01
-7.382176227011099101e+00
-4.508098282399442880e+00
-3.566788624759196580e+01
-1.518956995550877043e+00
-3.843283420819872021e+01
-4.195490815766858361e+01
-1.638457436091014685e+01
-6.915346129569230449e+00
-3.875047772427587489e+01
-3.287253279897167602e+01
-6.904933927780959380e+01
-5.525243666678141707e+00
-7.245685755974067277e+00
-2.314933344722674136e+01
-1.593409270533872046e+00
-1.129426798701798873e+01
-1.193825846094759235e+01
-1.277131581609045607e+00
-6.087333391443103636e+01
-1.217253702626525858e+01
-5.010584489596523383e+01
-6.551637048573444311e+00
-5.525243666678141707e+00
-8.450846800192190145e+00
-4.508098282399442880e+00
-9.023510144511845965e+00
-6.632851286592946849e+01
-9.504855781908005952e-01
-3.136428783871809145e+01
-9.059894046934596545e+00
-1.546216889936896344e+01
-7.859654366571589001e+00
-2.772683879354183034e+01
-1.886161212432566714e+01
-2.949597513300619056e+01
-9.444584127580646360e-01
-3.382031689706128219e+01
-5.010584489596523383e+01
-2.176890445685667430e+01
-1.151497989666362010e+01
-2.759895558658070058e+01
-1.886161212432566714e+01
-3.602949882090646838e+01
-9.276800300532070054e+00
-1.591272654372968098e+01
-5.144762960570674437e+01
-6.642098846357909281e+01
-3.631260801834089591e+01
-2.423638187598834648e+00
-8.553237100013154404e+00
-7.256060030787238269e+00
-1.168153296009123210e+01
-5.525243666678141707e+00
-1.069110554436408123e+01
-6.061294298388848922e+00
-5.253414333838031069e+01
-6.915346129569230449e+00
-5.818448724196414190e+01
-9.023510144511845965e+00
-9.710332880791366250e+00
-9.504855781908005952e-01
-2.398606932492932131e+01
-8.437562160416954171e+00
-2.772025551879331751e+00
-2.119948969290382124e+01
-5.172537157146536657e+01
-6.044017031901125492e+00
-1.684466933507954067e+01
-8.611806011452467047e+00
-5.957433045104137648e+01
-3.202276838073579768e+01
-6.915346129569230449e+00
-6.888246675852612100e+01
-9.059894046934596545e+00
-2.376952291789839133e+00
-1.061894749144268069e+01
-1.841495225995601359e+01
-4.302375220241101772e+01
-2.030355780731018633e+00
-1.168153296009123210e+01
-2.772683879354183034e+01
-4.788462827346031681e+00
-4.701102391178852713e+01
-4.610637497414654717e+01
-6.061294298388848922e+00
-3.177190968046625841e+01
-2.476212691017639145e+01
-9.710332880791366250e+00
-2.943197435943121576e+01
-1.494295080320680569e+01
-5.042675871045510405e+01
-6.265562768579034270e+01
-1.714630875119658526e+01
-1.198596096414817680e+01
-9.293029779852359340e+00
-5.340516425283870916e+01
-1.546216889936896344e+01
-1.456188657960011845e+01
-4.509402426961797516e+01
-1.721268672407941480e+01
-3.487160249765064179e+01
-1.886161212432566714e+01
-5.758376238991793628e+01
-2.734682862532893921e+01
-9.758658155866356765e+00
-1.546216889936896344e+01
-9.905292500129146305e+00
-1.593409270533872046e+00
-1.319115873434206776e+01
-7.649787933046483523e+00
-1.151497989666362010e+01
-1.286414260260804987e+01
-1.494295080320680569e+01
-5.812104180116125463e+01
-2.910470506898991871e+01
-2.469711972614297935e+01
-9.384610391431525755e+00
-1.402073554208546291e+01
-1.591272654372968098e+01
-7.382176227011099101e+00
-1.047447821671977941e+01
-2.772683879354183034e+01
-1.131449634649426450e+01
-9.922290806711595579e+00
-9.632816071116810264e+00
-8.611806011452467047e+00
-1.930683122946670949e+01
-2.433730142264975171e+01
-4.192912553886979765e+01
-4.162812707925651523e+01
-5.033934826301737786e+01
-3.382031689706128219e+01
-4.377702244551984201e+00
-1.841495225995601359e+01
-7.730647722121585730e+01
-1.593409270533872046e+00
-9.023510144511845965e+00
-5.186550708799031639e+01
-3.566788624759196580e+01
-8.553237100013154404e+00
-1.286414260260804987e+01
-4.508098282399442880e+00
-6.299496611755082398e+01
-1.529472774415981995e+01
-1.378792029838416511e+01
-9.613727977096203858e+00
-8.328116403318553296e+01
-5.251069747289204770e+01
-2.105958090019839357e+00
-7.551732494577916555e+01
-5.010584489596523383e+01
-6.557015882457969269e+01
-6.061294298388848922e+00
-9.023510144511845965e+00
-1.700862311183590236e+01
-8.611806011452467047e+00
-2.423638187598834648e+00
-1.450352199218163918e+01
-9.922290806711595579e+00
-3.566788624759196580e+01
-1.276192379321164694e+01
-4.637935722611744183e+01
-1.593409270533872046e+00
-2.333419343412674252e+01
-3.094964509777572914e+01
-1.930683122946670949e+01
-2.423638187598834648e+00
-1.423268933699336714e+01
-2.257177362003926646e+01
-1.228567723509965859e+01
-1.286414260260804987e+01
-6.611502213525533023e+01
-7.256060030787238269e+00
-1.277131581609045607e+00
-5.204259981496143439e+01
-2.610696940215951667e+00
-1.504207804000479953e+01
-5.282870255382309921e+00
-2.433730142264975171e+01
-9.289452585782219884e+00
-2.176890445685667430e+01
-1.159686127651842291e+01
-1.293052974623267914e+01
-1.131449634649426450e+01
-9.710332880791366250e+00
-1.092396481634850680e+01
-7.547644459392209626e+00
-9.333269962446280488e+00
-9.444584127580646360e-01
-1.546216889936896344e+01
-2.327426679238119078e+01
-2.008270832603930245e+01
-2.844696374522953164e+01
-5.811012346474137757e+01
-2.141277719347055353e+01
-6.549674111216826589e+01
-6.915346129569230449e+00
-2.806714763656578526e+01
-2.312736394416313246e+01
-1.546216889936896344e+01
-5.443746356306989043e+01
-2.610696940215951667e+00
-7.382176227011099101e+00
-1.467893027883740942e+01
-1.092396481634850680e+01
-1.277131581609045607e+00
-1.254983793201950171e+01
-1.841495225995601359e+01
-7.547644459392209626e+00
-1.883391652296658592e+01
-9.023510144511845965e+00
-6.045337223291286222e+01
-3.817388946401185024e+01
-4.621679777220489882e+01
-6.661294298388848567e+00
-1.254983793201950171e+01
-7.256060030787238269e+00
-1.248471546974790236e+01
-1.580136614993373279e+01
-3.566788624759196580e+01
-7.547644459392209626e+00
-6.915346129569230449e+00
-2.961538696729226672e+01
-6.287856598439257816e+00
-8.038544871266033454e+00
-1.956998657475310210e+01
-3.758963971412703220e+00
-2.069178838333673198e+01
-3.344048462933489674e+01
-4.660480697814446671e+01
-4.122542235629428831e+01
-5.507381571698834222e+01
-9.838590951818762420e+00
-1.423268933699336714e+01
-5.598165600056211844e+01
-2.400872528363169067e+01
-4.508098282399442880e+00
-3.382031689706128219e+01
-1.488079189474715402e+00
-5.525243666678141707e+00
-2.030355780731018633e+00
-1.197114036429293904e+01
-1.667730765458256315e+01
-9.922290806711595579e+00
-1.198596096414817680e+01
-1.593409270533872046e+00
-6.061294298388848922e+00
-1.293052974623267914e+01
-9.710332880791366250e+00
-1.593409270533872046e+00
-5.290530353112820450e+01
-2.693281820329710285e+01
-7.547644459392209626e+00
-6.953196474327751275e+01
-2.219472294282002522e+01
-4.831130382847746318e+01
-3.055919413641739268e+01
-1.168153296009123210e+01
-1.044790381615344010e+01
-2.400872528363169067e+01
-4.162812707925651523e+01
-6.061294298388848922e+00
-2.049096605800711401e+01
-3.566788624759196580e+01
-2.061337908850792289e+01
-5.762426955552813013e+01
-5.098291192703146635e+01
-1.593409270533872046e+00
-1.990972583593483236e+01
-5.408321813833114078e+01
-9.032075421705307861e+00
-5.946171029248467299e+00
-1.145935236879624952e+01
-9.059894046934596545e+00
-2.693281820329710285e+01
-6.648983863577934983e+01
-2.176890445685667430e+01
-1.131449634649426450e+01
-7.256060030787238269e+00
-6.061294298388848922e+00
-1.168153296009123210e+01
-9.059894046934596545e+00
-1.402073554208546291e+01
-1.591272654372968098e+01
-1.402073554208546291e+01
-1.277131581609045607e+00
-1.467893027883740942e+01
-1.151497989666362010e+01
-2.069178838333673198e+01
-7.256060030787238269e+00
-3.202276838073579768e+01
-1.713479218173329244e+01
-9.444584127580646360e-01
-5.139913929144120885e+01
-8.960120808355874544e+00
-1.494295080320680569e+01
-7.344110641320989430e+01
-2.962684115076491054e+01
-6.480117638403841340e+01
-8.356029555817819698e+00
-1.012153845392099427e+01
-2.433730142264975171e+01
-6.044017031901125492e+00
-2.262138454528622589e+01
-5.954417200646394548e+01
-1.841495225995601359e+01
-1.546216889936896344e+01
-3.144714592441126300e+01
-9.521575403907867496e+00
-2.050198932325851331e+01
-1.902237601819563295e+01
-8.771834591142672721e+00
-4.045149150683335648e+01
-3.136428783871809145e+01
-1.593409270533872046e+00
-2.050198932325851331e+01
-2.697114016861278429e+01
-5.904070321487417949e+00
-9.086373522512932510e+00
-9.922290806711595579e+00
-1.713479218173329244e+01
-1.130366472558554314e+01
-5.464603234091661221e+01
-6.638263105217997406e+01
-3.566788624759196580e+01
-1.064650505748703857e+01
-2.965306938692968686e+00
-2.347356809957226531e+01
-4.783732980691595316e+01
-6.354925150798371902e+01
-2.161256205413116405e+01
-2.780605615184285639e+01
-9.710332880791366250e+00
-4.508098282399442880e+00
-9.365286219442726434e+00
-1.048784785647927897e+01
-3.292894733957854214e+01
-8.366051376867682521e+00
-2.697114016861278429e+01
-3.144714592441126300e+01
-1.129426798701798873e+01
-5.826540568109467699e+01
-6.424147769216342851e+01
-5.365235024440827516e+01
-2.296316137994681128e+01
-7.582788302331779917e+00
-4.802769223412822441e+01
-1.615905851422348860e+01
-2.011347683706765110e+01
-2.411574169402828716e+01
-1.949448733795115984e+01
-1.311301345418772790e+01
-7.640085239819407548e+01
-5.092552243615222807e+01
-7.542619621700424659e+00
-2.423638187598834648e+00
-5.315808304263238249e+00
-9.444584127580646360e-01
-6.195387387041134275e+01
-1.308371373100469626e+01
-1.121437062105233018e+01
-6.965241730923173691e+01
-9.059894046934596545e+00
-2.905701356495688614e+00
-9.521363448576297017e+00
-1.886161212432566714e+01
-1.286240166087389447e+01
-2.008270832603930245e+01
-1.768357692844010032e+01
-9.838590951818762420e+00
-8.553237100013154404e+00
-3.627400956384457231e+01
-6.353261250689435968e+01
-2.925318440640221951e+01
-1.863818814258032930e+01
-4.508098282399442880e+00
-1.129426798701798873e+01
-9.169644758366970905e+00
-9.849517311748295256e+00
-1.696235706325960280e+01
-6.544354039663538458e+00
-2.925318440640221951e+01
-1.277131581609045607e+00
-8.910204006472678628e+00
-3.002632408359334448e+01
-4.900556010794229422e+01
-1.785220433028042564e+01
-2.225502720484557884e+00
-9.922290806711595579e+00
-2.030355780731018633e+00
-5.016462099412994746e+01
-3.817388946401185024e+01
-5.747183970002460285e+00
-4.122542235629428831e+01
-1.129426798701798873e+01
-1.044790381615344010e+01
-2.772683879354183034e+01
-1.092396481634850680e+01
-6.957387331854079093e+01
-8.250245006085569344e+01
-1.198596096414817680e+01
-3.226749550154270008e+00
-5.123827827676618796e+01
-6.035380718792701060e+01
-1.555873806946402027e+01
-9.444584127580646360e-01
-1.198596096414817680e+01
-5.148234500307456329e+00
-1.485126733415908440e+01
-6.606317439176565642e+01
-1.198596096414817680e+01
-1.366802551873051996e+01
-5.957433045104137648e+01
-7.382176227011099101e+00
-6.635749449720918847e+00
-9.922290806711595579e+00
-1.068977613368159041e+01
-7.382176227011099101e+00
-3.292894733957854214e+01
-7.256060030787238269e+00
-4.531833685924856070e+01
-2.176890445685667430e+01
-2.290439876128641217e+01
-2.226390479560213365e+01
-1.220672895008505776e+01
-2.176890445685667430e+01
-1.887556655506183745e+01
-5.086615988335396743e+00
-2.454369268087205924e+01
-2.143472170571894964e+01
-7.991592138092523889e+00
-5.132627612497888236e+01
-6.532295634833214137e+01
-6.584959343807072685e+01
-2.400872528363169067e+01
-2.064340431872239634e+01
-1.700471583136218712e+01
-9.384610391431525755e+00
-1.402073554208546291e+01
-3.306003042358103983e+01
-2.213397788353584517e+01
-4.254423399309263232e+01
-2.630979898570626219e+01
-9.922290806711595579e+00
-1.198596096414817680e+01
-5.082110888031399298e+01
-1.228567723509965859e+01
-1.228567723509965859e+01
-1.277876839533486830e+01
-2.077645868736120960e+01
-8.211681717694604643e+00
-5.132627612497888236e+01
-5.891422084564418071e+01
-1.841495225995601359e+01
-1.129426798701798873e+01
-1.591272654372968098e+01
-4.775322725751872355e+01
-2.097029433511185204e+01
-5.447280172617593763e+01
-1.228567723509965859e+01
-6.857964710946163223e+01
-2.406320544880406942e+01
-5.253414333838031069e+01
-1.228567723509965859e+01
-1.168153296009123210e+01
-6.915346129569230449e+00
-2.920089593336360068e+01
-1.099387511137145168e+01
-1.546216889936896344e+01
-6.280302466795039606e+01
-6.915346129569230449e+00
-7.245685755974067277e+00
-1.402073554208546291e+01
-9.059894046934596545e+00
-9.710332880791366250e+00
-1.286414260260804987e+01
-2.128350880133627854e+01
-6.994099086479691607e+01
-5.105333289158966892e+01
-6.224838746458230787e+01
-1.494295080320680569e+01
-2.101925288675706938e+01
-2.074451989018966547e+00
-5.287519504752900446e+01
-1.841495225995601359e+01
-7.256060030787238269e+00
-2.630979898570626219e+01
-6.915346129569230449e+00
-8.553237100013154404e+00
-5.597201434960213362e+01
-6.817781732547101115e+01
-2.099861406854463652e+01
-6.512796985879722911e+01
-4.741325801687190022e+01
-7.382176227011099101e+00
-3.055964076182129840e+00
-9.478123973751646503e+00
-4.833258143114861127e+01
-7.465653940151893764e+00
-9.333269962446280488e+00
-1.277131581609045607e+00
-7.256060030787238269e+00
-4.323045372689598764e+00
-1.546216889936896344e+01
-4.205093066973645932e+01
-5.540022762216651842e+01
-1.182591151394872853e+01
-7.521977866067647511e+00
-3.396077255073883094e+01
-3.638661957095278510e+00
-5.329781074973890043e+01
-9.504855781908005952e-01
-1.402073554208546291e+01
-2.423638187598834648e+00
-3.566788624759196580e+01
-7.256060030787238269e+00
-7.256060030787238269e+00
-4.059985032783685455e+01
-1.297243304495422933e+01
-6.915346129569230449e+00
-4.717423552790576480e+01
-5.925692777229060226e+01
-2.343628883676792540e+01
-3.566788624759196580e+01
-2.238833194565352613e+01
-9.059894046934596545e+00
-8.560978469285723591e+00
-2.161256205413116405e+01
-8.553237100013154404e+00
-3.566788624759196580e+01
-8.038544871266033454e+00
-1.121437062105233018e+01
-1.593409270533872046e+00
-9.613727977096203858e+00
-1.591272654372968098e+01
-7.991592138092523889e+00
-5.282870255382309921e+00
-9.071091044787436886e+00
-1.220672895008505776e+01
-1.299812956504300310e+01
-5.729502920680236855e+01
-2.322925902582403523e+01
-3.136428783871809145e+01
-1.989593120919462166e+01
-1.131449634649426450e+01
-1.286681921643034521e+01
-6.061294298388848922e+00
-1.299812956504300310e+01
-7.083441667208508363e+01
-5.282870255382309921e+00
-9.838590951818762420e+00
-6.287856598439257816e+00
-1.333896053289630323e+01
-1.129426798701798873e+01
-7.205367699343018728e+01
-7.217276923285689350e+01
-2.935137220799924407e+01
-7.900357434259324130e+00
-5.487404439584112836e+00
-5.886363266897556734e+00
-1.304881378441435302e+01
-6.412340473713543076e+01
-4.329759683412219573e+01
-3.198926581323880924e+01
-6.237629572904569386e+01
-2.610696940215951667e+00
-1.841495225995601359e+01
-2.097029433511185204e+01
-2.433730142264975171e+01
-1.770207844484249193e+01
-1.168153296009123210e+01
-7.140756859037051640e+01
-5.166483740671168334e+00
-2.030355780731018633e+00
-3.566788624759196580e+01
-2.742067769276437694e+00
-4.508098282399442880e+00
-2.043697319968216775e+01
-2.026291864049964886e+01
-1.168191391400122647e+01
-4.631415761435503242e+01
-5.595138831826218961e+01
-8.894741371655774387e+00
-2.176890445685667430e+01
-9.281260592305789814e+00
-9.338037947870732935e+00
-2.004793756455458720e+01
-8.366051376867682521e+00
-1.277131581609045607e+00
-1.057554261741763035e+01
-6.287856598439257816e+00
-6.494614280645838278e+01
-1.220672895008505776e+01
-5.707832173886510319e+00
-9.710332880791366250e+00
-3.637925009907765173e+01
-1.191139340791022327e+01
-2.322925902582403523e+01
-7.973104479416613799e+01
-1.841495225995601359e+01
-4.888603580437079188e+01
-3.040277053950919850e+01
-2.037067679864238201e+01
-1.591272654372968098e+01
-3.867407270637733774e+01
-2.419064249488027940e+01
-9.640018684834316787e+00
-1.092396481634850680e+01
-5.624194104922040971e+00
-1.332975224626572341e+01
-7.245685755974067277e+00
-7.245685755974067277e+00
-2.423638187598834648e+00
-9.838590951818762420e+00
-9.859454017900779021e+00
-5.248793784317403066e+01
-1.131449634649426450e+01
-1.398862955326018920e+01
-2.030355780731018633e+00
-2.837859562157240845e+01
-4.282276817981679251e+00
-2.461102974961368162e+01
-3.658577531868882904e+00
-3.638661957095278510e+00
-1.228567723509965859e+01
-5.707832173886510319e+00
-2.097029433511185204e+01
-1.494295080320680569e+01
-1.286414260260804987e+01
-2.610696940215951667e+00
-3.122412950926619413e+00
-2.772683879354183034e+01
-1.019407575252775544e+01
-1.968155024255176144e+01
-9.838590951818762420e+00
-9.922290806711595579e+00
-6.412340473713543076e+01
-2.423638187598834648e+00
-9.426347812270787330e+00
-9.922290806711595579e+00
-9.710332880791366250e+00
-4.240066161787542143e+01
-1.168153296009123210e+01
-1.580260800581199554e+00
-5.257931897376550268e+01
-1.444761288348681028e+01
-3.462354172474969971e+01
-7.547644459392209626e+00
-6.190825072373073112e+00
-1.101431158531590171e+01
-1.071662743111362559e+01
-5.257931897376550268e+01
-5.148234500307456329e+00
-8.560978469285723591e+00
-3.301250614913121240e+01
-2.107624648413453627e+01
-3.817388946401185024e+01
-9.504855781908005952e-01
-1.746461327574245459e+01
-3.817388946401185024e+01
-4.837458291904027874e+01
-3.817388946401185024e+01
-2.214713286317856245e+01
-1.131449634649426450e+01
-4.728569473232012399e+01
-1.168153296009123210e+01
-1.446027435767658353e+01
-1.221373002550627973e+01
-5.525243666678141707e+00
-2.097029433511185204e+01
-2.026291864049964886e+01
-1.004347586304242412e+01
-5.010584489596523383e+01
-1.539589186791780051e+01
-4.122542235629428831e+01
-3.200182146559863838e+01
-9.710332880791366250e+00
-6.224634330778182800e+01
-4.945123962145455465e+01
-1.437972101002043779e+01
-2.130297623070618940e+01
-7.324397523808170263e+01
-2.161256205413116405e+01
-8.553237100013154404e+00
-5.623064551004414824e+00
-1.286414260260804987e+01
-1.198596096414817680e+01
-6.299572944233044325e+01
-1.591272654372968098e+01
-1.121437062105233018e+01
-1.494295080320680569e+01
-7.382176227011099101e+00
-1.228567723509965859e+01
-2.254694274449745706e+01
-4.014900185216134787e+01
-1.121437062105233018e+01
-3.382031689706128219e+01
-3.462354172474969971e+01
-9.444584127580646360e-01
-1.131449634649426450e+01
-1.591272654372968098e+01
-9.059894046934596545e+00
-5.468429659835608447e+01
-3.462354172474969971e+01
-8.998548257838535847e+00
-7.382176227011099101e+00
-8.189563093042734110e+00
-1.690610971267653895e+01
-9.059894046934596545e+00
-9.332601577292832573e+00
-2.087137800579492009e+01
-2.176890445685667430e+01
-2.101925288675706938e+01
-1.286414260260804987e+01
-1.630964766954797085e+01
-6.828947168453699135e+01
-9.434002678140732456e+00
-1.286414260260804987e+01
-9.059894046934596545e+00
-3.358737320866624021e+00
-4.343172393955131128e+01
-9.504855781908005952e-01
-5.254978535831716258e+00
-5.267915349066768727e+01
-3.853234885851720293e+01
-6.861226482068947519e+01
-1.198596096414817680e+01
-1.591272654372968098e+01
-1.241642679972477836e+01
-6.208495020614930304e+00
-9.504855781908005952e-01
-1.228567723509965859e+01
-1.185930054114960619e+01
-1.546216889936896344e+01
-6.666830539941753386e+01
-4.508098282399442880e+00
-2.772683879354183034e+01
-2.630979898570626219e+01
-2.975692412117184560e+01
-2.480396989620085435e+01
-1.228567723509965859e+01
-2.537732705108280484e+01
-1.652153658222665200e+01
-9.838590951818762420e+00
-1.101431158531590171e+01
-4.508098282399442880e+00
-3.817388946401185024e+01
-2.367165987313612163e+01
-4.019620664852350700e+01
-6.719925701638285176e+00
-1.200069892457354470e+01
-1.071662743111362559e+01
-5.004381265910154752e+01
-2.176890445685667430e+01
-2.972323166584676457e+01
-5.707832173886510319e+00
-1.198596096414817680e+01
-9.710332880791366250e+00
-2.697114016861278429e+01
-2.176890445685667430e+01
-6.237629572904569386e+01
-9.059894046934596545e+00
-1.286681921643034521e+01
-1.486558940692579966e+01
-6.061294298388848922e+00
-4.717423552790576480e+01
-1.546216889936896344e+01
-9.838590951818762420e+00
-2.772683879354183034e+01
-2.433730142264975171e+01
-1.131449634649426450e+01
-6.411005624324043595e+01
-5.094127564151627752e+01
-1.591272654372968098e+01
-1.362864494483807221e+01
-9.122142690061480153e+00
-4.508098282399442880e+00
-6.377934003133009178e+00
-1.228567723509965859e+01
-5.744624475615125192e+01
-2.254694274449745706e+01
-5.201241965438071269e+00
-6.150203411679879650e+01
-6.956510659744739655e+01
-7.649787933046483523e+00
-6.469482064757852413e+01
-4.438309757893601670e+01
-5.707832173886510319e+00
-3.915535222463983445e+01
-2.254694274449745706e+01
-9.504855781908005952e-01
-2.143472170571894964e+01
-1.997152610085394997e+01
-6.536240193766344930e+01
-6.406327921412683679e+01
-7.256060030787238269e+00
-6.325493112100772919e+01
-4.204954174879467388e+01
-1.636214795592145332e+00
-6.592243806382666271e+00
-1.593409270533872046e+00
-3.287253279897167602e+01
-1.061894749144268069e+01
-1.131449634649426450e+01
-4.141345334915813581e+00
-9.444584127580646360e-01
-5.927793596754116834e+01
-4.717869964325176113e+01
-5.282870255382309921e+00
-7.280071935236777847e+01
-6.287856598439257816e+00
-1.746461327574245459e+01
-2.008270832603930245e+01
-3.357125167982919489e+00
-2.161256205413116405e+01
-2.693281820329710285e+01
-1.494295080320680569e+01
-2.667998395566871750e+01
-1.398862955326018920e+01
-6.377934003133009178e+00
-5.637779839375642155e+01
-2.176890445685667430e+01
-5.707832173886510319e+00
-3.515026152875057708e+00
-1.131449634649426450e+01
-6.682234883808926895e+01
-8.041174380801695776e+00
-5.525243666678141707e+00
-1.198596096414817680e+01
-9.333269962446280488e+00
-7.547644459392209626e+00
-2.097029433511185204e+01
-5.596871775475723609e+01
-4.821851778311578585e+01
-2.433730142264975171e+01
-5.623064551004414824e+00
-2.921369765898558057e+01
-9.169890121477159539e+00
-1.467893027883740942e+01
-6.440062865301554496e+01
-1.613358031815909754e+01
-3.566788624759196580e+01
-9.883724311466339785e+00
-1.101431158531590171e+01
-6.138167760712516952e+01
-1.012153845392099427e+01
-2.064340431872239634e+01
-7.991592138092523889e+00
-2.176890445685667430e+01
-1.566394417039701459e+01
-2.838098519375631312e+01
-6.353992927028960480e+01
-2.294010411113552195e+01
-5.589834022370120437e+01
-2.168778050478051611e+01
-1.771734147164658779e+01
-1.277131581609045607e+00
-1.220672895008505776e+01
-6.249996484914215955e+01
-2.324615866196277025e+01
-9.434002678140732456e+00
-8.038544871266033454e+00
-7.111322735677751083e+00
-1.305573794723809655e+01
-1.129426798701798873e+01
-9.059894046934596545e+00
-9.059894046934596545e+00
-6.178509869432902235e+01
-9.059894046934596545e+00
-1.761995205932933928e+01
-6.061294298388848922e+00
-4.473474260729463481e+01
-4.377702244551984201e+00
-8.553237100013154404e+00
-1.310200637009186941e+01
-7.256060030787238269e+00
-2.177555023726291239e+01
-1.591272654372968098e+01
-3.092695340309029461e+01
-1.168153296009123210e+01
-3.136428783871809145e+01
-2.610696940215951667e+00
-1.151497989666362010e+01
-9.394131618416254881e+00
-2.694162789926598833e+01
-7.767413505714269917e+00
-1.874027233422995931e+00
-1.402073554208546291e+01
-7.304783395259856604e+01
-1.228567723509965859e+01
-1.799713306908645549e+01
-8.038544871266033454e+00
-2.972323166584676457e+01
-1.330145160671457205e+01
-1.841495225995601359e+01
-1.494295080320680569e+01
-2.423638187598834648e+00
-8.366051376867682521e+00
-2.630979898570626219e+01
-1.494295080320680569e+01
-1.151497989666362010e+01
-5.404486029300076666e+01
-8.618231404642539673e+00
-2.943197435943121576e+01
-9.710332880791366250e+00
-2.972323166584676457e+01
-4.717423552790576480e+01
-1.061894749144268069e+01
-8.853285603494286704e+01
-5.525243666678141707e+00
-6.198268247371800754e+01
-5.158123344501780849e+01
-9.394131618416254881e+00
-2.149277925714471493e+01
-8.861014454002200225e+00
-2.334649989963428851e+01
-6.563086116616156573e+01
-6.572589257000474561e+01
-2.772683879354183034e+01
-2.294010411113552195e+01
-3.566788624759196580e+01
-2.703222998756162809e+01
-5.957433045104137648e+01
-6.915346129569230449e+00
-3.071895456483828113e+00
-2.101925288675706938e+01
-1.591272654372968098e+01
-4.377702244551984201e+00
-2.724983981475671158e+01
-2.423638187598834648e+00
-5.868562600651615213e+01
-9.444584127580646360e-01
-1.494295080320680569e+01
-2.102974176840258735e+01
-2.943197435943121576e+01
-4.724725696819774612e+01
-4.877024284132345677e+00
-1.494295080320680569e+01
-1.546216889936896344e+01
-5.282870255382309921e+00
-1.494295080320680569e+01
-1.286414260260804987e+01
-1.823320309501807657e+01
-1.591272654372968098e+01
-1.286414260260804987e+01
-8.611806011452467047e+00
-6.586045662349701502e+01
-4.932072345789172374e+01
-1.566419933543254395e+01
-1.044058504595409076e+01
-1.051742957395412326e+01
-8.553237100013154404e+00
-4.198256424658877961e+01
-1.130366472558554314e+01
-2.196029263727091418e+01
-8.611806011452467047e+00
-3.210309394602398214e+01
-6.061294298388848922e+00
-2.161256205413116405e+01
-1.151497989666362010e+01
-5.422711908777703371e+01
-1.286414260260804987e+01
-6.170094985659373066e+01
-2.272142898181375870e+01
-2.119948969290382124e+01
-4.508098282399442880e+00
-1.198596096414817680e+01
-2.324615866196277025e+01
-1.442719588129543595e+01
-5.789973071565292173e+01
-1.274241639378938196e+01
-1.121437062105233018e+01
-1.990972583593483236e+01
-4.336411516565779323e+01
