-3.633175041427536200e+01
-3.587460644626775519e+01
-1.473587121423733137e+01
-6.020975277697260708e+01
-6.115357886783159813e+01
-7.003325552418483824e+01
-3.369192743593738726e+01
-4.442221429685211120e+01
-2.277418178696176554e+01
-5.655667851109867428e+01
-2.695059291799834966e+01
-2.385582487052773715e+01
-3.263771108054053371e+01
-5.283742928182598320e+01
-5.316273712556397157e+01
-1.972158435772477603e+01
-4.078176722207838623e+01
-1.501877866399993167e+01
-2.376393369573684211e+01
-2.209701686424772760e+01
-5.871966142043918779e+01
-6.403127247145124556e+01
-1.542280739472818141e+01
-2.533675981142840783e+01
-2.467069794204308053e+01
-2.376135473381605934e+01
-1.920477613062745448e+01
-2.978180381790217623e+01
-7.215122144609820509e+01
-6.088365316761076684e+01
-3.901929276248304035e+01
-6.181176396628016789e+01
-7.235749610915302554e+00
-3.615178272684531180e+01
-5.696737224746059525e+01
-2.422467520703063926e+01
-5.065621656821795682e+01
-1.780193436315983746e+01
-4.616151997856665190e+01
-2.851803543427880783e+01
-7.387735455828757836e+01
-3.033122889669083477e+01
-1.086311076296533784e+01
-3.191608638730690473e+01
-2.271018737179338132e+01
-1.602832443614394720e+01
-7.986644471168111181e+01
-2.916698808232544238e+01
-6.138593800812060408e+01
-7.646404962910914094e+01
-5.939969389128775390e+01
-2.076055137724346622e+01
-1.672237570173620114e+01
-7.199168599450065642e+01
-3.672703929448105953e+01
-4.581867251553209286e+01
-3.762378747899244047e+01
-3.156390595542132615e+01
-9.616113591538635319e+00
-4.579811116147006800e+01
-4.575740642427287952e+01
-2.137413243785408312e+01
-3.857324771356122994e+01
-6.963702485140618137e+01
-9.174285758256655043e+00
-4.519038763705371053e+01
-1.978059394976524032e+01
-7.985307086939859289e+01
-3.715336257362299932e+01
-1.713957825421658754e+01
-5.652228460565913792e+01
-1.703683356830465812e+01
-2.755973616455210973e+01
-1.938374611729190988e+01
-2.508175757212881152e+01
-3.834634028969913544e+01
-1.083164693683461905e+02
-8.796136218797682815e+00
-4.483971521783809067e+01
-7.159924450802124340e+01
-3.200036115700697792e+01
-4.218906776677077630e+01
-1.702496674588361003e+01
-1.325446567403265021e+02
-4.615821415863756982e+01
-2.103376460214149191e+01
-2.633547060513874882e+01
-3.929087462901699723e+01
-1.133594366008806098e+01
-1.844208128565448845e+01
-3.540224004872324315e+01
-4.379235622868674938e+01
-6.298330179981551424e+01
-2.479659752847131315e+01
-3.067251918033491620e+01
-4.230338626326629736e+01
-5.740169857118613095e+01
-7.541900761041949863e+01
-2.304165313777295765e+01
-6.790786730567462826e+01
-1.967056291933053913e+01
-1.533552102704164355e+01
-1.441235751277352328e+01
-3.344249474436299607e+01
-9.118486862581637098e+00
-4.569475277089777165e+01
-3.614254072631529624e+01
-3.423626641186349673e+01
-5.923684333905043786e+01
-9.058842754673317188e+01
-3.282165772855064745e+01
-6.506834173946451472e+01
-4.889094284890936137e+01
-1.295889408439682988e+01
-9.578865038138290799e+01
-3.407583158743814522e+01
-3.922383082929524534e+01
-1.736101501772491673e+01
-8.195613462674383953e+00
-3.117176149329770851e+01
-6.335520713179533914e+01
-1.382518818861654530e+01
-6.406137615847404732e+01
-2.653425698036053504e+01
-3.578578488720073381e+01
-3.341685687623803602e+01
-1.056057885890964343e+02
-1.277467469197002536e+01
-4.291003089357568712e+01
-1.236393771746669188e+02
-3.476534455711315275e+01
-1.202056826564337122e+01
-4.556601769289045478e+01
-9.027071186670923453e+01
-5.827210600636176707e+01
-1.887206661267935814e+01
-6.435289648422198638e+01
-2.277343298763083368e+01
-4.776769717019874406e+01
-2.276296066950918728e+01
-4.412940216028277263e+01
-6.998727835662580787e+01
-2.617227420097830404e+01
-3.154399260945633898e+01
-2.736451348472503042e+01
-5.784419447088021826e+01
-6.507017625861045929e+01
-6.314975143610742236e+01
-6.287793061690178575e+01
-5.326671961059948046e+01
-7.217171576781265685e+01
-7.000877976270760428e+01
-1.265131860126426133e+01
-3.855493205796152267e+01
-5.118294892012930575e+01
-4.730263334936346098e+01
-3.311639078070425768e+01
-3.593349338189813125e+01
-4.618268093289413656e+01
-7.101757747888130723e+01
-8.344171671515645983e+01
-6.464176857184931180e+01
-4.808978089642828024e+01
-3.423620043429331616e+01
-2.572557438559752896e+01
-3.377536006345302866e+01
-1.790015571414404150e+01
-6.544696692647708858e+01
-1.057176696181895181e+01
-1.099394191943062182e+01
-4.656195147571249748e+01
-2.842778276603652188e+01
-6.813733821328413853e+01
-5.516967936180131460e+01
-4.587385075678824364e+01
-6.289351355516454589e+01
-2.381132668911202899e+01
-1.440291289035921984e+01
-1.598083873555287227e+01
-8.176618089626327901e+01
-2.196021868392407939e+01
-2.693373946035975308e+01
-1.839251185394088850e+01
-3.456719976304460573e+01
-5.629490378998610822e+01
-7.812843251229948827e+00
-1.629725100237582325e+01
-4.312817708003234429e+01
-4.964583769637064137e+01
-3.353043663378401362e+01
-2.022195402162159894e+01
-2.687833695523529087e+01
-4.918687398549487000e+01
-5.816428339179869056e+01
-1.278949570536257596e+02
-6.569750880620752298e+01
-6.158343228606812403e+01
-4.854768149219312079e+01
-4.516369271138075447e+01
-7.627287689385681801e+01
-5.301465161020289685e+01
-5.421829991331181731e+01
-4.540598758076430386e+01
-4.471419264623007450e+01
-4.975052680946177475e+01
-6.035184277225089744e+01
-4.513511902660729902e+01
-1.153428761453622542e+01
-3.292851635455370740e+01
-3.909149038441790935e+01
-6.815748581495986969e+01
-3.720503626157269395e+01
-1.685804354414889872e+01
-3.808109520474851450e+01
-1.256888867006447086e+01
-1.620502310172051708e+01
-4.970809231816329543e+01
-6.103629429394682404e+01
-1.298896087968250157e+01
-2.624677532180643524e+01
-2.869695287262925376e+01
-9.030090787699531063e+01
-2.836103142080639472e+01
-3.154269108778832020e+01
-3.945677284882538061e+01
-7.141513204592979491e+01
-2.074725007107514685e+01
-3.184512427007498303e+01
-5.047917374163819204e+01
-4.478842885706747268e+01
-8.674492463800541486e+01
-6.567828481340802682e+01
-7.514518890029059150e+01
-2.503589133014332901e+01
-5.639454969423156427e+01
-7.279963884940775642e+01
-6.852727034823936947e+01
-5.697297727882212115e+01
-7.408423857018829040e+01
-5.648671375675375828e+01
-1.361108767273383648e+02
-4.382097420824899814e+01
-2.459111040465057485e+01
-3.893906104232296173e+01
-8.266002612161213392e+01
-4.590693529741716361e+01
-1.919918167107863738e+01
-2.066809915693539068e+01
-2.002578162034238218e+01
-7.791934914681627333e+01
-4.801735535047320269e+01
-4.793673454795928279e+01
-1.939197921611547315e+01
-7.533504103517894634e+01
-4.310639185776679483e+01
-1.343431350709238359e+02
-7.473578842843575387e+01
-1.074487425900758275e+01
-1.529516882679612166e+01
-1.395410608776491301e+01
-4.351145431278259679e+01
-9.437542572348430525e+00
-2.564073538374976735e+01
-4.742976369063337927e+01
-4.481893235584179536e+01
-3.835549502648456865e+01
-9.690390549338980009e+01
-6.466363622630019847e+01
-5.555185029503040539e+01
-5.975383657481204125e+01
-9.307763194221774228e+00
-3.762515315683312167e+01
-2.359208107873700300e+01
-3.761128453031339092e+01
-1.710784833927795390e+01
-3.841702466899925383e+01
-1.899269889638877729e+01
-4.570422259800237441e+01
-7.871254379579249871e+01
-1.131246893480796558e+02
-1.742295794485730553e+01
-3.207917538880865038e+01
-4.930606997174346873e+01
-3.213616257827061418e+01
-6.115263549232601292e+01
-1.811606788502818688e+01
-2.102014769250088833e+01
-8.055483225323516905e+00
-1.996042850936975555e+01
-7.520843326019252117e+01
-1.305639995184167468e+01
-4.470142050124529476e+01
-6.601782783150264322e+01
-1.961565411698148154e+01
-8.530378737700378622e+01
-1.198544526496812601e+01
-4.283366605483646339e+01
-2.262267403769601160e+01
-4.499713356249797158e+01
-5.027537789712163629e+01
-2.862734673634320259e+01
-1.222481594966139973e+01
-5.896327262186213147e+01
-4.401264918247306923e+01
-2.740032894096981053e+01
-3.880703054426609810e+01
-6.128081854022580899e+01
-1.493668104224114934e+01
-7.224250870698736549e+01
-2.592423548130054201e+01
-3.516617770669094512e+01
-6.669915344446199867e+01
-4.006896796550882556e+01
-2.891312273433180380e+01
-4.415044791848777095e+01
-5.150794350774207686e+01
-4.133033593694774765e+01
-3.384609868172305625e+01
-3.823533364458393891e+01
-2.454689711037346456e+01
-4.295819755686981267e+01
-7.481660643660226206e+00
-1.258230533976855838e+02
-4.798195161845605128e+01
-2.777657831591596960e+01
-2.863665075118678516e+01
-4.606093235872995706e+01
-4.298088951894256127e+01
-2.653236117600908628e+01
-3.148840364571108452e+01
-7.161616979351094869e+01
-6.545504991055447874e+01
-9.676892299527662544e+01
-1.363222774278621152e+01
-7.299394728157794532e+01
-7.172033082225752310e+01
-1.324735917934117424e+01
-2.861676013229647708e+01
-1.142858001593076800e+01
-2.094888491326833702e+01
-1.358082907789472671e+01
-4.487419866258417045e+01
-6.733032657503099472e+01
-2.012596388141232495e+01
-8.967804983339172509e+01
-3.917121725488842543e+01
-3.553859031016828141e+01
-2.188617824439608839e+01
-7.092484286456347320e+01
-2.539909187042873029e+01
-1.595379581274242753e+01
-2.711530590819940656e+01
-7.750654184912056621e+01
-7.637212589613741898e+01
-7.223605112507807746e+01
-3.685176379286305348e+01
-8.136492670515032444e+01
-3.016547714383241896e+01
-4.670216750536847172e+01
-2.722123736310549447e+01
-2.408384143060142080e+01
-1.511822818333553897e+01
-3.110708964448549096e+01
-1.971194319004390749e+01
-3.184099347729380014e+01
-1.116602850416783532e+01
-2.675702534071657013e+01
-1.413215484185547410e+01
-1.496766939986572709e+01
-3.757652512994373950e+01
-1.301380963726309687e+02
-4.500389001983691628e+01
-2.436212709350195027e+01
-8.383582998565076494e+00
-1.446342511478909998e+01
-1.548463815822660905e+01
-2.230362206075588816e+01
-5.747028271986839343e+01
-2.622046470146246122e+01
-2.856230458312040099e+01
-9.060612786211031278e+00
-3.499842621250805053e+01
-4.255956898885587947e+01
-1.254073873978480265e+02
-1.666143206166302448e+01
-1.332134099661846882e+01
-5.425487387081656721e+01
-1.078860649306845865e+01
-1.569034217391435249e+01
-5.305918145397389907e+01
-2.008675185305821742e+01
-4.568129512677371906e+01
-2.402938576222070921e+01
-8.739847974111512485e+00
-4.296682529547756246e+01
-1.508715066533920712e+01
-2.889029575419008111e+01
-1.124543194851810668e+01
-8.202542792586103815e+01
-1.694314764201861578e+01
-8.599781823949454918e+01
-1.201415055199506021e+01
-3.244951620978384454e+01
-2.220479581187963092e+01
-4.553557907762062484e+01
-2.393150560252047754e+01
-1.741297967118094903e+01
-2.294165089095793775e+01
-3.419767574689778655e+01
-3.218985338996587586e+01
-6.761735452861033480e+01
-5.757792556190402422e+01
-5.808472180816534092e+01
-2.427860820381076223e+01
-2.365107045634407967e+01
-2.958623545403028743e+01
-1.064565896347458995e+01
-1.073326076093022685e+01
-3.743288321596987345e+01
-4.434929697331996579e+01
-2.455215621040741425e+01
-2.932961217278570487e+01
-2.073570835801993439e+01
-3.673356168088466944e+01
-2.051023751939308681e+01
-3.046832327903856452e+01
-3.449083944134794422e+01
-2.347322623825260024e+01
-1.234368414130197422e+01
-2.686790742163998047e+01
-1.279596992772236064e+01
-8.437549243518711251e+01
-3.647261664792080182e+01
-3.706943594424885902e+01
-1.436438938238438645e+01
-2.421391719111979057e+01
-4.979903478100241898e+01
-2.816416690317364058e+01
-5.358048750985789610e+01
-1.025858359942560938e+01
-3.077009738921298521e+01
-3.177922731459928229e+01
-2.263203957753146511e+01
-1.600310531953651605e+01
-2.006253213084039544e+01
-7.071982318578149318e+01
-1.686297738811138913e+01
-4.443393618185469052e+01
-1.711713611943703128e+01
-2.507978103763013422e+01
-1.555736186219088246e+01
-2.843999262995865962e+01
-4.347373477916256945e+01
-1.083326076093022650e+01
-5.150417897147571011e+01
-4.509956222361201839e+01
-3.479704489814277935e+01
-1.013280510491218145e+01
-3.344230326986950530e+01
-1.631044375580388817e+01
-5.591907813706359320e+01
-6.554418336724209837e+01
-5.519689675436672616e+01
-8.848195179329196947e+01
-1.376045259419620770e+01
-4.681653893507864694e+01
-9.094686610477643285e+01
-4.351034326694099263e+01
-4.660627501973068831e+01
-4.241588220341880344e+01
-8.685329065959321326e+01
-9.165310487582858912e+01
-1.412908850281937490e+01
-4.595362636332545492e+01
-5.621520476809975264e+01
-3.779253720238398273e+01
-1.819667694827905180e+01
-4.130993797418627622e+01
-6.555883365283260389e+01
-1.354535814841070973e+01
-3.720275886686425082e+01
-1.245303320808592318e+01
-2.980028726636692582e+01
-4.590338473749473280e+01
-2.062385363941633187e+01
-1.906534195306178958e+01
-1.302612958187000558e+01
-1.086207826026519285e+01
-5.108271522068663018e+01
-3.845212869238820730e+01
-5.482366414413326794e+01
-1.850960392511811037e+01
-2.104343754872045835e+01
-6.642552862006431269e+01
-5.919895255054638028e+01
-5.477653344400021496e+01
-5.637474479362344937e+01
-2.188472473187349010e+01
-2.137725265595288349e+01
-6.615062287933039897e+01
-1.266266358994699992e+01
-5.586963841247345641e+01
-1.344638932746572024e+01
-1.792494798613482843e+01
-2.501793260588689449e+01
-4.832314430311149067e+01
-7.066116725480796390e+01
-4.169517771825147889e+01
-2.456443500682243197e+01
-3.733859491305648248e+01
-3.660018241468194589e+01
-7.929898847915573867e+00
-1.183682629159649835e+01
-1.007954920103635565e+01
-3.579559896018352561e+01
-1.705794563213619952e+01
-3.693180208138058163e+01
-1.455974162393798821e+01
-1.283108509556615751e+01
-1.379981045635899761e+01
-3.187464239372099328e+01
-1.715012596980390924e+01
-3.761932235842426309e+01
-1.670864274212107503e+01
-1.665370383045310732e+01
-5.027108345566792735e+01
-1.690000429409355931e+01
-2.343235170373874254e+01
-1.650537794210553955e+01
-3.370896968210859512e+01
-1.259500085757812293e+01
-9.491921159703458954e+00
-2.973729394140461935e+01
-1.966559008888182092e+01
-4.573060194209502072e+01
-4.082059346536686917e+01
-2.385137452754416643e+01
-1.385782618306591374e+01
-5.237263420983621387e+01
-1.216332851417115357e+01
-1.964021885844902116e+01
-8.882846200266959613e+01
-2.115939322693473201e+01
-1.055592932549541274e+01
-2.441045769705782931e+01
-5.496477381747720159e+01
-8.744593949992426474e+01
-6.517971002081624476e+01
-2.996242764297526051e+01
-1.250892287466354524e+01
-6.877151696323224428e+01
-3.006778676232198677e+01
-2.275985652968461181e+01
-2.238049093288980629e+01
-4.551334218251478347e+01
-5.199983627319249280e+01
-3.123368154476810687e+01
-1.267383276672271819e+01
-1.412479551798785238e+01
-2.171031119599319226e+01
-4.506955261200469920e+01
-4.804463492866045016e+01
-6.569065368997783594e+01
-2.017129352331352621e+01
-2.534051039659608051e+01
-1.942033180879463927e+01
-8.871799381025761022e+01
-5.713745925253085289e+01
-1.942963256301406361e+01
-2.962798333389790528e+01
-4.944738956465630508e+01
-1.157447732556491715e+01
-8.510613850756615761e+01
-2.482356845396344625e+01
-8.723130790157001968e+01
-6.414809519543726424e+01
-1.453635722405964792e+01
-7.042819324768812805e+01
-1.066493655654474537e+01
-1.165913597136207080e+01
-1.646246159430809186e+01
-2.809611516191234770e+01
-1.530576564368676529e+01
-6.802457132673407614e+01
-9.563166024026523360e+01
-4.025384958306488414e+01
-1.458600281631605000e+01
-1.626436438828350362e+01
-7.100484946439216571e+01
-1.492607581120683236e+01
-1.103209527400006529e+01
-8.770016315943661311e+01
-3.094299143303238253e+01
-6.450878316562670989e+01
-4.785675716683128655e+01
-5.482847760154908912e+01
-2.069291565436257230e+01
-6.986268896914792492e+01
-6.092808813164199222e+01
-1.286931320974062132e+01
-5.096454432864737072e+01
-7.219499892894519633e+01
-5.582782573101835055e+01
-4.192972098308150919e+01
-6.269901944963012141e+01
-6.260366948945930687e+01
-5.802901108344144632e+01
-1.319948972448367641e+01
-6.256098658399663748e+01
-2.944708593484753933e+01
-3.760186549461722905e+01
-1.346634038072266293e+01
-1.968436710574137294e+01
-3.535796955114883389e+01
-4.291410944139422412e+01
-9.552476098490402023e+00
-9.981181092245869024e+00
-1.564452398952886902e+01
-1.000057726145107573e+01
-3.428673886193793408e+01
-1.161128158761866125e+01
-1.141945497891606998e+01
-1.573121887762079574e+01
-1.476224526607646936e+01
-1.053378260012580903e+01
-8.467918859111054530e+01
-4.997572985785008370e+01
-4.022513830681220526e+01
-1.209843372826570018e+01
-5.191214047870083448e+01
-3.351783968876746655e+01
-2.393398258456283401e+01
-1.524281610583750002e+01
-1.828425567408697106e+01
-1.813292723770986825e+01
-3.194229449470851634e+01
-2.452689723713942271e+01
-1.890027181887607099e+01
-5.648157170030585661e+01
-4.506524778865098568e+01
-7.143705611406679168e+01
-1.808986553332753999e+01
-3.154723342913595729e+01
-1.767039705971553687e+01
-6.951533848350459266e+01
-2.862506733682871385e+01
-2.026264426008030384e+01
-3.578490539078715926e+01
-2.005724522054892134e+01
-8.257112403122890498e+01
-4.551525923362952852e+01
-4.845312257906442710e+01
-5.209002671765664871e+01
-1.194333151927097880e+01
-7.278544754238470205e+01
-2.286294943009307801e+01
-2.212714935495301205e+01
-4.737070779457814496e+01
-1.994495612827279274e+01
-5.065916585612248468e+01
-1.113431305135603964e+02
-4.889778605297307479e+01
-1.869002269536669303e+01
-3.360355255644372363e+01
-7.119179964726383503e+01
-2.078356330206773350e+01
-2.511986808778846125e+01
-5.534881694345781966e+01
-3.714649736721381856e+01
-3.057607118744779839e+01
-8.454339231626352102e+01
-3.755755621127435262e+01
-6.314036994281421045e+01
-4.504771474024395417e+01
-1.493844138709259006e+01
-1.483013686337189974e+01
-3.108562244886072534e+01
-3.049139992723603854e+01
-1.053888155223151557e+01
-4.742267950495784135e+01
-5.241663299423120037e+01
-1.864279385724225691e+01
-1.272862345405281737e+01
-2.764693386829378241e+01
-4.098896452395090506e+01
-1.795948027938991132e+01
-2.817490343362355176e+01
-6.152759843248716720e+01
-4.195592620972716702e+01
-4.639367281348830829e+01
-1.194857117568299820e+01
-1.586895883625411763e+01
-5.272591212834381480e+01
-1.040618685788505893e+01
-5.459409928626515551e+01
-5.768683437990883078e+01
-3.327109903699427207e+01
-6.427616204004186784e+01
-2.951584152164967279e+01
-2.203651150621211841e+01
-2.143673386842931805e+01
-8.871131123189675804e+01
-5.973546189740095258e+01
-5.089380528338224963e+01
-4.791781446047931325e+01
-6.682348088563014699e+01
-2.014573603213063890e+01
-1.317036498457139082e+01
-2.284773673471209676e+01
-1.872423716395102389e+01
-1.814345884251236640e+01
-1.493626288207595287e+01
-3.719755843451831367e+01
-1.167321420071031746e+01
-3.467017616780967160e+01
-2.751026566561690956e+01
-7.057863996887441260e+01
-1.319084351332377203e+01
-6.531003909913508210e+01
-3.598434967760285019e+01
-8.360877664204797100e+01
-1.557508816381052696e+01
-6.846729169009827842e+01
-1.076016481843368489e+01
-3.152641134441346438e+01
-5.495124627854489319e+01
-3.362973827102360502e+01
-1.164621212442061626e+01
-5.672841606188409713e+01
-4.151391918304519635e+01
-1.560782120779358806e+01
-3.768101942454559605e+01
-2.963941016861499023e+01
-2.325444623952832046e+01
-3.358140641135305060e+01
-6.314403995332767039e+01
-2.344544088142831839e+01
-8.344234440771559491e+01
-5.591033831515423458e+01
-1.336026356880070587e+01
-1.869236912539191664e+01
-5.437509435715389117e+01
-1.717411360307485424e+01
-2.368969030880468907e+01
-1.021956476094360511e+01
-1.262311850803777347e+01
-1.252780027303158938e+01
-4.301957199653757868e+01
-5.416524797101701694e+01
-6.769672729900726438e+01
-6.248692221130819746e+01
-4.588187051371598812e+01
-1.575202144335267640e+01
-2.733752936948240375e+01
-4.288777131034285617e+01
-1.554317539815186855e+01
-4.281676683599933853e+01
-1.526202334012328166e+01
-2.826263797246541998e+01
-3.575423634369326464e+01
-5.839481579717879356e+01
-8.172767955085284086e+01
-4.507429757031628981e+01
-1.403725803302375219e+01
-3.204397683492681637e+01
-9.380052404728232318e+01
-6.307959360556608175e+01
-2.897782611318637436e+01
-5.372257593592079417e+01
-8.753215318414669355e+01
-2.090263577888213931e+01
-4.264797221733227417e+01
-3.402834851001269811e+01
-9.008361981323207601e+01
-3.886962196664962477e+01
-8.129131638103159219e+01
-3.118725819633647589e+01
-9.501596363705291992e+01
-2.084491862977139931e+01
-5.306922671772154843e+01
-2.005603872496874729e+01
-2.064587428729413077e+01
-8.362955274047232024e+01
-9.055359197775796787e+00
-4.597372269212677764e+01
-6.012535421564606253e+01
-3.560694973223947102e+01
-3.621989963366400644e+01
-5.031047589438784939e+01
-3.198522011299255041e+01
-2.989360822575023491e+01
-2.843568695568891869e+01
-1.887753421380593721e+01
-3.667064400735878849e+01
-5.559081526820384767e+01
-2.867211400418330314e+01
-1.445114899062150471e+01
-1.571025621333084032e+01
-2.883406516989034429e+01
-2.018811934866683799e+01
-4.797036579994471595e+01
-5.555559414159097997e+01
-3.554226345890941730e+01
-5.273998744489905732e+01
-1.531703537767441148e+01
-1.509057436044646394e+01
-2.250404640470877382e+01
-4.929298989308285428e+01
-4.027755906920571505e+01
-1.059959511461661208e+01
-4.372640411267539662e+01
-1.762006022217714474e+01
-5.120483659986074798e+01
-1.607633446682210732e+01
-5.437608529205057550e+01
-3.915509062171587118e+01
-1.502593831148117509e+01
-1.408526594497117834e+01
-4.813718289548552320e+01
-4.585830160325896543e+01
-1.961859060693253198e+01
-1.735165003714486076e+01
-6.913471573258868830e+01
-3.691595086800080594e+01
-2.941573591681481759e+01
-1.711020134338609466e+01
-5.360976533159762880e+01
-3.031628833671957324e+01
-2.334773238036921228e+01
-1.804607493829425735e+01
-1.698098681267978804e+01
-1.975193489099891764e+01
-4.615569445315603048e+01
-2.131864973093669136e+01
-8.090821624927106370e+01
-5.244385059554539907e+01
-3.862274259177781488e+01
-4.391147262544893692e+01
-3.687069636161301389e+01
-5.695947668168781775e+01
-5.387972667597236409e+01
-2.387978042321893923e+01
-3.823222317281052085e+01
-3.783946634201733161e+01
-4.531210013662343528e+01
-6.352196871692986946e+01
-1.555263549749138363e+01
-2.978846969600374806e+01
-2.348820716439859169e+01
-7.104518986473330244e+01
-6.730707646145906153e+01
-1.773258767396453806e+01
-1.172050393598756024e+01
-7.047822750781142531e+01
-3.561740721669470844e+01
-3.179961715144620271e+01
-4.014169539482691818e+01
-4.853153408611056108e+01
-1.347009851688306981e+01
-5.718767140389264370e+01
-2.798570652695100236e+01
-1.171240757865533588e+01
-1.085183517950190257e+01
-8.646403727402899975e+00
-1.613173655398251327e+01
-2.078006968120662989e+01
-2.093925157954657479e+01
-5.433593194633898804e+01
-8.232752179883701160e+01
-3.620649144673102171e+01
-4.179438226668897727e+01
-1.118087646131021096e+01
-2.892702964846319347e+01
-2.209789834389726337e+01
-1.641543163261026805e+01
-8.927844736276210114e+00
-3.700694574527818759e+01
-1.707696511690970453e+01
-4.728144103001918808e+01
-4.511242509935416933e+01
-1.234065044015869894e+01
-5.587996164162672130e+01
-1.913988001293490271e+01
-2.103535877577497004e+01
-4.952512701962606201e+01
-1.750136333759797225e+01
-1.538060332506914385e+01
-4.628384073476061644e+01
-1.140974575863687690e+01
-2.518859592656080437e+01
-3.854873643501515801e+01
-1.371789714165509722e+01
-7.036105907982509677e+01
-4.697845270698524445e+01
-2.488629501008805178e+01
-1.566176064899376463e+01
-4.336548117025046167e+01
-7.056130805868112077e+01
-1.183138125822372011e+01
-3.599858300353086804e+01
-6.484971255829671577e+01
-8.756433945301492372e+01
-5.418695286482276430e+01
-4.700973224755473723e+01
-1.800221211736307225e+01
-1.757871952398354409e+01
-1.941662182923343138e+01
-2.446049151941991440e+01
-2.907232596443698025e+00
-1.617605392347317306e+01
-5.940768410336436034e+01
-4.459519313606192981e+01
-1.393213467624856428e+01
-2.652635976739749424e+01
-1.083424021404904103e+01
-1.391162084061853754e+01
-1.000411603532768900e+01
-2.012298438104633291e+01
-3.196743893155391092e+01
-1.107338897610240203e+01
-1.779444791897670086e+01
-4.892618594776254071e+01
-8.681748090104311188e+01
-1.820535990470375154e+01
-1.681865894430233155e+01
-1.192362806974875689e+01
-3.452222400308859562e+01
-1.742976914853786141e+01
-2.409688496784227141e+01
-8.667565547690609051e+00
-8.423930066008317397e+00
-3.199129019550802511e+01
-8.363971357492447467e+00
-3.054921157810199261e+01
-7.143261303604586487e+01
-4.920377095030804071e+01
-1.301802622592731851e+01
-1.634872933114114701e+01
-4.973722026571979171e+01
-3.012965625513661294e+01
-2.135968547646883664e+01
-5.365678769231347189e+01
-2.023587702413331257e+01
-4.645163084380510554e+01
-5.955129800123586392e+01
-5.353709455467897271e+01
-2.881042565584670712e+01
-1.631952367880840882e+01
-1.210078725814203082e+01
-3.807355389392611045e+01
-1.501892674387342907e+01
-1.423695398738113838e+01
-3.563470513698408126e+01
-1.174720479934566164e+01
-2.315806093085542727e+01
-3.217146794672358112e+01
-4.489565735289286152e+01
-9.050811163114443048e+01
-9.514249352397864357e+01
-5.720660962726823584e+01
-3.584083418035611146e+01
-5.153901131478057351e+01
-1.706452920358190184e+01
-9.158622289877282441e+00
-8.980156069176054245e+00
-4.701420859207333081e+01
-2.627625631828676944e+01
-1.412526480932057993e+01
-1.634050609671298560e+01
-2.899549144396606692e+01
-3.777533906649436091e+01
-2.696313989679028467e+01
-1.178252612344738282e+01
-2.422699278493636044e+01
-7.516078940239066419e+00
-9.076367828630867507e+01
-1.473794544923583416e+01
-5.816405442549123705e+01
-1.456487470847726406e+01
-1.881228929636427338e+01
-1.341875029845177636e+01
-8.091012305888037659e+00
-1.280599389751741413e+01
-1.361301884653303240e+01
-1.505913328508968263e+01
-5.191298154860429293e+01
-3.426867463617201182e+00
-4.742399341711641370e+01
-2.236047937628166693e+01
-1.761957538798980138e+01
-1.724152946379512130e+01
-3.742501863571387588e+01
-4.076913495488135197e+01
-3.296978444460934554e+01
-1.555115010764272832e+01
-3.959645299005315167e+01
-5.405651305947582586e+00
-4.132435873956766414e+01
-9.284782949436106492e+00
-4.223805076012012449e+01
-1.418267018394772627e+01
-5.597231524810552372e+01
-3.029685617741370507e+01
-1.922872851816402928e+01
-5.529226247561690855e+01
-3.465012852795300802e+01
-3.705907169901763609e+01
-1.087404079218521602e+01
-1.426318766912172364e+01
-3.827114798353974123e+01
-2.531471822854977560e+01
-9.367987932251756078e+00
-1.655533056062238373e+01
-2.713196359180905404e+01
-4.631284469815003746e+01
-4.174081066143388341e+01
-2.067931307731129209e+01
-3.641762242309578124e+00
-8.681401393930033805e+01
-1.863813447544820434e+01
-5.795513176418450030e+01
-4.227820543574554080e+01
-1.534820508811271544e+01
-1.338892337144583244e+01
-8.964118372647487121e+00
-2.013208945220991453e+01
-6.419190769748777825e+01
-6.776601087187489725e+01
-7.614024531169225440e+01
-2.073500318775854012e+01
-2.563887726913189624e+01
-3.237376364204848755e+01
-2.009302401445707886e+01
-1.633219195098358156e+01
-3.616697466406021988e+01
-1.161898108821591791e+01
-6.309178209012612371e+01
-3.727008251822451967e+01
-2.442484089793817859e+01
-1.480802214370623915e+01
-3.807515392969328616e+01
-3.640694642483951782e+01
-1.388600848830911261e+01
-5.408629263957018196e+01
-5.545271354788128093e+01
-1.501183192183473913e+01
-4.837762642359137999e+00
-4.534607899300690548e+01
-3.453353527476004103e+01
-3.236711366307685012e+01
-1.425851205735169991e+01
-6.636044086529092567e+01
-2.935376667938232131e+01
-2.098092934981945135e+01
-1.416189864972825063e+01
-3.162765060974624376e+01
-6.945248815416556454e+01
-2.096429488579613576e+01
-7.764617906880945952e+01
-2.505034505526200661e+01
-5.881630155134273252e+01
-3.105307584803750487e+01
-1.069626272131147005e+02
-1.050559008424630214e+01
-5.367778347032434283e+01
-1.550350258355055644e+01
-5.343738115311193582e+01
-7.939392676794351189e+01
-1.663697934147392132e+01
-5.453824174806955227e+01
-1.914109321499516980e+01
-1.104770925325235353e+01
-2.269312311391525583e+01
-3.019186453835645167e+01
-1.227564628604313768e+01
-6.114754847344962485e+01
-6.953262593505475309e+01
-4.000198155158697944e+01
-1.177533876630902512e+02
-2.723694990934868798e+01
-5.265432700850388414e+01
-3.410042506703290144e+01
-5.410784505410997980e+01
-2.881137682122781740e+01
-5.358830063003396305e+01
-1.200131899148394155e+01
-1.683770059936295027e+01
-2.169244624225965268e+01
-3.696171476334480133e+01
-1.099132807608328477e+01
-6.159953741091815971e+01
-4.946350921303653791e+01
-8.770190135457909264e+01
-2.603206809153354939e+01
-3.143269704607599024e+01
-4.077965307268698325e+01
-7.658181542153428722e+01
-9.642882316999764214e+01
-3.360566008121502080e+01
-1.280223560555056039e+01
-2.209386329509720071e+01
-2.760130273404728385e+00
-1.170433787649681001e+01
-2.312038724967633740e+01
-1.149237519487478565e+01
-9.078951692107636973e+00
-6.226962235278796953e+01
-8.290720443980539756e+00
-6.518233858124281710e+01
-6.452619426107564493e+01
-5.818268328681865142e+01
-1.108090576888808343e+01
-1.313479684238921230e+01
-1.911238163487229613e+01
-8.242966226054464940e+00
-2.072917389310283909e+01
-2.592446773714980779e+01
-7.342690363639722761e+01
-9.691611919459282021e+00
-1.368456482454850764e+01
-3.828902103263951773e+01
-6.433490046670027596e+01
-7.291877562488656039e+00
-1.956956910658184157e+01
-2.381035906188179041e+01
-6.403658783777525798e+01
-1.446234671746266365e+01
-2.743511060101700849e+01
-1.824917834642302239e+01
-1.619420786939457102e+01
-5.724015692760974616e+01
-6.600428915455934487e+01
-6.035685314847143701e+01
-2.901741605729721130e+01
-6.318732119880140630e+01
-4.608011846388669142e+01
-5.244084414277351414e+01
-6.949105521960559884e+01
-1.560998955944489630e+01
-7.060323225827470139e+01
-3.712711882581652389e+01
-4.164921440289251819e+01
-9.644122598150822512e+00
-4.546989121750856100e+01
-4.236465573874236412e+01
-4.774054008573374830e+01
-6.973709908171758798e+01
-2.135025035801784909e+01
-1.345935136523187303e+01
-4.538771217433058780e+01
-1.669308323593260113e+01
-2.846008107408287202e+01
-1.965498773657157372e+01
-4.178669697926950022e+01
-9.535656118588403274e+01
-6.127035110773854143e+01
-7.356738835885018091e+01
-8.520086441546483869e+00
-4.927009740891902823e+01
-8.177008698785471097e+01
-1.977913460010056923e+01
-2.741778845070070503e+01
-1.184149873608370207e+01
-8.911057840305772970e+00
-4.309655633384797113e+01
-1.389532025108965385e+01
-2.050275212277344394e+01
-1.960166773387837935e+01
-1.302629028028407454e+01
-1.930405656613741883e+01
-7.072493372688091995e+01
-3.109886238987177620e+01
-8.447961130188912193e+01
-3.594337469428063514e+01
-6.768064822096280864e+01
-1.598890810318888356e+01
-5.121525672505882909e+01
-1.440473727958297800e+01
-4.026613798366493313e+01
-1.847970668594637900e+01
-1.267648378056653513e+01
-3.319654036433271216e+01
-6.492653473551403920e+01
-3.183921236996139470e+01
-1.509106699039024768e+01
-3.665779192941735687e+01
-1.673492901374022424e+01
-5.667904658812032892e+01
-7.675620550782586804e+01
-9.137578429939352986e+01
-4.903645417299665610e+01
-1.900512124407413950e+01
-5.642174242452549748e+01
-1.106143796226718479e+01
-5.440109923520316215e+01
-3.400690746057482272e+01
-1.951496829985558534e+01
-3.211419140903367975e+01
-2.413204136596276328e+01
-4.441290616879991404e+01
-2.304782448329160260e+01
-1.607169940061006130e+01
-5.729941145441681272e+01
-1.888732686353020895e+01
-1.352597454132846799e+01
-7.401709088345398868e+01
-1.992714631860547314e+01
-2.015808895847655080e+01
-7.150775793956969828e+00
-4.313565887111384001e+01
-5.894225752655975015e+01
-7.569064513454208942e+00
-3.714146812349935800e+01
-3.270710350333259520e+00
-1.821348827222578137e+01
-1.763020281116532217e+01
-6.419190769748777825e+01
-1.051244692941160608e+01
-5.211051132442720046e+01
-8.401026369828393570e+00
-1.200969721286137926e+01
-9.128533040549497102e+00
-6.537128526794048433e+00
-5.606648412892565858e+01
-1.198304456240545512e+01
-5.023920574261124017e+01
-1.083011008470148440e+01
-7.573725726858993923e+00
-1.259378170004258735e+01
-1.148280665714821680e+01
-2.285515071481189864e+01
-8.078421654064919721e+01
-3.283125183788068568e+01
-6.615065539694001018e+01
-3.522791590626910363e+01
-1.203451452202991767e+01
-2.439823886177282120e+01
-1.876675273081331241e+01
-1.124710265874358868e+02
-1.841604706596293894e+01
-6.345116572330580595e+01
-3.997858153805920978e+01
-3.525075443740487202e+01
-2.092278082614456736e+01
-1.502863763063801095e+01
-2.355213052822206166e+01
-5.468516344979705934e+01
-1.883941503155597275e+01
-4.808020172282908078e+01
-8.057300433940972084e+01
-1.737137755607620093e+01
-1.300284685090395698e+01
-9.037136550451005945e+00
-2.903218583320049362e+01
-1.056173255152034685e+01
-8.352289567295748896e+00
-1.194895203208935186e+01
-2.115486943590209634e+01
-5.064805039474200044e+01
-2.253456510851535199e+01
-2.126215415899766015e+01
-1.115344508117174271e+01
-1.270103590892824741e+01
-1.100508890064674716e+01
-1.816615338068362817e+01
-1.876534999517364000e+01
-1.805191854856724021e+01
-2.627844937740348996e+01
-2.843915850728429007e+01
-1.219745898357132461e+02
-6.325124251368645645e+01
-1.581900487004153000e+01
-4.462414938048059554e+01
-1.922124959076813866e+01
-2.005840446339522387e+01
-1.264349151922567316e+01
-1.474866909370764567e+01
-5.783699632812634661e+01
-4.522511769159291362e+01
-1.977934381381609086e+01
-1.384424696174788316e+01
-1.122189612452830687e+01
-3.821720092263721824e+01
-1.917988767072625222e+01
-6.521376527753729135e+01
-1.924390821712833954e+01
-4.581427442013401929e+01
-4.268862836462650989e+01
-2.585338220137430554e+01
-2.116689314990462734e+01
-5.695608960952485944e+01
-4.670135941087848153e+01
-5.693556208377437144e+01
-1.801681456105668033e+01
-2.973155575622954316e+01
-1.398464067055824600e+01
-3.594334942708746894e+01
-5.540443312510643636e+01
-1.213148024241585610e+01
-2.889426727683576246e+01
-1.177146550001226366e+01
-1.449527634446070579e+01
-1.254037617003426419e+01
-1.323410376979878933e+01
-2.699525394312588134e+01
-1.782686247751676234e+01
-1.966562618601397361e+01
-7.637427811645888909e+00
-1.568479874230023086e+01
-1.266632176223398254e+01
-2.031151426856868625e+01
-6.952484241138159859e+01
-2.002360405647312902e+01
-1.957942992266477589e+01
-4.032488143795113444e+01
-2.397972211376429641e+01
-9.272823305780223180e+00
-5.803186358634257402e+01
-1.023491574924818970e+01
-5.213102013980608973e+01
-5.228097376481620273e+01
-7.341674242016564733e+01
-6.602615020203468532e+01
-6.007510500536149323e+01
-7.408493472649460898e+01
-6.389794107239338672e+01
-4.305211745604891860e+01
-1.490149219156545257e+01
-2.253376733748131855e+01
-7.036967469610198123e+01
-1.091984156103935355e+01
-3.136655905119243215e+01
-1.952862376003504252e+01
-4.033936514073144508e+01
-8.107659477565521300e+00
-2.086525234799006512e+01
-1.475054763733818319e+01
-3.053280311130576763e+01
-3.669061082593513134e+01
-1.135893259393242261e+01
-3.471094023027357167e+01
-1.159590828362199133e+01
-6.130604788172077946e+01
-9.062078613962228246e+00
-1.958393561834578023e+01
-3.969545309740458805e+01
-1.309782314945474546e+01
-7.860238051223716127e+01
-4.322323599039162900e+01
-1.296225747501221548e+01
-1.232315520835726197e+01
-3.459570703745569631e+01
-1.217034082749717427e+01
-1.671090107924773349e+01
-1.518404421194637344e+01
-2.669382547645024673e+01
-4.628695146780313507e+01
-9.615191496190233522e+01
-4.629474176375916272e+01
-1.279055294121587316e+01
-1.926173866192720041e+01
-1.360580682115529427e+01
-1.798672604310246470e+01
-5.446411627421247204e+01
-1.596046489863923057e+01
-2.462307656902162378e+01
-1.798672604310246470e+01
-5.365027299753783296e+01
-2.044870504551058588e+01
-1.706828615574908881e+01
-6.587530191931291768e+01
-2.890340002853351109e+01
-2.815317490562487279e+01
-2.315542039078802716e+01
-6.775744277232663038e+00
-1.761545913660339835e+01
-6.110069963664606973e+00
-2.034561396001172184e+01
-1.088324360538141455e+01
-1.727139377709295331e+01
-1.574908386196435650e+01
-1.703753090806347359e+01
-7.964484125993661223e+01
-7.361350853055709820e+01
-1.184851112085559066e+02
-1.342555426317980682e+01
-1.637452965308400010e+01
-2.325391720275229801e+01
-8.250332747723282623e+00
-1.595693605628493472e+01
-5.306915276013126004e+01
-1.600350067078029781e+01
-4.061378993101437374e+01
-5.212088607282120023e+01
-1.306986784260961798e+01
-3.156297014344655949e+01
-4.306327131813900877e+01
-6.081863770410767245e+01
-1.013610798055439517e+02
-6.244028811087932951e+00
-1.798672604310246470e+01
-7.258902231756499290e+00
-5.228387655860976224e+01
-4.929298989308285428e+01
-5.745068713224684842e+01
-3.844434735563419991e+01
-2.505932505365088403e+01
-3.774088118360570832e+01
-2.380748345338629335e+01
-3.531672399309603350e+01
-5.634680741390259584e+01
-9.424490951982203768e+00
-2.810191469663080355e+01
-2.252891502348725083e+01
-5.369181513287349361e+01
-1.550841112710797809e+01
-3.341544124153142548e+01
-4.930920475828542493e+01
-5.630259701762120272e+01
-1.173763278466442195e+01
-5.214823682129626548e+01
-7.658579625645608679e+00
-7.362834205678912269e+01
-5.569807981572935773e+01
-6.665474351248511198e+01
-1.286986784260961691e+01
-1.492444754586150069e+01
-5.247308187255697476e+01
-1.106805794700399481e+01
-6.089052105514883806e+01
-3.557810647054088093e+01
-1.900794142054277813e+01
-3.031212008738242503e+01
-6.940445315498823220e+01
-1.741219991735164641e+01
-1.934602076183153230e+01
-1.107767348161982213e+01
-1.118758786465289745e+02
-2.684973990440693825e+01
-4.521336020742462836e+01
-4.546712135659548437e+01
-2.469448402328454506e+01
-1.124574179503355680e+02
-1.086982142689760344e+01
-1.516193981656653200e+01
-5.555182212207136416e+01
-6.330174163027638912e+01
-4.263175377870256710e+01
-1.460160455287441295e+01
-1.892699901630992798e+01
-3.570930792308841717e+01
-3.994456396252360975e+01
-4.870326582550065098e+01
-4.778331274146676577e+01
-4.540277457681759188e+01
-6.450308450757066936e+00
-4.162164978074058297e+01
-2.683096665699807204e+01
-5.296375797888497772e+01
-1.488233932124594716e+01
-2.501627468851107494e+01
-2.573915283492593886e+01
-1.891962971630210788e+01
-4.444812254501110971e+01
-3.911486907454175821e+01
-7.358208923857252159e+01
-4.020232682123128143e+01
-1.355061195420593023e+01
-7.928266386665599796e+00
-1.174516913293109468e+02
-7.852996187943337425e+00
-7.375248545646014975e+01
-1.551974726871238985e+01
-8.185341521489421268e+01
-6.413718749627372517e+01
-4.146964864464816003e+01
-3.403103863452629696e+01
-3.541074158081278256e+01
-6.265617049650828108e+00
-1.729272189187711106e+01
-1.991896242001953610e+01
-7.392206190261464371e+01
-3.838577993441081304e+01
-1.240774296967243373e+01
-5.223569335249056422e+01
-1.448630656903409353e+01
-2.032323966414893590e+01
-6.921329222070612275e+01
-1.598000327934774845e+01
-1.524725439000676452e+01
-3.071245372061135370e+01
-1.573792741139414986e+01
-8.440611964946940304e+01
-7.348697253181610733e+01
-1.139068661050065145e+01
-6.743794923358430538e+01
-5.566828389464786397e+01
-1.412987666045779633e+01
-3.561323414663950615e+01
-3.170898272419895747e+01
-5.740061364347201334e+01
-1.808735950389364788e+01
-3.476043673775453158e+01
-2.834570983355798646e+01
-7.140287075720213750e+01
-4.038175990834914586e+01
-1.154423424246590635e+01
-3.745809101030243227e+01
-2.147395373222381565e+01
-1.226566754771010359e+01
-1.734042960232321917e+01
-2.965399883962357208e+01
-9.585729632367987563e+01
-1.709182604843624986e+01
-1.236198071235929241e+01
-9.641316685735590397e+01
-4.424729256516484810e+01
-3.358991397601126039e+01
-1.819077417611437397e+01
-1.312759420753150685e+01
-9.360184187277276635e+00
-4.703319456727935943e+01
-4.486645823065797600e+01
-2.730542505097871953e+01
-5.362197966262122861e+01
-6.395658201846067215e+01
-6.090247382530672660e+00
-2.402977624186717875e+01
-4.003558875895321023e+01
-8.045567962143621799e+01
-2.299451928816547053e+01
-7.821340309271669788e+00
-1.032321651817873409e+01
-5.807641591045663176e+01
-2.112831610071474486e+01
-2.880198944881494327e+01
-1.500348908227339884e+01
-1.729272189187711106e+01
-1.156347739836973965e+01
-1.516643194808620443e+01
-1.829944116845301494e+01
-1.603454985153164358e+01
-2.078637148794518907e+01
-5.536020474078451059e+01
-1.896134404754254632e+01
-3.158604133669165748e+01
-4.899229767991377571e+01
-1.998920280415638118e+01
-3.345552393651113476e+01
-1.441210366359429429e+01
-3.560145869507131522e+01
-2.478569833983474879e+01
-1.628268659892063042e+01
-6.735423274188464404e+01
-3.471110331400329585e+01
-3.356343403278032156e+01
-6.686046163866311076e+01
-1.407944977272219944e+01
-3.600292613003436060e+01
-5.933450007059578724e+01
-2.907860790214406066e+01
-5.749370182776888072e+01
-4.589556748814091947e+01
-4.459103638416585369e+01
-1.327829754968488274e+01
-1.784950375253327337e+01
-8.146454916303722982e+00
-2.360966407475964601e+01
-6.047285851410245527e+01
-2.040897120551660038e+01
-9.027193278486519645e+00
-1.201309138797729936e+01
-1.112548007364575042e+01
-3.044901574814088008e+01
-1.085183517950190257e+01
-1.105916223816793433e+02
-1.949963433219163988e+01
-1.603454985153164358e+01
-1.503308773398911136e+01
-1.920201964395660355e+01
-3.369923871564773066e+01
-1.379564545033110079e+01
-7.423430341733011417e+00
-1.398572904485867596e+01
-1.275898925964125930e+01
-1.604217252524823678e+01
-1.794611573105129310e+01
-6.745273693564691087e+00
-2.223788679597907247e+01
-3.768882535203176332e+01
-5.203606206084675279e+01
-6.140464984349607747e+00
-7.463391115504944651e+01
-1.522101883173144365e+01
-4.574815111348192431e+01
-3.869920476347368776e+01
-1.216866773729682727e+01
-1.573792741139414986e+01
-2.297790666798637815e+01
-1.842094294347760552e+01
-1.910280301723838647e+01
-3.329676564064121891e+01
-2.926841846634588862e+01
-7.889635555035490633e+00
-1.498475584068619426e+01
-6.140464984349607747e+00
-1.509205287274791374e+01
-1.693948997239945697e+01
-1.256794601444799042e+01
-8.716838936642048452e+00
-1.880912629788903701e+01
-1.955222329285790650e+01
-3.298354504658863107e+01
-8.381806998777408069e+01
-1.864807632488632905e+01
-6.090247382530672660e+00
-1.801393616987798652e+01
-1.219183349517396806e+02
-1.955222329285790650e+01
-3.587616916637161069e+01
-9.776194960755020702e+00
-6.961833573725361646e+01
-1.781573807282736865e+01
-5.810362773712944318e+01
-3.858864080988848855e+01
-1.981804633065318200e+01
-1.166204073995316826e+01
-5.745082179346647422e+01
-1.476646043563955502e+01
-8.688745877322079991e+01
-3.611441821734584323e+01
-1.729272189187711106e+01
-4.310669728395989608e+01
-1.655589754894187138e+01
-1.491626358847442368e+01
-7.957705034117257270e+00
-1.545447230559179275e+01
-7.298065404457703664e+01
-1.040313926107618236e+01
-2.301532911000539272e+01
-1.284685069434389604e+01
-7.578615299706783048e+01
-9.863276832578543818e+00
-1.962083845974098040e+01
-5.655501760421254431e+01
-2.567356921782992885e+01
-3.421894407720854758e+01
-8.124215360420391718e+00
-4.491316262391808323e+01
-1.286417731633173211e+01
-6.249540741430365642e+00
-1.265438065571941983e+01
-1.123438216657966571e+01
-9.872373563146085829e+00
-4.133865363753940159e+01
-2.074859545518660298e+01
-1.133774224625443772e+01
-1.285309123851867596e+01
-2.528906851576589077e+01
-8.912995556949610432e+01
-1.761569315158751436e+01
-4.627299827426065804e+01
-6.789623626234808285e+01
-4.515031013078588984e+01
-3.838353166633193325e+01
-4.320319205671869867e+01
-2.296253444877840266e+01
-1.108991778759313540e+01
-8.449023996329066222e+01
-3.496115630365916616e+01
-1.900165705495351531e+01
-2.479474807374892364e+01
-1.290209660150344639e+01
-1.156993344469492868e+01
-1.181690381530427914e+01
-5.337597239689509365e+01
-1.728721820036039603e+01
-5.422043325525850577e+01
-1.061949528612925775e+01
-6.498673112132563290e+01
-1.167327086013308701e+02
-1.892479924464142726e+01
-1.829308758061768714e+01
-4.105204968953574962e+01
-1.594525793092826049e+01
-2.789542484225279750e+01
-4.761775245369328502e+01
-1.513119369465631259e+01
-6.072603892470620934e+01
-1.554668865824061363e+01
-8.724862365966043853e+01
-1.109382685208048080e+01
-6.619572307671010947e+01
-3.656722468615971167e+01
-1.235047448872907161e+01
-1.283341472999845507e+02
-1.236436230172416231e+02
-1.344373778913449335e+01
-1.938358346289993150e+01
-8.873759433770560534e+00
-2.874827775982258160e+01
-5.982101049656674263e+01
-6.902082816437058455e+01
-1.206725637809593898e+01
-1.409739328879756926e+01
-1.697201474225857964e+01
-2.269534850307459806e+01
-2.635939688106866896e+01
-6.916981533292602080e+01
-1.949907800875061170e+01
-6.427407281721293941e+01
-1.306986784260961798e+01
-1.546381571403129662e+01
-1.985388191827528459e+01
-7.925348217397539585e+00
-2.133627347651885131e+01
-1.543792741139414915e+01
-8.411147912834987750e+00
-5.511269339580277915e+01
-2.860869320327408261e+01
-6.316024029674545659e+01
-1.271270636931999221e+01
-1.146183207851709440e+01
-4.050391712787698140e+01
-7.092466387350002321e+01
-1.249711133317460643e+01
-1.134340966452313637e+01
-2.300921793001622717e+01
-1.576981830833055298e+01
-1.583714148696266832e+01
-4.539760145489869103e+01
-1.126373706371540706e+01
-1.015528728711714734e+01
-1.513365478581955514e+01
-5.364605291102253659e+01
-6.369441948029215439e+01
-1.296986784260961656e+01
-3.882912288715683502e+01
-2.085705080773411169e+01
-1.470892980932373995e+01
-4.422671704593334852e+01
-6.089756515341129273e+01
-4.674544506068342997e+01
-1.949167032349396322e+01
-2.533832487119370569e+01
-3.848658669123260978e+01
-2.879825034246114868e+01
-9.788952790488883338e+00
-1.868739015610841747e+01
-7.957705034117257270e+00
-3.248709762470349460e+01
-1.119741942110414357e+01
-2.118269323232957646e+01
-7.024115491698204039e+01
-4.449858216789623810e+01
-1.151879236650768945e+01
-1.015366368845812843e+02
-3.255312537636030612e+01
-5.898432269964887098e+01
-3.923075327857670658e+01
-6.104779995596770981e+00
-4.107826893680778824e+01
-2.823976899926461925e+01
-1.165022052870639691e+01
-3.188563692630701496e+01
-1.319335768698067923e+01
-1.546343633117557559e+01
-7.243687077036973676e+01
-6.337926731310263762e+01
-1.783137629088623299e+01
-1.286476714705292146e+01
-6.991386212857335636e+01
-1.047087553938757232e+01
-1.121848857481378126e+01
-5.159027631954333515e+01
-1.508475584068619568e+01
-4.471705435037061527e+00
-6.456201077736309912e+01
-2.050538655159845902e+01
-2.103611888428565280e+01
-1.422447667906614122e+01
-4.865726553457441383e+01
-6.832420720201548647e+01
-4.643940201344548768e+01
-5.201209454673007571e+01
-2.784952270342544622e+01
-5.040517671024495883e+01
-4.845425747939754757e+01
-2.372523613909914530e+01
-3.886900119450109514e+01
-1.526549367623594300e+01
-2.923185374923596314e+01
-1.139904031382147842e+01
-5.515534893604798583e+01
-6.372197118628248091e+01
-8.555598658474947271e+00
-6.089564822196881977e+01
-1.141898740197974860e+01
-4.504087492713551022e+00
-1.424033156569619507e+01
-1.860669255264330246e+01
-1.079645271495866332e+01
-1.479770897895238768e+01
-1.445299075524980914e+01
-6.140464984349607747e+00
-3.937741325804881143e+01
-1.084994874312453206e+01
-1.191622054201574699e+01
-3.809168933301123872e+01
-2.070504047803920500e+01
-6.572937242652520773e+00
-5.290729704276295564e+01
-3.497337028189625130e+01
-4.352659728695969932e+01
-8.339530276892766381e+01
-1.771739771991149581e+01
-6.520053755952308450e+01
-4.684591676727812626e+01
-1.658045053412849867e+01
-1.517645338345421990e+01
-1.019262388789093521e+01
-1.112960159802405080e+01
-5.244523611972989841e+01
-1.058005618530259184e+01
-3.193537449570228759e+01
-7.440117461687495393e+01
-6.815046702161241399e+01
-4.145705201839884069e+01
-1.253943403796145084e+01
-3.758992943338857629e+01
-1.401423133653635311e+01
-2.897767847456015389e+01
-6.455810070979265447e+01
-6.994572644647320203e+01
-7.896579391388477198e+00
-1.090504969794923795e+01
-1.874404666263940911e+01
-1.041946479084341348e+01
-1.193156477222231260e+01
-1.184714765798045910e+01
-3.827522551249810334e+01
-9.989988384718815340e+00
-1.382269417861878651e+02
-1.150394467019017419e+01
-1.192091807186881347e+01
-1.339676587989024803e+01
-3.692171227818723622e+01
-6.689819581609238242e+01
-3.041243137753921033e+01
-2.385105044771317040e+01
-3.072558326798674599e+01
-1.404548401708993488e+01
-1.264349151922567316e+01
-1.648883711125707308e+01
-1.523365478581955657e+01
-3.064120733430409160e+01
-9.466842754297235274e+01
-3.547744367789111664e+01
-3.781971360256492432e+01
-6.590643812228643128e+01
-6.665679740365604289e+01
-8.504620602332304102e+00
-4.032724291397822469e+01
-8.104667087583022678e+00
-2.246913473117187010e+01
-3.247347632084219526e+01
-3.423707087603145993e+01
-1.284939259005044221e+01
-1.360517011666160236e+01
-1.560943243055590379e+01
-3.783725827573894662e+01
-1.931562235749634127e+01
-5.431412249163635408e+00
-1.003953221292085658e+02
-7.438846248252224314e+01
-1.056831507124434033e+01
-1.391423133653635347e+01
-1.151438969641695564e+01
-7.041430584394221093e+00
-4.999900190010254164e+01
-9.573131198606091630e+01
-1.515945639460183614e+01
-3.140445899255775686e+01
-8.149884585475008691e+01
-2.001200529372918169e+01
-2.074342500822986324e+01
-1.375452835133821772e+01
-5.149227993132267756e+01
-1.363146532711962955e+01
-4.719327978914987654e+01
-1.385617392697228922e+01
-2.382428639069858534e+01
-5.035558378799242263e+01
-1.999983674736791173e+01
-1.457741085666962100e+01
-1.214379616971467790e+01
-2.420028156807147468e+01
-5.795436176777830184e+01
-1.212236721067449352e+01
-1.273022448948364449e+01
-1.446294534158309375e+01
-2.066176349716283411e+01
-1.009188537236800087e+01
-1.061674557644889916e+01
-9.947335671366988663e+01
-1.514847184691845072e+01
-1.199355236720700724e+01
-1.236130694940999675e+01
-7.235262303178745746e+00
-1.578334651646452969e+01
-4.318169134727856573e+01
-1.560257065362084816e+01
-1.474819432650206963e+01
-8.155452113118465718e+01
-1.779902272874532088e+01
-2.267069854953140506e+01
-5.838829133013016559e+01
-6.261067724811013591e+01
-7.644016167400282313e+01
-1.760859070022890549e+01
-3.758257365685677343e+01
-1.353830753182827884e+01
-1.497741085666962135e+01
-4.704703376549017690e+01
-1.298598584117767274e+01
-1.976069761186687046e+01
-3.946484441602413540e+01
-1.250477384238111540e+02
-8.287634126097795928e+00
-9.737466369282137180e+01
-5.940464984349607569e+00
-9.650725149938166325e+00
-1.577565800939749607e+01
-6.574267496381060027e+01
-4.126782213477260086e+01
-3.485258442674113155e+01
-1.217504676830475674e+01
-1.910773646177166185e+01
-6.767393736967669327e+00
-2.041628077902735328e+01
-1.755062113407993607e+01
-1.146795847700474091e+01
-6.466980558895118136e+00
-5.252853057961067940e+00
-3.598202771165512104e+01
-1.094443101601168067e+01
-1.393763876029234616e+01
-6.564054959011861001e+01
-3.226047555926690080e+01
-8.323029240977447785e+00
-3.704117379077858629e+01
-7.335262303178745391e+00
-4.988753201577463159e+01
-1.340451240644513931e+01
-3.614643016802757813e+01
-5.449969833042317902e+01
-1.185603778908870254e+01
-2.088413097831777065e+01
-1.595623533011449169e+01
-8.452140440460956583e+00
-3.453464038207689413e+01
-5.002027718617560126e+00
-4.682117169802034340e+01
-4.733072587352773297e+01
-4.392436694202885406e+01
-4.488551386933389864e+01
-1.334510421534486824e+01
-1.970813496620585070e+01
-1.435470381048777000e+01
-1.704313871427327598e+01
-2.805710331575320993e+01
-1.833130378354972123e+01
-1.907081880057512180e+01
-1.090119836868904102e+01
-3.849620872229803581e+01
-1.729249333335689087e+01
-1.490861971890819504e+01
-1.785122444512623474e+01
-6.578375660728022467e+01
-2.392298070463940718e+01
-2.041881526611056685e+01
-2.591240608828221426e+01
-2.375626863852246018e+01
-9.213889776629597961e+00
-1.233989134226577811e+01
-1.315880190249737680e+01
-4.373524867170728747e+00
-8.881940748783227590e+00
-6.083772728837071320e+00
-1.337641876936915608e+01
-5.174720831965277057e+01
-1.896233509606056344e+01
-7.567774641544971814e+01
-1.426398048099902560e+01
-1.001380106505063239e+01
-7.519297897070087799e+01
-3.310845147040852510e+01
-1.829720928584541539e+01
-4.517028407136606916e+01
-5.572658090828690547e+01
-1.044756906098570681e+01
-8.457954504885567104e+00
-3.033087201755017404e+01
-8.756250333338439162e+00
-4.679114645840352438e+01
-3.308147461700898617e+01
-6.330047531791601756e+01
-4.305081797471868299e+01
-2.022667400628892054e+01
-1.957835959540305737e+01
-8.201639564693909534e+00
-4.100000000000000533e+00
-2.019918478358283664e+01
-6.755978206060694546e+00
-5.779072685230397610e+01
-9.530218189176741461e+00
-4.316788734142068051e+01
-1.427400358342883457e+01
-5.185953367079208221e+01
-1.808514349104034835e+01
-6.708480819484501012e+01
-5.168801910718667614e+01
-1.445839236732488331e+01
-4.521693168787083295e+01
-1.592352366209881964e+01
-6.591165022682217511e+01
-4.852981373072937288e+01
-2.354650784008318709e+01
-3.503223607669497852e+01
-6.849479650375987205e+01
-1.597537894664534619e+01
-3.073061748054459841e+01
-8.351138272025595555e+00
-4.468223291058905033e+01
-1.543365478581955585e+01
-8.383448048622729232e+01
-4.565105686500015025e+01
-6.473379138604977356e+01
-3.808956528975205913e+01
-1.946501833510290780e+01
-1.038770175604076584e+01
-1.896233509606056344e+01
-2.301339220067216829e+01
-6.466980558895118136e+00
-1.456508154217464401e+01
-7.719746532478440670e+00
-1.849441419330249659e+01
-1.465141981937177817e+01
-2.218249863515255882e+01
-5.415469269797997498e+01
-4.074198391047929135e+01
-8.494187956876417900e+01
-8.287634126097795928e+00
-6.704160991349709775e+01
-1.098935302794921753e+01
-5.141600598939125177e+01
-3.071641684919272919e+01
-6.172767625605676756e+01
-2.061126831454919994e+01
-1.232906604457665090e+01
-1.869414483346530531e+01
-5.686282952474558527e+01
-4.192479763373783896e+01
-4.608921836102483383e+01
-3.324026241143689475e+01
-1.265467348753084309e+01
-2.083127879973284990e+01
-5.115036793787938763e+01
-6.521100240066988185e+00
-2.744545605720019310e+01
-5.325540125885526521e+01
-3.376360893346932812e+01
-1.342113312701316730e+01
-1.773586016761499096e+01
-6.809438294470068342e+01
-8.476089434393807664e+01
-9.857810329549938189e+00
-1.806116868533224462e+01
-1.548632298192250900e+01
-1.792118510270571718e+01
-3.551264356373344100e+01
-1.792118510270571718e+01
-1.561472588896211811e+01
-4.572233212165016170e+01
-1.731950402135620948e+01
-4.187544795579671586e+01
-2.588129038260617065e+01
-6.856486187909686691e+01
-2.095366463784367639e+01
-1.021196772594019109e+01
-5.679689945713331412e+01
-2.978251858586659395e+01
-6.266980558895117959e+00
-1.402756766483152262e+01
-6.576319127565733424e+01
-1.403812714675243178e+01
-5.516015114903518679e+01
-3.041243137753921033e+01
-9.553270991038072424e+00
-2.304733771924865238e+01
-6.039121368122416555e+01
-5.063304488042659557e+01
-2.063832530473185045e+01
-6.483248631809671281e+01
-6.466980558895118136e+00
-6.466980558895118136e+00
-7.397803989296869887e+00
-1.213233447524719537e+02
-1.927505382072873985e+01
-2.408955546748084942e+01
-1.794280776037670577e+01
-1.557492481813747531e+01
-6.348523383117618124e+01
-1.098365441730903136e+01
-1.096972797755846329e+01
-7.192598453600835740e+01
-2.293151078325640313e+01
-1.910524423648992354e+01
-8.706008055407694712e+01
-1.009582997815566614e+02
-8.375972479994422315e+01
-6.117803065705053456e+01
-1.279448317811675118e+01
-4.422614943119484820e+01
-2.203802463324034022e+01
-1.098380324231196781e+01
-5.282747824501277556e+00
-2.897545360047470098e+01
-1.309568401506871460e+01
-1.237569083789682800e+01
-4.761492088730127392e+01
-5.330907266201394634e+01
-3.425231685969643536e+01
-1.162370883737802529e+01
-6.678940071666063716e+01
-1.625359916905355462e+01
-3.391938365239148823e+01
-4.299469532988166520e+01
-5.168894899708807600e+01
-2.795921546239114619e+01
-8.765016917140053465e+01
-1.074145918843074199e+01
-3.964366191404582196e+01
-1.573862574578756224e+01
-5.202920792142481332e+01
-6.444086286929810115e+01
-5.379290245185639208e+01
-2.092231168203597846e+01
-7.028697651261100532e+01
-1.961074270778212991e+01
-1.442094317236281320e+01
-4.158494034738262712e+01
-5.099598827000228596e+01
-4.108266962890164109e+01
-1.327352605025662413e+01
-7.175335743550144585e+00
-6.806122252922341431e+01
-9.017923388084813752e+00
-1.811490841006670749e+01
-1.582789881424780631e+01
-1.117596608474887709e+01
-1.578365659105973329e+01
-5.087437298645301098e+01
-4.815837859661558440e+01
-5.342233511525639500e+01
-2.084656819243729586e+01
-6.067896368802897733e+00
-5.883405493652678331e+01
-1.923566453306438717e+01
-6.239957115350322425e+01
-4.450561561147176270e+00
-1.902113426017228326e+00
-2.531568932202157640e+01
-2.049514927747884130e+01
-1.406241132667835814e+01
-4.909714947331877966e+01
-5.052702195739860969e+01
-1.201244219422486452e+02
-1.174984388009783132e+01
-1.527813714277821866e+01
-2.266404460915302366e+01
-1.881890689972153652e+01
-4.039625558858464416e+01
-5.229990149792609344e+01
-6.402014525844857751e+00
-1.743626544304754944e+01
-1.287890315759463000e+01
-1.797489882942946693e+01
-1.744256784943308247e+01
-2.907212817410762540e+01
-1.198747965963721818e+01
-1.056963491572758755e+02
-4.514255596873971044e+00
-5.873357524824696441e+01
-2.437460978741031070e+01
-2.124463066476408457e+01
-2.397446533413094727e+01
-5.889655240682728277e+01
-1.641773566053308997e+01
-1.700083310775360346e+01
-2.819473685256617301e+01
-6.654523680030548860e+01
-1.565623533011449275e+01
-1.722471528657766271e+01
-1.288968407475727851e+01
-9.463696173764196473e+00
-5.203766930739977425e+01
-6.606073284651483846e+01
-3.802721250747327986e+01
-6.695727175129873388e+01
-1.870056313139911097e+01
-1.293293502873463652e+01
-1.514695767063334664e+01
-9.600332383947955961e+00
-3.506046102157977629e+01
-4.082729844252040152e+01
-2.778584263678347099e+01
-9.536204521831585623e+00
-1.546381571403129662e+01
-7.020169164813312435e+00
-2.541872243579173229e+01
-5.689904924653578888e+01
-1.034111515232482503e+01
-3.479434413078840294e+01
-5.974680902382060310e+01
-2.438855584956880040e+00
-1.276852566873955119e+01
-6.405216877495227834e+01
-5.140671831200194219e+00
-5.885101958794012234e+01
-4.474723156896085641e+01
-2.607835610220119804e+01
-7.054103593371022995e+00
-5.342233511525639500e+01
-4.092551399226513809e+01
-3.533620342806369052e+01
-9.154581152409362232e+01
-8.524299855805732307e+01
-2.965455711453945753e+01
-2.291484247529668394e+01
-1.912948564195503209e+01
-2.642718514177991196e+01
-4.477246298162616256e+01
-2.102944401931220852e+01
-7.053901579288114476e+01
-1.980160547759134815e+01
-4.684567189824267075e+01
-6.758290642789758351e+01
-1.182335494707525037e+01
-1.413544088432501589e+01
-3.714663394992246737e+01
-6.880207164846844137e+00
-1.451676771745642291e+01
-7.618981821586922365e+01
-2.051393607011677034e+01
-2.975875260667958244e+01
-7.061643993840144162e+01
-2.251040276261067774e+01
-2.049989670121786034e+01
-2.394509561956789412e+01
-1.144707763256841382e+01
-5.690485329165881012e+01
-6.001517624316768007e+01
-1.779287778730045133e+01
-6.057096381271514929e+01
-1.713588615936350124e+01
-6.662089890367347778e+01
-9.542670648691714064e+01
-4.832805279784192720e+01
-2.650825761079840248e+01
-1.592121306452486529e+01
-5.726114309253914314e+01
-4.210552677993392479e+01
-7.622089461500250707e+01
-1.514936996900388166e+01
-8.460297071846457584e+01
-4.073506164653398542e+01
-6.735262303178743082e+00
-1.498770159792574752e+01
-1.952520847448684904e+01
-1.750657686552014880e+01
-6.701879747659342001e+01
-3.062473639932075642e+01
-1.457983012544961099e+01
-2.822121232564129301e+01
-9.541672816518147471e+00
-2.067698191211561110e+01
-4.668236986636294006e+01
-2.210436078902014501e+01
-1.448475584068619426e+01
-1.204443332626569862e+01
-8.646787831343335995e+01
-1.525092464294044348e+01
-6.939941994340804499e+00
-5.323344145413707906e+01
-8.734908587764954291e+01
-3.587896725774741924e+01
-9.139985370715527324e+01
-6.618636015284083740e+00
-3.241702401231451347e+01
-5.345306955382729086e+01
-5.213237244307931206e+01
-2.956345521613790694e+01
-4.556326826642865058e+01
-4.477507205151634651e+01
-4.480504323802481537e+01
-3.554914060545798549e+01
-2.649242085965573423e+01
-6.733420955277641440e+01
-7.581657209004472264e+00
-2.916384177000790245e+01
-1.852878929800014873e+01
-1.603593937163738303e+01
-4.039424630415913953e+01
-6.159973370600670250e+01
-1.914469559417510069e+01
-1.432094317236281356e+01
-4.722890534931520889e+00
-1.107451102345178562e+01
-1.700928075124149785e+01
-9.507272482444550477e+00
-7.237286461644929147e+01
-6.484419886737999406e+00
-1.845012191257959699e+01
-4.963362451953107524e+01
-2.523921814891558313e+01
-3.496283641543740828e+01
-6.660764560996325301e+00
-4.359408341626134842e+01
-3.892272350626993926e+01
-4.170198847112985163e+01
-1.160997991986155320e+01
-3.049015914844597930e+01
-2.939761998524638997e+01
-1.111615229953081041e+02
-6.790295410164195289e+01
-1.675996872128549953e+01
-2.286103097322047262e+01
-1.579049399674925347e+01
-4.244915770646958464e+00
-1.264139004145933427e+02
-4.589157015003014983e+00
-4.328086240899738613e+01
-9.942832692649561821e+00
-1.563555227978713269e+01
-9.628006671895438018e+00
-7.072965664586993739e+01
-2.466010953189638855e+01
-5.288905480472657672e+01
-8.237810043569689711e+00
-3.143070446666494888e+01
-4.079889840303935955e+01
-3.709475050643651173e+01
-3.969648803422191463e+01
-2.271078188077191129e+01
-1.555850436623162913e+01
-5.728215846418998325e+01
-2.280486264769355387e+01
-1.638200711190706471e+01
-1.838415725598358108e+01
-4.454019963743807153e+01
-6.723094326858360148e+01
-2.312733076458667369e+01
-2.473294282770008934e+01
-1.226374799497836321e+01
-1.074912398426129023e+01
-2.922007454672310800e+01
-4.480504323802481537e+01
-6.831398199281251493e+01
-1.768292355974921648e+01
-6.529191789849840610e+00
-2.394533693155057819e+01
-3.586211130178724460e+01
-1.016900437481709041e+01
-1.199594670967244170e+01
-1.270939410615424592e+01
-1.130577533530846601e+01
-1.210895368575515505e+02
-3.458100996306760067e+01
-6.536021380646640466e+01
-8.001067591700059722e+01
-2.140436913783815243e+01
-4.246229903324111632e+01
-2.251956640664446496e+01
-1.814074191807138803e+01
-9.220525007780248927e+01
-8.182597553917086941e+01
-1.015291033496363937e+01
-1.821803870490840183e+01
-1.853259500510384328e+01
-7.824583313870395962e+00
-5.961129966104452116e+00
-3.310085379920587911e+01
-1.029269386431983335e+01
-7.106434091963075161e+01
-8.030141966420627497e+00
-1.436764382451521094e+01
-3.995919893598968287e+01
-2.122941095232475561e+01
-3.354001648848512929e+01
-2.254767114613489198e+01
-5.312594146350897972e+01
-1.467078658118266965e+01
-3.366650981116870867e+01
-3.576001412383157430e+01
-1.251756309763389297e+01
-7.987628851887438763e+00
-3.037131717486520799e+01
-8.346164159956964568e+01
-1.380957076176485998e+01
-8.659146458188397233e+00
-4.644886946477178213e+01
-1.531803349634742517e+01
-2.567583620560603208e+01
-2.493966595413040110e+01
-1.418923427989166974e+01
-1.636357515589796918e+01
-1.888181198259826132e+01
-1.109870300318824299e+01
-4.254015610079213872e+01
-3.409444602757918119e+01
-7.200442555546216283e+01
-2.002213198369978286e+01
-1.601198797677259833e+01
-2.718013361647915360e+01
-4.811564239244978580e+01
-7.274718151939409516e+00
-2.582135756700048645e+01
-1.688146643751263554e+01
-5.885334287990795588e+01
-4.999889049803341479e+00
-4.917184434470708965e+01
-1.238656897033625093e+01
-6.829191789849842209e+00
-4.494511867705481478e+01
-1.504247639556061422e+01
-5.311800833700217339e+01
-4.031028564246244628e+01
-3.595058525666059523e+01
-6.089676294796593936e+01
-3.402746005125873552e+01
-2.892366539773225398e+01
-6.067896368802897733e+00
-6.935262303178743259e+00
-1.986260794052404322e+01
-2.162828782228083924e+01
-1.828700001259147712e+01
-4.680145505135772765e+01
-5.801324497586941220e+01
-7.601940809231488849e+00
-8.553149132111265374e+01
-4.405399449525890532e+01
-9.049430250260988018e+00
-5.864843972039678022e+01
-1.854927586912263493e+01
-2.580017039262095224e+01
-2.266394121180817933e+01
-2.269456425036992542e+01
-1.498690081710259747e+01
-4.332017772594011262e+01
-9.660090707900236495e+00
-6.864863403007908538e+00
-1.041532070390679898e+01
-7.023460124375993985e+01
-4.680377891530265799e+01
-5.501143298949624239e+01
-1.097555060410439332e+01
-3.001059709715226376e+01
-7.250918861446689334e+01
-7.891364236242521812e+00
-1.202833335594629460e+01
-1.728766275254149676e+01
-1.781219820596764691e+01
-6.865055038441940383e+01
-1.610940908516309378e+01
-7.891364236242521812e+00
-7.000795664731046308e+00
-2.564848636654104297e+01
-4.671826484896472209e+01
-2.209610670569516344e+01
-2.556350912983739931e+01
-4.125171852495149238e+01
-2.132649569306211035e+01
-4.248085360882212314e+01
-6.771636403521797831e+01
-1.948259065895749487e+01
-5.780466707783043034e+01
-1.527664193798310421e+01
-8.236010953244449695e+01
-1.553683168838854556e+01
-5.506194044152345413e+01
-5.154886029787365942e+01
-4.083282465367477698e+01
-1.596152918945221977e+01
-4.195180810045346220e+01
-7.364403324007546381e+00
-7.261232256273120811e+01
-3.119504409012640522e+01
-2.511745914906176935e+01
-4.597875707350952723e+01
-1.300200879306095203e+01
-2.554992486777284455e+01
-4.646585400814372235e+01
-7.145110637448452451e+01
-2.393425773467926021e+01
-6.944326736511547438e+01
-6.856670544798650013e+00
-2.487809525359644880e+01
-1.479558797741655241e+01
-1.525640330892223950e+01
-8.400014206395282201e+01
-5.397620450709109008e+01
-1.524127801071235666e+01
-1.533127965421254046e+01
-5.145413620343882855e+01
-5.373298371437046939e+01
-1.931331644620306420e+01
-8.897858502644005796e+00
-2.162710966103977839e+01
-2.814392542410384479e+01
-5.767627755961366631e+01
-3.522338177841032802e+01
-2.391630491468602671e+01
-1.516049327231017863e+01
-1.660114965474539872e+01
-5.983765734713244910e+01
-1.807974995581166766e+01
-6.783521523392221297e+01
-1.442637532348043550e+01
-1.284318564892794257e+01
-2.817482833844130141e+01
-1.549118558368322596e+01
-3.938716268076551330e+01
-1.187673088483804662e+01
-4.896210132395455616e+01
-1.901068032795416940e+01
-1.400908698041730460e+01
-3.730475982573540961e+01
-1.593234568071741819e+01
-1.105950675612975331e+01
-5.661722801269982597e+01
-1.589895481317833514e+01
-5.642307525758612741e+01
-1.440755259679336220e+01
-7.081037281037383835e+00
-1.054561064491056577e+01
-3.798084091247248750e+01
-1.160632926865937620e+01
-2.769620940920854224e+01
-3.304101429525088207e+01
-3.599313051565937371e+01
-5.743163681941665288e+01
-3.867732487813506737e+01
-1.902635593900195587e+01
-9.101979350152127779e+01
-1.930165705495351602e+01
-9.176827887351175050e+00
-7.258074186907631997e+01
-1.258656302743727196e+01
-1.941488213573467192e+01
-9.080500953921416851e+01
-4.634962100652332140e+01
-1.213303058337896978e+01
-5.179600362577010486e+01
-6.969057859117107512e+00
-9.802557902653658672e+00
-2.668364941032030302e+01
-1.368613257431608154e+01
-5.664535909198232133e+01
-2.556223539295795533e+01
-7.974098259224954965e+00
-4.801566824764615404e+01
-1.174158181668541268e+01
-5.370353001937044013e+01
-1.066623859289062537e+01
-1.204819562606730265e+01
-7.435262303178744148e+00
-2.563839213066015432e+01
-6.877779207562349839e+00
-7.110700704664930072e+01
-1.646402740506852780e+01
-4.617714413873193990e+01
-3.935406853630785662e+01
-1.300179647444639741e+01
-3.085671954589483690e+01
-4.966520611246832573e+01
-6.964155713911694079e+01
-4.304811871889269526e+01
-8.475335743550147072e+00
-2.178952130210079474e+01
-1.298155698082376297e+01
-1.899866156325701283e+01
-2.120348494370593784e+01
-1.966028354449843718e+01
-7.975425761699408866e+00
-4.679301679618958332e+01
-3.536852019961447269e+01
-1.983255783915029369e+01
-2.602428246214834573e+01
-2.645799326926100292e+01
-5.945009435493417271e+01
-2.800353206228569647e+01
-1.014206644303476246e+01
-4.380053213771328302e+01
-1.938716103391782752e+01
-5.640584868309933597e+01
-2.821188822378907801e+01
-4.692761772217060923e+01
-5.117774938922725880e+01
-1.889860097955357077e+01
-3.658489024689642122e+01
-1.555257369309338422e+01
-5.576028559400355356e+00
-3.413429295008971565e+01
-1.341117603691728810e+01
-5.662418909035332604e+01
-3.201463586564299391e+01
-8.499472008268115530e+01
-1.275277356929238692e+01
-1.408408842399919081e+01
-2.490103976803344210e+01
-2.814822516502628957e+01
-1.674831648029832820e+01
-1.174158181668541268e+01
-1.466348963145571460e+01
-9.208440269287777369e+01
-1.256761990595118839e+01
-1.987103137046642942e+01
-1.557273490180045883e+01
-5.042319374137944976e+01
-1.469558797741655098e+01
-1.698345757625824604e+01
-1.392562728642641723e+01
-1.458083986693084988e+01
-1.842525587431503808e+01
-2.751935899391545348e+01
-6.887123201007588591e+01
-4.034420629599474495e+01
-1.317319439487887678e+01
-4.369242594332133223e+01
-1.076546287408602431e+01
-1.801744947341061476e+01
-1.900165705495351531e+01
-2.404152985725860248e+01
-5.879966583271900049e+01
-1.896076603076562250e+01
-2.104185534420734172e+01
-5.409192322524545204e+01
-7.764456222472520430e+00
-4.641097898003154398e+01
-4.500704730311205104e+00
-4.046597347199794115e+01
-3.170759850158827575e+01
-3.275869033944005082e+01
-3.199263140030004493e+01
-1.924446704949182063e+01
-1.514996376961432389e+01
-1.101965308030981738e+01
-2.139995307908579036e+01
-1.247368968144512102e+01
-1.533154594409222859e+01
-4.468798641025727392e+01
-2.213862814853174044e+01
-4.087732037489292480e+01
-1.613555227978713091e+01
-7.490464348192213606e+01
-1.343382591175800478e+01
-7.912662786040554863e+01
-8.273890457670415799e+01
-1.196825058597630331e+01
-3.594033120439382145e+01
-7.591804148348276549e+00
-6.145651312618748108e+01
-1.911616229568147318e+01
-7.552018728189030128e+01
-2.432650529354686597e+01
-1.281260343526502687e+01
-4.330072725779552201e+01
-2.096931427573183981e+01
-1.255872870437142907e+01
-2.470806640505639962e+01
-4.798807158614410895e+01
-1.421517344484593259e+01
-7.301214552577733663e+00
-1.161646754066272180e+01
-1.676068338274901492e+01
-4.502697250430392728e+01
-1.253632620865053404e+01
-3.792937493108918545e+01
-1.361980724283998967e+01
-3.972783994502997018e+01
-1.885400213532286173e+01
-7.149795156398205620e+01
-1.892190031753666091e+01
-1.615632910151868273e+01
-1.076914164606606938e+01
-1.614746403157037946e+01
-1.031995163786000447e+01
-1.798113241609172164e+01
-1.470032526438404474e+01
-7.035262303178745569e+00
-3.859473595900159637e+01
-1.343765121226827119e+01
-1.272935789123612160e+01
-2.271833972079623010e+01
-1.343765121226827119e+01
-1.922189371905829347e+01
-7.656922476499673280e+00
-9.087444851909580734e+01
-1.552497926975687825e+01
-7.035262303178745569e+00
-4.498461134428040964e+01
-1.751613228292513469e+01
-1.282132829091089121e+01
-4.059682732752235523e+01
-1.421447053403250749e+01
-1.909829737505364378e+01
-1.447400072799122839e+01
-5.348704647393721245e+01
-6.764170372113093777e+01
-1.203871009557625271e+01
-4.276512199382018764e+01
-5.740551471303122355e+01
-1.533516101606111803e+01
-8.298019433601420758e+01
-7.875425761699409222e+00
-5.288938064561298091e+01
-4.433066755682811788e+01
-4.300307205963475354e+01
-6.133471600075440477e+01
-8.037900493689970460e+01
-4.244710638509028655e+01
-2.191102367800376882e+01
-4.168507208863551483e+01
-2.941521527570030514e+01
-1.690092422242625503e+01
-5.484321813732318418e+01
-1.840572555629354312e+01
-5.823465076262664297e+01
-5.800080288116770788e+01
-2.465487879708500429e+01
-5.720198751441633789e+01
-1.876654440692758641e+01
-7.413181411353016870e+01
-4.573048547257620555e+01
-4.171213361604880987e+01
-7.181158650703508783e+01
-1.301631400568393104e+01
-4.225147959904754913e+01
-1.661857430493198962e+01
-1.282132829091089121e+01
-2.357929136061009601e+01
-2.031238720336209624e+01
-1.421610391476304613e+01
-8.370299291913884332e+00
-1.349967855921818582e+01
-6.591786256053497084e+01
-1.910280301723838647e+01
-9.646134943083165325e+00
-3.388245687612493384e+01
-5.752066875039744787e+01
-4.114120667688764854e+01
-4.117094155748308992e+01
-4.227636774732594915e+01
-1.280862468923937847e+01
-3.211159604594915606e+01
-3.642373999284649955e+01
-4.671720052820590041e+01
-4.483960719678076146e+01
-1.497858569947966600e+01
-1.207569083789682907e+01
-4.097695738066234128e+01
-2.403489390801543024e+01
-7.492940985681511279e+01
-1.702971203158481472e+01
-3.172142910010585837e+01
-7.235262303178744858e+00
-1.349671203740760639e+01
-1.759784234919238699e+01
-1.305722190934300997e+01
-1.031353531811931745e+01
-2.433298187337428331e+01
-1.984423395741085017e+01
-7.535262303178743792e+00
-6.814922090037954661e+01
-7.346715664244770494e+01
-8.270673267924290428e+01
-9.087066089336867947e+01
-6.422562008486242746e+01
-4.269337350261452713e+01
-3.783078102575828439e+01
-2.173793643328106384e+01
-4.166373598795796340e+01
-4.013854105834622032e+01
-3.926869126198732118e+01
-1.485792185261585985e+01
-1.406589879233754736e+01
-5.716184867082257881e+01
-1.247580561622754658e+01
-5.474336421850640733e+01
-1.212038228968699194e+01
-8.072442783280003198e+00
-1.596994919294847826e+01
-3.486032868258919137e+01
-7.507613904473289779e+01
-2.899454846965393529e+01
-7.038325991739368703e+01
-8.072906236638490896e+01
-4.619782893665781387e+01
-4.843906423597024968e+01
-1.599942317903985511e+01
-5.489287790384183552e+01
-1.422620639904056539e+01
-1.167722625425627747e+01
-2.171091341818351950e+01
-1.886333951332748526e+01
-1.246659316710612408e+01
-4.637258621742254405e+01
-1.234856383441836947e+01
-3.743076476428321087e+01
-4.267765708253283208e+01
-3.118269128452007877e+01
-1.290173562651143513e+01
-7.102137592068388017e+01
-1.653213042726095594e+01
-4.801161701572795693e+01
-4.807958052295951035e+01
-5.669985598015563966e+01
-1.325189417852958584e+01
-1.340265353752744559e+01
-2.275344585647672702e+01
-1.593555227978713162e+01
-6.121399825381554649e+01
-2.748580531959596129e+01
-2.860319468981423086e+01
-1.823210826311362354e+01
-6.936468950940387401e+01
-1.868958587271525573e+01
-1.987103137046642942e+01
-8.392512226030061129e+01
-2.049206290295624200e+01
-4.419507916145143867e+01
-1.096410020058200097e+01
-1.230313566153131788e+01
-1.910489891591972267e+01
-1.479829019348160202e+01
-5.067548897720782719e+01
-3.712188847777823497e+01
-9.095791122645312043e+01
-1.211525434848327798e+01
-1.853030549860706699e+01
-4.159762376613395674e+01
-4.693438303492361285e+01
-1.390280366104855680e+01
-5.835970658569902980e+01
-5.270369376488363855e+01
-1.482818751523047496e+01
-3.004361672739617006e+01
-1.610429442602186612e+01
-1.866942140939118744e+01
-6.823699702898594843e+00
-7.746521879261987209e+00
-1.314331665925207560e+01
-1.165961098692321585e+01
-3.518717805391059983e+01
-2.990825480653133539e+01
-1.377726487701886882e+01
-1.569334045532222355e+01
-1.573064226862604009e+01
-1.603555227978713305e+01
-3.130380248297176493e+01
-5.545721357103023053e+01
-1.900165705495351531e+01
-7.551433345329860458e+01
-1.010057726145107182e+01
-6.414983630755673971e+01
-1.922828636560957705e+01
-2.931339961307027409e+01
-1.273632620865053333e+01
-1.827445196124417848e+01
-1.304844243810056170e+01
-1.681139813660920268e+01
-4.074348071952562123e+01
-1.926646218668517108e+01
-4.583653532474955483e+01
-3.158335811410546157e+01
-4.763108635155325743e+01
-3.327549943506445373e+01
-1.478475584068619497e+01
-5.417585588241698957e+01
-1.779052684115734451e+01
-1.857220177140803585e+01
-1.465688573768531100e+01
-2.885199268699406616e+01
-7.735478215800560520e+01
-1.603555227978713305e+01
-9.067370521502809311e+01
-1.211525434848327798e+01
-1.608850512674104039e+01
-1.910165705495351673e+01
-3.668692322151365914e+01
-9.060054646410965518e+01
-1.809696151084486360e+01
-1.088215985459455482e+01
-5.790959891297568163e+01
-1.252918686606269638e+01
-5.879861513193569778e+01
-2.876638828447287821e+01
-5.728128799458695397e+01
-1.278089710753862107e+01
-8.882513942378743366e+01
-1.801280888000192704e+01
-8.211803540759722964e+00
-4.914993378541903724e+01
-1.632315660260048418e+01
-8.001925075485486616e+01
-5.662218587550582782e+01
-3.423285444885791406e+01
-1.350316765049876544e+01
-7.421718642069305361e+01
-4.046685605031563426e+01
-6.062066186289371927e+01
-2.758727956730029263e+01
-4.200487195237808180e+01
-1.366922499395151824e+01
-5.894910918173192726e+01
-1.225499909919573049e+01
-3.153186753734135550e+01
-9.576849409391346768e+00
-1.387904118931469633e+01
-4.914003576956873331e+01
-1.119297511638579756e+01
-9.178923882300718873e+00
-9.051832007465538510e+00
-2.171414890573032608e+01
-2.129578962278840848e+01
-8.193354106559352701e+00
-2.443318695559938902e+01
-9.051573723255648929e+01
-7.411066975739935003e+01
-4.455547026451673531e+01
-4.667640164937979819e+01
-2.797314742551008138e+01
-1.512323432514144628e+01
-5.255596255962865371e+01
-1.715873346269604482e+01
-1.478475584068619497e+01
-1.843885852000878955e+01
-9.076784005047453263e+01
-1.900165705495351531e+01
-3.163817947185498980e+01
-1.864664328152877104e+01
-4.589000861969358169e+01
-6.117333668083895759e+01
-5.716482561919696082e+01
-1.408786762195641629e+01
-2.150304076158879951e+01
-5.227630864731602145e+01
-1.325008271044102415e+01
-7.612058607336869898e+01
-3.692435286817136841e+01
-6.967845715916483584e+01
-3.734875181453539739e+01
-5.743340070222775751e+01
-2.263831603333155584e+01
-1.174464958577294560e+01
-2.670626021705663788e+01
-1.232918686606269709e+01
-1.929371563099311615e+01
-1.908762980386407548e+01
-3.602878380330803054e+01
-3.877914555262804441e+01
-2.887499633227001894e+01
-1.150905218130239405e+01
-6.474394598545710089e+00
-7.576120116137047056e+00
-1.919898074074736627e+01
-1.253279797159983211e+01
-1.979294454974237638e+01
-5.816323102786781618e+01
-6.232757022202861208e+01
-4.672181253657203825e+01
-1.315476990948290847e+01
-9.916262133277170321e+00
-2.081966001127215904e+01
-1.328560426832353691e+01
-1.926087132469946184e+01
-1.903657373888179194e+01
-4.479665416800089872e+01
-7.397844079309199117e+01
-2.786472273916270481e+01
-1.789501204082928254e+01
-5.717385445927843080e+01
-1.301749660151667953e+01
-4.861707826331060289e+01
-1.715280601605017452e+01
-4.173466754645635035e+01
-4.437154284492707745e+01
-1.998174112853664397e+01
-3.454865783389094958e+01
