-6.578282724807631610e+01
-8.584052873865900324e+01
-8.827516060735196390e+01
-1.078602208651819581e+02
-6.510270744438959412e+01
-8.461923520471950155e+01
-4.937915792160562489e+01
-7.926890183273602020e+01
-1.141368841328168884e+02
-6.191747925881874437e+01
-1.314939515389932012e+02
-8.277912395182650585e+01
-5.577646453695622597e+01
-8.609876932364824142e+01
-8.998822051073969419e+01
-5.176294340495024926e+01
-5.131199188780684040e+01
-4.383931478662661618e+01
-7.789196097648593309e+01
-7.293140202281773554e+01
-5.344232248853652578e+01
-5.358776303271622510e+01
-1.024325429502540175e+02
-1.124344205001590637e+02
-8.928329856561087752e+01
-8.354837688279047825e+01
-9.016297280810780990e+01
-5.065812050803032207e+01
-7.036393590200306392e+01
-5.211525529348257635e+01
-8.356802649012045947e+01
-5.129320302725982117e+01
-7.502511517299232935e+01
-7.809268788709992748e+01
-5.006529506309708211e+01
-1.165186719637441115e+02
-7.141731689515816583e+01
-8.198431287433399461e+01
-1.202784179927026571e+02
-3.088862176864024178e+01
-3.270720495523488580e+01
-4.936966693614535728e+01
-3.853528312683310730e+01
-7.376696658488464209e+01
-8.124897602913301853e+01
-2.440339037842221614e+01
-6.180693310774344695e+01
-4.270918875826941274e+01
-3.197365074203619528e+01
-1.612998053658955087e+02
-5.214157239440563529e+01
-1.448507400731138617e+01
-6.343780824816486330e+01
-7.338825829351353036e+01
-8.927058201249937497e+01
-7.906976557609144152e+01
-3.301036573669763641e+01
-2.515232368159043475e+01
-3.226661744865297976e+01
-8.671673372130857160e+01
-4.316373659378140815e+01
-4.369578370716121896e+01
-3.230138093550364431e+01
-1.945370497318051406e+01
-2.880914957397325438e+01
-1.524962790674834423e+01
-5.777726971519864207e+01
-6.295246107439518113e+01
-1.791669942146859285e+01
-1.060187529305125409e+01
-6.023299133453478760e+01
-2.214114424745634224e+01
-8.708650073327153507e+01
-1.381776461498983508e+02
-3.637938535968756071e+01
-6.762652435842576892e+01
-3.332978414510810694e+01
-2.184319495411559231e+01
-1.839400043034861554e+01
-3.195288991572222415e+01
-6.489257393361488369e+01
-1.816486282422323484e+01
-5.850412061536771091e+01
-3.707628576987541180e+01
-4.727299928164222109e+01
-2.929651995487928318e+01
-3.304580427698824963e+01
-6.313992298828242156e+01
-2.386162444696320151e+01
-1.027900438933814939e+02
-2.072430370296798685e+01
-1.393286721569380759e+01
-3.977008814960603900e+01
-5.849072026004549230e+01
-7.805197932447583753e+01
-1.076590507285252158e+02
-4.730683601667817584e+01
-2.161886307315945288e+01
-3.795313907383456353e+01
-6.025569295710948126e+01
-1.640448229267217357e+02
-6.417048066741440238e+00
-6.213120866194579150e+01
-3.214141581223576338e+01
-3.454826921122275962e+01
-1.195950291374716912e+01
-8.604490464878267630e+00
-3.839750844475278768e+01
-1.020546839002329023e+02
-7.456843657643138101e+01
-4.832749650954045961e+01
-1.243729955124119329e+02
-3.361136581305223103e+01
-5.959179469355464676e+01
-7.824778380871771333e+01
-3.577651227190001748e+01
-3.004559819988837432e+01
-1.738496708204939623e+01
-3.843148381700882510e+01
-1.015092761581236402e+02
-1.244155465478685230e+01
-7.422040552865706786e+01
-1.005285475049199135e+02
-6.721746305970255264e+01
-5.842931074467285413e+01
-1.248930295400465695e+02
-4.094198320427413051e+00
-2.347622615169139948e+01
-8.528810408272440213e+01
-2.480660351691151533e+01
-1.825206805064051352e+01
-3.478386307601824967e+01
-1.802062713508057712e+01
-9.882817260212760857e+00
-5.899614817190480665e+01
-7.731410782010406990e+01
-1.387581927942833886e+02
-1.375547290092067598e+01
-8.163141158691576038e+01
-2.946867714319102660e+01
-2.218545840075136155e+01
-2.389209610407261053e+01
-4.049556606188878050e+01
-1.861245347577194309e+01
-3.978746000508554914e+01
-1.620186927659460707e+01
-7.631282156339973710e+01
-1.088835737507540813e+01
-1.729293968689903238e+01
-3.298745093379400828e+01
-1.982787430321336686e+01
-7.793224177419909893e+01
-8.604490464878267630e+00
-3.732599161985845626e+01
-5.859490194496478921e+01
-6.622168115530506327e+01
-7.897169033510763825e+01
-1.565762994105751815e+01
-1.231777827334152988e+02
-3.299370378411400395e+01
-1.339311762274487094e+01
-1.651853091317617839e+02
-1.516764485537716212e+01
-9.976600139451664973e+01
-2.842196761176582598e+01
-6.016262593843168816e+01
-4.123807742236355267e+01
-4.725234497524401434e+01
-5.884365274742064855e+01
-4.532249823011628109e+01
-5.427878275782259720e+01
-4.756901572953559310e+01
-1.292770537235991668e+01
-5.881984123246479612e+01
-1.303330146555969904e+01
-7.934955275600931657e+01
-7.539988983349880414e+01
-4.018939475197345246e+01
-1.910194174266147371e+01
-1.932535520451798305e+01
-8.210919978445421208e+00
-1.354855865027007056e+01
-1.691051664692251322e+01
-6.366010912261909738e+01
-2.035684849890114734e+01
-2.154672304068208177e+01
-6.104321220819429072e+01
-1.096320379548995660e+01
-7.826620512774057659e+01
-2.528251065123997776e+01
-6.459405582894845566e+01
-1.294435454889407211e+01
-2.728651970950590311e+01
-2.833284189175967072e+01
-6.306594333183366530e+01
-1.219278023832153224e+02
-7.266769741893787682e+01
-1.129255149653769763e+01
-9.070246345246602004e+01
-1.247011854619693594e+01
-6.096992775671100162e+01
-8.549980668484106161e+01
-2.787773074312918453e+01
-4.572364787761135574e+01
-3.818613242812344311e+01
-3.835576501356065648e+01
-7.202086226045008743e+01
-1.138835737507540813e+01
-3.023994111584909916e+01
-7.388791071438360802e+01
-6.151753548844544639e+01
-9.243293785276943453e+00
-1.623518385934201191e+01
-1.142347064507152936e+02
-2.200584395044392139e+01
-1.006499639513847910e+02
-1.458245390811293518e+01
-1.029053400505391949e+02
-1.755952847706214115e+01
-2.448542695566917615e+01
-6.195333229218394422e+01
-1.197614240440189448e+01
-6.122227736123019781e+01
-1.795639501614187949e+01
-1.857185580642101286e+01
-4.226798692494434562e+01
-3.423002193369431723e+01
-2.275579203372843295e+01
-2.821913160804867005e+01
-2.125111136466684059e+01
-1.795639501614187949e+01
-4.226798692494434562e+01
-4.629673364928563473e+01
-6.417048066741440238e+00
-9.707248335772707293e+00
-2.981227848413880110e+00
-1.514027381587518306e+01
-6.945425266550824261e+00
-1.432353666270218469e+02
-3.854610007492580337e+01
-6.504720235107667747e+01
-6.945425266550824261e+00
-7.066900403343801429e+00
-4.005466216672789415e+01
-2.087723841660332980e+01
-5.837714646409890662e+01
-4.844642150617522702e+01
-3.128173707847797047e+01
-4.611374809345360859e+01
-2.981227848413880110e+00
-1.614908794864414787e+01
-8.648160305676408655e+01
-3.246312044847095990e+01
-4.191302992919258941e+01
-5.104165111065897520e+01
-4.912612865959165021e+01
-1.079424732244979168e+01
-5.858697520595536190e+01
-5.975400659941450243e+01
-3.132315186209014612e+01
-7.844454167152370871e+00
-3.841904072250670055e+01
-6.140481898291866969e+01
-1.737592889730747459e+01
-1.547916481563967395e+01
-1.786728207202576613e+01
-4.274822406996730706e+01
-5.163323161663590355e+01
-3.595313907383456353e+01
-4.660167382772779376e+01
-3.620779898618401660e+01
-3.303647145781419425e+01
-3.442089904839276926e+01
-3.426755884247843653e+01
-5.765282240338135011e+01
-1.763647164952088886e+01
-7.271874724733410744e+01
-1.000752968044759683e+02
-4.180624915218081128e+01
-1.409235097450355312e+01
-3.632081019870858540e+01
-6.540521194859972809e+01
-3.892912697825823898e+01
-2.284411501580829551e+01
-1.363340074089214227e+01
-1.586523583472375165e+01
-1.591771416390541916e+01
-2.409449531310323422e+01
-1.066111244057369944e+01
-3.910422693299183550e+01
-4.058888046887813061e+01
-4.537643633556978529e+00
-5.929871045034476396e+01
-1.708807323028942449e+01
-9.566407698211524036e+00
-1.438315595735752481e+02
-1.655057178006176954e+01
-1.377303150779123087e+02
-4.048541119986685999e+01
-7.161002752550923844e+01
-8.448490399668450834e+01
-8.604490464878267630e+00
-1.666486282422323484e+01
-3.163838305592490840e+01
-1.769484031591620266e+01
-6.186913300655452019e+01
-3.576404976202464780e+01
-7.495808902522068706e+01
-1.743385077609124423e+01
-5.519260821552582286e+01
-1.986880111632530088e+01
-1.314632181193134386e+02
-7.778237155833274130e+01
-3.484866016970893554e+01
-5.820731953376368040e+01
-1.413650803395098023e+02
-5.359825460589243562e+01
-6.238556612626705800e+01
-4.226798692494434562e+01
-2.146741489965101479e+01
-6.115893443860256440e+01
-7.481018706820020725e+01
-7.881180941760788983e+01
-1.004238277977516418e+02
-3.548598436240256859e+01
-9.672892478379896630e+00
-3.841904072250670055e+01
-5.978957105802020067e+01
-1.466266240489210304e+01
-4.963644654052624361e+01
-2.060595125034901898e+01
-1.739159550698257206e+01
-3.898200993077117715e+01
-1.355573300213910386e+02
-1.615433974940848572e+01
-2.861828864679801754e+01
-2.907373096512279176e+01
-8.259191272464667577e+01
-9.986236472753653004e+00
-5.631872642011924057e+01
-1.632146141547737983e+01
-4.226798692494434562e+01
-2.101062821159073835e+01
-2.056494472600597589e+01
-2.185439544294839465e+01
-2.498311979505342961e+01
-3.479215822204187702e+01
-8.601038118909617225e+00
-4.261963713250054298e+01
-2.347622615169139948e+01
-5.862946844985929573e+01
-2.870324458364036246e+01
-2.903512386747373597e+01
-2.474740564889196648e+01
-2.291497032997188299e+01
-1.339827946607876541e+01
-1.441130114074356783e+01
-4.673841153202718601e+01
-2.112347128056754642e+01
-7.322800043992565122e+01
-2.035684849890114734e+01
-8.083368481215941870e+00
-7.881100498563151291e+01
-6.913004465911194529e+01
-2.805322485919867148e+01
-7.579895756970289256e+01
-7.329438111427005254e+01
-4.963644654052624361e+01
-1.507405432333747441e+01
-5.831003037640038400e+01
-6.007805067535205978e+01
-6.466313959947936496e+01
-6.332131785793561107e+01
-3.180543961146458543e+01
-2.316971990887406108e+01
-2.008868571865111718e+01
-7.000336568999620113e+01
-8.937685271666616416e+00
-4.205329724918205869e+01
-2.687339371080240724e+01
-4.782274192161324322e+01
-1.046938243192652322e+02
-3.857975998991230426e+01
-3.324654900567531968e+01
-2.805322485919867148e+01
-4.712292535118865544e+01
-7.904557757515451044e+01
-2.316971990887406108e+01
-3.694221347267511391e+00
-3.170605743136698962e+01
-2.480951631512155942e+01
-7.765956961398225644e+01
-6.267279616514738905e+01
-5.256464702947718592e+01
-8.027684550264481800e+01
-1.629798742660341659e+01
-2.533600266556932823e+01
-6.262054048064055678e+01
-4.226798692494434562e+01
-1.253525421969528679e+02
-1.938207008223167094e+01
-2.303915988028314388e+01
-5.562941124809613314e+01
-2.441804101571904084e+01
-9.833247232609789279e+00
-4.733778113251730701e+01
-4.117587607839055153e+01
-3.327296452240666724e+01
-4.699444636962748234e+01
-1.286395566533818879e+01
-8.558299698694604274e+01
-5.888228722940591808e+01
-5.909818842434242470e+01
-1.007703212201503220e+02
-3.589717577335205334e+01
-8.027684550264481800e+01
-3.791869547452917288e+01
-3.504835900344481558e+01
-1.403873671955739724e+02
-2.910778487745855259e+01
-6.154460282555426431e+01
-2.392852629410020171e+01
-1.222839815151413916e+02
-6.112252444638808413e+01
-2.347622615169139948e+01
-1.254417939762214615e+02
-5.969787211334885058e+01
-1.449673034874289215e+02
-2.507465416511268330e+01
-5.573044137666357756e+01
-5.380978677631784990e+01
-4.098495826304670686e+01
-9.960715380401307328e+00
-2.905983964258591357e+01
-1.493408023416811261e+02
-8.602971238021861922e+00
-3.923721440714707853e+01
-3.560838435643792366e+01
-3.185493286940411650e+01
-1.681067054207368372e+01
-3.271861633044781570e+01
-3.707054665298810647e+01
-9.033034514179970387e+00
-4.112326888390536794e+01
-2.533600266556932823e+01
-1.563302451027378126e+01
-3.148747766533726988e+01
-8.941271769829462812e+00
-1.371971457116366366e+02
-5.960718034055497583e+01
-5.920812486001997854e+01
-1.444680664810211965e+02
-2.763742254639351259e+01
-3.936931172807261703e+01
-8.501450076665783229e+01
-1.641374002565608592e+01
-7.058557530434003979e+01
-2.669235499381936449e+01
-2.389771824279038981e+01
-9.543709003944610458e+01
-7.441378414454216994e+00
-1.160897193263308225e+01
-1.569696707977306716e+01
-4.009991555101973404e+01
-6.055137798173086594e+01
-1.999980821909652207e+01
-3.782419670563916725e+01
-5.747970969495661109e+01
-2.577735627980966271e+01
-3.881824999630016748e+01
-6.062786732549064084e+01
-1.536334789730226547e+01
-2.533600266556932823e+01
-1.809913213475534022e+01
-5.848364622222324272e+01
-7.844454167152370871e+00
-7.780502214388917537e+00
-3.459444720661233674e+01
-6.172020070943142400e+01
-6.331989995210140165e+00
-2.362706495431596210e+01
-4.092918171725654020e+01
-6.728449281359790746e+01
-4.013823255923401234e+01
-1.281243081790269400e+02
-9.598994961735083109e+01
-1.666486282422323484e+01
-1.358991999269283042e+02
-2.429417070198165618e+01
-9.212825434263919533e+01
-4.631055577959754999e+01
-3.176511926552479537e+01
-6.050328570141772389e+01
-1.861245347577194309e+01
-8.210919978445421208e+00
-1.666486282422323484e+01
-2.360758223595984973e+01
-8.385159426059974663e+00
-5.845125582355147742e+01
-9.331701086927562017e+01
-1.260751533863925999e+02
-6.413231973803968344e+01
-1.654326819679551619e+01
-1.022076393169573194e+01
-1.359203615075713856e+01
-2.382803654196308329e+01
-1.274095598533322118e+02
-3.190036300409641967e+01
-3.783086307731049658e+01
-1.089405823720977295e+01
-4.226798692494434562e+01
-3.595313907383456353e+01
-1.442171491258143234e+01
-1.393970999986990478e+01
-8.360145110230953946e+01
-1.300633312244374196e+01
-4.915119963220742960e+01
-9.218813152725019222e+00
-1.565762994105751815e+01
-1.305125261120641156e+01
-6.154572041516216530e+01
-4.305651274179805910e+01
-3.429215822204187702e+01
-3.416737579747736220e+01
-4.614963949526794096e+01
-1.292770537235991668e+01
-6.401425290057092354e+01
-1.725421076161693890e+01
-8.943837685051867936e+01
-7.859040698788871282e+01
-1.502821149082659602e+01
-1.861245347577194309e+01
-2.580713064232820741e+01
-2.012335545794299563e+01
-2.800060732571094491e+01
-2.320892290484853149e+01
-2.713383633681412022e+01
-1.457034311471623482e+02
-2.834456673987018149e+01
-8.360145110230953946e+01
-5.249565588394618487e+01
-2.988044502622681620e+01
-3.429215822204187702e+01
-1.361177502755115825e+02
-6.158046018336304428e+01
-3.595313907383456353e+01
-4.678679156890929391e+01
-1.292770537235991668e+01
-1.173947875273867822e+02
-7.856161027753228154e+01
-6.154572041516216530e+01
-6.078382233003739543e+01
-1.704057072797562711e+01
-3.458775147476697498e+01
-1.339827946607876541e+01
-4.797554809554553401e+01
-3.296308965441652106e+01
-1.502821149082659602e+01
-6.197758699968704121e+01
-3.194268633826012405e+01
-1.248928453742681768e+02
-1.587820095141627164e+01
-1.383004380431865243e+01
-2.533600266556932823e+01
-4.946164991668073441e+01
-1.022560654429650384e+02
-4.305651274179805910e+01
-8.484177135897891731e+01
-9.946394774056292931e+01
-1.754490228814089647e+01
-1.339827946607876541e+01
-3.936931172807261703e+01
-3.793148381700882510e+01
-3.139630178997414589e+01
-4.373242798075344240e+01
-2.813711863304832050e+01
-3.682499727684339064e+01
-3.159526842872968189e+01
-1.619962977406646303e+02
-6.793994741517440161e+01
-5.025807254930054313e+01
-1.393970999986990478e+01
-5.824624765293307149e+01
-4.580755776495690412e+01
-2.521537541439647967e+01
-1.001871406190792726e+02
-9.449038174891165909e+01
-1.593004707912454876e+02
-1.339827946607876541e+01
-6.227341818604210033e+01
-4.152128216629779445e+01
-7.132762683817169602e+00
-6.155533574768341509e+01
-1.666486282422323484e+01
-1.655319680976167973e+01
-4.570150132657140318e+01
-7.844454167152370871e+00
-5.911572724241365506e+01
-1.136831807351271806e+01
-4.659770757901230098e+01
-2.726692552673391390e+01
-1.598325607738981660e+02
-5.983934104993708303e+01
-5.798261705030472513e+01
-2.533600266556932823e+01
-1.672327119194403622e+01
-3.645754207277651915e+01
-7.844454167152370871e+00
-1.960591959241936166e+01
-1.749609959043907637e+01
-6.472260449532768689e+01
-1.170137680413874932e+02
-1.022076393169573194e+01
-3.185493286940411650e+01
-6.191334655408204668e+01
-3.342945949295145169e+01
-5.933766545387793201e+01
-9.678914682399600622e+01
-5.471490266202513908e+01
-4.305651274179805910e+01
-3.159364536842608473e+01
-1.339827946607876541e+01
-8.084503468432330919e+01
-4.122483728339206266e+01
-2.106095085572500736e+01
-2.434119126652655396e+01
-5.231844162158070333e+01
-6.265760049817968280e+01
-5.960718034055497583e+01
-1.619252950038184835e+01
-3.159364536842608473e+01
-2.912384406057530484e+01
-1.230005406258300695e+02
-1.549632541622718307e+01
-1.909433835890870057e+01
-7.844454167152370871e+00
-6.098976908724546320e+01
-4.205470162816587276e+01
-6.153321436452394977e+01
-2.687339371080240724e+01
-2.382803654196308329e+01
-5.588678073043722350e+01
-1.624226176490086715e+01
-1.656151181083868096e+01
-1.362425410670828967e+02
-4.806750067089747347e+01
-1.354741113065377078e+01
-3.534456657661972656e+01
-4.226798692494434562e+01
-3.495520667883381805e+01
-1.938207008223167094e+01
-7.988015816562888460e+01
-3.907475047096121301e+01
-1.589052172141819952e+01
-1.292770537235991668e+01
-4.673841153202718601e+01
-6.855982198741365607e+00
-9.836030530146936712e+01
-1.359203615075713856e+01
-1.022076393169573194e+01
-3.768253692120583764e+01
-6.706591428706637714e+01
-3.351725406987748102e+01
-1.666486282422323484e+01
-3.245033616721507741e+01
-1.682023469308850494e+01
-9.905263260857314833e+01
-4.576202441741666860e+01
-4.024332520193671314e+01
-6.229174314336488294e+01
-1.861245347577194309e+01
-1.751411393571873631e+01
-1.640696804233793671e+01
-1.292770537235991668e+01
-4.648628664802497212e+01
-6.226534230951695292e+01
-3.148747766533726988e+01
-1.925731191427084710e+01
-3.133910686272597701e+01
-2.886631015205787421e+01
-6.232398166931273664e+01
-9.298740907843423997e+00
-3.793148381700882510e+01
-2.583835355796379574e+01
-7.534893066853761923e+00
-1.999980821909652207e+01
-1.502821149082659602e+01
-1.999980821909652207e+01
-5.907289923459116210e+01
-1.393970999986990478e+01
-9.899149028213631141e+01
-7.386054979333462711e+01
-7.136264749991556755e+01
-7.193417095103751535e+01
-6.214039839452556890e+01
-2.127785488751599985e+01
-8.791210336062054154e+00
-3.906240551093409863e+01
-8.284413843521673471e+01
-2.466498267832769642e+01
-2.742947669268743027e+01
-1.250725026444527828e+02
-4.058021786090358773e+01
-2.725643188503142866e+01
-1.409235097450355312e+01
-4.013308545159382845e+01
-3.707054665298810647e+01
-8.385159426059974663e+00
-4.834514227108496698e+01
-1.022076393169573194e+01
-8.534135359475915550e+01
-1.144748619339968201e+02
-4.184249079534122018e+01
-2.410460418665813975e+01
-2.641230112503580330e+01
-6.659167179734831166e+01
-3.222832761571120841e+01
-5.978713403419266825e+01
-6.966878183580678296e+01
-7.464596829197219563e+00
-1.681491577247717473e+01
-1.159908105419671216e+02
-3.125699821566905001e+01
-3.377300849129164817e+01
-9.866383598821158785e+01
-5.209648830634661465e+01
-2.089715505986105271e+01
-1.375385514260991613e+02
-1.073263672008484448e+01
-6.706591428706637714e+01
-5.493184125077991098e+01
-3.117606355659372852e+01
-4.122349040764103023e+00
-5.702972196491611356e+01
-2.069892436000460023e+01
-4.226798692494434562e+01
-3.256841796854186555e+01
-7.318958644557426396e+01
-5.836462174761854271e+01
-1.658357644137385734e+01
-3.183465689117846154e+01
-3.422433265049585316e+01
-1.860824374145488846e+01
-1.336768908462257244e+01
-5.770621620476564573e+01
-8.385159426059974663e+00
-1.597969214615260469e+01
-3.170309986488044274e+01
-3.147499542648044724e+01
-5.784670080583600793e+01
-4.678679156890929391e+01
-2.382803654196308329e+01
-2.338813827623467390e+01
-2.347622615169139948e+01
-6.342684697827553464e+01
-1.541956060855233090e+01
-1.051228776132293774e+02
-4.558018018957102413e+01
-4.273867172859360153e+01
-1.861245347577194309e+01
-1.354673891086067954e+02
-8.654826608913577246e+00
-5.930245520720502839e+01
-2.687339371080240724e+01
-3.595313907383456353e+01
-1.565762994105751815e+01
-1.502821149082659602e+01
-3.755808612809811109e+01
-2.981227848413880110e+00
-7.359934401874164678e+01
-4.963555653126256573e+01
-5.994407280460080756e+01
-1.999980821909652207e+01
-3.860354330982062976e+01
-3.281367570512975362e+01
-4.792716805866352558e+01
-2.726073014944928019e+01
-3.486769743892322992e+01
-7.365475378934374362e+01
-2.479201807385763345e+01
-2.384872525127179799e+01
-4.890600090839906500e+01
-3.079049218471707761e+01
-6.072335686878851391e+01
-3.768253692120583764e+01
-3.644882432103361225e+01
-7.162825593863473728e+00
-7.856161027753228154e+01
-5.987857546040261525e+01
-1.574110623827562350e+01
-2.434119126652655396e+01
-3.834794562358058556e+01
-7.580400913984391309e+00
-2.035684849890114734e+01
-1.197614240440189448e+01
-2.080892264694868388e+01
-3.489019259619808366e+01
-2.676292697701817502e+01
-4.009197619730377937e+01
-1.188071140035894402e+01
-3.768253692120583764e+01
-7.829689911478385511e+01
-8.604490464878267630e+00
-6.848729974627397610e+01
-1.572788608171974829e+02
-2.533600266556932823e+01
-8.309773386374239124e+01
-4.226798692494434562e+01
-5.806017494742576446e+01
-3.841904072250670055e+01
-3.418858389716740476e+01
-1.999980821909652207e+01
-9.883517689374673409e+01
-3.148747766533726988e+01
-9.883517689374673409e+01
-7.181884161375029407e+01
-4.663999855104059122e+00
-3.763008762171676835e+01
-2.496598070629726962e+01
-6.885280189081525748e+01
-7.365475378934374362e+01
-1.938207008223167094e+01
-5.752390272867425836e+01
-7.396147142501405369e+01
-1.197614240440189448e+01
-1.292770537235991668e+01
-3.480869188635364253e+01
-1.662950971774868947e+01
-7.323453145495821559e+01
-2.274256371766194107e+01
-7.844454167152370871e+00
-6.225564200822805105e+01
-8.385159426059974663e+00
-6.331989995210140165e+00
-1.710942702338070021e+01
-5.912340727009342345e+01
-3.945302869057344708e+01
-1.492354326035778200e+01
-2.125561542487581335e+01
-4.622570228248217461e+01
-2.125561542487581335e+01
-8.385159426059974663e+00
-2.981227848413880110e+00
-1.377194555782714929e+02
-1.308670880515182233e+01
-6.009322242478442178e+01
-4.642797545369292322e+01
-1.359203615075713856e+01
-5.694196868321159855e+01
-1.861245347577194309e+01
-4.776078303522712787e+01
-1.861245347577194309e+01
-6.709488594794406424e+01
-7.321000637736823080e+00
-3.841904072250670055e+01
-4.305651274179805910e+01
-3.595313907383456353e+01
-2.356107109003336220e+01
-1.618239404431436768e+01
-1.123862343336182334e+01
-1.197614240440189448e+01
-2.687339371080240724e+01
-5.718725557591719166e+01
-8.134602100187490237e+01
-5.209648830634661465e+01
-6.072335686878851391e+01
-1.753559053859725125e+01
-5.909599412803739682e+01
-2.981227848413880110e+00
-2.472411255497886273e+01
-1.375605610021345910e+02
-3.117606355659372852e+01
-3.532466114893701103e+00
-5.718725557591719166e+01
-6.023720597656617315e+01
-1.999980821909652207e+01
-3.127640929771509093e+01
-1.861245347577194309e+01
-2.981227848413880110e+00
-3.492470301797502685e+01
-1.593671485235132081e+02
-8.385159426059974663e+00
-5.837714646409890662e+01
-9.804229040838679055e+01
-4.944401879901231212e+01
-6.331989995210140165e+00
-1.825355981048089404e+01
-1.933562056997050860e+01
-5.837714646409890662e+01
-2.431095137295716668e+01
-2.171297721441415618e+01
-6.706591428706637714e+01
-3.821735168879150280e+01
-5.633264452281815693e+01
-5.401566236210918959e+01
-2.012014632132510172e+01
-3.148747766533726988e+01
-2.127785488751599985e+01
-7.003523678471790959e+01
-2.805322485919867148e+01
-1.251598070494246571e+02
-7.856161027753228154e+01
-3.429215822204187702e+01
-7.731695930794779770e+01
-4.160764781309684679e+01
-3.147195152984651756e+01
-6.277369503543245344e+01
-3.148747766533726988e+01
-1.999980821909652207e+01
-1.514027381587518306e+01
-2.158576977171827238e+01
-3.696635127258213060e+01
-5.725231492739895600e+01
-3.125699821566905001e+01
-4.226798692494434562e+01
-8.385159426059974663e+00
-1.697057618514776323e+01
-1.502821149082659602e+01
-1.393970999986990478e+01
-1.453706259609961293e+01
-8.210919978445421208e+00
-1.070549244579665071e+01
-1.147827334037114326e+02
-2.533600266556932823e+01
-2.356107109003336220e+01
-2.726073014944928019e+01
-8.380561767392315176e+01
-7.731695930794779770e+01
-4.678679156890929391e+01
-4.226798692494434562e+01
-6.331989995210140165e+00
-7.790284266294833060e+01
-5.718725557591719166e+01
-5.715278335036789770e+01
-3.589717577335205334e+01
-2.741015954871332028e+01
-3.881867722405660004e+01
-7.818203496341612890e+01
-1.985386840732705238e+01
-3.051820945963492093e+01
-4.415978267622153197e+01
-1.294435454889407211e+01
-4.584292185959760957e+01
-2.382803654196308329e+01
-2.481551944963958789e+01
-8.972875734533570125e+00
-1.042055756594072946e+01
-7.844454167152370871e+00
-3.645754207277651915e+01
-3.184685681908396049e+01
-1.880774792743880752e+01
-3.829406749137559984e+01
-7.294068485935875401e+01
-4.828590090006521507e+01
-1.597969214615260469e+01
-7.809835358782170545e+01
-1.999980821909652207e+01
-1.578070733866354658e+01
-2.739424720048419104e+01
-2.136678995717223373e+01
-3.881867722405660004e+01
-7.365475378934374362e+01
-6.706591428706637714e+01
-2.533600266556932823e+01
-1.252617609504057583e+02
-9.930844098447005308e+01
-1.166084881949220033e+02
-2.448912777011425135e+01
-1.541718403002037263e+01
-1.999980821909652207e+01
-5.696317525433046569e+01
-4.637740716089035686e+01
-7.856161027753228154e+01
-7.856161027753228154e+01
-2.014323595924991039e+01
-2.191229902337431312e+01
-3.645754207277651915e+01
-4.095962228439393016e+01
-7.329262638307127986e+01
-1.599703580325289636e+02
-3.183394097223984076e+01
-3.148747766533726988e+01
-3.721928023149519049e+01
-4.063073569016754050e+01
-8.081143325225986018e+01
-2.386300227320371548e+01
-9.730908703407799010e+00
-9.770233261377654799e+00
-2.749975389335708442e+01
-1.463236765494937330e+01
-7.867122453436687124e+01
-1.435495587520224703e+01
-4.420444208255037921e+00
-3.037589067798242226e+01
-6.706591428706637714e+01
-8.490697994664880355e+01
-1.070549244579665071e+01
-1.254800167786685705e+01
-7.309188820311810275e+01
-6.149733453865697186e+01
-3.418858389716740476e+01
-1.292770537235991668e+01
-1.415309537118106675e+01
-2.707197362281289088e+01
-3.573687502166689001e+01
-2.382803654196308329e+01
-2.647538687498454379e+01
-3.037589067798242226e+01
-9.679295050901057351e+00
-4.834514227108496698e+01
-4.005186275921727201e+01
-2.643498562825463694e+01
-6.195333229218394422e+01
-4.080513332006769645e+01
-3.812027564742227526e+01
-2.434119126652655396e+01
-1.002665545922652157e+01
-4.584292185959760957e+01
-6.177557309644090822e+01
-6.417048066741440238e+00
-3.418858389716740476e+01
-1.367737266523595352e+01
-8.799784916545124958e+00
-5.788901673169488049e+01
-1.173947875273867822e+02
-2.265261080438396490e+01
-6.813508978629646151e+01
-5.891365196183046749e+01
-4.305651274179805910e+01
-3.948757718654076143e+01
-5.406659552629071896e+01
-2.981227848413880110e+00
-5.413957447233445208e+01
-1.861245347577194309e+01
-7.284589543857311611e+00
-1.541718403002037263e+01
-3.768253692120583764e+01
-6.639443780984230159e+01
-3.067585367888424841e+01
-9.916757637718612273e+01
-8.385159426059974663e+00
-4.305651274179805910e+01
-1.597969214615260469e+01
-1.197614240440189448e+01
-1.197614240440189448e+01
-6.934837721523342680e+01
-2.142668346755579378e+01
-2.726441393200584784e+01
-1.047447770868541994e+01
-3.968208910890966479e+01
-5.172765072218878402e+01
-8.604490464878267630e+00
-2.991269380328383320e+01
-8.372865428874354166e+01
-4.673841153202718601e+01
-1.514027381587518306e+01
-7.731695930794779770e+01
-2.726073014944928019e+01
-5.781087688419016501e+01
-7.045503505609997319e+01
-4.257559707828051643e+01
-6.383536843968467167e+01
-1.517803868226079445e+01
-2.138494798382253137e+01
-9.021738231779199424e+00
-2.035684849890114734e+01
-6.417048066741440238e+00
-4.085695992954676825e+01
-3.125699821566905001e+01
-1.999980821909652207e+01
-5.101273412165954113e+01
-3.423122628799666956e+01
-8.975571523954830155e+00
-1.999980821909652207e+01
-2.566079330604665287e+01
-1.817802244443020854e+01
-8.091691231465381406e+01
-2.803274674126371124e+01
-4.005558055495723124e+01
-1.640002004600050256e+01
-2.018220165031802082e+01
-1.565762994105751815e+01
-4.838475637408975416e+01
-1.690239906227251510e+01
-4.584292185959760957e+01
-3.793148381700882510e+01
-6.292808809318954388e+01
-6.337224340683920332e+01
-4.053517233934135078e+01
-8.837826171678823783e+00
-2.805322485919867148e+01
-2.071197853164132496e+01
-2.074189792666025056e+01
-3.678059351496237639e+00
-8.255930843081169712e+01
-9.430442092897655471e+01
-2.035684849890114734e+01
-1.084784813185408936e+01
-4.001999894948190217e+01
-3.645754207277651915e+01
-8.356760663476872963e+00
-9.634311386656655429e+00
-2.382803654196308329e+01
-2.805322485919867148e+01
-3.892310913714807441e+01
-4.226798692494434562e+01
-4.622570228248217461e+01
-5.406659552629071896e+01
-2.316971990887406108e+01
-6.072335686878851391e+01
-5.209648830634661465e+01
-3.841904072250670055e+01
-1.502821149082659602e+01
-6.417048066741440238e+00
-7.856161027753228154e+01
-9.267302319603270888e+00
-8.210919978445421208e+00
-7.844454167152370871e+00
-4.196745154238301723e+01
-1.358579780119405029e+02
-8.474940030710473593e+01
-3.037589067798242226e+01
-7.384644263133850473e+01
-3.812027564742227526e+01
-1.072583592240777151e+01
-2.805322485919867148e+01
-3.429215822204187702e+01
-3.892310913714807441e+01
-3.060876531150940849e+01
-3.470841924671555034e+01
-6.877362663476114335e+01
-1.987761088902484019e+01
-4.678679156890929391e+01
-4.770961482167093237e+01
-9.411296239320637369e+01
-1.443901516321515643e+01
-5.209648830634661465e+01
-1.406338417409046571e+01
-3.179749612505301926e+01
-5.159891417177345119e+00
-4.342396794586490216e+01
-6.074793008318756904e+01
-5.562689796952209065e+01
-1.172535560633034777e+02
-4.553271649228362605e+01
-8.604490464878267630e+00
-4.342396794586490216e+01
-5.729858468715727327e+01
-5.740309605617078148e+01
-5.788901673169488049e+01
-1.597969214615260469e+01
-2.687339371080240724e+01
-2.799564055758296632e+01
-1.339827946607876541e+01
-1.372802182927873815e+01
-2.822915858672095979e+01
-2.727789597808803634e+01
-2.018382770652624458e+01
-3.286818828100139456e+01
-2.891933329068637448e+01
-1.591783919968771102e+02
-7.133132001202969263e+01
-6.414249482085267573e+01
-3.911952697188965544e+01
-2.829115712720876274e+01
-1.255426508211951955e+02
-1.278955802305261074e+02
-1.409235097450355312e+01
-6.443394998303550381e+01
-9.976752172442223809e+01
-2.018382770652624458e+01
-4.584292185959760957e+01
-1.577477868575387632e+01
-3.337940635760949704e+01
-2.699504789225811408e+01
-7.856161027753228154e+01
-5.406659552629071896e+01
-3.110433396207630352e+01
-3.148747766533726988e+01
-1.197614240440189448e+01
-2.976938561065460931e+01
-5.718725557591719166e+01
-1.897403702287136085e+01
-5.156010461813480816e+01
-4.678679156890929391e+01
-5.209648830634661465e+01
-9.212825434263919533e+01
-6.575840652342499482e+00
-3.429215822204187702e+01
-4.587576843789128134e+01
-4.576591049720235560e+01
-2.786446833256242783e+01
-7.701819423286340793e+01
-1.339827946607876541e+01
-1.758815353492194333e+01
-1.597969214615260469e+01
-1.591816483069471531e+02
-1.197614240440189448e+01
-4.622570228248217461e+01
-2.859820149554747104e+01
-2.382803654196308329e+01
-1.078827176254311695e+02
-1.577477868575387632e+01
-2.727789597808803634e+01
-8.137962243393835138e+01
-6.275809762134613834e+01
-6.733063187434416363e+01
-6.072335686878851391e+01
-1.618239404431436768e+01
-7.181884161375029407e+01
-1.861245347577194309e+01
-4.305651274179805910e+01
-2.672997260251510454e+01
-2.726073014944928019e+01
-4.554689027623849995e+01
-1.380878104709209993e+02
-7.248035094603733342e+01
-1.559400027658454135e+01
-3.886958677700652487e+01
-3.170090484613718473e+01
-6.177557309644090822e+01
-1.473912240593481329e+02
-1.250666419188336533e+02
-5.159891417177345119e+00
-6.072335686878851391e+01
-1.409235097450355312e+01
-1.223096125917438286e+02
-5.261808590120091367e+01
-8.210919978445421208e+00
-1.857852665172741169e+01
-1.188663942462747514e+02
-2.964043902349606441e+01
-3.418858389716740476e+01
-5.718725557591719166e+01
-7.181884161375029407e+01
-1.938207008223167094e+01
-7.834832498075385843e+01
-1.753559053859725125e+01
-5.209648830634661465e+01
-9.855494106570382939e+00
-2.726073014944928019e+01
-7.245651848489984559e+01
-1.882535520451798305e+01
-3.536325332096802754e+01
-4.678679156890929391e+01
-6.055677481237891158e+01
-3.223753967952225707e+01
-2.071563710733474650e+01
-6.026384701345845940e+01
-8.343275786498416835e+01
-1.339827946607876541e+01
-6.171258783625773958e+01
-1.938207008223167094e+01
-3.148747766533726988e+01
-7.181884161375029407e+01
-8.604490464878267630e+00
-6.293927640544561797e+01
-1.359203615075713856e+01
-5.321920674178960553e+01
-1.698963360442368753e+01
-9.656345227850344770e+00
-2.411915161607142011e+01
-8.604490464878267630e+00
-4.769727496659972132e+01
-1.378461444502686106e+02
-2.270185170223682647e+01
-7.322437386503166579e+01
-1.172778950756910774e+02
-4.660665847474945167e+01
-2.445860833717554073e+01
-5.209648830634661465e+01
-3.148747766533726988e+01
-1.409235097450355312e+01
-2.316971990887406108e+01
-5.209648830634661465e+01
-4.678679156890929391e+01
-8.349013079942328375e+01
-6.575840652342499482e+00
-3.330263179057403278e+01
-1.139696396718801807e+01
-7.327724073607089394e+01
-2.347622615169139948e+01
-4.001999894948190217e+01
-1.597969214615260469e+01
-2.265261080438396490e+01
-1.597969214615260469e+01
-7.306404835934841913e+00
-1.856788131651696006e+01
-3.843148381700882510e+01
-3.707758986694238246e+01
-1.562264091265370070e+01
-2.356107109003336220e+01
-3.998866773605866598e+01
-2.511799145305409198e+01
-1.615433974940848572e+01
-4.678679156890929391e+01
-1.634586439501338475e+02
-1.984748233261663231e+01
-6.554931979690651644e+01
-1.293705327176736120e+01
-3.479215822204187702e+01
-6.012203316761269889e+01
-5.996829310761849285e+01
-3.595313907383456353e+01
-7.868483633652812159e+01
-2.470201760282716208e+01
-7.379540909911327162e+01
-1.463102139084764417e+02
-1.619252950038184835e+01
-1.666486282422323484e+01
-2.451063779178305069e+01
-1.090355270868856152e+01
-1.559400027658454135e+01
-3.595313907383456353e+01
-4.763402036807979556e+01
-2.421674047341884517e+01
-6.072335686878851391e+01
-1.999980821909652207e+01
-1.618239404431436768e+01
-3.793148381700882510e+01
-3.793148381700882510e+01
-5.209648830634661465e+01
-1.999980821909652207e+01
-7.181884161375029407e+01
-3.429215822204187702e+01
-1.555250227022622767e+01
-2.054672265894011574e+01
-9.210113575518004581e+00
-3.645754207277651915e+01
-1.702456101426414037e+01
-3.133032093147036790e+01
-1.472815195877534791e+02
-4.557767989755498661e+01
-7.315139491898779056e+01
-7.630650596777080352e+01
-2.817748930964896914e+01
-1.327760654456821143e+01
-7.187196135119714313e+01
-1.393286721569380759e+01
-3.479215822204187702e+01
-1.666486282422323484e+01
-3.125699821566905001e+01
-6.440280305657763904e+01
-3.841904072250670055e+01
-2.554170298787282789e+01
-8.598300282306230713e+01
-3.663944798153940496e+01
-3.426008140382477052e+01
-1.162766990508572817e+01
-1.292770537235991668e+01
-4.002905062486826182e+01
-6.072335686878851391e+01
-6.966193020197174235e+01
-2.737339371080240724e+01
-1.919273265255882421e+01
-2.834636649579032408e+01
-7.246536407473588781e+01
-4.305651274179805910e+01
-7.701819423286340793e+01
-1.146312443264484244e+02
-6.072335686878851391e+01
-5.725527369669281086e+01
-2.091047415752963090e+01
-1.242014752335858248e+02
-1.393286721569380759e+01
-2.713792972500717937e+01
-4.735498075058778511e+01
-4.622570228248217461e+01
-3.632809076903435397e+01
-3.117606355659372852e+01
-6.154572041516216530e+01
-3.645313907383456353e+01
-6.142152959238686094e+01
-3.843148381700882510e+01
-3.380395426013450333e+00
-3.902176140082352163e+01
-2.442181618728675119e+01
-1.597969214615260469e+01
-5.674362461604560792e+01
-5.841842381391874994e+01
-4.622570228248217461e+01
-7.181884161375029407e+01
-4.622570228248217461e+01
-1.292770537235991668e+01
-6.706591428706637714e+01
-1.310632167675434445e+01
-1.683173435278351349e+01
-2.091047415752963090e+01
-2.316971990887406108e+01
-3.707758986694238246e+01
-2.436998797688275431e+01
-5.718725557591719166e+01
-9.765462339511672951e+01
-1.427469285253837370e+02
-1.427469285253837370e+02
-4.673841153202718601e+01
-2.753918919300265600e+01
-1.679886140514092574e+01
-2.868611853364640751e+01
-5.687880519682110503e+01
-2.356107109003336220e+01
-8.604490464878267630e+00
-1.437862505599306360e+02
-4.678679156890929391e+01
-1.861245347577194309e+01
-3.147195152984651756e+01
-3.418858389716740476e+01
-1.439322084520182443e+02
-7.346599726270710562e+01
-7.706778490210989219e+01
-7.346599726270710562e+01
-7.385702696055452066e+01
-1.054564968763605037e+01
-4.622570228248217461e+01
-3.470841924671555034e+01
-7.731695930794779770e+01
-3.037589067798242226e+01
-2.938493907595947974e+01
-7.181884161375029407e+01
-4.584292185959760957e+01
-4.226798692494434562e+01
-1.607828200556865852e+02
-3.117606355659372852e+01
-7.181884161375029407e+01
-1.593135207315053847e+01
-9.663188609404397766e+01
-3.707758986694238246e+01
-1.264511283910644295e+02
-4.393001090111343387e+01
-6.414849179450567362e+01
-4.678679156890929391e+01
-3.117606355659372852e+01
-1.622382270523140591e+01
-5.711616047699096299e+01
-5.169107951679362145e+01
-1.585783341679087073e+02
-8.027684550264481800e+01
-7.844454167152370871e+00
-1.292770537235991668e+01
-6.072335686878851391e+01
-3.892310913714807441e+01
-1.292770537235991668e+01
-3.739815652550123559e+01
-2.035684849890114734e+01
-3.966604058551266832e+01
-5.725527369669281086e+01
-6.417048066741440238e+00
-3.418858389716740476e+01
-6.154572041516216530e+01
-1.359203615075713856e+01
-4.770457086113744083e+01
-9.818315150019003568e+00
-1.749254196969664576e+01
-2.091047415752963090e+01
-1.359203615075713856e+01
-7.847360216949739709e+01
-6.417048066741440238e+00
-7.329262638307127986e+01
-1.197614240440189448e+01
-4.584292185959760957e+01
-1.022076393169573194e+01
-1.339827946607876541e+01
-2.576781348389084059e+01
-7.246536407473588781e+01
-9.077368529924786600e+00
-7.008561002082356595e+01
-4.219626750015958550e+01
-2.805322485919867148e+01
-1.255011094725653180e+02
-5.370446812001817705e+01
-3.226865547200473827e+01
-6.331989995210140165e+00
-2.035684849890114734e+01
-1.339827946607876541e+01
-8.582257792370046445e+01
-3.418858389716740476e+01
-8.385159426059974663e+00
-2.356107109003336220e+01
-3.950005189371887582e+01
-3.037589067798242226e+01
-1.257266491308080845e+02
-1.861245347577194309e+01
-5.745056814835963621e+01
-1.409235097450355312e+01
-5.725888228769127863e+01
-9.212825434263919533e+01
-6.130512105748343288e+01
-4.622570228248217461e+01
-4.305651274179805910e+01
-1.858924087746791187e+01
-1.257725754341659581e+02
-1.615433974940848572e+01
-5.920953980518082460e+01
-1.559400027658454135e+01
-1.261350092234874296e+02
-3.646897721380844359e+01
-7.385357207567321325e+01
-1.589738897989656152e+02
-1.938207008223167094e+01
-1.156650585160989095e+02
-1.393970999986990478e+01
-1.359203615075713856e+01
-8.210919978445421208e+00
-9.212825434263919533e+01
-3.113955620728277296e+01
-2.391047415752963090e+01
-1.292770537235991668e+01
-7.753589614607912495e+01
-8.782812937993337954e+00
-4.356145017458685231e+01
-4.083543638800422571e+01
-1.738510474191239652e+01
-3.125699821566905001e+01
-2.594285239203323812e+01
-4.167051646535109199e+01
-1.201824338615708996e+02
-8.146560202928107230e+01
-6.154572041516216530e+01
-9.212825434263919533e+01
-7.762367694361813619e+01
-1.502821149082659602e+01
-7.246536407473588781e+01
-1.177838226622086495e+02
-3.768253692120583764e+01
-1.005522893745571906e+02
-4.122349040764103023e+00
-6.331989995210140165e+00
-1.460174582117235218e+02
-1.393970999986990478e+01
-1.615433974940848572e+01
-7.329262638307127986e+01
-8.396405703263997111e+01
-1.600274219553941748e+02
-8.364898981063797123e+01
-1.615433974940848572e+01
-4.673841153202718601e+01
-2.805322485919867148e+01
-3.071253783073942500e+01
-2.726073014944928019e+01
-2.316971990887406108e+01
-1.409235097450355312e+01
-1.613634475141897440e+02
-3.148747766533726988e+01
-5.741280730769391027e+01
-5.791781344205118387e+01
-1.197614240440189448e+01
-3.448590055257513143e+01
-6.177557309644090822e+01
-7.365475378934374362e+01
-9.999195336908007903e+01
-3.645754207277651915e+01
-3.595313907383456353e+01
-6.417048066741440238e+00
-9.230112128544973871e+00
-5.969448628403881685e+01
-2.795420845134917442e+01
-5.405369390786771078e+01
-7.055343588878740491e+01
-6.331989995210140165e+00
-3.595313907383456353e+01
-6.193808483119214259e+01
-7.166130800274957835e+01
-3.998757718654076143e+01
-1.256297442373914635e+02
-1.292770537235991668e+01
-1.884673158812082150e+01
-7.181884161375029407e+01
-2.541863273097878562e+01
-6.533013115076428790e+01
-9.669318019897315253e+01
-3.845466680726111974e+01
-8.467199059656743998e+01
-1.197183278646516413e+02
-6.074932830455575328e+01
-3.125699821566905001e+01
-3.037589067798242226e+01
-6.043897647308376975e+01
-6.195333229218394422e+01
-3.148747766533726988e+01
-7.844454167152370871e+00
-4.305651274179805910e+01
-5.406659552629071896e+01
-1.633922122397104033e+02
-1.597969214615260469e+01
-2.434119126652655396e+01
-6.195333229218394422e+01
-2.533600266556932823e+01
-5.894948024425917765e+01
-6.072335686878851391e+01
-2.629621727530048858e+01
-1.514027381587518306e+01
-6.253802724175938010e+01
-8.385159426059974663e+00
-1.253494793941654351e+01
-5.406659552629071896e+01
-1.409235097450355312e+01
-1.999980821909652207e+01
-2.981227848413880110e+00
-4.673841153202718601e+01
-1.600468374916096437e+01
-4.673841153202718601e+01
-2.687339371080240724e+01
-6.331989995210140165e+00
-2.265261080438396490e+01
-1.502821149082659602e+01
-2.316971990887406108e+01
-2.347622615169139948e+01
-4.678679156890929391e+01
-7.856161027753228154e+01
-5.406659552629071896e+01
-6.331989995210140165e+00
-5.406659552629071896e+01
-1.197614240440189448e+01
-1.861245347577194309e+01
-1.292770537235991668e+01
-7.214739606614850231e+01
-3.841904072250670055e+01
-8.427142481899396387e+01
-1.938207008223167094e+01
-8.376342370202517884e+01
-5.445718442962449046e+01
-5.741280730769391027e+01
-5.837714646409890662e+01
-6.706591428706637714e+01
-6.331989995210140165e+00
-6.164483524123001246e+01
-8.463469935454307347e+01
-7.171961662258880210e+01
-1.184946919054861354e+02
-4.226798692494434562e+01
-7.950705908949424838e+01
-3.964862038930105825e+01
-3.768253692120583764e+01
-3.970161943163391527e+01
-3.130671517875233789e+01
-1.504038200659266167e+01
-1.650193093334412353e+01
-6.331989995210140165e+00
-6.331989995210140165e+00
-2.316971990887406108e+01
-5.370446812001817705e+01
-7.964402055987258677e+01
-1.292770537235991668e+01
-5.406659552629071896e+01
-3.470841924671555034e+01
-1.861245347577194309e+01
-6.300565965339006169e+01
-2.985256267312008305e+01
-1.339827946607876541e+01
-8.756112634774162018e+00
-6.380081743158169161e+01
-3.117606355659372852e+01
-4.230043221963942557e+00
-4.661629118581585374e+01
-3.418858389716740476e+01
-3.125699821566905001e+01
-8.604490464878267630e+00
-7.172680676842334435e+01
-1.292770537235991668e+01
-3.418858389716740476e+01
-1.470443975392474840e+02
-2.265261080438396490e+01
-5.718725557591719166e+01
-4.305651274179805910e+01
-6.168728751936974675e+01
-1.508245390811293518e+01
-5.757544180585153981e+01
-5.304583586215364477e+01
-3.470841924671555034e+01
-1.649488117922455643e+01
-5.689784668622576191e+01
-6.053460034215214591e+01
-2.356107109003336220e+01
-2.508564149621533090e+01
-3.671817092768801416e+00
-4.226798692494434562e+01
-9.817428441239010795e+01
-3.429942018260830139e+01
-7.349489955428211374e+01
-7.187196135119714313e+01
-1.982107687616086977e+01
-3.178603284378174010e+01
-2.054672265894011574e+01
-3.768253692120583764e+01
-6.524177120268299745e+01
-8.456064378046825425e+01
-1.559400027658454135e+01
-1.292770537235991668e+01
-8.474940030710473593e+01
-7.187196135119714313e+01
-3.117606355659372852e+01
-6.138784068739742139e+01
-2.382803654196308329e+01
-3.418858389716740476e+01
-2.572012518164094175e+01
-7.422297657580062946e+01
-6.146675409280335600e+01
-2.347622615169139948e+01
-6.137472383378937479e+01
-4.622570228248217461e+01
-4.273339917532931054e+01
-2.356107109003336220e+01
-2.347622615169139948e+01
-1.168050630280380915e+02
-2.347622615169139948e+01
-6.153703374701201767e+01
-2.019125864121149405e+01
-5.691751385922496809e+01
-8.344394439373166961e+01
-2.347622615169139948e+01
-1.597969214615260469e+01
-2.804032324077580185e+01
-8.027684550264481800e+01
-8.664775658173116568e+00
-7.196106574479100004e+01
-6.072335686878851391e+01
-2.035684849890114734e+01
-2.467545510009470888e+01
-1.254515164905215556e+02
-2.347622615169139948e+01
-7.246536407473588781e+01
-6.855982198741365607e+00
-1.264943670991594971e+01
-2.981227848413880110e+00
-2.265261080438396490e+01
-4.427138216511796998e+01
-3.292284781679389027e+01
-1.367399531978770710e+02
-4.229666994969940674e+01
-7.217072642628161816e+01
-1.893437100513004978e+01
-3.037589067798242226e+01
-7.181884161375029407e+01
-7.346599726270710562e+01
-3.215333761103945420e+01
-5.959179469355464676e+01
-3.584965071079908938e+01
-1.597969214615260469e+01
-1.559400027658454135e+01
-3.429215822204187702e+01
-4.226798692494434562e+01
-3.141786806911682461e+01
-3.470841924671555034e+01
-9.846275579067541628e+01
-1.615433974940848572e+01
-1.292770537235991668e+01
-1.409235097450355312e+01
-1.999980821909652207e+01
-5.718725557591719166e+01
-3.148747766533726988e+01
-4.682466753872665777e+01
-2.223160277290049791e+01
-2.485650354499791703e+01
-4.305651274179805910e+01
-1.477289381208753696e+02
-3.793148381700882510e+01
-4.380157510329611625e+01
-2.687339371080240724e+01
-6.577260503088423604e+01
-6.331989995210140165e+00
-1.191602416640374429e+02
-1.166071194723818962e+02
-1.999980821909652207e+01
-9.731523435699696023e+00
-5.406659552629071896e+01
-5.841842381391874994e+01
-1.022076393169573194e+01
-6.169392092903495950e+01
-8.446741590299603786e+01
-3.768253692120583764e+01
-6.990678803763748306e+01
-3.429215822204187702e+01
-1.167186693837611529e+02
-2.967309382451955457e+01
-2.533600266556932823e+01
-1.861245347577194309e+01
-9.924181082368235707e+01
-1.123975621712695983e+01
-6.924814939029417360e+01
-1.369609212941538772e+02
-2.382803654196308329e+01
-2.265261080438396490e+01
-1.464314140096740005e+02
-6.078055122019108580e+01
-1.524801272773812570e+02
-1.292770537235991668e+01
-3.470841924671555034e+01
-7.844454167152370871e+00
-3.841904072250670055e+01
-7.949622374196081864e+00
-3.125699821566905001e+01
-1.999980821909652207e+01
-1.938207008223167094e+01
-2.265261080438396490e+01
-6.331989995210140165e+00
-1.596985224802212144e+02
-2.089638814671545930e+01
-7.731695930794779770e+01
-1.183968111245111032e+01
-6.855982198741365607e+00
-1.258842206730484179e+02
-2.467545510009470888e+01
-1.938207008223167094e+01
-6.820133445908184910e+01
-3.470841924671555034e+01
-4.678679156890929391e+01
-5.930908674277998216e+01
-9.138649865319766263e+01
-3.986420572139603280e+01
-1.241036766131995535e+02
-1.484275810069467241e+02
-1.359203615075713856e+01
-1.999980821909652207e+01
-5.804619973961029444e+01
-2.943035030339279245e+01
-4.673841153202718601e+01
-1.339827946607876541e+01
-8.396405703263997111e+01
-4.354341177691181031e+01
-2.434119126652655396e+01
-2.853492941100002156e+01
-3.209641037732862401e+01
-3.579215822204187702e+01
-1.393286721569380759e+01
-3.997329773669683561e+01
-2.283839045271359325e+01
-3.125699821566905001e+01
-4.354341177691181031e+01
-2.769774936456789050e+01
-5.837714646409890662e+01
-3.768253692120583764e+01
-2.370430765848909971e+01
-2.646738208962927885e+01
-3.841904072250670055e+01
-3.892310913714807441e+01
-6.374176497141303344e+01
-1.644510439653755896e+01
-8.647402511367391753e+01
-3.810397350050478593e+01
-3.793148381700882510e+01
-2.170343710992927910e+01
-1.641847127165866382e+01
-7.246536407473588781e+01
-8.210919978445421208e+00
-5.853408523450702461e+01
-1.022076393169573194e+01
-1.559400027658454135e+01
-4.673841153202718601e+01
-2.726073014944928019e+01
-3.045975380425111823e+01
-5.363337302109189864e+01
-8.604490464878267630e+00
-1.198888667323243595e+02
-2.805322485919867148e+01
-1.549756031596857753e+01
-5.948771286484874565e+01
-7.181884161375029407e+01
-3.841904072250670055e+01
-1.350721552992754937e+02
-1.393286721569380759e+01
-1.180542094340893016e+02
-5.718725557591719166e+01
-1.615433974940848572e+01
-3.720993608820288756e+01
-3.524300699633059253e+01
-1.615433974940848572e+01
-2.981227848413880110e+00
-4.305651274179805910e+01
-7.856161027753228154e+01
-8.385159426059974663e+00
-9.883517689374673409e+01
-8.385159426059974663e+00
-3.890544120225629854e+01
-9.266284209225423751e+01
-1.861245347577194309e+01
-7.181884161375029407e+01
-6.177557309644090822e+01
-2.688564063283669370e+01
-2.356107109003336220e+01
-4.567968094116839950e+01
-1.938207008223167094e+01
-8.991183149222489845e+00
-1.513835421617908850e+01
-1.396992184477405985e+01
-4.630168159665282701e+01
-2.037365207243251319e+01
-6.182888149907590503e+01
-4.727299928164222109e+01
-1.409235097450355312e+01
-5.178426173451774162e+01
-3.841904072250670055e+01
-5.718725557591719166e+01
-6.206407005529874255e+01
-1.026628343857235848e+01
-4.120512620542994853e+01
-8.027684550264481800e+01
-2.533600266556932823e+01
-5.209648830634661465e+01
-3.841904072250670055e+01
-2.347622615169139948e+01
-1.119766156998736051e+01
-1.339827946607876541e+01
-6.417048066741440238e+00
-3.754130545712235545e+01
-3.223566178963494622e+01
-7.845682149852170539e+01
-3.100285499152291280e+01
-1.292770537235991668e+01
-7.246867768524924713e+01
-6.164543906954501296e+01
-1.613070824146268123e+01
-1.036608595671065913e+01
-7.417048066741440238e+00
-2.620540237852925358e+01
-7.731695930794779770e+01
-1.531176111621046587e+01
-2.805322485919867148e+01
-3.707758986694238246e+01
-1.393970999986990478e+01
-3.888445297289166547e+01
-2.433206552008506662e+01
-7.217072642628161816e+01
-3.429215822204187702e+01
-3.785377882393139259e+01
-6.866779532511893080e+01
-2.382803654196308329e+01
-8.607112741293988734e+00
-5.788901673169488049e+01
-1.197614240440189448e+01
-6.855982198741365607e+00
-5.906243361365220323e+01
-7.292860818992063798e+01
-4.892898176676158783e+01
-5.916958803889384200e+01
-6.169392092903495950e+01
-6.706591428706637714e+01
-8.210919978445421208e+00
-6.936467936215080954e+01
-3.595313907383456353e+01
-1.684259250978881539e+01
-3.798521208759050438e+01
-5.841842381391874994e+01
-7.802522658932053901e+01
-8.027684550264481800e+01
-1.197614240440189448e+01
-2.796020828402802039e+01
-2.081758017601173094e+01
-1.722586989032184235e+01
-7.229199319509979205e+01
-1.976737624470872490e+01
-2.316971990887406108e+01
-5.882327408824757242e+01
-1.666486282422323484e+01
-1.874998177723470150e+01
-7.327724073607089394e+01
-5.209648830634661465e+01
-4.678679156890929391e+01
-3.841904072250670055e+01
-3.113955620728277296e+01
-7.217072642628161816e+01
-2.316971990887406108e+01
-5.209648830634661465e+01
-5.818838993746258836e+01
-7.152007653866598957e+01
-8.396405703263997111e+01
-3.901406209152946758e+01
-6.221615064270793027e+01
-6.417048066741440238e+00
-5.490197085281690903e+01
-1.613797806699696835e+01
-5.925772806531901438e+01
-5.209648830634661465e+01
-2.723382546395675519e+01
-5.818838993746258836e+01
-4.305651274179805910e+01
-7.371234721005633617e+01
-4.305651274179805910e+01
-6.417048066741440238e+00
-1.977822360416433867e+01
-1.531635377784042973e+01
-1.409235097450355312e+01
-3.645754207277651915e+01
-1.613576189279321511e+02
-1.022076393169573194e+01
-7.187196135119714313e+01
-5.758732617665469888e+01
-7.171166406200272547e+01
-3.841904072250670055e+01
-1.352856051927429064e+02
-1.184132440700790880e+02
-5.406659552629071896e+01
-3.117606355659372852e+01
-9.989984462597196568e+01
-2.737339371080240724e+01
-8.027684550264481800e+01
-2.533600266556932823e+01
-5.209648830634661465e+01
-5.741280730769391027e+01
-4.673841153202718601e+01
-2.605174345328576990e+01
-3.804568834318345694e+01
-7.731695930794779770e+01
-2.719324765053979931e+01
-3.429215822204187702e+01
-7.844454167152370871e+00
-9.906209767332634897e+01
-1.057303754255047679e+01
-4.119629149717631122e+01
-4.148370460900966350e+01
-1.339827946607876541e+01
-1.269499352345557952e+01
-7.346599726270710562e+01
-3.098140181332810883e+01
-4.305651274179805910e+01
-5.741280730769391027e+01
-1.359203615075713856e+01
-1.013807864323000985e+01
-4.957176435672683823e+01
-5.363337302109189864e+01
-8.604490464878267630e+00
-5.466910856018625964e+01
-5.741280730769391027e+01
-6.855982198741365607e+00
-7.087505898056872411e+01
-1.590345659436775918e+02
-3.429215822204187702e+01
-6.331989995210140165e+00
-6.151795686163632126e+01
-5.406659552629071896e+01
-4.002452478717511042e+01
-4.673841153202718601e+01
-1.353518417376956222e+02
-9.850427240310980892e+01
-1.666486282422323484e+01
-7.327724073607089394e+01
-1.362101831336826478e+02
-1.398644399874781641e+01
-1.006447601998351615e+02
-5.690773375550649860e+01
-7.172944433238174611e+01
-1.168643941074470547e+02
-3.645754207277651915e+01
-6.417048066741440238e+00
-6.417048066741440238e+00
-4.678679156890929391e+01
-2.035684849890114734e+01
-5.209648830634661465e+01
-3.536529096746225775e+01
-3.892310913714807441e+01
-1.861245347577194309e+01
-6.102108815626057492e+01
-3.113955620728277296e+01
-4.542116798943912670e+01
-4.622570228248217461e+01
-2.356107109003336220e+01
-7.181884161375029407e+01
-1.491083285055773615e+02
-3.256427155753108593e+01
-1.022076393169573194e+01
-1.502821149082659602e+01
-1.022076393169573194e+01
-1.409235097450355312e+01
-5.370446812001817705e+01
-2.347622615169139948e+01
-7.196479950583790242e+01
-5.875519877996332241e+01
-2.037365207243251319e+01
-3.113955620728277296e+01
-1.893437100513004978e+01
-1.055631865857010894e+02
-1.393970999986990478e+01
-4.002452478717511042e+01
-3.177561995235107872e+01
-5.930511847637323797e+01
-6.072335686878851391e+01
-3.645754207277651915e+01
-9.831551587647349777e+01
-7.802686232408765932e+01
-8.396405703263997111e+01
-6.009026365549065929e+01
-3.107828833539850066e+01
-5.959179469355464676e+01
-7.202949496219817149e+01
-4.622932153063156591e+01
-9.212825434263919533e+01
-5.725921939338013544e+01
-1.256070650481653317e+01
-1.502821149082659602e+01
-3.595313907383456353e+01
-5.725527369669281086e+01
-4.841423074572568908e+01
-8.210919978445421208e+00
-2.859744983584254996e+01
-1.597338093607943321e+01
-6.855982198741365607e+00
-1.597678351061470039e+02
-5.853408523450702461e+01
-2.430832799802169575e+01
-3.768253692120583764e+01
-1.502821149082659602e+01
-1.666486282422323484e+01
-7.145874530399298408e+01
-2.265261080438396490e+01
-7.181884161375029407e+01
-9.867764328274579100e+01
-7.856161027753228154e+01
-3.892310913714807441e+01
-7.218290114656898027e+01
-2.356107109003336220e+01
-3.595313907383456353e+01
-8.385159426059974663e+00
-1.345196538285937606e+02
-6.154833306769225487e+01
-6.156276446794743862e+01
-6.148477806250520672e+01
-5.725527369669281086e+01
-6.182888149907590503e+01
-7.856161027753228154e+01
-7.346599726270710562e+01
-1.258025783967987650e+02
-5.935377549432355693e+01
-5.245586746009331591e+01
-5.053613836081629529e+01
-1.396992184477405985e+01
-6.599455834611831051e+01
-1.242238753084114791e+02
-5.853408523450702461e+01
-4.581855038712326689e+01
-2.265261080438396490e+01
-3.429215822204187702e+01
-3.896303462296888398e+01
-2.687339371080240724e+01
-3.738135799479076127e+01
-8.385159426059974663e+00
-6.226473344162985768e+01
-1.022076393169573194e+01
-2.265121651787208279e+01
-2.830465366162318475e+01
-1.241157266622212632e+02
-6.206407005529874255e+01
-2.316971990887406108e+01
-1.615433974940848572e+01
-1.861245347577194309e+01
-1.292770537235991668e+01
-3.125699821566905001e+01
-1.242401774553290466e+02
-2.430832799802169575e+01
-1.938207008223167094e+01
-4.546693287636683323e+01
-3.595313907383456353e+01
-1.339827946607876541e+01
-1.716486282422323484e+01
-6.084755622152902532e+01
-3.156191174364113294e+01
-2.612725279699386505e+01
-3.645754207277651915e+01
-5.756974032596096436e+01
-5.209648830634661465e+01
-1.339827946607876541e+01
-4.678679156890929391e+01
-6.012638244316968894e+01
-3.148747766533726988e+01
-4.226798692494434562e+01
-1.603333118345562696e+02
-2.356107109003336220e+01
-7.856161027753228154e+01
-1.292770537235991668e+01
-3.595313907383456353e+01
-6.177557309644090822e+01
-9.212825434263919533e+01
-5.363337302109189864e+01
-3.148747766533726988e+01
-3.524300699633059253e+01
-3.416103066813025180e+01
-6.065226176986222129e+01
-2.035684849890114734e+01
-3.429215822204187702e+01
-6.164162219797040621e+01
-5.209648830634661465e+01
-6.353084694654040732e+01
-1.022076393169573194e+01
-1.032665352568598536e+02
-2.347622615169139948e+01
-3.595313907383456353e+01
-1.666486282422323484e+01
-3.320340067355577673e+01
-1.816486282422323484e+01
-6.707832496116883192e+01
-8.528149478500623104e+00
-7.163712567607328197e+01
-3.793148381700882510e+01
-5.895301156353378502e+01
-2.101618303404607602e+01
-2.737339371080240724e+01
-1.999980821909652207e+01
-4.026479847181131078e+01
-5.209648830634661465e+01
-7.181884161375029407e+01
-4.899634355789360285e+01
-7.859805296260515206e+01
-2.533600266556932823e+01
-1.292770537235991668e+01
-3.744892527556193329e+01
-2.060022060625489004e+01
-4.001515353867432623e+01
-2.035684849890114734e+01
-5.901484202753734110e+01
-4.787964299611064689e+01
-5.363337302109189864e+01
-3.429215822204187702e+01
-2.687339371080240724e+01
-6.855982198741365607e+00
-7.731695930794779770e+01
-8.604490464878267630e+00
-1.293705327176736120e+01
-6.855982198741365607e+00
-1.861245347577194309e+01
-3.128672729802838148e+01
-1.393970999986990478e+01
-1.292770537235991668e+01
-1.597156050984301032e+02
-1.502821149082659602e+01
-3.892310913714807441e+01
-2.805322485919867148e+01
-4.713831721083477078e+01
-2.316971990887406108e+01
-1.666486282422323484e+01
-8.403816639209250638e+01
-1.022076393169573194e+01
-3.117606355659372852e+01
-1.292770537235991668e+01
-6.003731871785102925e+01
-7.262132566339626294e+01
-1.359203615075713856e+01
-5.364875866809244087e+01
-2.737339371080240724e+01
-2.382803654196308329e+01
-3.959314002288408574e+01
-9.623350484765776258e+00
-2.382803654196308329e+01
-7.714358842831184404e+01
-4.586137565169632069e+01
-6.993140652731844398e+01
-5.838360741955231958e+01
-9.487525038260493204e+00
-6.790676715502785044e+01
-1.785851887962300211e+01
-2.281578498565344049e+01
-2.356107109003336220e+01
-3.755808612809811109e+01
-2.717862545696395316e+01
-4.569370490048406452e+01
-5.197354244496071374e+01
-1.022076393169573194e+01
-2.356107109003336220e+01
-4.305651274179805910e+01
-1.347431342960618963e+02
-7.159892210229227771e+01
-2.859744983584254996e+01
-5.707536300252301231e+01
-2.533600266556932823e+01
-1.563526687636120727e+01
-2.009948974652481724e+01
-1.385129441627065461e+01
-5.841842381391874994e+01
-2.009948974652481724e+01
-8.027684550264481800e+01
-1.559400027658454135e+01
-2.347622615169139948e+01
-1.197614240440189448e+01
-5.806995977239971296e+01
-3.117606355659372852e+01
-5.746532233944448365e+01
-8.604490464878267630e+00
-2.981227848413880110e+00
-8.385159426059974663e+00
-3.768253692120583764e+01
-7.844454167152370871e+00
-6.691311990452281577e+01
-1.559400027658454135e+01
-5.837714646409890662e+01
-1.598302843186879727e+02
-1.559400027658454135e+01
-1.597969214615260469e+01
-1.244336646039192971e+02
-2.347622615169139948e+01
-5.209648830634661465e+01
-1.861245347577194309e+01
-5.807866725339607683e+01
-4.622570228248217461e+01
-6.160072868061939033e+01
-1.437862505599306360e+02
-1.615433974940848572e+01
-1.339827946607876541e+01
-2.347622615169139948e+01
-1.022076393169573194e+01
-3.125699821566905001e+01
-6.138784068739742139e+01
-7.571218381497867966e+00
-8.396405703263997111e+01
-3.148747766533726988e+01
-2.035684849890114734e+01
-2.265261080438396490e+01
-4.584292185959760957e+01
-2.805322485919867148e+01
-7.181884161375029407e+01
-4.305651274179805910e+01
-9.817428441239010795e+01
-3.768253692120583764e+01
-5.771672754780503567e+01
-4.226798692494434562e+01
-2.796020828402802039e+01
-6.168949171443722435e+01
-1.252949209829137445e+01
-2.382803654196308329e+01
-1.324260661850308054e+02
-2.356107109003336220e+01
-1.393970999986990478e+01
-3.125699821566905001e+01
-3.595313907383456353e+01
-2.805322485919867148e+01
-3.270861784519588866e+01
-1.788727981827076263e+01
-6.038037187398656869e+01
-6.072335686878851391e+01
-4.622570228248217461e+01
-7.731695930794779770e+01
-1.861245347577194309e+01
-1.409235097450355312e+01
-3.684415251045459172e+01
-7.174050827717758239e+01
-1.452506458801341580e+02
-9.678914682399600622e+01
-6.688432319416662608e+01
-2.724972055589031683e+01
-1.022076393169573194e+01
-3.037589067798242226e+01
-2.035684849890114734e+01
-1.359203615075713856e+01
-3.768253692120583764e+01
-3.429215822204187702e+01
-1.339827946607876541e+01
-5.729523786148554620e+01
-2.382803654196308329e+01
-2.981227848413880110e+00
-2.726073014944928019e+01
-1.938207008223167094e+01
-1.559400027658454135e+01
-5.058206034450827815e+01
-5.314304371909013724e+00
-4.012061186994678508e+01
-5.940165179572861121e+01
-1.363347072450828534e+02
-2.326604607572463834e+01
-8.210919978445421208e+00
-9.795338847020126138e+01
-7.153637868558340074e+01
-4.305651274179805910e+01
-1.022076393169573194e+01
-5.741280730769391027e+01
-1.170168072865593416e+02
-3.418858389716740476e+01
-5.741280730769391027e+01
-6.331989995210140165e+00
-2.430307235431518009e+01
-7.856925625224876342e+01
-6.253461257940884366e+01
-2.808202156955508499e+01
-2.430832799802169575e+01
-5.209648830634661465e+01
-3.418858389716740476e+01
-3.841904072250670055e+01
-6.417048066741440238e+00
-6.417048066741440238e+00
-3.429215822204187702e+01
-4.622570228248217461e+01
-1.352786325819702142e+02
-2.716270957801487995e+01
-7.181884161375029407e+01
-4.727299928164222109e+01
-3.885430363120697450e+01
-2.533600266556932823e+01
-1.502821149082659602e+01
-1.351181402016753452e+02
-2.726073014944928019e+01
-4.732137931852433610e+01
-7.188826349811444061e+01
-3.524300699633059253e+01
-2.533600266556932823e+01
-8.027684550264481800e+01
-8.385159426059974663e+00
-4.584292185959760957e+01
-5.337311200774627196e+01
-3.595313907383456353e+01
-1.641949570512142316e+02
-5.737994403918902719e+01
-4.581855038712326689e+01
-1.409235097450355312e+01
-3.125699821566905001e+01
-8.138402305439234397e+01
-2.796020828402802039e+01
-6.855982198741365607e+00
-1.461883589432231361e+02
-4.624816823878303751e+01
-1.681378870727384722e+01
-7.844454167152370871e+00
-6.855982198741365607e+00
-1.615433974940848572e+01
-1.170219277184480262e+02
-1.615433974940848572e+01
-4.726764169558143180e+01
-1.339827946607876541e+01
-1.615433974940848572e+01
-4.074570323288857310e+01
-1.675222993638305979e+01
-5.853408523450702461e+01
-1.197614240440189448e+01
-1.642712548829145547e+01
-5.853408523450702461e+01
-6.855982198741365607e+00
-1.861245347577194309e+01
-1.649958430932987596e+02
-7.181884161375029407e+01
-3.125699821566905001e+01
-5.718725557591719166e+01
-4.673841153202718601e+01
-2.048980961734499573e+01
-6.177557309644090822e+01
-6.163584794974029535e+01
-1.393970999986990478e+01
-2.805322485919867148e+01
-6.813508978629646151e+01
-7.181884161375029407e+01
-3.645754207277651915e+01
-3.768253692120583764e+01
-6.177557309644090822e+01
-8.268562339202613032e+01
-4.226798692494434562e+01
-3.883987232073502582e+01
-6.113539798053156460e+01
-1.539588441143493824e+01
-2.382803654196308329e+01
-8.027684550264481800e+01
-9.380407355633786892e+01
-1.938207008223167094e+01
-4.812876359249948166e+01
-3.418858389716740476e+01
-3.595313907383456353e+01
-7.181884161375029407e+01
-2.533600266556932823e+01
-5.899647227303474040e+01
-3.768253692120583764e+01
-4.226798692494434562e+01
-3.768253692120583764e+01
-6.153703374701201767e+01
-9.860335205031667272e+00
-4.305651274179805910e+01
-6.760050203668141933e+01
-3.890718066825727561e+01
-5.231542514447802716e+01
-7.731695930794779770e+01
-7.327724073607089394e+01
-1.451353503340749000e+02
-5.331530616416178958e+01
-5.996940723331114498e+01
-5.788901673169488049e+01
-1.666486282422323484e+01
-1.847276796621409289e+01
-2.382803654196308329e+01
-1.022076393169573194e+01
-3.148747766533726988e+01
-1.339827946607876541e+01
-6.056286448849368753e+01
-7.173697703796372593e+01
-5.209648830634661465e+01
-2.356107109003336220e+01
-1.249306986577121279e+02
-3.793148381700882510e+01
-3.768253692120583764e+01
-3.418858389716740476e+01
-2.981227848413880110e+00
-2.298806266597738457e+01
-9.496160716733875518e+01
-1.439885237311414699e+02
-2.434119126652655396e+01
-8.604490464878267630e+00
-1.022076393169573194e+01
-3.116079888106271412e+01
-4.622570228248217461e+01
-1.341586186951207651e+02
-6.155694523170545551e+01
-2.356107109003336220e+01
-6.472260449532768689e+01
-3.595313907383456353e+01
-1.725269888528653439e+01
-3.131531135184988912e+01
-5.797375669421570876e+01
-6.181215917604663446e+01
-1.822651275607759658e+01
-6.472260449532768689e+01
-7.246536407473588781e+01
-6.930204726197115406e+01
-5.113944627578269575e+01
-6.772531937459523022e+01
-6.181215917604663446e+01
-4.373409595176438813e+01
-1.861245347577194309e+01
-6.813508978629646151e+01
-1.595261569752115633e+02
-2.721496526252158432e+01
-8.394389045876786781e+01
-6.177557309644090822e+01
-5.708814180931662463e+01
-1.666486282422323484e+01
-1.156735254272384950e+01
-2.687339371080240724e+01
-3.958438809873626241e+01
-6.813508978629646151e+01
-1.559400027658454135e+01
-4.338398743405539904e+01
-4.673841153202718601e+01
-3.153317623305801121e+01
-5.585884428996066475e+01
-7.731695930794779770e+01
-3.841904072250670055e+01
-1.344816008982908784e+02
-3.151041558948667642e+01
-3.418858389716740476e+01
-1.638196958265637093e+01
-6.175016941704753748e+01
-2.356107109003336220e+01
-1.292770537235991668e+01
-6.417048066741440238e+00
-2.497967205630875753e+01
-3.418858389716740476e+01
-5.895301156353378502e+01
-1.861245347577194309e+01
-1.022076393169573194e+01
-2.316971990887406108e+01
-4.622932153063156591e+01
-1.162190614774092410e+02
-1.237094097913744974e+02
-2.687339371080240724e+01
-1.999980821909652207e+01
-6.132552262872000881e+01
-2.382803654196308329e+01
-1.443901516321515643e+01
-6.028088008438473366e+01
-2.274256371766194107e+01
-8.396405703263997111e+01
-9.817428441239010795e+01
-2.020004065985366992e+01
-3.148747766533726988e+01
-3.127720014219914901e+01
-1.593070541030653260e+02
-5.788901673169488049e+01
-3.429215822204187702e+01
-3.198644589304111463e+01
-1.666486282422323484e+01
-2.533600266556932823e+01
-1.816486282422323484e+01
-2.429542637959876572e+01
-6.059742573550202138e+01
-1.393970999986990478e+01
-7.581380788095133028e+01
-1.259639853355432138e+02
-6.917048066741440238e+00
-5.769244189857857208e+01
-1.344599380667437458e+02
-5.730680193272340262e+01
-4.673841153202718601e+01
-7.731695930794779770e+01
-3.242850160705663853e+01
-1.569123538513146912e+02
-2.726073014944928019e+01
-9.380407355633786892e+01
-7.808932996451042641e+01
-3.793148381700882510e+01
-1.657940457977247206e+01
-8.884214283959472880e+00
-1.182877650800926972e+02
-4.678679156890929391e+01
-1.359203615075713856e+01
-1.999980821909652207e+01
-2.020004065985366992e+01
-2.382803654196308329e+01
-2.763249429003739266e+01
-2.726073014944928019e+01
-6.619242531159503073e+01
-1.435776186475719101e+02
-1.292770537235991668e+01
-6.855982198741365607e+00
-2.805322485919867148e+01
-2.419589480256757241e+01
-6.151427915535629154e+01
-3.148747766533726988e+01
-3.524300699633059253e+01
-8.385159426059974663e+00
-1.359203615075713856e+01
-3.768253692120583764e+01
-3.429215822204187702e+01
-1.580480809681291632e+01
-2.316971990887406108e+01
-5.718725557591719166e+01
-4.305651274179805910e+01
-6.072335686878851391e+01
-1.380613409334687347e+01
-3.645754207277651915e+01
-8.376748219952376928e+01
-5.783341080917443122e+01
-1.539810954075693772e+01
-6.154285298325388709e+01
-3.148747766533726988e+01
-1.602518802635863153e+02
-5.895301156353378502e+01
-2.461260451504837121e+01
-2.668983254778187231e+01
-3.645754207277651915e+01
-6.155153965140421235e+01
-7.181884161375029407e+01
-5.718725557591719166e+01
-1.999980821909652207e+01
-1.267485563453115560e+02
-6.472260449532768689e+01
-2.035684849890114734e+01
-3.768253692120583764e+01
-9.111964616657331817e+00
-1.502821149082659602e+01
-3.645754207277651915e+01
-4.186180080750928312e+01
-1.677486073873285832e+01
-3.037589067798242226e+01
-7.246536407473588781e+01
-7.505927259361161674e+00
-5.741280730769391027e+01
-6.855982198741365607e+00
-2.805322485919867148e+01
-3.595313907383456353e+01
-5.406659552629071896e+01
-1.205484531526897030e+02
-1.259730798282973296e+02
-6.047319384576492496e+01
-5.406659552629071896e+01
-3.793699681993002315e+01
-6.054854572582843275e+01
-5.209648830634661465e+01
-3.125699821566905001e+01
-2.020004065985366992e+01
-3.841904072250670055e+01
-2.265261080438396490e+01
-5.354693450901710605e+01
-1.409235097450355312e+01
-1.666486282422323484e+01
-7.785750009229352031e+01
-1.453189495216122964e+02
-3.778890627850286421e+01
-2.422356820625661911e+01
-4.002452478717511042e+01
-5.585884428996066475e+01
-1.176854705274953119e+02
-1.022076393169573194e+01
-2.986216415353300846e+01
-1.409235097450355312e+01
-6.945425266550824261e+00
-5.841038614009071495e+01
-1.352897450670896831e+02
-3.076525686201569343e+01
-1.250644663751566696e+02
-2.702213336934768151e+01
-1.359203615075713856e+01
-5.370446812001817705e+01
-5.853408523450702461e+01
-2.981227848413880110e+00
-6.003060279051376824e+01
-6.855982198741365607e+00
-1.504824357103738919e+01
-5.762068011880040785e+01
-1.292770537235991668e+01
-1.244985532528019405e+02
-3.841904072250670055e+01
-1.861245347577194309e+01
-6.153703374701201767e+01
-1.819716020660531797e+01
-7.417048066741440238e+00
-2.020004065985366992e+01
-6.855982198741365607e+00
-9.850427240310980892e+01
-2.819746054834143223e+01
-1.251721898371708903e+02
-3.793148381700882510e+01
-1.359203615075713856e+01
-1.119127576891763809e+01
-7.856925625224876342e+01
-6.002218706276386939e+01
-2.434119126652655396e+01
-6.179511512326139666e+01
-3.429215822204187702e+01
-7.181884161375029407e+01
-3.416278066032158733e+01
-5.798140266893196326e+01
-9.850427240310980892e+01
-1.861245347577194309e+01
-1.359203615075713856e+01
-3.524300699633059253e+01
-1.022076393169573194e+01
-7.368533768820955743e+01
-3.429215822204187702e+01
-3.037589067798242226e+01
-1.263086164400591258e+02
-1.615433974940848572e+01
-3.719776090666839252e+01
-6.177557309644090822e+01
-2.429542637959876572e+01
-2.035684849890114734e+01
-6.331989995210140165e+00
-3.732275035179020506e+01
-1.393970999986990478e+01
-1.409235097450355312e+01
-1.502821149082659602e+01
-1.409235097450355312e+01
-1.197614240440189448e+01
-4.638569220640131618e+01
-2.356107109003336220e+01
-2.441825919574050374e+01
-7.479242532666069110e+01
-6.153703374701201767e+01
-6.855982198741365607e+00
-6.154572041516216530e+01
-2.265261080438396490e+01
-3.446640098798841478e+00
-2.035684849890114734e+01
-5.673218947501376874e+01
-8.398133027400024275e+01
-1.559400027658454135e+01
-3.768253692120583764e+01
-8.210919978445421208e+00
-2.430307235431518009e+01
-3.153872378488234318e+01
-1.654238867848124528e+01
-1.359240477955359268e+02
-4.929461683664349891e+00
-7.731695930794779770e+01
-7.417048066741440238e+00
-7.181884161375029407e+01
-8.203278418505630043e+01
-7.181884161375029407e+01
-6.195333229218394422e+01
-1.340383596349481934e+02
-1.951851842148126792e+01
-4.001999894948190217e+01
-2.720583607469773924e+01
-6.758870812313472243e+01
-3.117606355659372852e+01
-3.429215822204187702e+01
-3.595313907383456353e+01
-6.331989995210140165e+00
-7.844454167152370871e+00
-1.339827946607876541e+01
-1.541802789189296163e+01
-1.666486282422323484e+01
-3.524300699633059253e+01
-3.148747766533726988e+01
-7.329927829471284895e+01
-8.510507879264359588e+01
-5.721019350006660886e+01
-6.537502759194524060e+01
-1.938207008223167094e+01
-7.450173280180170821e+01
-5.225595849492884781e+01
-7.731695930794779770e+01
-2.476734392180234323e+01
-3.429215822204187702e+01
-6.345880886022608536e+01
-3.117606355659372852e+01
-2.533600266556932823e+01
-5.780197562634440089e+01
-4.305651274179805910e+01
-3.645754207277651915e+01
-3.524300699633059253e+01
-9.686700625138408327e+01
-1.502821149082659602e+01
-1.765070799800376022e+01
-6.195333229218394422e+01
-4.305651274179805910e+01
-2.570162021701398203e+01
-4.622570228248217461e+01
-7.731695930794779770e+01
-1.022076393169573194e+01
-5.718725557591719166e+01
-3.524300699633059253e+01
-1.666486282422323484e+01
-7.181884161375029407e+01
-2.035684849890114734e+01
-8.857170182923017165e+00
-1.022076393169573194e+01
-6.195333229218394422e+01
-7.246536407473588781e+01
-1.324553727839862560e+01
-6.304560187201208521e+01
-2.859343533484649313e+01
-5.741280730769391027e+01
-2.862656877949302014e+01
-1.597969214615260469e+01
-2.265121651787208279e+01
-6.410702266447250963e+01
-2.888081427446213212e+01
-3.137218505709427419e+01
-4.097156847714813921e+01
-2.347622615169139948e+01
-1.568418013372646271e+02
-1.245844358667558396e+02
-6.037780842454736785e+01
-1.671950033093608923e+01
-3.117606355659372852e+01
-7.842893729224445565e+01
-1.623958033723415895e+01
-2.273059782506213011e+01
-1.022243544639415447e+01
-8.385159426059974663e+00
-4.599610137504621576e+01
-3.892310913714807441e+01
-2.805322485919867148e+01
-1.292770537235991668e+01
-5.853408523450702461e+01
-1.502821149082659602e+01
-2.395721872830386090e+01
-2.573701284144608437e+01
-1.502821149082659602e+01
-1.393970999986990478e+01
-7.417048066741440238e+00
-7.240686444717023562e+01
-1.473259444677029819e+02
-1.612736694053682527e+02
-1.938207008223167094e+01
-7.348797912478283934e+01
-3.970105386760675970e+01
-2.805322485919867148e+01
-1.938207008223167094e+01
-7.760638228025408125e+01
-4.199785988146967952e+01
-2.316240864338364958e+01
-1.153099314117763896e+02
-6.220899763932405335e+01
-2.356107109003336220e+01
-3.645754207277651915e+01
-2.805322485919867148e+01
-7.844454167152370871e+00
-3.418858389716740476e+01
-4.581855038712326689e+01
-4.305651274179805910e+01
-2.035684849890114734e+01
-1.022076393169573194e+01
-1.615433974940848572e+01
-4.678679156890929391e+01
-3.529215822204187702e+01
-1.532829931806179857e+01
-6.629612557830139963e+01
-3.761979694858866452e+01
-3.595313907383456353e+01
-6.472260449532768689e+01
-1.502821149082659602e+01
-8.027684550264481800e+01
-9.163055695159310687e+01
-9.831551587647349777e+01
-2.356107109003336220e+01
-7.181884161375029407e+01
-2.427525980572649900e+01
-6.331989995210140165e+00
-8.385159426059974663e+00
-1.339827946607876541e+01
-1.472924956583541132e+02
-7.365475378934374362e+01
-2.356107109003336220e+01
-5.895301156353378502e+01
-1.258542791270316599e+02
-5.673218947501376874e+01
-3.524300699633059253e+01
-7.187489240940695367e+01
-1.253164255263135374e+02
-2.382803654196308329e+01
-1.615433974940848572e+01
-1.339827946607876541e+01
-8.604490464878267630e+00
-1.455363877247524229e+01
-3.640453826810141180e+01
-6.398055013765576149e+01
-1.339827946607876541e+01
-1.197614240440189448e+01
-6.417048066741440238e+00
-6.472260449532768689e+01
-8.210919978445421208e+00
-6.167712713464255359e+01
-3.037589067798242226e+01
-1.353671103165121394e+02
-4.673841153202718601e+01
-1.292770537235991668e+01
-3.429215822204187702e+01
-1.861245347577194309e+01
-3.524300699633059253e+01
-1.409235097450355312e+01
-6.417048066741440238e+00
-6.331989995210140165e+00
-2.707174290191734656e+01
-3.429215822204187702e+01
-1.597969214615260469e+01
-1.559400027658454135e+01
-9.805658059092920098e+00
-9.831506425483894418e+01
-1.615433974940848572e+01
-2.316971990887406108e+01
-7.426818906068443482e+01
-1.666486282422323484e+01
-6.760050203668141933e+01
-4.673841153202718601e+01
-1.376213886606296199e+01
-1.666486282422323484e+01
-1.339827946607876541e+01
-1.339827946607876541e+01
-7.855228807567741001e+01
-4.300653511166213150e+01
-4.286695218118886430e+01
-7.775457174796271431e+01
-3.645754207277651915e+01
-1.615433974940848572e+01
-9.920263209781352032e+01
-4.584292185959760957e+01
-2.844796232617916942e+01
-7.855228807567741001e+01
-2.687339371080240724e+01
-1.359203615075713856e+01
-4.673841153202718601e+01
-2.316971990887406108e+01
-1.310180230691427639e+01
-3.418858389716740476e+01
-3.417272617680454516e+01
-3.148747766533726988e+01
-1.611711168364668083e+02
-3.072640636018428495e+01
-2.316971990887406108e+01
-3.125699821566905001e+01
-1.889354065339772859e+01
-1.175234134625333269e+02
-6.472260449532768689e+01
-1.022076393169573194e+01
-7.844454167152370871e+00
-1.541718403002037263e+01
-3.524300699633059253e+01
-6.901328419072452647e+00
-7.831270869131667212e+01
-1.359203615075713856e+01
-2.356107109003336220e+01
-1.559400027658454135e+01
-1.487483064534044956e+02
-2.356107109003336220e+01
-3.932958526100313890e+01
-3.645754207277651915e+01
-1.292770537235991668e+01
-5.735122942133206436e+01
-8.490939023102406225e+01
-1.118660321443982042e+01
-1.999980821909652207e+01
-4.001999894948190217e+01
-5.787611511327208547e+01
-4.935408450148118220e+01
-1.339827946607876541e+01
-1.384379484246501946e+01
-2.687339371080240724e+01
-6.072335686878851391e+01
-3.125699821566905001e+01
-5.832689040795778368e+01
-6.640703074906892311e+01
-1.540815594541357569e+01
-2.533600266556932823e+01
-4.678679156890929391e+01
-2.687339371080240724e+01
-5.673218947501376874e+01
-4.001999894948190217e+01
-5.938962710356238972e+01
-4.584292185959760957e+01
-6.472260449532768689e+01
-9.348374088015803807e+01
-4.328278112392264632e+01
-9.867764328274579100e+01
-7.847185961033072488e+01
-2.050108418804375532e+01
-1.190434834901836325e+02
-6.072335686878851391e+01
-3.595313907383456353e+01
-5.746709988314742645e+01
-1.535996458276654764e+01
-4.622570228248217461e+01
-1.278393598586169873e+02
-1.517379966380666190e+01
-2.322143694928720592e+01
-4.184429253269376403e+01
-9.834765529202618950e+01
-1.181956312708215791e+02
-2.675191680418731011e+01
-3.645754207277651915e+01
-5.209648830634661465e+01
