-4.203236401980505832e+01
-3.536973708802743488e+01
-5.865753581217629886e+01
-5.522529957003172285e+01
-3.481265345040582559e+01
-4.974647130629206515e+01
-5.279551900379252061e+01
-3.608458209537730710e+01
-4.882998064911788560e+01
-2.850344916544669616e+01
-3.382801012484788572e+01
-5.001342320845150624e+01
-3.199322422156395263e+01
-3.871873730961915783e+01
-4.232483655702873904e+01
-6.209996366742252860e+01
-4.775883566098769251e+01
-2.635865632745085918e+01
-4.399794037053313644e+01
-2.318802107845746363e+01
-4.489908922263875013e+01
-3.030028097117164521e+01
-7.519471237267703145e+01
-3.574717181591999093e+01
-2.864049710228893986e+01
-3.548393735637206703e+01
-4.752752222458160958e+01
-2.140627665922985301e+01
-6.026213313857252984e+01
-6.779545824309698787e+01
-3.525681601211987015e+01
-5.911396468459483344e+01
-7.211985154171131285e+01
-4.482110987384409384e+01
-4.022490117192332093e+01
-3.912316175762610015e+01
-3.676138244267364286e+01
-4.118435454714343535e+01
-2.350073530558850621e+01
-3.205679872932171293e+01
-3.464752478573309702e+01
-2.943478288123735709e+01
-2.076726139516858183e+01
-2.122793948721375301e+01
-6.404072702887825130e+01
-4.519999259015022375e+01
-3.560333869788924233e+01
-2.089938103589007312e+01
-6.076651954903669406e+01
-2.709660981910779398e+01
-5.279689121033470656e+01
-3.638479510516827986e+01
-5.949575972216744901e+01
-2.989771657277183436e+01
-2.012961208973442240e+01
-4.297747964223245276e+01
-8.711932073270858723e+00
-2.208133588742676068e+01
-8.328575689847107810e+01
-1.617104999465591675e+01
-6.512747989183226593e+01
-1.391195801478537675e+01
-5.174886530873553170e+01
-2.425031569708238166e+01
-1.606113808486577810e+01
-3.920095045559659042e+01
-5.956242986302144260e+01
-4.617776840054129650e+01
-3.717772657530901625e+01
-1.681635745181421981e+01
-3.524585235727003152e+01
-1.614637891519590696e+01
-4.227035572946674336e+01
-2.680937978141509248e+01
-4.638880707913132539e+01
-2.738021421166479286e+01
-3.241486254257500832e+01
-3.140873314224477397e+01
-2.044104049960075997e+01
-1.880418883374972694e+01
-2.153243323718949043e+01
-1.923973701210726617e+01
-3.757086972470410302e+01
-5.332248249349249392e+01
-2.746858009474063778e+01
-8.160730679750979277e+01
-4.494612584457297544e+01
-3.441985506674156881e+01
-1.896296012454775592e+01
-8.545455447701462504e+01
-6.181080305186370794e+01
-1.699331159528833624e+01
-3.803652040625599540e+01
-2.773419364650466079e+01
-2.195946580520862312e+01
-4.698977011021626282e+01
-2.234826650175753926e+01
-2.565067130969067222e+01
-3.516976347518725987e+01
-5.617591544214933208e+01
-3.082151126430407473e+01
-1.879513076098437452e+01
-3.863624757222428485e+01
-2.098490834375562386e+01
-4.252182649414832838e+01
-5.117630640037720013e+01
-3.843826074465944487e+01
-2.430063365465582947e+01
-3.938237036353900322e+01
-1.569505164136524300e+01
-1.856610457335149178e+01
-3.153247411910247067e+01
-7.288879077709597709e+01
-2.137033077124993241e+01
-2.362310481407140728e+01
-2.755908809477140764e+01
-1.669863742596288958e+01
-5.770173788005142512e+01
-9.296549044519453275e+01
-2.986138292171421327e+01
-1.068508170191375584e+01
-1.498542166308614654e+01
-2.113369375848114728e+01
-1.805213896176950072e+01
-2.825965932702429839e+01
-1.755212811435290732e+01
-2.787832363667023117e+01
-2.163107255680519359e+01
-2.195234057633387792e+01
-3.679016290066084593e+01
-8.196836196947892006e+01
-1.595268736305284563e+01
-1.665294844837197630e+01
-2.058339506321851786e+01
-2.266205033315596751e+01
-2.987588369315000136e+01
-3.355516364198774681e+01
-1.210859720497538738e+01
-3.121359905692024128e+01
-3.542464998921835928e+01
-3.172449041335211462e+01
-8.144534518420366354e+00
-1.874436427967548724e+01
-2.874586626034787074e+01
-1.555299266215497944e+01
-2.383932756728614066e+01
-1.763674478551750724e+01
-2.719908837951458480e+01
-6.146717070019165163e+01
-1.695011835914417375e+01
-2.952055872465495057e+01
-2.474033133831912679e+01
-1.488558865118070784e+01
-1.918425380069048103e+01
-3.497906740989768792e+01
-4.284100170876559588e+01
-1.811910469574048577e+01
-1.186309730929258244e+01
-3.494194491356916643e+01
-4.737009136887644445e+01
-1.412106738844232368e+01
-3.706326105802068582e+01
-2.803396308632976641e+01
-2.477086870106964867e+01
-2.430868322666879777e+01
-1.054926771071859903e+01
-7.679292805631003205e+01
-2.226058498405106079e+01
-8.131056434324808180e+00
-5.511767788562438852e+01
-4.618129606197585701e+01
-5.246740216055290063e+01
-3.524029251513014316e+01
-2.562302550554964498e+01
-3.554550195667336254e+01
-3.585881613435009285e+01
-2.067460001269832404e+01
-2.917874888170035064e+01
-1.097327002792060746e+01
-1.249088776020213487e+01
-4.522402789721630256e+01
-1.325572014360923276e+02
-1.016654561427881873e+02
-1.500704905891132945e+01
-1.856066889515146912e+01
-1.933915989086893816e+01
-7.623526855926698431e+00
-1.171505170353140457e+01
-2.953291267756695859e+01
-2.779782466743870017e+01
-2.726234030253427321e+01
-2.936444765130363876e+01
-1.566602161090469103e+01
-2.930774060674794512e+01
-4.535667925993288208e+01
-3.019741244179397555e+01
-1.255862881512913631e+01
-2.358613811294288354e+01
-2.272694110535853795e+01
-3.458976305783995286e+01
-1.433550813768194132e+01
-3.139716336215414572e+01
-3.712860115581347031e+01
-1.948304138949396602e+01
-1.812566044759292438e+01
-2.946550558970178457e+01
-4.065734619289244733e+01
-1.326940095492022031e+01
-5.812848466515626455e+01
-3.503021443429838655e+01
-3.249196686347428198e+01
-1.671977706216197035e+01
-7.339976198433784305e+01
-1.798479539632416291e+01
-5.651608995207846675e+01
-3.700847260664367155e+01
-4.827827579177306916e+01
-2.845573496829893045e+01
-3.074787068558521952e+01
-1.651258200063944770e+01
-2.420209797181741251e+01
-3.416398971150121611e+01
-4.666911138933226511e+01
-1.767415883675923993e+01
-2.467018716928451028e+01
-8.234816513655901815e+01
-2.312732273478198053e+01
-3.235253877359617292e+01
-3.946853154362207761e+01
-3.225233189990791516e+01
-1.732714902353848885e+01
-1.570642376145601382e+01
-2.410950549500574525e+01
-1.184409346494329540e+01
-2.754957193178072572e+01
-1.793732105225867812e+01
-1.420992512608056657e+01
-6.120159037824591053e+01
-5.211725888662648032e+01
-4.351895164172565700e+01
-2.412072395161811755e+01
-2.315128754001451483e+01
-1.584105948124162744e+01
-1.806431700065294876e+01
-1.902418641651011200e+01
-1.592322363965443444e+01
-8.146397595413338877e+01
-3.874064544073324612e+01
-2.773229798602960372e+01
-1.422039522488211638e+01
-3.143321717423188844e+01
-1.375450001767837271e+01
-2.005541828177370789e+01
-3.718318981165143811e+01
-3.355731640987963260e+01
-3.118409240744682975e+01
-3.349216526924656279e+01
-6.407300765994870062e+01
-1.165097840310545330e+01
-4.990239421219829552e+00
-5.979473287194790743e+01
-1.336397590293898041e+01
-2.755590467666307575e+01
-3.933067296497716825e+01
-4.828089199439224899e+01
-3.108842209947378521e+01
-3.103858852404681912e+01
-1.126318915542321406e+02
-3.203428349956959664e+01
-1.325936561098175481e+01
-1.831247877580163319e+01
-7.255850822854824855e+01
-1.926585121119291699e+01
-1.660125360712274656e+01
-2.601079011310583411e+01
-7.910344254454177815e+01
-7.775816152125796066e+01
-1.827521150407564221e+01
-4.368167094168812525e+01
-1.646251758577197322e+01
-4.009064819571861449e+01
-9.038538313840460603e+01
-3.623958231332858304e+01
-2.467680039302458539e+01
-2.685890180358968493e+01
-2.855956491453800083e+01
-9.664691401061192622e+00
-2.341870013849982968e+01
-3.758671708569714554e+01
-4.427167776146981737e+01
-1.134542313912312927e+01
-5.887037833822681421e+01
-3.017976384962178571e+01
-1.669010817988264961e+01
-3.580494269338540647e+01
-9.754435292521826284e+01
-2.714615134106843541e+01
-9.893839164243967588e+00
-1.742118264836676644e+01
-2.449165229987767844e+01
-8.460599341820324071e+01
-3.120111662446115020e+01
-7.307576185734109231e+01
-3.316513674277364743e+01
-2.042909460923347709e+01
-1.642887352502136977e+01
-2.649183124555177216e+01
-2.784950207267115729e+01
-2.922087891081956101e+01
-1.381934963550220452e+01
-2.030863370070283835e+01
-2.872251214333764224e+01
-1.835184031326795662e+01
-1.919074946656521163e+01
-1.537943431761237889e+01
-1.682195344159214656e+01
-1.330624149614181384e+01
-1.484190837936401408e+01
-1.648950784839528438e+01
-1.235357538855356907e+01
-2.329240753385362339e+01
-2.066515963250621368e+01
-1.661299093156241824e+01
-5.583848307558024260e+01
-2.821413772809363607e+01
-3.063731061573581016e+01
-1.846382910605462158e+01
-1.584166694126702524e+01
-1.313918454972864325e+01
-1.028017248305993121e+02
-3.026309570088444545e+01
-1.848854150769792781e+01
-3.803376552482183115e+01
-1.331712295414367375e+01
-4.268893211374807350e+01
-2.578038835895599945e+01
-4.977174237370329024e+01
-1.278371230919582047e+01
-8.172317216423306263e+01
-2.256848495385190745e+01
-1.226108958234736690e+01
-2.248446312563969940e+01
-4.566509746707924933e+01
-7.661817132511461637e+01
-2.736906017297436122e+01
-1.609618949201150073e+01
-3.618640965573860768e+01
-8.152272743861132653e+00
-1.950223995407258215e+01
-1.137557787931568498e+01
-1.946840647114560241e+01
-2.080506238892956006e+01
-1.549488418147566904e+01
-4.169026453331201054e+01
-3.842588877802415936e+01
-8.334032491269154264e+01
-1.092631198925697156e+01
-2.893473852741657470e+00
-1.630491660367635021e+01
-5.943431487970831029e+01
-4.395402093192942061e+01
-2.491393808066922588e+01
-3.088190863936410935e+01
-1.558508971398086018e+01
-7.305689120795371139e+01
-1.987437366169623587e+01
-1.647619955869598485e+01
-1.503455085008388359e+01
-9.980148522426134150e+00
-5.571966258661990423e+01
-6.494426332052579198e+01
-2.313317487016941243e+01
-4.910873275904655344e+01
-1.596548251716267153e+01
-2.271171712200592552e+01
-2.835111069663713934e+01
-5.276033205078386246e+00
-4.990443596801549120e+01
-2.582273640262801706e+01
-2.004262033036897250e+01
-1.448076194234406877e+01
-3.149628737778904863e+01
-7.014584368766114153e+01
-1.213025771390564600e+01
-2.438493976710687150e+01
-2.487097195998701338e+01
-5.651226950830919549e+01
-3.560327200992806240e+01
-1.109448018092614419e+01
-2.489703496512640513e+01
-2.612264021203138142e+01
-2.552562844926597307e+01
-2.085183668376824073e+01
-3.579510730547907826e+01
-6.303158895713282028e+00
-1.599564487366490262e+01
-2.789012906899878530e+01
-2.293542210099512602e+01
-1.262492700740872564e+01
-1.122864133864017049e+02
-2.582984021207753145e+01
-2.359742988408213193e+01
-4.050507243025860760e+01
-1.304944758310710284e+01
-1.720739123755808464e+01
-1.632183627409332161e+01
-1.446533957686346028e+01
-9.497316183837432035e+00
-1.578917740265522340e+01
-1.918741771972847943e+01
-3.806630735572505841e+01
-1.944251031012982267e+01
-6.841324535394297968e+00
-2.568290961421552510e+01
-1.298963265583348203e+01
-2.676913447558716186e+01
-1.187153097071863428e+01
-6.572446674128336497e+01
-3.121177485480406943e+01
-8.168499023288832817e+00
-1.929367564242632582e+01
-4.066145281404686784e+01
-6.957110352366524353e+01
-7.703388905847108781e+00
-2.185101794486378068e+01
-1.577410114238580618e+01
-2.567857867483208523e+01
-1.310678667301172773e+01
-3.084292595001679160e+01
-1.835886302145966198e+01
-8.233998309727613218e+01
-7.901763686440957279e+00
-6.935221647018181557e+01
-1.409846530569926770e+01
-1.997102896881934342e+01
-4.095631915650432120e+01
-2.905703542918566029e+01
-2.784030126676558581e+01
-4.061748483008564392e+01
-5.373521766770508634e+01
-4.088413360667377106e+01
-1.717620995927275374e+01
-1.001925510907754457e+01
-2.424209716800779546e+01
-4.185144603711139411e+01
-3.108838898594356692e+01
-2.750953719543364429e+01
-3.294454697747231364e+01
-2.762132175519628419e+01
-1.169389989504476191e+01
-6.729565998797026438e+00
-6.205017204250467699e+01
-3.814644412875298229e+01
-2.002767371633278870e+01
-4.342305487435440625e+01
-1.557192194951578657e+01
-5.281205423602105320e+00
-1.757657665131674918e+01
-3.502342567597455059e+01
-5.540936732928602737e+01
-2.651247541334163316e+01
-1.871259921428544004e+01
-9.345961868671203376e+00
-3.659969807232155148e+01
-7.890484461935838745e+00
-1.416193899283240221e+01
-2.764729866474069553e+01
-3.052359649528391117e+01
-4.273502187728102797e+01
-2.590891934190773682e+01
-2.419716527582021115e+01
-2.361680961210408825e+01
-1.528040208549393597e+01
-8.485183680003409279e+00
-4.693791122495257184e+01
-4.047503894199260088e+01
-2.070637156433491910e+01
-4.032400239269385622e+01
-3.618067304617036939e+01
-5.871124581800257403e+01
-2.148505705568324586e+01
-5.198121914038455316e+01
-1.820922713976319685e+01
-2.419064323120360882e+01
-2.434788034543089097e+01
-5.223522114626953794e+01
-1.434741457796048181e+01
-5.717012388176105908e+00
-5.224045194770629763e+01
-1.343395518325907112e+01
-5.151637378699994940e+01
-6.392791739223362413e+00
-1.386780228225167733e+01
-6.479022659535297635e+01
-1.697415300938354576e+01
-3.077366373633409680e+01
-2.699230393480080181e+01
-1.134595240087313250e+01
-4.738563547960029432e+00
-8.319001645681119328e+01
-5.965981657493824919e+00
-2.185023436776960182e+01
-2.243914513267698041e+01
-7.551454383636063916e+00
-2.486177927024055734e+01
-4.093357822649953448e+01
-1.376081942753744869e+01
-5.649190817613396831e+01
-3.270217921086597812e+01
-2.267088631071132099e+01
-2.234176915988614454e+01
-3.748310526651543739e+01
-3.428321147206847286e+01
-4.607243898163806861e+00
-5.160569185491246103e+00
-2.544449794400252784e+01
-5.685648013965606928e+00
-2.190503670239185752e+01
-4.909290574295022935e+01
-2.682342778809976380e+01
-1.846336439711665633e+01
-2.081060415166304267e+01
-3.114995502016925144e+01
-2.766895320858899510e+01
-1.791080017469899488e+01
-7.554173103051535065e+01
-7.476236384591408068e+01
-3.173680751787778931e+01
-1.741592547178471051e+01
-1.433035748323611536e+01
-2.368037828302245273e+01
-1.747016269726374205e+01
-1.633599666197837763e+01
-8.530085756825352306e+00
-1.629955285991640324e+01
-1.899257069185440372e+01
-2.628690571872852288e+01
-2.758375331222116600e+01
-2.961072036166423516e+01
-1.630727571469258308e+01
-2.700046439997742453e+01
-3.428723190813838073e+01
-3.328292385419666743e+01
-2.642727226380083394e+01
-2.689511988537223175e+01
-5.312841558895681970e+01
-1.897126491180059205e+01
-2.045459292902393145e+01
-3.166245068934812945e+00
-5.622688122340919747e+00
-5.735285285482899731e+00
-5.250192113467628019e+01
-1.159474956073060170e+01
-2.898619539785310906e+01
-1.438636174459725403e+01
-1.901605542155150275e+01
-2.459781395659611292e+01
-1.247940027395173068e+01
-3.182850000868135254e+01
-7.804665530926436645e+01
-3.034976542267105515e+01
-5.281713309377253474e+00
-1.824633466560528205e+01
-1.881741210390592300e+01
-5.944026296347900740e+01
-1.884233191932844420e+01
-2.959572949897350824e+01
-2.082065416913289724e+01
-2.002365849551025434e+01
-9.512205218868690082e+00
-3.769195814815974188e+01
-1.406523466280767387e+01
-1.253272160639990318e+01
-1.412011127268347366e+01
-2.949169339475845675e+01
-2.952876543239637996e+01
-2.108624392424547267e+01
-3.712794699175081092e+01
-4.532904547190470979e+00
-2.739929364301399062e+01
-7.344674938347054649e+01
-2.635433535308163755e+01
-8.821463874653719728e+00
-2.921098571709387670e+01
-2.417093805855708410e+01
-5.652116044341986623e+01
-6.927798463849470068e+01
-4.669049787859243850e+00
-2.791109463912171051e+01
-1.234970960356220537e+01
-2.105097595538315502e+01
-4.782776127414081202e+01
-1.819378740677848327e+01
-6.667741260090215505e+00
-2.573100245056381041e+01
-2.246214018055624706e+01
-4.032211271643792827e+01
-1.152992330506522123e+01
-1.987204931953818488e+01
-2.249176946156340762e+01
-4.280897101226724999e+01
-1.910099841171953017e+01
-1.688863652314804398e+01
-3.185550055498768884e+01
-4.373122044775925588e+01
-5.003870586809791909e+00
-7.292723990658865318e+01
-6.668159521279284796e+00
-3.596953859303607715e+01
-7.875643261307922671e+01
-1.617282295196344677e+01
-2.755985510812180550e+01
-2.146539915415927879e+01
-1.528727227723011062e+01
-3.376398939268631239e+01
-2.744273728694317072e+01
-3.215126929232012998e+01
-1.541451534734545170e+01
-3.160604646790357108e+01
-1.497952661654826123e+01
-3.027216288189065097e+01
-2.865518901092559290e+01
-2.261984965225011734e+01
-4.634892235232177526e+00
-4.133960570831702874e+00
-4.415496841572047515e+01
-5.213117824344155160e+00
-2.744216414367905088e+01
-2.839246052789081531e+01
-1.323647683662206020e+01
-4.410510227703465347e+01
-1.585354686699743709e+01
-1.470954011090638147e+01
-2.132532025707023848e+01
-2.419478359338739182e+01
-1.577628161611167457e+01
-6.182655564072710774e+01
-2.283366279002514077e+01
-6.376187410191216820e+00
-7.414982714666473385e+01
-1.048118286022631196e+01
-1.586042274526767315e+01
-3.924012202881333167e+01
-5.391280235517900365e+00
-3.171868626306582506e+00
-5.583786593140979804e+00
-2.741664492334081871e+01
-2.183118245276817859e+01
-2.537905283749124408e+01
-2.954427554637232944e+01
-2.807449135129837359e+01
-1.200352971855282114e+01
-2.756389431434238801e+01
-4.062672472959713588e+01
-1.098203491585924851e+01
-9.717159140168263320e+00
-2.749631534799257793e+01
-2.019666261617800984e+01
-1.737399034400947784e+01
-7.212029613120765248e+01
-4.897576156701005345e+01
-3.338129604518380233e+01
-2.673847053135184026e+01
-2.012027476002295856e+01
-1.681750404288962386e+01
-3.023520630313430857e+01
-1.323473531702374117e+01
-2.661700576779934835e+01
-3.287823536380767564e+01
-3.342234733981653960e+01
-2.277500069755483025e+00
-2.729944659083874114e+01
-1.486968543874786164e+01
-1.336181662891818256e+01
-3.614016286751277107e+01
-2.672298237291681389e+01
-7.721155815702935854e+01
-3.107341418924672283e+01
-1.936448469405710071e+01
-3.249186101155278550e+01
-2.929220392899445002e+01
-6.330092712538441191e+00
-3.059619903155070730e+01
-1.662332677801616043e+01
-1.930613608946826787e+01
-1.928090610416386497e+01
-5.993887013024643551e+00
-2.070175805680898051e+01
-2.861236774671976946e+01
-5.144764440266198946e+00
-4.636525334886467675e+00
-1.039504865281404022e+01
-1.953312569660228348e+01
-1.321322929420926329e+00
-1.303009864720274180e+01
-2.067337054136372032e+01
-2.616436157463004264e+01
-2.387536461188440740e+01
-7.889542759960295193e+00
-2.831020605905354870e+00
-3.196215337130098888e+01
-3.836906322080689336e+01
-1.936944146408056255e+01
-2.579990043157182456e+01
-1.916832580934595143e+01
-2.130685609089542965e+01
-2.647383244767785371e+01
-2.319989027835415740e+01
-4.977453581835041518e+01
-2.249104826723499784e+01
-2.224212485612414625e+01
-1.635058022624192375e+01
-2.518423743000298742e+01
-1.506636822230058748e+01
-1.725889425312254133e+01
-2.356943107446423014e+01
-2.367010282031393231e+01
-2.203871176756713268e+01
-3.043622498508251795e+01
-4.405818987400793674e+01
-4.890006325324159064e+01
-1.595957947810436828e+01
-3.132253770522143377e+00
-5.351525896002760163e+01
-2.694536793070719227e+01
-2.465313954876746649e+01
-1.146477207522002217e+01
-2.108524848163225229e+01
-3.210556442321418302e+01
-1.916978481129297052e+01
-3.359923546571739905e+01
-9.074931078804695517e+00
-2.804070638005760685e+01
-3.294386756610768430e+01
-2.218767949932080796e+01
-7.720810883688790760e+00
-2.623591879107832270e+01
-2.252640256992377132e+01
-2.461505747720397963e+01
-3.096025783164003542e+01
-1.737188691410868513e+00
-6.677293896889578662e+01
-6.718221172630860494e+00
-2.746324572577652035e+01
-1.371381434661606136e+01
-4.545076359282829515e+01
-4.486121461258056797e+01
-4.636525334886467675e+00
-2.107337769422273865e+01
-2.782459775361388310e+01
-3.659563670785095724e+01
-2.959020849329699843e+01
-2.558543459868972647e+01
-4.886252546113622941e+01
-2.486726168035131579e+01
-1.537981242363376211e+01
-3.069346503683733118e+01
-8.009935930165337226e+00
-3.212687107069716319e+01
-4.956749547381026133e+01
-1.532064434754926374e+01
-2.644639139612595713e+01
-3.841128554372725290e+01
-2.520518501741152662e+01
-3.986656624593534204e+00
-2.904795151758714411e+01
-2.816012181212542842e+01
-3.066543725139100118e+01
-3.125787616314231343e+01
-2.906746208004980048e+01
-6.994910436202513893e+01
-4.687006460159150834e+01
-2.788274591396224977e+01
-3.712422431598056960e+01
-2.577246071382903025e+01
-2.621783082417562838e+01
-1.347226068743357352e+01
-1.726944892017421296e+01
-2.528377753151541896e+01
-3.916711486173527135e+01
-1.301711878890375473e+01
-3.638574696831616251e+01
-2.568887911042376615e+01
-3.061909261100467816e+01
-1.346877021837780042e+01
-2.342450508789612940e+01
-2.605894348275775130e+01
-1.645341354462696160e+01
-8.721637271901913735e+00
-1.882257667283734648e+01
-5.258865644211419976e+01
-1.816349344529117360e+01
-5.500735658478093626e+01
-5.436207495695195036e+01
-2.221526979785159028e+01
-4.433473244113654843e+00
-7.945814378946780998e+00
-5.912405762013633215e+00
-3.501876076702456686e+01
-1.143015027281547269e+01
-5.565447546275746760e+01
-4.196235391708457030e+01
-5.172975162643876956e+01
-2.798088769054774971e+01
-5.076398057351801896e+01
-7.393240705179803030e+00
-3.701964425691350868e+01
-4.470726630732557716e+00
-1.892683148712234598e+01
-2.355751266598344884e+01
-1.498639408384068261e+01
-2.514299909775801645e+00
-1.606089547347294300e+01
-9.083490479099199888e+01
-5.131215291637700204e+01
-3.656875615981749661e+01
-2.969227162995338887e+01
-1.575991908670700070e+01
-1.779834928122943438e+01
-1.436380042514366728e+01
-2.452097742894870791e+01
-3.529836455795838823e+00
-4.932369405121812100e+00
-2.250149641433545611e+01
-3.230959671579263670e+01
-3.203617333765031816e+01
-5.063988258480130789e+00
-6.914396999653716591e+01
-5.005821030701077490e+01
-2.086715377650170922e+01
-3.229406727850381742e+01
-5.622789222569763012e+01
-1.350849521469426762e+01
-3.867715703217834999e+01
-3.944357537391916679e+01
-3.419981677737548154e+01
-4.981463227473895472e+01
-8.184967162505046190e+01
-3.384021633390485562e+01
-2.431682066800252073e+01
-2.511179403778192309e+01
-4.117837140367618076e+01
-4.938317072274087138e+01
-3.440165715206824615e+01
-3.435991427524003683e+01
-2.415894908248301221e+01
-3.049110070635349601e+01
-3.089907794703626109e+01
-3.388744523144054455e+01
-1.283574015955728953e+01
-8.229129368036339542e+01
-2.511179403778192309e+01
-2.476167760186729083e+01
-4.637840863793510238e+01
-5.728217303671532079e+01
-2.835936475251524413e+01
-2.809910628981358371e+01
-4.636525334886467675e+00
-2.353766574565955239e+01
-1.667176293363512585e+01
-1.589438577128792573e+01
-5.182423549829277931e+01
-3.032109862343277129e+01
-5.658644342399614402e+01
-4.553528947605541077e+01
-3.748504046784391619e+01
-2.125105076757508016e+01
-2.502674771334453752e+01
-5.413709340561442929e+01
-4.031352697350195058e+01
-7.217234194947079295e+00
-3.554970220553804694e+01
-6.128180497710658159e+01
-3.785429306583780829e+01
-2.492407273749050134e+01
-5.309286080032307353e+01
-2.419696548136636594e+01
-2.734321595509230107e+01
-3.826967926618020499e+01
-6.071752325549920926e+01
-3.531075534054638609e+01
-3.672366071164721291e+01
-3.598224530972780144e+01
-5.660989453824543993e+00
-2.594544436346991390e+01
-2.583582706751084501e+01
-1.150105125129248229e+01
-4.169447488843114513e+01
-1.203310640335489268e+01
-1.408814168881290385e+01
-6.112209892792221666e+01
-3.183449152099022328e+01
-2.698153791603575868e+01
-4.181107633457365580e+01
-2.167041206154226529e+01
-1.300170163890911645e+01
-2.090521204668852562e+01
-5.140007349668740844e+00
-4.170066295540324575e+01
-5.194557813232036381e+01
-2.697724279841207107e+01
-3.692676835367142019e+01
-2.565298274804726475e+01
-5.551239063001298213e+00
-5.366214596325010078e+00
-3.190780325359074965e+01
-4.769652620145734545e+01
-3.672148820706421901e+01
-1.833166171440222314e+01
-1.340622823468349623e+01
-8.527716752051259164e+01
-1.371922577978267554e+01
-2.700408891918279153e+01
-5.309509845521316862e+01
-1.432924830138588490e+01
-1.300403535944600542e+01
-1.561572242441898872e+01
-2.460552380561345132e+01
-3.200993405056688346e+01
-1.745359993595151238e+01
-2.225097507389097373e+01
-2.659226568151605719e+01
-2.668143739417672577e+01
-8.806211257951147786e+00
-7.210555529578371647e+00
-3.942501196973670829e+01
-3.503538880131990219e+00
-1.434714446937086407e+01
-2.946976081386858581e+01
-3.016465675431049220e+01
-7.644434164301572743e+00
-4.892156256048568252e+01
-2.102083745873795095e+01
-2.601639187126444952e+01
-3.004871915055074894e+00
-2.753790023237637996e+01
-2.401859627849611201e+01
-3.892080859248849123e+01
-3.692858908505051829e+01
-1.156886382653507894e+01
-1.235945281600001699e+01
-2.858078753085406021e+01
-2.795360224034835639e+01
-2.577931963739021270e+01
-2.012587036595649970e+00
-2.144404042463610693e+01
-2.261026028611553329e+01
-4.858786214585958874e+01
-6.918352770319011746e+00
-1.105656670232547967e+01
-2.756881416907095428e+01
-9.023307253899508495e+00
-2.644639139612595713e+01
-5.362982531537707587e+01
-5.078211631726871644e+01
-1.602962096453667229e+01
-4.224228424798464054e+00
-1.458639424879484991e+01
-5.647141632548726875e+01
-5.186049957533334975e+01
-1.193197668251218424e+01
-4.405243635371101618e+01
-1.963828536377962308e+01
-3.449792403066923896e+01
-2.697261617980635862e+01
-2.012720184114381183e+01
-3.447923979985786502e+01
-3.938299240774014720e+01
-2.046857771508134860e+01
-2.490671751585366067e+01
-4.578200409631089940e+01
-1.110811713173066551e+01
-6.047790542337287079e+00
-3.234378459362627467e+01
-2.880433510603596048e+01
-1.624461421485328927e+01
-4.606115838499926340e+00
-1.909084745352567225e+01
-3.075669117113002571e+01
-2.512115216656102135e+01
-1.096430964644239836e+01
-7.774635165194719200e+00
-3.727735549587895036e+01
-8.590704351474908407e+00
-3.296759653101876353e+01
-5.488089278995411213e+00
-2.101082672371732940e+01
-1.363402556459029746e+01
-2.590056034054982348e+01
-4.280807864208472147e+00
-1.119042607119764554e+01
-2.725748537919008285e+01
-1.066351756150577046e+01
-2.826281088989752632e+01
-1.291305537707089179e+01
-2.926775553808519348e+01
-2.154747311214613603e+01
-1.301560412358353958e+01
-2.017618061881299774e+00
-1.571070736645562604e+01
-4.114653335429781578e+01
-8.226722753094956886e+01
-3.754949294868826826e+01
-4.182866397574135675e+01
-1.628304780239960836e+00
-5.396730832365502550e+01
-1.360904833143653647e+01
-1.975116537715128473e+01
-8.129570420932983765e+00
-2.364739305264392755e+01
-3.729041174622559396e+01
-2.815657509575246209e+01
-2.241045854676532301e+01
-2.807121860174335026e+01
-8.324894271283190150e+00
-4.039232950281747492e+01
-4.625111849884469706e+01
-3.324572651129549694e+00
-1.051539807900312873e+01
-7.154281719363360992e+00
-2.229562417296360977e+01
-3.782239226642436591e+01
-4.094875662933102944e+01
-5.074023396845746703e+01
-1.705068589482440444e+01
-9.393957457310953885e+00
-4.096589364937231892e+01
-2.804293116726227808e+01
-2.200674382006132301e+00
-5.791133082435692359e+00
-2.228916073127727060e+01
-1.931409902033112402e+01
-5.076767920036632376e+01
-3.881507897785635208e+01
-1.663393046913055429e+01
-1.602512382098208121e+01
-5.618597770329568419e+00
-2.284488959669217678e+01
-1.886180299900296120e+01
-2.310693191056857998e+01
-2.375561701393420577e+01
-3.302713252096675944e+01
-1.179465014430988390e+01
-1.162413542994680959e+01
-8.903982658248663640e+00
-1.532776597099081961e+01
-5.337596653986753381e+01
-1.081529788470866471e+01
-9.383655364559214007e+00
-3.715922327522675150e+00
-2.675009168057500020e+01
-5.131053110870565348e+01
-3.339126694689625197e+01
-5.414061032115105476e+00
-2.938592003151964605e+01
-1.152143020866381917e+01
-2.902583368315656642e+01
-3.924621715336253658e+01
-6.606184915215914089e+01
-9.517001903608106161e+00
-3.064460714593252888e+01
-3.425020086161296717e+01
-9.621338261483867171e+00
-3.222008868857440689e+01
-1.440930622759248081e+01
-3.677253644046710690e+01
-3.390602705368898739e+01
-5.076767920036632376e+01
-8.415336129425744716e+00
-5.696992711947336829e+01
-1.249948834576800394e+01
-3.248798126050829183e+01
-1.688719865044927815e+01
-2.757572879288459511e+00
-7.094068015210481803e+01
-2.437520432380902591e+01
-4.706144996597481089e+00
-5.434879263719571973e+00
-3.976554124857645434e+01
-3.543205947708357684e+01
-3.721384841609117533e+00
-2.649818901223021683e+01
-3.819045706587239408e+01
-1.553894658943465856e+01
-3.497734416976905436e+01
-1.619316063575335818e+01
-1.705837375952874879e+00
-4.252593024520730580e+01
-1.348386252174296729e+01
-2.497544857988191680e+01
-2.767700910833007910e+01
-2.835535955040367639e+01
-3.376143580129648569e+01
-3.068744743754353266e+01
-6.060311144409377704e+01
-2.653481170222316976e+01
-5.895824452240969293e+00
-1.091012618595580719e+01
-2.667472718539355725e+01
-4.677394446275148709e+01
-3.958404193131904947e+01
-3.883563820121345600e+01
-2.557067351765075003e+01
-1.071768462369483466e+01
-1.186629521788416319e+01
-2.601982809154578291e+01
-3.959243548569671134e+01
-1.957618346297008927e+01
-4.699537618986603604e+01
-2.698166901570628440e+01
-2.024350550910775581e+01
-1.748685284965473485e+01
-2.731216458500709621e+01
-4.656284771910970122e+00
-3.954810657181120348e+01
-3.344309167164028196e+01
-1.919353825139032921e+01
-3.086756451678015978e+01
-2.960643856508463045e+01
-3.451484387050081182e+01
-2.461427008685452833e+01
-2.215410562629017477e+01
-1.865418988974192516e+01
-4.356284771910970299e+00
-7.162927981234955155e+01
-2.794377592010467026e+01
-1.164444418502030487e+01
-3.966710074047109913e+01
-7.505496375191383152e+01
-3.314664332407720337e+01
-1.789206863064167408e+01
-1.080383485790719078e+01
-4.092511296474831539e+01
-1.086821487613820914e+01
-2.144282866279834465e+01
-2.661422116940839899e+01
-2.301945204466721862e+01
-6.806356218189453244e+00
-7.928090691327412287e+00
-2.815187590931245509e+01
-1.821328716208101994e+01
-6.066613242222651081e+00
-1.982729883036445884e+01
-2.631440049939199000e+01
-5.758536390119365933e+01
-3.567108639555166860e+01
-8.911032475714118561e+01
-1.316767126447288661e+01
-1.854003546913910938e+01
-1.686179361425269718e+01
-3.886942911480379337e+01
-3.740614796871885517e+01
-2.313221089055718949e+01
-3.505359174218524743e+01
-1.264963573181995038e+01
-3.869856405869094829e+01
-4.425512807829940165e+00
-3.858392386788134587e+01
-1.311659330666057777e+01
-4.474843860358821246e+01
-4.402793194102586227e+01
-4.414156383480319334e+01
-4.224714147601064695e+01
-3.853222422280529713e+01
-1.577631064890580959e+01
-9.796397280695337884e+01
-1.623463633170879916e+01
-4.060678186661830225e+00
-3.071577855990629402e+01
-1.329733589872227029e+01
-1.326430918969750294e+01
-1.021300565939174021e+01
-3.035273487561452654e+01
-1.537987701692161480e+01
-9.481695882191591096e+00
-3.933655809918608526e+01
-1.665545288712877436e+01
-1.970994158075330205e+01
-3.259192326221922542e+01
-3.659995267073907144e+01
-3.468750723987039919e+01
-1.318924272858031799e+01
-3.386619057098076269e+01
-1.125430637004939172e+01
-3.207621260533922936e+01
-2.692135249105004036e+01
-3.522780153598608877e+01
-4.103896648149197546e+01
-2.582814637147016867e+01
-1.621531859482853166e+00
-4.184820429698600464e+01
-3.968660989969015951e+00
-1.583195046413375806e+01
-4.716070852790105050e+01
-2.389081686385939562e+01
-4.842753139910511351e+01
-3.521848823327074030e+01
-4.095749543010906280e+01
-2.958821371964149449e+01
-7.934264821563658643e+01
-9.802013056407631097e+00
-2.763349786069063541e+01
-4.293333247490055271e+01
-2.629349625972308857e+01
-7.956267161607931371e+01
-2.611077524445974518e+01
-3.827602975904603966e+01
-1.867030449370888334e+01
-4.362973575655930247e+00
-2.835571814017665915e+01
-1.259859054627842490e+01
-1.789512225629715303e+01
-3.432139987297865247e+01
-2.841583149382520190e+01
-8.027316626521700016e+01
-4.293897667337255086e+01
-2.816521413048154443e+01
-7.366347896746397339e+00
-2.445344880421612643e+01
-5.165319329747223520e+00
-4.431188612817970807e+01
-8.412916583151496042e+00
-2.853704771597182699e+01
-7.684633134908392726e+00
-1.331159964618537828e+01
-2.940292450531010360e+01
-3.780252101108160900e+00
-3.398561812779533398e+01
-1.672928315219873596e+01
-3.546454323550918986e+01
-4.049150726223932395e+01
-4.744995239337249870e+01
-4.716070852790105050e+01
-1.305360522136072809e+01
-1.303154990843735561e+01
-1.266714307028691522e+01
-3.020639234720033173e+01
-5.031833153899714262e+01
-2.654001013628619887e+01
-9.528817781873872406e+00
-7.929546396349829607e+00
-1.211787905450863079e+01
-4.615252212262613796e+01
-2.626737648938438863e+00
-2.009935905010347135e+00
-7.121987016313123320e+01
-1.088477572467304455e+01
-6.247463989624515435e+00
-2.152266106267211754e+01
-1.259859054627842490e+01
-2.003423565487520719e+01
-5.046459907801015277e+01
-2.469866374550833754e+01
-1.932515690587699453e+01
-2.410732025720856697e+01
-3.063624293018844824e+01
-2.592849437726626860e+01
-1.232402660690236296e+01
-2.645270374762010235e+01
-2.553172158433545746e+01
-4.115558763608194681e+01
-7.147595667001343145e+01
-3.897951849686682291e+00
-1.081887148374902186e+00
-4.855892463636980239e+01
-2.670291658081323405e+01
-7.053842675660182415e+00
-9.435259039217408272e+00
-1.745645515439591478e+01
-3.548805728143579863e+00
-3.305608848763186813e+01
-1.118495024358103151e+01
-4.424019778380004198e+01
-2.444613007102594437e+01
-4.579705160659532481e+01
-2.341301127236652846e+01
-1.739255838767134676e+01
-9.734719260780877903e+00
-2.534490017831497255e+01
-1.098752659651414909e+01
-1.080383485790719078e+01
-1.322036527328712552e+01
-2.026383487967786579e+01
-7.564401892602966804e+00
-6.721938207008485655e+00
-3.011216299944067032e+01
-1.578562138427464134e+01
-2.026006560896747288e+01
-3.442507566423195442e+01
-2.751549668879719590e+01
-7.738348098727023228e+01
-3.228278028456949755e+01
-3.729954922851869803e+00
-2.763098782036686529e+01
-2.673198985555299600e+01
-2.868780156745465248e+01
-9.601593213908499180e+00
-2.390209483804233059e+01
-3.965368539149103100e+01
-2.116537636308040859e+01
-3.910333956821162360e+01
-2.775141045465871770e+01
-3.096829994634260785e+01
-1.762202415935284350e+01
-4.963977005490156102e+01
-1.739255838767134676e+01
-3.623498039219080624e+01
-6.126378569814615815e+00
-1.015420786506052906e+02
-2.497868893183970229e+01
-3.424417079128770247e+00
-2.478012363871574664e+01
-2.089372487964211089e+01
-3.428195525733546845e+01
-4.272098637644903718e+00
-1.200408170290282328e+01
-8.628484341625352272e+00
-1.700440716731169033e+01
-2.376101714126430409e+01
-4.356284771910970299e+00
-2.242628448078651360e+01
-2.262569768102450851e+01
-3.555042970838651684e+01
-2.754479209256142269e+01
-3.554004167266624137e+01
-2.063423565487520861e+01
-1.961315006782476278e+00
-2.363437960215527056e+01
-2.619768946388153807e+01
-2.860909219166800455e+01
-1.284943223941666446e+01
-4.585165563534886246e+01
-5.494903563385680911e+01
-2.624848697284059540e+01
-3.470728504348609533e+01
-3.434032370229049036e+01
-2.713802993111981010e+01
-2.703413821596572575e+01
-3.432139987297865247e+01
-4.524663795581592041e+01
-3.648709152015286783e+00
-8.878334474629733464e+00
-1.674457667014495144e+01
-3.783522191844618021e+01
-2.988928207888415045e+01
-7.718026707523426566e+00
-3.874657120428399537e+01
-1.999217737749850698e+01
-5.028368444079518440e+01
-1.982278366649447321e+01
-2.572696171749148419e+01
-3.587566834906451163e+01
-5.564507284570247236e+01
-3.937679958781524103e+00
-1.918016037842309629e+01
-3.339288719427612762e+01
-1.513934329023918046e+01
-1.532520093909343650e+01
-1.151051154448360059e+01
-2.219755588027883064e+01
-7.030834235482286942e+01
-8.246566037122285309e+01
-4.061871362777495165e+01
-2.604558872452086060e+00
-3.234378459362627467e+01
-4.288244873546341651e+00
-1.770420664596931104e+01
-2.528376791802056900e+01
-2.596656900212951413e+01
-2.628614307120839300e+01
-2.591040087948867310e+00
-3.171476804952539474e+00
-1.529468300559138427e+01
-9.807267872341260073e+00
-2.635393335764610612e+01
-2.564225158174989971e+01
-8.719034803572267123e+00
-2.043769169920051354e+01
-4.513140688080686402e+01
-2.442458314048840506e+01
-1.617313410503302862e+01
-1.777120438488029919e+01
-1.461402883655105178e+01
-6.147570076667701500e+00
-2.755386768356165206e+01
-1.321322929420926329e+00
-3.350051712054023767e+01
-1.872048547681925257e+01
-1.602527408910421514e+01
-6.431586888595974472e+01
-1.649068315077581204e+01
-1.549472378389785376e+01
-5.052635587518020088e+01
-3.203758673571385884e+01
-5.995353163800677621e+00
-1.405468489726023940e+01
-1.319647656881184972e+01
-4.996797559800550914e+01
-2.315126192685250572e+01
-1.413532950568574087e+01
-2.592849437726626860e+01
-4.371612786181947996e+01
-1.088477572467304455e+01
-7.513960525000047141e+01
-1.284699510442586856e+01
-1.614218019531001147e+01
-3.321004406884502203e+01
-2.417162380526512422e+01
-4.028406682204940026e+00
-2.840972248164298719e+01
-1.967865917544323295e+01
-1.624790723475232923e+01
-2.876355271845304884e+01
-1.419417841700995808e+01
-2.968934210734046175e+01
-4.022035768670727407e+01
-3.540849047088671853e+01
-1.599984987915157220e+01
-4.636525334886467675e+00
-3.122995629430668885e+01
-1.206638826317634106e+01
-4.551026036416278941e+01
-2.797506838033696397e+01
-1.365387113742779057e+01
-5.386029018788599387e+01
-5.016091622970154873e+00
-4.920423732390212024e+01
-1.667272592152340849e+01
-2.864883802984017080e+01
-4.060126255092738390e+00
-2.594437196364786047e+01
-2.722894748617263261e+01
-2.650360651467979523e+01
-3.910862545900745602e+01
-1.825394687116229164e+01
-2.954206536162833530e+01
-3.045143835984147884e+01
-3.061294214798904179e+01
-2.854767236111583983e+01
-2.075263976269964417e+01
-2.822952212708425890e+00
-2.479981101839215185e+01
-9.352917719801542518e+00
-1.291689331750541569e+01
-1.598399109091635495e+01
-3.964730441954656470e+01
-2.771563126224073059e+01
-5.061160330369881422e+01
-2.551031073918090186e+01
-2.490598835891712159e+00
-1.733254853107748161e+01
-3.446292683418214864e+01
-2.734147585829455096e+01
-5.185492512639947371e+00
-2.675625087317467177e+01
-6.460069172320745068e+00
-6.373382144919060188e+00
-7.989420563930446306e+00
-2.176250181414457430e+01
-3.830453048284883266e+01
-2.601298922437703354e+01
-2.863515463349427304e+00
-1.885585628859299590e+01
-2.846990028802367689e+01
-2.678577160510580768e+01
-8.828444208608507893e+01
-2.988771044845185187e+01
-1.911491577488478555e+01
-1.700440716731169033e+01
-9.275643468776324951e+00
-8.375539564334363973e+00
-9.778589719830335980e+00
-1.132085522361156116e+01
-2.847111751493332577e+01
-2.838491836559436621e+01
-2.411973748810255813e+01
-2.503016643475075753e+01
-1.708266897243018789e+01
-3.631607157728704749e+01
-2.070315430575032778e+01
-2.148775619848405327e+01
-4.021850775883277862e+01
-3.548696962611601435e+01
-3.193543630561339342e+01
-8.820388518069304240e+00
-3.941665453517286721e+01
-2.234100184002618761e+01
-1.265245774547054580e+01
-3.103304159562008735e+01
-2.500385226009197481e+01
-2.224147030564514083e+01
-5.796926531722450981e+00
-2.554728683736317052e+01
-1.014033123205755658e+02
-5.008968511375677224e+01
-3.964540094136282278e+01
-1.682222487484891360e+01
-4.143561416285398025e+01
-4.208036862193053906e+01
-5.813684289379407844e+00
-5.240652702944547769e+00
-2.175537014900118749e+01
-2.103589586657963650e+01
-1.380315767126644388e+01
-9.357387160174174312e+01
-5.349588957625482699e+00
-1.130339025120816210e+01
-1.166906244092438882e+01
-3.463648924370590976e+01
-7.510399689875833396e+00
-2.501879079944858475e+01
-1.136933565937339807e+01
-1.091684050101677173e+01
-1.408572648361028712e+01
-1.497690162091153177e+01
-4.636525334886467675e+00
-7.973308820127974705e+00
-4.532653940560300043e+01
-1.876087124269535522e+01
-3.268776572431780636e+01
-2.855360829743485951e+01
-4.356284771910970299e+00
-1.394619305940446363e+00
-1.606344389390915950e+01
-2.671355666121010231e+01
-2.908364031272018835e+01
-3.380088582305431544e+01
-5.425084096715241344e+01
-4.000850625088034462e+01
-6.371879958114258891e+00
-1.890387612674085815e+01
-4.060237198840389361e+00
-4.884043094538808916e+00
-2.469464375728294314e+01
-2.756869233360797367e+01
-5.734971337801542290e+01
-8.326499919713532094e+00
-4.105132795976683724e+01
-1.454248776261136022e+01
-1.575358552584464000e+01
-7.359286462692860198e+01
-1.889875249711657546e+01
-1.953388190395759949e+01
-5.516132719318854072e+00
-6.526289235342898110e+01
-1.446787664598340406e+01
-2.362812665090377706e+01
-5.183509370409981720e+00
-4.874437985343529789e+01
-2.932379277377684090e+01
-1.902381425126896275e+01
-1.118995504473716807e+01
-1.540553280194357377e+01
-1.772000779682230487e+01
-1.088477572467304455e+01
-3.535179152766510846e+00
-5.212647286077736197e+01
-4.382276118717717850e+01
-5.007332501951641746e+01
-2.130409219598618265e+01
-2.705935744952326161e+01
-6.126378569814615815e+00
-1.180204167323557485e+01
-3.222708423851020854e+01
-2.562331630857481457e+01
-3.213692645088925559e+01
-2.047881605705607910e+01
-3.106856520973457592e+01
-3.225050156599044016e+01
-1.406694702864135671e+01
-2.547651423800608228e+01
-5.070962522930994965e+01
-4.660097206517770019e+01
-2.647383244767785371e+01
-2.917020757409346032e+01
-2.230340873851444172e+01
-7.042345399082512891e+00
-2.931554278889341703e+01
-2.647383244767785371e+01
-9.574531027240887227e+00
-2.003423565487520719e+01
-2.672213341522886410e+01
-3.942320880188866283e+01
-4.404822324521700239e+01
-2.479981101839215185e+01
-1.648842423569196924e+01
-2.003447753838355538e+01
-6.763574903273159578e+01
-4.293016348701534923e+01
-2.764953186769511717e+01
-1.153207645880854670e+01
-2.440810179693993121e+01
-2.461668006163403533e+01
-1.538897543490179309e+01
-1.786516216413129143e+01
-7.362454734442618332e+00
-1.178344801182006663e+01
-4.008423076379897054e+01
-1.572255195114186499e+01
-3.999302821737157387e+01
-1.205443623709702550e+01
-3.128389227173193632e+01
-1.688608020805807541e+01
-5.348302513793067092e+00
-4.532653940560300043e+01
-2.778022206532944693e+01
-2.749445156144368241e+01
-4.063532887795065385e+00
-7.065111083052713070e+00
-9.290843336355720794e+00
-2.888486816455066375e+01
-4.797938647374981258e+01
-4.700055497596972032e+01
-2.908686372570133116e+01
-3.035777804379493361e+01
-1.254699883306206765e+01
-6.915779079052503775e+00
-2.482639635068445472e+01
-1.670217420745674985e+01
-3.511636719724268119e+01
-2.554080958830083148e+01
-9.595067701561580620e+00
-2.666755779208443755e+01
-1.406153243299311129e+01
-2.160513834463622729e+01
-1.700440716731169033e+01
-4.096680219909178078e+01
-3.432139987297865247e+01
-3.905937410079723282e+00
-3.628929110408751058e+01
-5.439752378125637478e+01
-2.282465252931434563e+01
-3.182373478584647941e+01
-5.291724999988814204e+01
-1.670374517917695556e+01
-3.693105526713465281e+01
-2.742020735830248057e+01
-2.864426414608348637e+01
-2.997295972781765627e+01
-5.869993342805722492e+00
-5.459457206142356256e+01
-1.355219371857933552e+01
-2.120502942363233245e+01
-2.989316422334811207e+01
-3.487375920292647891e+01
-2.563590286240699179e+00
-7.806724668204983786e+00
-3.722194088599275830e+01
-3.160739258058303136e+00
-3.663604520839876422e+00
-3.695899990917804079e+00
-2.540135161734806601e+01
-1.155362804280561306e+01
-3.039577957234753214e+01
-2.753526693653566682e+01
-4.063532887795065385e+00
-3.587182840351767510e+01
-2.069839598350482035e+01
-3.547515714394512543e+01
-2.207724707633845540e+01
-1.521809560182695265e+01
-4.540877221063706770e+01
-5.925570904163571129e+01
-4.180712976113947121e+01
-2.687744670862894836e+01
-3.035028558702396495e+01
-1.844610982309589176e+01
-3.079477403543046776e+01
-2.754815827282425644e+01
-4.467498548328505592e+01
-3.129511638761825054e+01
-1.667073731634133082e+01
-3.819432006409751068e+01
-2.239738105011326397e+01
-6.069070189722049236e+01
-2.712886670117567078e+01
-6.480478646694069589e+00
-3.437874791408099817e+00
-7.600026723844985099e+01
-2.759784613520470486e+01
-8.412916583151496042e+00
-1.535258546131420543e+00
-3.873267558536760902e+01
-3.292434758530365713e+01
-2.497540256146070803e+01
-2.611408490751395473e+00
-6.845765380345271467e+01
-9.128648588805873487e+00
-5.765455288695230252e+01
-1.601056137402983381e+01
-5.930609890736861622e+00
-1.612579742794330073e+01
-1.005739105812577350e+01
-3.487705799449105193e+00
-3.322538298292855075e+01
-3.283131753167867828e+01
-7.069869167716861469e+00
-1.429665673005190740e+01
-3.205861166940237439e+01
-1.453633657396873424e+01
-2.333511125492843519e+01
-1.192988740185612428e+01
-3.904992040035551781e+01
-1.377096638041085797e+01
-2.990603512739860648e+01
-2.922509734454918728e+01
-3.262424595800632687e+01
-5.820736971989501285e+01
-7.919419577721913583e+01
-1.276201944826669177e+01
-5.082222233451069826e+01
-3.114238656759218671e+01
-1.227325759283478490e+01
-3.716198499974711922e+01
-1.561564482867069437e+01
-2.198058004580521541e+01
-2.682492543100780935e+01
-2.289251200133633191e+01
-4.034871924397978660e+01
-5.147820065612578766e+00
-5.798902405195369703e+00
-1.774977679697419575e+01
-4.430263806693398365e+00
-3.193525043818552689e+01
-2.241595148808093541e+01
-5.530221023511236211e+01
-2.390209483804233059e+01
-1.928023466168100342e+01
-5.185492512639947371e+00
-2.376610510111716223e+01
-2.434169254412296723e+01
-1.715194544566555024e+01
-3.879059231430915844e+01
-4.033481351315356456e+00
-1.772220775296924344e+01
-1.746118839428327973e+01
-5.687825441223877121e+00
-2.981226656161758370e+01
-2.441036130868150522e+01
-4.548621695219362948e+01
-1.648842423569196924e+01
-1.608567399555966304e+01
-4.170252151241302663e+00
-1.516215372035205533e+01
-2.514211352400468868e+01
-2.473305589595381093e+01
-4.799121380504027456e+01
-3.449103469180956694e+01
-3.127213129371679656e+01
-1.508260333627871042e+01
-3.819432006409751068e+01
-2.207331781249203928e+01
-2.136150808604941176e+01
-3.135080127574857300e+01
-1.484625231134557666e+01
-4.727697243710454522e+00
-2.548492618535279419e+01
-3.206613794141318863e+01
-3.324918918083275798e+01
-2.684162818864281519e+01
-2.856494997129847846e+01
-4.531493796637100502e+00
-8.842443930772962091e+00
-3.562615493761951857e+00
-4.650861860020864214e+00
-3.891019462323178857e+01
-4.766074827233536837e+01
-2.693608905369158180e+01
-4.920348162877087361e+01
-1.770522719708409909e+01
-1.588811976991362052e+01
-3.171487336732555207e+01
-2.328132366898185523e+01
-3.031249104003909345e+00
-1.648842423569196924e+01
-1.713060614460053444e+01
-2.866346141186936336e+01
-2.280164473419963045e+01
-2.812685926791133895e+01
-1.639997340160647354e+01
-1.438001450712883589e+01
-2.627577981184338540e+01
-3.451703549566264684e+01
-4.067171346210996319e+01
-2.892371015104762222e+01
-2.149971677403439330e+01
-1.010395570508179119e+01
-3.096219293292248764e+00
-1.335720329609271140e+01
-1.034029256469948699e+01
-2.932860662254346451e+01
-5.574098654944641851e+01
-6.577274363846994731e+01
-1.725784262420307869e+01
-1.608567399555966304e+01
-1.013161074680938967e+01
-1.601236237136107121e+01
-2.517280020779145744e+01
-1.416579413888099026e+01
-2.733179877938435354e+01
-1.770456141689325946e+01
-7.065111083052713070e+00
-4.749278162630135114e+01
-4.438891044057559299e+01
-1.859272076779838656e+01
-6.496900777745879907e+01
-9.312029072977422217e+00
-4.078872489384220046e+01
-1.458198861243026379e+01
-2.178353034876980132e+01
-3.185667525749824947e+01
-2.633880240798867689e+01
-2.124432944123303812e+01
-1.393853891998621464e+01
-4.361926666613994996e+01
-3.692392084306041511e+01
-1.666869988960914384e+01
-1.018086295637618122e+01
-1.535933040242529835e+01
-2.178353034876980132e+01
-4.156299834030583185e+01
-3.910845866033868390e+01
-1.652731619060543622e+01
-1.580256240676203738e+01
-5.337962585577604102e+01
-2.595781549835404789e+01
-7.395791214224189503e+00
-2.688074822832397359e+01
-1.778225462147040759e+01
-2.867695068243838818e+01
-3.203593348792035300e+01
-2.487444886184967885e+01
-2.091990604006100085e+01
-5.660989453824543993e+00
-1.336734481134456409e+01
-2.455078104782678494e+01
-1.680665848883185021e+01
-2.722301264081701788e+01
-1.564479184616256013e+01
-2.060431268685749728e+01
-3.093862765534483827e+01
-3.622210074140097902e+01
-3.828982110317912912e+01
-2.341569260826209842e+01
-2.045455566708832151e+01
-2.109966695932957848e+01
-2.600270545178912229e+01
-3.263616869704863888e+01
-2.131007370653249922e+01
-3.842800556563463488e+01
-7.507981864107390102e+00
-5.212006380521617643e+01
-2.203219234183332631e+01
-1.151891098485590703e+01
-5.428320866486294527e+00
-7.712399036720150924e+00
-7.458544235994396843e+01
-3.925304286266722897e+01
-2.111165296016618953e+01
-1.713961056559005414e+01
-4.715159065428311891e+01
-2.659681600358511844e+01
-2.837307982849976895e+01
-3.103931398327944180e+01
-6.346562670388199656e+00
-1.679261640938865696e+01
-2.993757549772759319e+01
-1.012596133270795384e+01
-2.693608905369158180e+01
-2.835210072900731504e+01
-1.838580215948475427e+00
-5.420330902676575136e+00
-3.186447144039538415e+01
-1.180956669591688879e+01
-2.521451257022413905e+00
-7.365673731293675530e+01
-3.883042043062759774e+01
-2.356008452865398084e+01
-1.012099239668285833e+01
-1.369206023653151405e+01
-2.181983996145990545e+01
-6.738640063698319693e+01
-2.203731163818821059e+01
-1.155362804280561306e+01
-5.022558102305021066e+01
-3.252814676577894204e+01
-1.511538216802690116e+01
-4.157695472627533206e+01
-1.555232053272036907e+01
-2.543625267293780823e+01
-4.348792318905157117e+01
-1.804485091278671405e+01
-2.662302927308004996e+01
-2.270214071311451320e+01
-6.612745344446972595e+00
-3.119319518882152309e+00
-9.950139190635503894e+00
-4.420070763101190892e+01
-3.515103214150752109e+01
-2.390209483804233059e+01
-5.761630105704661275e+01
-2.183100166007312382e+01
-1.559832503491828781e+01
-2.318335569373645555e+01
-4.270026651494332803e+00
-5.684234149361791388e+00
-5.420330902676575136e+00
-6.090441894983578663e+01
-3.288842068696828846e+01
-2.881525597085009238e+01
-6.945280781856031815e+00
-4.361926666613994996e+01
-6.480736960170508709e+00
-1.081887148374902186e+00
-6.622460603558566561e+01
-3.753351094039085467e+01
-5.741952247549764188e+00
-9.241227148529466362e+00
-8.379895593224004458e+00
-1.948559335342034160e+01
-1.710423943898798527e+01
-2.793460647569743660e+00
-2.892371015104762222e+01
-1.031609095316073521e+01
-2.270771093098234061e+01
-3.970831160790361736e+01
-2.093265795981688626e+01
-4.027331647609837972e+01
-3.971003211845876990e+01
-6.698467465472266014e+00
-1.091968060320378697e+01
-4.881055808996735834e+01
-5.081104901994493162e+01
-6.617529323481247161e+01
-2.810656093404884004e+01
-1.370162393163611547e+01
-2.809016243503086230e+01
-1.855970021462442787e+01
-4.875564672777228381e+00
-2.786486655609175855e+01
-3.324918918083275798e+01
-4.168522763461960778e+01
-2.845221683043487815e+01
-1.552572979390319929e+01
-2.353208511810113279e+01
-1.383043325730360706e+01
-2.657298330798356290e+01
-4.685895681640415589e+00
-1.686125035672975159e+01
-1.648069373837716256e+01
-2.706125017142573341e+01
-1.892510814261705576e+01
-7.504033555403766798e+01
-3.087820702403281548e+00
-1.763928422392122641e+01
-1.289117077847259196e+01
-2.902792512137747494e+01
-2.912808374688593815e+01
-2.483705897175623534e+01
-2.993257321701373286e+01
-6.775497759154353616e+01
-1.731674705235608869e+01
-2.837900919531894672e+01
-7.837234419652747697e+00
-1.137487231399799725e+01
-3.828982110317912912e+01
-3.866940928906628017e+01
-5.741397052566008341e+01
-2.749246535527739255e+01
-1.976440702119231219e+01
-4.125171974747570403e+01
-3.193525043818552689e+01
-4.322060988883067267e+01
-1.206120285628635180e+01
-7.770301754422786367e+00
-2.562104405160554776e+01
-3.777169341099879318e+01
-2.341893543595978855e+01
-3.062082162069839697e+01
-8.955873275182003823e+00
-3.490871832278400255e+00
-2.525637944761640341e+01
-4.282580201515598617e+01
-4.376270014567759858e+01
-2.071119839626748416e+01
-4.256773545367288136e+01
-2.005504766376307657e+01
-1.804485091278671405e+01
-3.953003938246448712e+01
-1.972967736903162361e+01
-2.701086762088025495e+01
-1.298698935678223165e+01
-1.372687194983501868e+01
-3.381046204237570407e+01
-3.789511243764153825e+00
-2.580275713551636230e+01
-2.708786831427801545e+01
-1.931038357769880420e+01
-1.733062502264711213e+01
-2.838454214297846789e+01
-5.052491240650256543e+01
-3.084514101872439351e+00
-3.744729144296943701e+01
-2.345835436680063424e+01
-3.372121195935923765e+01
-1.302516649856758413e+01
-2.559064594135538329e+01
-1.776193830103114379e+01
-4.482340781574234256e+01
-2.394752698595377538e+01
-2.363437960215527056e+01
-4.454415298792598321e+01
-5.170013256663895618e+01
-2.066307042804807992e+01
-1.753981661801877934e+01
-1.973680791339332430e+01
-2.924747538511330092e+01
-1.332023477204276851e+01
-2.388308741816750214e+01
-4.963222601052581950e+01
-3.244870329087850536e+01
-1.258756760103225858e+01
-3.959310162265640543e+01
-4.709132650862139258e+01
-2.696545859573241088e+01
-2.466461803337271519e+01
-2.622484192696037297e+01
-3.865645017383442017e+00
-1.137619028479283401e+01
-1.325566940318175035e+01
-3.923034981257950449e+01
-1.676529090035929315e+01
-1.081887148374902186e+00
-2.563794412763537878e+01
-1.125349683559763747e+01
-4.164439579494519705e+01
-1.163278188339167762e+01
-4.597571946340079307e+01
-1.258756760103225858e+01
-1.313505610036964733e+01
-1.834320861400530234e+01
-2.363437960215527056e+01
-2.274312076230636848e+01
-2.817149685014863536e+01
-2.707861395407497440e+01
-1.406358229693184292e+01
-8.349830642231683697e+00
-2.859956495946479293e+01
-9.683344329664418382e+00
-4.532653940560300043e+01
-1.085327719245739786e+01
-4.226381537151957701e+01
-2.698077953953810848e+01
-2.215761814572989152e+01
-3.375791200814571624e+00
-1.509961135589337644e+01
-3.887063546260938551e+01
-4.279444825501593996e+00
-5.351788156064074542e+01
-1.848261055002144104e+01
-3.767106006823319753e+00
-1.614973403821167963e+01
-1.258756760103225858e+01
-1.737188691410868513e+00
-4.127599728277893121e+01
-4.096277706852985645e+00
-3.933308255357231786e+01
-3.974456764028998723e+00
-2.860952109152838929e+01
-3.102352855563729150e+01
-2.827687343902692163e+01
-9.159762858553840204e+00
-9.324570903182380022e+00
-3.362962154144161531e+01
-2.173152470176764339e+01
-1.155304929489349242e+01
-1.804618319448901431e+01
-4.758608868035970119e+01
-1.331960666862247500e+01
-2.807345109668138505e+01
-9.295725065565941136e+00
-1.867461630180922683e+01
-2.029710725307305097e+01
-1.466151481721463945e+01
-4.026607503836659419e+01
-7.422182518044523647e+01
-3.431211692084885101e+01
-2.577714276030691920e+00
-3.815546478957002563e+01
-7.380375394840574188e+01
-1.648842423569196924e+01
-6.151624153937678585e+00
-1.164768495677119020e+01
-2.555895929159539648e+01
-3.124159461865766474e+01
-1.357968904196252069e+01
-2.356517003420366407e+01
-9.885412218659977768e+00
-2.207331781249203928e+01
-1.705420677023658627e+01
-7.894418529394744155e+01
-3.085538380102417211e+00
-4.944484196472342319e+01
-1.463996886210765602e+01
-3.392845733697651411e+00
-1.441471159522582468e+01
-1.900081854432399808e+01
-1.295249975402801468e+01
-4.316993074387622187e+01
-1.770819593868621666e+01
-3.127512323618980794e+00
-7.657632803756515116e+00
-9.499501328914680798e+00
-2.161794084533564586e+01
-2.150545419477588638e+01
-2.578593318223463715e+00
-2.046099154230877559e+01
-2.047728542738517632e+01
-9.972058778148261027e+00
-1.703152516603675792e+01
-1.797968841952155472e+01
-2.894372676231427466e+00
-3.789079347912822016e+01
-3.305153405166861180e+00
-4.612370272396251636e+01
-3.122995629430668885e+01
-7.335447623482609814e+00
-3.163874567457487430e+01
-1.996821062769738830e+01
-1.372687194983501868e+01
-2.565152822925279352e+01
-1.938721010755472207e+01
-7.980140335994839518e+01
-3.216252005837391437e+01
-4.559291069229252713e+01
-3.708976801834911186e+01
-2.515835161986638013e+01
-2.585703731704894892e+01
-4.532911535348362975e+01
-7.717574339233379987e+01
-2.376046639245144121e+01
-1.027824958614577611e+01
-2.978913925117238293e+01
-1.938113957379163921e+01
-3.417341417469459941e+01
-2.388388749198519889e+01
-3.095963589292420792e+01
-7.306510662569903225e+00
-1.569705026377516077e+01
-5.839981246956490679e+01
-2.824405015273671271e+00
-2.662390055714736192e+01
-2.257955853422050296e+01
-5.488387489777528216e+00
-1.537063934176818414e+01
-2.363437960215527056e+01
-2.917020757409346032e+01
-6.366683826416102754e+00
-2.132369936621128659e+01
-2.230689639845431316e+01
-3.784746828052178813e+01
-2.396761397040154407e+01
-1.211657388463249063e+01
-3.082540500269663397e+01
-2.304755068289252407e+01
-2.841587836844511017e+01
-1.645977463931311036e+01
-2.966223418418967839e+01
-2.707941163206093194e+01
-2.151550606597152537e+01
-2.860710733017382879e+01
-9.888650875732508672e-01
-3.695899990917804079e+00
-1.616282687816017116e+01
-2.375579810640187972e+01
-8.347947781536074530e+00
-2.736865653218521288e+01
-8.391361035611698327e+00
-1.437882397005995827e+01
-4.399565422303868445e+01
-1.802518126416319433e+01
-6.958438349347872531e+01
-9.877910610949527381e+00
-1.359347225928290293e+01
-3.762143120341148972e+01
-7.146738906681568082e+00
-2.813870172539807157e+01
-3.382767448089676066e+01
-4.545518344266709221e+01
-3.393992208390767473e+01
-6.378671783948468565e+00
-3.099074497388569682e+01
-1.656290253307171056e+01
-2.477813285331559356e+01
-5.992630489025241758e+01
-2.878793825437207587e+01
-1.608053861190703770e+01
-2.229674695755348068e+01
-1.803747248784106461e+01
-2.600161485674977513e+01
-2.768188328692900768e+01
-1.060561019738605992e+01
-2.498602336643020649e+01
-1.988206424783880166e+01
-2.367025051102412192e+01
-3.454426611335532193e+00
-2.257955853422050296e+01
-3.501390488365117903e+01
-1.559967938285550915e+01
-2.127176840051587092e+01
-9.801368282320792602e+00
-2.341546772640577601e+01
-2.266474753598781433e+01
-5.684234149361791388e+00
-4.944484196472342319e+01
-2.786609778084099887e+01
-1.487537922644539456e+01
-9.639366574819558053e+00
-8.130004324038937469e+00
-1.625545238274962401e+01
-3.692555032520266423e+01
-1.322421514839640544e+01
-4.353683105118057028e+01
-2.776651852216653182e+01
-3.183502137923122177e+01
-2.111193971828140903e+01
-2.129428021671806093e+01
-9.040412397773282649e+00
-1.382657909402856600e+00
-7.333346121411943841e+01
-1.261360019018823664e+01
-2.509762199675425975e+01
-2.207724707633845540e+01
-3.347877586420530349e+01
-4.466777717343275356e+01
-3.232465751501792539e+01
-2.526194791595217382e+01
-2.971144969092833321e+01
-3.591410894708032231e+01
-5.362390388544366715e+01
-1.807315081967522019e+01
-2.922723969322487036e+01
-1.698816862956433837e+01
-3.820575282180554666e+01
-1.119401867069160161e+01
-2.844810252084566216e+01
-3.871465683169934380e+01
-1.758977411470430852e+01
-1.258756760103225858e+01
-2.484173318969195421e+01
-1.707968076921454070e+01
-2.893008564430094864e+01
-3.058158459289507647e+01
-3.060079913111577810e+01
-1.874725473322509117e+01
-7.017652231769519133e+00
-2.409036110371176420e+01
-2.734165392147735574e+01
-4.946572892985336090e+00
-4.648323684528288879e+01
-3.206613794141318863e+01
-2.558343339127371507e+01
-2.780603647454173810e+01
-3.975590546962806116e+01
-7.002767802611934655e+00
-2.356075512048280629e+01
-8.287716919654538827e+00
-3.132965570676964617e+01
-2.514329849892202517e+01
-4.093151606527607100e+01
-4.057880707262682307e+01
-1.124203508517728523e+01
-9.185510472670873128e+01
-1.948235142923177676e+01
-4.338990342595842264e+00
-2.122466484027074429e+01
-2.182602646302694538e+01
-3.107195825912701181e+01
-1.201977491853153168e+01
-2.702875240504533494e+01
-2.364675053571365737e+01
-1.460346974657547925e+01
-2.581745634421047697e+01
-2.277829206468168266e+01
-2.689761527797634955e+01
-4.025669183150264274e+01
-3.339911976693004192e+01
-3.491726510285246832e+01
-4.186620468039983223e+01
-1.586738667399814728e+00
-6.140885001782895536e+00
-5.039829470004296752e+01
-5.490724300766631316e+00
-3.632738823498873870e+01
-2.182005729251804738e+01
-7.587138850448264193e+00
-3.162399464350484735e+01
-3.644992396504061105e+01
-3.234610875099191674e+01
-1.502603590398376454e+01
-3.272647533359572591e+00
-9.575389119106063163e+00
-1.051539807900312873e+01
-5.043466245380744617e+00
-1.255068416772650863e+01
-9.142455998811179541e+00
-4.434689977529329497e+01
-2.719163111860266824e+01
-6.216242075952301605e+00
-1.207487801152232265e+01
-2.624531352150262364e+01
-1.502735010148350270e+01
-3.966710460672929983e+00
-2.717603815089929498e+01
-1.585291679490496186e+01
-3.066608677022180274e+01
-1.863288230709474647e+01
-1.608567399555966304e+01
-1.726962049385716469e+01
-7.498029965322113810e+01
-2.535042269583893670e+01
-8.329720186919469427e+01
-4.359260071610744092e+01
-1.860729463307549381e+01
-2.744801663123002555e+01
-1.880165889521199318e+01
-4.828948801083309661e+01
-2.793460647569743660e+00
-1.306434096215946816e+01
-3.480282681629184971e+00
-2.126540756324933312e+01
-8.439448747523256245e+00
-6.595317235491106089e+01
-2.161794084533564586e+01
-2.522963463557954000e+01
-2.627128559484626180e+01
-3.230631756391800025e+01
-3.794877120992143915e+01
-4.515107033288299476e+01
-3.983842183949543170e+01
-1.651580379383379338e+01
-2.572032412794993661e+01
-1.456992897554828481e+01
-4.732783042427999476e+01
-1.576547561038972134e+01
-5.563444290748496002e+00
-2.872278566344865425e+01
-4.947749811715776502e+01
-1.620279435363735843e+01
-9.073473412948516170e+00
-2.617818522710148699e+01
-4.939425254829355083e+01
-6.090844819095634577e+00
-2.330788552351096854e+01
-1.106068764690519046e+01
-4.724438431235136449e+01
-2.150727299398727510e+01
-4.297145114162114510e+01
-1.478815001425172149e+01
-2.858245287359300946e+01
-1.002852193968988992e+01
-1.813630645079932435e+01
-1.733620084561894714e+01
-3.352307576989404936e+01
-2.718274924774825152e+01
-1.108286205137537372e+01
-1.678467170001477626e+01
-9.748676439953881001e+00
-3.332911180320154187e+01
-1.193431931302502846e+01
-2.061716232234310553e+00
-5.212444858178357343e+00
-3.186447144039538415e+01
-2.422717968095294339e+01
-4.420032930520100223e+01
-3.093862765534483827e+01
-5.609206321585602950e+00
-7.122768052497266922e+01
-2.024615231114752589e+01
-2.224814123312062009e+01
-2.660407028202813251e+01
-2.273265816381270810e+01
-4.296193236383162173e+01
-3.340322687458626660e+01
-1.032082054453186970e+01
-4.198704293952845035e+01
-3.857519872508777325e+01
-2.845735495573655527e+01
-2.249864344183894715e+01
-2.677780352156789334e+01
-1.620279435363735843e+01
-1.608618937466787457e+01
-1.863288230709474647e+01
-3.852397938184801518e+01
-1.209119013027918221e+01
-4.025669183150264274e+01
-2.401608967946993900e+01
-2.591024949310652303e+01
-1.969166563589040919e+01
-1.623874369358769343e+01
-3.304763041938707602e+01
-2.558343339127371507e+01
-5.341839489155040610e+01
-5.365954944578379404e+00
-2.849600667970677392e+01
-2.768896246148224094e+01
-1.994066212536300453e+00
-1.070363112996010102e+01
-1.914946426556079828e+01
-7.758319072295826402e+01
-3.102222358239144029e+01
-4.828948801083309661e+01
-4.636525334886467675e+00
-3.240734628076884860e+01
-4.758608868035970119e+01
-8.727685879113231238e+00
-2.143254015598711248e+01
-2.907415047782377826e+01
-2.621957056208392700e+01
-3.087524453320705220e+01
-4.222547821048856065e+01
-6.378312651603739880e+01
-2.825562610587612511e+01
-2.087540892884287302e+01
-1.209119013027918221e+01
-3.397576207844116425e+01
-1.807315081967522019e+01
-5.060018647433031092e+00
-2.416828990133905819e+01
-5.411977525376485687e+01
-3.800441974548445678e+00
-2.498344227043702048e+01
-1.287950620842804650e+00
-2.725170652640109736e+01
-4.569735803602402768e+01
-4.691195677153908150e+01
-3.409711453354071864e+01
-7.002767802611934655e+00
-1.662945151438574598e+01
-1.535933040242529835e+01
-1.679935639046112783e+01
-1.209119013027918221e+01
-2.642950766937369167e+01
-2.880584120707988305e+01
-1.493335398003218906e+01
-4.636525334886467675e+00
-3.431004702946415019e+00
-1.203888722800735778e+01
-2.761386123327535813e+01
-3.817012790639691389e+01
-4.648511564559302656e+01
-5.261337076593802564e+00
-1.866880405562003631e+01
-4.900458709285030068e+01
-7.434164174144353865e+01
-6.278908106640332498e+00
-1.552456956050271586e+01
-8.181136187878865940e+01
-6.785337530140799878e+00
-1.139435867263373758e+01
-1.065141378937115313e+01
-1.646315594119510095e+01
-1.596770645075159933e+01
-1.119401867069160161e+01
-2.204451915829909225e+01
-2.470236208681867751e+01
-3.140603512739860648e+01
-3.083506212005503500e+01
-2.628300156718829683e+01
-2.786647724492149703e+00
-2.933139595224439944e+01
-1.585086960515567789e+01
-2.329752758170587157e+01
-1.732462734190665898e+01
-3.369592501663127848e+01
-6.992820689947598112e+01
-4.013632883482530644e+01
-3.974456764028998723e+00
-1.455112667858243114e+01
-4.285376037573026053e+01
-2.212551023840249798e+01
-7.754599668443829330e+01
-2.238321854115924125e+01
-1.629489908561356515e+01
-1.591252222080079903e+01
-4.353683105118057028e+01
-3.583673696613953297e+00
-4.028263256628607181e+00
-9.682661194362358614e+00
-2.870415447423521371e+01
-2.441263196837606841e+01
-1.614797097293958927e+01
-1.273227545818336637e+01
-1.086821487613820914e+01
-1.671358088868833747e+01
-2.273330699387394560e+01
-1.560102688412448124e+01
-1.845101110558352886e+01
-4.828948801083309661e+01
-2.997277973642060900e+01
-1.317912725083743375e+01
-2.149736563385200583e+01
-2.368099433121402697e+01
-2.898657347148128594e+01
-1.629131842810354058e+01
-3.535086410916350985e+01
-2.793460647569743660e+00
-1.153649176222888784e+01
-3.335585041089839109e+00
-4.767614203248591309e+01
-4.343534914070381170e+00
-1.317912725083743375e+01
-2.385196855454247356e+01
-4.785807732752805066e+01
-3.122995629430668885e+01
-4.636525334886467675e+00
-1.627245073836370182e+01
-2.972917092214334289e+01
-3.147098851388637186e+01
-2.770994270039014751e+01
-4.555081997536851190e+01
-1.502150440850410185e+01
-4.636525334886467675e+00
-2.060344825757745824e+01
-1.439795537327893227e+00
-3.221253696173618408e+01
-2.147506827217919678e+01
-2.386797753807676870e+01
-2.161471630394224164e+01
-3.974835132490100875e+01
-7.435213816504992224e+01
-1.619663779606219478e+01
-1.385329076161152173e+01
-1.966066243371993139e+01
-3.952128652531106212e+01
-3.015527628239310687e+01
-4.828948801083309661e+01
-2.611683652421993429e+01
-7.612207503199900138e+00
-4.016348921818907236e+00
-2.119940980566195421e+01
-4.921788496362827914e+01
-1.436864541853707600e+01
-2.994739593372731434e+01
-2.669331848057715817e+01
-2.032171232439764452e+01
-3.819160602539282934e+01
-4.648878051543362488e+01
-5.177404007543293574e+01
-5.193135833763463438e+01
-6.925035140005064704e+01
-2.872205392078571862e+01
-4.303378431399861626e+01
-4.936982892365882947e+01
-1.577108742262293894e+01
-1.502078741744204748e+01
-2.871622424286188391e+01
-3.882268434699243187e+01
-1.832930878363431759e+01
-3.727993870161145917e+00
-3.078827221553069649e+01
-3.973518764119219782e+01
-2.101501046690742314e+01
-2.709906182626242810e+01
-4.828948801083309661e+01
-2.462745672781608164e+01
-2.705356552870365405e+01
-2.409171441650637746e+01
-2.434884622845591906e+01
-7.153109044917492554e+01
-2.255664884082408506e+01
-1.627097332886410186e+01
-2.565840989596273403e+01
-2.129428021671806093e+01
-1.245200801339044538e+01
-2.350540785211032357e+01
-2.533386096836107981e+01
-2.246836659630227828e+01
-8.517961614901750522e+01
-4.449799881656366196e+00
-4.839113563124788442e+01
-4.497917355064269174e+01
-4.212140473585144917e+01
-4.328402537129013439e+01
-3.833853574548649590e+01
-2.869408481147771894e+01
-4.952632934471416348e+01
-1.156530035200583661e+01
-3.660831472527996766e+01
-4.617253041718942086e+01
-2.854413413848580916e+01
-3.038823285215163850e+01
-1.851907359631877625e+01
-9.856078088125689973e+00
-2.611570319679444552e+01
-3.578612468017461623e+01
-2.428373953267495722e+01
-4.356284771910970299e+00
-3.797279290542244468e+01
-2.851386093545412237e+01
-1.344104763004017755e+01
-7.380636960156994775e+00
-3.261588284838610008e+01
-2.402952124540584933e+01
-4.639249272644797806e+00
-1.551212867690575514e+01
-3.260768500643789025e+01
-7.368106691968546329e+01
-4.926084564103460650e+01
-7.159944175189987448e+01
-5.754330215562056594e+00
-2.692118901485720883e+01
-2.119929973489778874e+01
-1.811685128319757609e+01
-3.717562415769309325e+01
-4.455752903462611769e+00
-2.690108492901327963e+01
-1.577401863760010947e+01
-7.412639347129238665e+00
-3.561478321656668555e+01
-1.495359380628453749e+01
-7.129565420317651103e+01
-4.675170019143806144e+01
-4.790238045532507272e+01
-3.159815127578374927e+01
-2.919008682470407123e+01
-3.581664970916965984e+01
-1.863288230709474647e+01
-3.174300282519535443e+01
-3.606969932524506106e+01
-4.188727415779516683e+00
-2.265359041235446824e+01
-1.801000137392928480e+01
-4.356284771910970299e+00
-2.929539568522213955e+01
-6.500101537804837015e+00
-1.772470021660360118e+01
-1.255362913695076443e+01
-2.735580786841995504e+01
-6.978221286197401696e+01
-1.023752978174807282e+01
-1.722741945294844612e+01
-4.592082081281721884e+01
-2.065346627230305820e+00
-2.813136495515771784e+01
-3.130863437752985590e+01
-2.234166821650331869e+01
-2.624852322075195588e+01
-1.331893589392278443e+01
-4.522322846735024271e+00
-3.755960179201256466e+00
-2.844962488503263387e+01
-4.808319442232062357e+01
-2.154241846102133451e+01
-3.862795488286104728e+01
-4.507368282516808655e+00
-6.809678253671680004e+00
-9.729869967882494919e+00
-2.812534112852417678e+01
-1.493335398003218906e+01
-3.034465217889815136e+01
-5.212444858178357343e+00
-2.099047113499517181e+01
-1.147521830858276459e+01
-2.474589943514613211e+01
-1.863288230709474647e+01
-5.866903845619644287e+00
-1.554134366029008874e+01
-2.020813422014412453e+01
-3.855040161286268585e+01
-4.914966875755230546e+01
-1.517533269749133673e+01
-1.678020662925240103e+01
-4.880440951944608230e+01
-4.593781866534612845e+01
-2.709133541683582180e+01
-3.589377122024288980e+01
-3.857783992459365408e+01
-2.821267017850134096e+01
-2.852492316782970150e+01
-2.006070981946977838e+01
-2.528805163704968351e+01
-1.064125941156932242e+01
-1.863288230709474647e+01
-1.834508664951388823e+01
-8.834635273819239742e+00
-1.163565178596441996e+01
-2.605097013853446697e+01
-3.754949294868826826e+01
-4.724438431235136449e+01
-1.662038480947526509e+01
-1.493335398003218906e+01
-1.148391923542648385e+01
-2.843969665659770740e+01
-5.092434435734863030e+01
-1.631157799031965538e+01
-1.089211656940791606e+01
-2.432529549832555915e+01
-2.260384921118717116e+01
-6.206109918994994246e+01
-4.130207915452498924e+01
-2.033025963770482747e+01
-3.034014376911833466e+01
-2.177525145871119960e+01
-3.201619905509176078e+01
-2.370389347801459579e+01
-8.362627736313747562e+00
-2.479725830392635899e+01
-1.363459684005007944e+01
-1.533043317594772326e+01
-7.555520367689100070e+00
-2.000017477755330830e+01
-2.839894472671794290e+01
-3.060433781152284283e+01
-2.620491844669152925e+01
-4.680418644624415947e+01
-4.418593211937034582e+00
-3.563103931622404730e+01
-1.010931642661620700e+01
-1.395653807138687874e+01
-3.135230598117317058e+01
-1.495359380628453749e+01
-6.962532826343331749e+01
-4.444684205842829527e+00
-4.603661529293239241e+00
-2.383924266177583462e+01
-2.493868010958266268e+01
-1.175970472764425701e+01
-1.921161787546439115e+01
-1.707492777401586892e+01
-5.220235590206750942e+01
-4.767476551148610753e+01
-3.285157865468895722e+01
-3.952128652531106212e+01
-3.186447144039538415e+01
-1.522626424372027287e+01
-5.011848295760250593e+00
-4.334726265809041479e+01
-5.364002819502064767e+01
-2.193955336490037666e+01
-3.186447144039538415e+01
-1.250335751583350863e+01
-3.912504816389787266e+01
-4.866150692509913256e+01
-5.944521054845033348e+00
-6.784811378822897154e+01
-4.361905446955413623e+01
-2.831200891959180765e+01
-3.278235017049998845e+01
-1.783704938703120746e+00
-1.147521830858276459e+01
-1.494679115693582183e+01
-8.592359276729986561e+00
-2.554174130455974279e+01
-2.315213907549385297e+01
-4.510285852535170648e+01
-4.356284771910970299e+00
-3.049165962466005553e+01
-2.917020757409346032e+01
-3.876439906133756352e+01
-1.209837821183429440e+01
-7.188521578552526137e+01
-1.724336791746543085e+01
-3.376828175131550580e+01
-9.324570903182380022e+00
-2.261149826681118924e+01
-1.192461997126982176e+01
-6.328338716493402671e+01
-3.797279290542244468e+01
-4.554477770810828474e+01
-7.038737194601590197e+00
-2.005319217028791456e+01
-1.969715996341894382e+01
-2.151026434444255386e+01
-2.630898718328711539e+01
-3.774853632615582200e+01
-2.745916389722236417e+01
-2.872205392078571862e+01
-4.981050366009779395e+01
-2.011258933299210128e+01
-4.557154350234139173e+01
-4.017707846533006943e+01
-2.525089535905722826e+01
-3.096048344490654003e+01
-3.221517904543016897e+01
-1.999679100541644061e+01
-2.026383487967786579e+01
-1.818795071328906943e+00
-3.952442511162168159e+01
-3.774687616331826234e+01
-4.620201464940355152e+01
-2.231497244413997194e+01
-2.279662320513657647e+01
-2.878658767640804328e+01
-1.175217637455748410e+01
-1.488456666727580924e+01
-2.825101770330648066e+01
-7.858572300834087798e+01
-3.662952368923929214e+01
-2.008533574744305028e+01
-3.185985426846370672e+01
-1.902294147573135774e+01
-1.862389245738039278e+01
-3.491612565443470118e+01
-3.935120549511438526e+01
-2.749595181042086978e+01
-5.876657097667727925e+00
-4.636525334886467675e+00
-2.565796588136454304e+01
-2.695464202024570710e+01
-2.924534109090438605e+01
-2.838491836559436621e+01
-2.785393203928176220e+01
-1.724062289262891312e+01
-1.023431442714448991e+01
-4.199999999999999289e+00
-1.060561019738605992e+01
-1.586740690971657131e+01
-3.107965729138306266e+00
-1.595059600540485967e+01
-1.205334959438052600e+01
-1.981513071350792998e+01
-3.916909104336692149e+00
-4.109463247837090272e+00
-2.015952425791579472e+01
-2.863945467579458892e+01
-3.408652363806144336e+01
-2.162279754728891490e+01
-4.215165216733161913e+01
-4.870580319439879702e+01
-1.424020179050689094e+01
-6.961898271613290490e+01
-3.340322687458626660e+01
-2.241490745745533530e+01
-1.941479611266266048e+01
-2.497069567876578233e+01
-2.993958825178431127e+01
-7.140476251384787076e+01
-4.443073321260833097e+00
-5.051892313421056713e+00
-7.664486279007162750e+01
-2.171563739576536634e+01
-2.416254715521357710e+01
-2.593630898661082540e+01
-2.517615063738585590e+01
-2.719307591363446264e+01
-3.538102987713872238e+01
-6.004076549992623058e+01
-1.362017593291130169e+01
-2.776320700526821028e+01
-6.808322146654001017e+01
-2.908003896068682081e+01
-1.945539928023256948e+01
-1.015222725159182460e+01
-2.085140398008239160e+01
-2.331617384787158898e+01
-3.603404644718757766e+00
-5.802832027857058428e+00
-1.670288665078221158e+01
-1.198960085714257495e+01
-7.004903857759701147e+00
-3.045224147602587905e+01
-1.481698985372755040e+01
-2.105700150808737092e+01
-2.612962777764533584e+01
-2.147088007892434902e+01
-1.406403322647339493e+01
-6.006214970597446268e+01
-4.550746132505407715e+00
-1.793890824592675415e+01
-3.419346739517680334e+01
-3.655926450663870675e+00
-2.006070981946977838e+01
-4.460661648776817856e+01
-1.868027385112102934e+01
-3.264618779883045363e+01
-1.649081786648479664e+01
-2.776307333336059813e+01
-2.092266400915564262e+01
-3.078827221553069649e+01
-1.088537040506015074e+01
-3.178298675205150303e+01
-2.732868668489368602e+01
-2.753860869548071122e+01
-2.147012869488612452e+01
-4.227097827359651205e+01
-6.925600097032018709e+01
-7.875765337658146237e+00
-3.662952368923929214e+01
-1.789922450875959825e+01
-1.424020179050689094e+01
-9.324570903182380022e+00
-4.919397476137458369e+01
-1.712138991478224170e+01
-1.112199250432113828e+01
-1.682717035549821771e+00
-2.745502847896274545e+01
-1.648842423569196924e+01
-4.356284771910970299e+00
-1.737876741048447471e+01
-1.572434133288867919e+01
-2.938973267446158388e+01
-7.653709063264154011e+00
-3.882072072721864231e+01
-1.074474668363386165e+01
-1.353418125011060624e+01
-1.884194805874774659e+01
-3.256962546586426299e+01
-3.189968489063028301e+01
-1.608353123488579683e+01
-1.885541735434884458e+01
-9.324570903182380022e+00
-2.804243601720941115e+01
-2.617321083744510446e+01
-1.789959601443071335e+01
-1.998316335218419226e+00
-2.763045435148557871e+01
-1.597567212506812595e+01
-1.668215064556867588e+01
-2.218282982512459967e+01
-4.636525334886467675e+00
-1.245903859685921056e+01
-4.415631728994327432e+01
-1.608353123488579683e+01
-3.230313315102499416e+01
-1.604735344642087824e+01
-3.480282681629184971e+00
-3.797279290542244468e+01
-4.494760963644847607e+01
-1.521177802347715158e+01
-5.906632965119585243e+00
-1.649068315077581204e+01
-3.049687309270603386e+00
-3.727097167788758547e+00
-1.695634526906140138e+01
-1.327553710658372843e+01
-9.256141144603653004e+00
-7.565716764554510476e+00
-2.490293110487072425e+01
-2.103813972089095330e+01
-2.943506652080494490e+01
-2.166316352844235738e+01
-3.078827221553069649e+01
-3.428990622893822859e+01
-3.105318951311855358e+01
-1.086821487613820914e+01
-1.032963308008418934e+01
-2.127316895672965558e+01
-4.749944413221567174e+01
-1.168177473669588196e+01
-2.861509869268379802e+00
-1.590755957903430051e+01
-4.491474136893337032e+01
-1.702945121754173385e+01
-1.818795071328906943e+00
-3.885699347695972961e+01
-3.767489494471440992e+01
-3.363018319803784628e+00
-1.376676628414613468e+01
-2.345876165452676787e+01
-2.528376791802056900e+01
-4.282978558613700670e+01
-1.579862856406121452e+01
-1.147521830858276459e+01
-7.295435432106739881e+01
-4.001004730864688774e+00
-3.324918918083275798e+01
-3.902467317752166309e+01
-2.627685606900577042e+01
-2.204388468090217046e+01
-1.481487637509137656e+01
-9.445731600320847576e+00
-3.034014376911833466e+01
-2.228530845639898317e+01
-2.528376791802056900e+01
-3.876439906133756352e+01
-3.045224147602587905e+01
-4.511527617156015424e+01
-4.902223835241434813e+01
-1.960551428053384271e+01
-2.433689552963635450e+01
-3.230313315102499416e+01
-3.468774306165245491e+01
-2.525637944761640341e+01
-2.140608017398982099e+01
-2.392075195770348728e+01
-2.195554148880644618e+01
-1.990564440445969652e+01
-5.688690404357283015e+00
-2.132328537868664498e+01
-2.405666583614677023e+01
-4.122759746198575925e+01
-2.873860869548071051e+01
-8.039030073891579775e+01
-3.600000000000000089e+00
-1.147521830858276459e+01
-2.275531392178900347e+01
-5.434192338543045508e+01
-6.480736960170508709e+00
-2.236636857641482123e+01
