-8.382523307692167691e+01
-7.274529575374303647e+01
-4.818303076921004191e+01
-6.227019300682177771e+01
-6.463683667036562497e+01
-7.118497132718447062e+01
-7.209999999999999432e+01
-7.913592625852177775e+01
-6.508401021225354555e+01
-7.146467593690967135e+01
-9.440705276150733027e+01
-7.974782088737131858e+01
-7.198998186471010285e+01
-6.498107076889446887e+01
-6.962140511072620086e+01
-6.617115631297170353e+01
-7.494622253085769614e+01
-8.904879171658386383e+01
-4.831180083569955741e+01
-6.529814451495526839e+01
-6.899593287288139720e+01
-7.591225508725725035e+01
-6.784912883391571370e+01
-6.073656947770830783e+01
-7.862430667439960530e+01
-5.712112915859954398e+01
-7.518756389688230968e+01
-6.691593332951977402e+01
-4.792395818814959085e+01
-6.152727009539630387e+01
-8.827683268518606496e+01
-6.826971425923204606e+01
-9.298274708059807381e+01
-6.009012692057108751e+01
-8.576681970874899719e+01
-6.675978075170803550e+01
-6.779253555985781077e+01
-5.685675148288158454e+01
-7.893772534440327604e+01
-7.032366969650058763e+01
-6.311066400630377871e+01
-6.361693401753806398e+01
-5.890062523062982791e+01
-5.193060678484137327e+01
-2.970804557963154124e+01
-1.955011681950508518e+01
-3.523150486550389360e+01
-4.957012257971887692e+01
-4.402663728299818047e+01
-5.364113899803948726e+01
-3.721433314246399959e+01
-5.125015067471077401e+01
-4.982925857718864648e+01
-5.116325202338151712e+01
-3.813156355772244410e+01
-4.810807280919107143e+01
-2.942798462489396272e+01
-5.129051950639033919e+01
-4.088688418080831610e+01
-2.244032995084992521e+01
-4.021454141490036704e+01
-3.700059640058249499e+01
-1.662109277522402806e+01
-1.558614373057580238e+01
-1.086446791658880251e+01
-4.117774546149706083e+01
-6.788500758366485854e+01
-4.273287338062144158e+01
-3.253258600242934762e+01
-2.849724837100956165e+01
-2.311482041780240237e+01
-4.402027354807677284e+01
-7.026307345032624596e+01
-3.615229642143097522e+01
-4.441661260798861832e+01
-3.632390036268339628e+01
-1.030952284134815500e+01
-3.223080748950655305e+01
-8.040936056768480000e+00
-4.161335266385442111e+01
-4.533071772961894652e+01
-6.277096037309373600e+01
-1.333736662238196757e+01
-1.359042757299496351e+01
-3.075395603145459944e+01
-3.571323876478624015e+01
-3.650403021656806857e+01
-3.547239826450740452e+01
-2.497915734673459909e+01
-2.483435546629248947e+01
-3.305810663200028898e+01
-2.900398420654785525e+01
-3.960094382805434066e+01
-3.255015130527865352e+01
-4.504465096071824348e+01
-1.843586851021931494e+01
-3.997016371157276637e+01
-1.506955765569620276e+01
-2.508652298211071852e+01
-4.627621711755975298e+01
-3.598543500174757526e+01
-3.283451777024061613e+01
-3.997751579501653652e+01
-2.688792357715514214e+01
-2.462725323673296884e+01
-3.792486846425774161e+01
-3.551686910023256871e+01
-1.509573481144671625e+01
-3.479451763194473557e+01
-2.848750931263872133e+01
-3.759313690539359953e+01
-3.844583075983057086e+01
-1.316481739977565368e+01
-2.587526702664649747e+01
-5.457147628388923266e+01
-2.872590588375222254e+01
-2.807673163138723638e+01
-1.331586544116585280e+01
-3.570802816615540820e+01
-1.663490676405422164e+01
-1.328695702047239102e+01
-1.268605320465092134e+01
-5.541374010001897688e+01
-5.770722001664081091e+01
-3.777522603439641813e+01
-8.340801732533288160e+00
-4.180921058344234353e+01
-3.929166240246691189e+01
-3.101195831948343695e+01
-4.404381523886218019e+01
-1.626849655507818682e+01
-5.178952424633580520e+00
-1.383486413387535308e+01
-1.357026390901352109e+01
-1.947854981294028320e+01
-3.980947896534919295e+01
-2.624109665118860590e+01
-4.935087075764012354e+01
-3.167608459151010791e+01
-1.708343660723561896e+01
-9.246398041313444338e+00
-2.362710480618017073e+01
-3.949000690437526107e+00
-4.028297267023829420e+01
-4.952780013163304318e+01
-4.045845266972072807e+01
-3.045318679787237670e+01
-2.100640178654067469e+01
-4.205243711194652434e+01
-2.428762868740212255e+01
-3.412936275322886814e+01
-2.283699765518060332e+01
-3.392581345239230473e+01
-1.481344615048924851e+01
-2.832296197434235552e+01
-2.952567876410276426e+01
-1.101962019302492379e+01
-2.221321288265693639e+01
-3.704766267847173111e+01
-4.647930708729222005e+01
-2.775770534788837907e+01
-3.266588995445672605e+00
-2.948142297728153949e+01
-1.379336023496173169e+01
-1.251243731027614636e+01
-4.489009888607170495e+01
-1.770481018972962062e+01
-3.007387718225112749e+01
-3.404788138896501692e+01
-4.064867656450292088e+01
-3.050442748540490712e+01
-6.989086039631511937e+01
-3.482200943264213322e+01
-4.366835603245221620e+01
-2.769064507137582609e+01
-5.834152149649578689e+01
-3.298225734199893111e+01
-1.567465306580552564e+01
-4.207177399225675885e+01
-2.800564094332101917e+01
-2.774481867732855278e+01
-4.587124930928511901e+01
-1.324603643516505080e+01
-3.619511386242025708e+01
-4.044662730836795816e+01
-3.657242691485709685e+01
-4.476133034323186877e+01
-1.157086398268949701e+01
-3.075628887724298366e+01
-1.391029581109781965e+01
-2.605565558800299186e+01
-4.611135272740782653e+01
-2.691193209725341706e+00
-1.030962026488808903e+01
-4.070651507527769297e+01
-2.700517836569208541e+01
-5.940130336680444856e+01
-8.320317984708161418e+00
-3.498714079621443318e+01
-2.693814515387116160e+01
-3.197415197402700571e+01
-4.068600154356221310e+01
-2.234282057078020500e+01
-1.035620644703269377e+01
-2.668401066920757359e+01
-3.705317119890415256e+01
-6.590076620659608864e+01
-4.204377547794347691e+01
-5.597165355057806835e+01
-4.073702584920103220e+01
-3.411164641431493294e+01
-3.408355612089361841e+01
-1.718568056030648705e+01
-2.677682224534655830e+01
-2.899309942549347952e+01
-2.691193209725341706e+00
-2.926270840444593091e+01
-2.568504806210681934e+01
-4.255839966937919883e+01
-1.162083203427318345e+01
-2.760362773498221856e+01
-2.356089411289082136e+01
-1.392844813015690519e+01
-1.620228293547640064e+01
-3.291558348869184858e+00
-1.324603643516505080e+01
-1.588427373759304118e+01
-2.738923275701895221e+01
-2.918312205058285613e+01
-3.110348026857266390e+01
-4.141710469840445796e+01
-2.318106468470038450e+01
-5.626609445343847682e+01
-4.290038610985710932e+01
-2.677487896071251328e+01
-2.616590828764834242e+01
-2.697501209905938069e+01
-1.431945243316681093e+01
-2.276716883956905590e+01
-4.377813391526348852e+01
-6.435442244668654332e+00
-2.810687463602013025e+01
-5.053143616286551065e+01
-3.880243940194304031e+01
-2.691193209725341706e+00
-2.338721273231799813e+01
-3.362372265617061373e+01
-1.645365569292011187e+01
-4.890621259899530315e+01
-9.008345386454998049e+00
-3.714186927773321401e+01
-1.461794694454223453e+01
-4.392476410432377776e+01
-2.357024739076448228e+01
-4.515586987130708962e+01
-9.772105524839497903e+00
-3.157084187901155303e+01
-2.636401496408628731e+01
-2.016589677229655919e+01
-4.207486642244799668e+01
-3.436874553302646973e+01
-3.436874553302646973e+01
-2.547836553774317636e+01
-4.508602360972843570e+01
-3.356539750084636609e+01
-3.880243940194304031e+01
-1.101962019302492379e+01
-2.234282057078020500e+01
-1.672195193075329200e+01
-2.425470308278184106e+01
-2.752303588882598362e+01
-1.094739255128960487e+01
-3.202555063340726349e+01
-5.060760851283558992e+01
-2.774474511435734314e+01
-2.376160364037160022e+01
-1.101962019302492379e+01
-2.077877168967457067e+01
-8.902234008637766038e+00
-1.339857608774824982e+01
-3.580396190829270608e+01
-2.595929361079489794e+01
-2.285578209243967507e+01
-2.601090331885613693e+01
-3.949000690437526107e+00
-3.599383626321382224e+01
-2.065608589785411198e+01
-5.575191671510643232e+01
-3.505115722801832590e+01
-1.273410080705083125e+01
-9.423253125392315965e+00
-1.604348118648164245e+01
-1.999843902932019901e+01
-2.480706603241497987e+01
-3.373966308866011587e+01
-4.070651507527769297e+01
-2.305060288428321513e+01
-3.291558348869184858e+00
-2.538077061987913297e+01
-3.266588995445672605e+00
-1.464472259605675575e+01
-2.590494380263137941e+01
-3.330815782524576463e+01
-2.009635999468271450e+01
-2.624109665118860590e+01
-1.893985744502201030e+01
-9.423253125392315965e+00
-1.754935763816054362e+01
-2.778970899733148769e+01
-2.780500732060674451e+01
-6.901203456301105987e+00
-4.513829161367037557e+01
-2.305060288428321513e+01
-5.477088291542263931e+01
-4.611135272740782653e+01
-1.964986407234665222e+01
-8.310389399122058762e+00
-4.575608473256227171e+01
-5.643592149812909753e+01
-2.305060288428321513e+01
-9.423253125392315965e+00
-1.964986407234665222e+01
-2.260594298902540089e+01
-2.795092222506176682e+01
-3.599383626321382224e+01
-2.780500732060674451e+01
-3.843949627908285294e+01
-9.423253125392315965e+00
-1.186464089194040028e+01
-3.122761648310340732e+01
-3.011912986302425210e+01
-1.466520390762148551e+01
-6.901203456301105987e+00
-3.127906737764974920e+01
-2.775770534788837907e+01
-1.026498085629775048e+01
-3.263977625483326506e+01
-1.828916378841423906e+01
-5.555964241536385373e+01
-3.401438111570600142e+01
-1.754935763816054362e+01
-2.949552742922363535e+01
-3.682133003223600554e+01
-4.718773929930579669e+01
-3.599383626321382224e+01
-1.718568056030648705e+01
-3.765767671114937798e+01
-3.696276513401236485e+01
-2.324428480297359201e+01
-2.785200470594298494e+01
-2.088327395556348165e+01
-5.018186643881579556e+01
-3.007387718225112749e+01
-2.500701842844810585e+01
-2.492065650347369399e+01
-8.320317984708161418e+00
-1.291629994903603063e+01
-1.754935763816054362e+01
-3.186407088398385667e+01
-3.827040475757027593e+01
-2.895169655587585211e+01
-1.718568056030648705e+01
-1.754935763816054362e+01
-1.550867195938761789e+01
-2.774474511435734314e+01
-1.964986407234665222e+01
-1.324603643516505080e+01
-2.009635999468271450e+01
-6.006849659056112500e+01
-3.291558348869184858e+00
-3.157084187901155303e+01
-1.754935763816054362e+01
-2.691193209725341706e+00
-4.070651507527769297e+01
-3.455854514941799493e+01
-8.902234008637766038e+00
-2.472562006636612253e+01
-1.324603643516505080e+01
-3.880243940194304031e+01
-9.173673456922434966e+00
-2.624109665118860590e+01
-6.318911707797083999e+00
-2.252002575964800002e+01
-1.030962026488808903e+01
-1.828916378841423906e+01
-1.434200698291027010e+01
-1.178117096441379807e+01
-4.962323114773581523e+01
-2.738923275701895221e+01
-8.310389399122058762e+00
-2.374856944714497331e+01
-1.718568056030648705e+01
-2.371946694386940990e+01
-2.774474511435734314e+01
-3.326142074177409569e+01
-1.672195193075329200e+01
-1.464472259605675575e+01
-5.633985603591175106e+01
-1.964986407234665222e+01
-3.843949627908285294e+01
-3.291558348869184858e+00
-4.884311836393863793e+00
-3.599383626321382224e+01
-3.580396190829270608e+01
-2.518578388840199267e+01
-8.902234008637766038e+00
-3.436874553302646973e+01
-4.309805506606007697e+01
-9.173673456922434966e+00
-1.145074883932890408e+01
-1.511100174651596006e+01
-9.511456299208735032e+00
-2.791165004215065082e+01
-2.597868041952779805e+01
-2.774474511435734314e+01
-2.774474511435734314e+01
-1.828916378841423906e+01
-3.156957697807017027e+01
-1.791962468714145729e+01
-2.775770534788837907e+01
-1.964986407234665222e+01
-1.145074883932890408e+01
-1.324603643516505080e+01
-1.893985744502201030e+01
-3.156957697807017027e+01
-2.691193209725341706e+00
-2.622061265412975928e+01
-1.324603643516505080e+01
-5.477088291542263931e+01
-2.587526702664649747e+01
-3.075036862334250998e+01
-2.472562006636612253e+01
-2.760362773498221856e+01
-1.030962026488808903e+01
-1.945153325164767821e+01
-8.310389399122058762e+00
-1.754935763816054362e+01
-1.101962019302492379e+01
-2.305060288428321513e+01
-2.357229138778998490e+01
-3.599383626321382224e+01
-4.018266726998497518e+01
-4.611135272740782653e+01
-4.528958749430749009e+01
-3.197415197402700571e+01
-1.791962468714145729e+01
-9.173673456922434966e+00
-1.603465151716335413e+01
-3.247753670604922860e+01
-2.472562006636612253e+01
-3.326142074177409569e+01
-1.604348118648164245e+01
-2.661044325030463753e+01
-2.774474511435734314e+01
-2.366697201402119433e+01
-2.538077061987913297e+01
-1.026498085629775048e+01
-2.587526702664649747e+01
-2.587526702664649747e+01
-2.296807251068821998e+01
-3.696276513401236485e+01
-2.305060288428321513e+01
-3.266588995445672605e+00
-2.538077061987913297e+01
-4.018266726998497518e+01
-2.587526702664649747e+01
-1.101962019302492379e+01
-3.827040475757027593e+01
-3.401438111570600142e+01
-3.950580302960820944e+01
-3.197415197402700571e+01
-2.759507414768238576e+01
-2.738923275701895221e+01
-3.266588995445672605e+00
-1.366607415377045065e+01
-8.320317984708161418e+00
-1.791962468714145729e+01
-5.538729110172470627e+01
-2.676798879544412557e+01
-3.295504618001563557e+01
-1.317907434620435403e+01
-1.687112166638405952e+01
-6.318911707797083999e+00
-1.672195193075329200e+01
-2.252002575964800002e+01
-3.198296061322118433e+01
-2.553912852620184637e+01
-4.309805506606007697e+01
-2.009635999468271450e+01
-5.519751289370108083e+01
-9.008345386454998049e+00
-4.218206473451202143e+00
-2.775770534788837907e+01
-2.609441055035470214e+01
-3.635761694147351619e+01
-2.587526702664649747e+01
-2.587526702664649747e+01
-2.780500732060674451e+01
-2.009635999468271450e+01
-3.843949627908285294e+01
-1.026498085629775048e+01
-5.477088291542263931e+01
-2.371946694386940990e+01
-8.166565097270940043e+00
-3.122761648310340732e+01
-1.893772599223618158e+01
-3.843949627908285294e+01
-2.780500732060674451e+01
-3.696276513401236485e+01
-9.423253125392315965e+00
-1.672195193075329200e+01
-1.813567900812095246e+01
-1.828916378841423906e+01
-3.286312254129773436e+01
-1.145074883932890408e+01
-2.729371796080206991e+01
-2.818368044883292356e+01
-9.008345386454998049e+00
-1.030962026488808903e+01
-3.197415197402700571e+01
-3.197415197402700571e+01
-2.691193209725341706e+00
-2.405836331315188659e+01
-3.122761648310340732e+01
-3.145615446570080920e+01
-1.604348118648164245e+01
-1.791962468714145729e+01
-3.075036862334250998e+01
-1.672195193075329200e+01
-2.276716883956905590e+01
-3.197415197402700571e+01
-1.718568056030648705e+01
-2.609441055035470214e+01
-2.234282057078020500e+01
-2.357229138778998490e+01
-1.550867195938761789e+01
-4.718773929930579669e+01
-3.156957697807017027e+01
-2.234282057078020500e+01
-3.197415197402700571e+01
-2.009635999468271450e+01
-2.835864562061845362e+01
-3.295504618001563557e+01
-1.072048426151429545e+01
-1.550867195938761789e+01
-2.778970899733148769e+01
-2.305060288428321513e+01
-1.810620876848122762e+01
-3.580396190829270608e+01
-2.518578388840199267e+01
-2.252002575964800002e+01
-4.718773929930579669e+01
-3.843949627908285294e+01
-5.477088291542263931e+01
-2.318106468470038450e+01
-3.157084187901155303e+01
-9.173673456922434966e+00
-3.599383626321382224e+01
-3.570459696257834281e+01
-1.434200698291027010e+01
-1.254966714071908918e+01
-4.718773929930579669e+01
-2.318106468470038450e+01
-3.295504618001563557e+01
-2.760362773498221856e+01
-4.718773929930579669e+01
-2.597868041952779805e+01
-1.273827443052292097e+01
-4.718773929930579669e+01
-1.464472259605675575e+01
-3.843949627908285294e+01
-3.197415197402700571e+01
-2.886434225629711392e+01
-1.145074883932890408e+01
-2.318106468470038450e+01
-2.276716883956905590e+01
-1.791962468714145729e+01
-3.291558348869184858e+00
-3.263977625483326506e+01
-5.519751289370108083e+01
-8.320317984708161418e+00
-3.066086517613339879e+01
-3.599383626321382224e+01
-1.154891098517405545e+01
-1.048196516749087870e+01
-1.604348118648164245e+01
-1.718568056030648705e+01
-2.518578388840199267e+01
-3.157084187901155303e+01
-4.073702584920103220e+01
-2.518578388840199267e+01
-2.305060288428321513e+01
-4.526963083442891644e+01
-1.324603643516505080e+01
-4.846003091155868958e+01
-2.575982360104886837e+01
-4.763099473533518591e+01
-3.122761648310340732e+01
-3.880243940194304031e+01
-2.221321288265693639e+01
-1.893985744502201030e+01
-2.252002575964800002e+01
-1.667340273520651550e+01
-9.423253125392315965e+00
-1.893985744502201030e+01
-1.145074883932890408e+01
-3.295504618001563557e+01
-3.157084187901155303e+01
-1.026498085629775048e+01
-2.587526702664649747e+01
-3.599383626321382224e+01
-2.738923275701895221e+01
-9.423253125392315965e+00
-4.846003091155868958e+01
-1.026498085629775048e+01
-3.373174047004631149e+01
-6.322642324648550272e+01
-2.735896789209160573e+01
-3.858691457245551248e+01
-2.609441055035470214e+01
-2.587526702664649747e+01
-2.371946694386940990e+01
-4.392476410432377776e+01
-9.423253125392315965e+00
-6.322642324648550272e+01
-1.244191860191470411e+01
-1.378214459162509442e+01
-2.778970899733148769e+01
-1.604348118648164245e+01
-5.658153052373658909e+01
-2.221321288265693639e+01
-2.597595091158801139e+01
-4.073702584920103220e+01
-2.778970899733148769e+01
-3.266588995445672605e+00
-3.580396190829270608e+01
-2.774474511435734314e+01
-1.408611436245435833e+01
-1.964986407234665222e+01
-1.318668976675505888e+01
-8.310389399122058762e+00
-3.696276513401236485e+01
-2.318106468470038450e+01
-2.472562006636612253e+01
-3.696276513401236485e+01
-3.266588995445672605e+00
-2.691193209725341706e+00
-3.473508329856949217e+01
-1.718568056030648705e+01
-2.628808386522302953e+01
-1.791962468714145729e+01
-1.146477636991198068e+01
-3.436874553302646973e+01
-2.371946694386940990e+01
-3.122761648310340732e+01
-3.197415197402700571e+01
-2.260594298902540089e+01
-6.491196303544636237e+01
-2.474352848355722401e+01
-2.851945631996809283e+01
-1.433182431934944390e+01
-2.775770534788837907e+01
-3.827040475757027593e+01
-6.318911707797083999e+00
-3.950580302960820944e+01
-2.778970899733148769e+01
-3.326142074177409569e+01
-2.260382883237114271e+01
-2.924323374445109991e+01
-9.423253125392315965e+00
-4.070651507527769297e+01
-3.383240955485285895e+01
-4.537877076844463886e+01
-2.780500732060674451e+01
-2.043211632747447126e+01
-2.260594298902540089e+01
-3.263977625483326506e+01
-5.020244265604649314e+01
-3.157084187901155303e+01
-2.518578388840199267e+01
-2.070844565664484804e+01
-4.018266726998497518e+01
-2.638766443386213467e+01
-3.684694010478900594e+01
-2.775770534788837907e+01
-1.828916378841423906e+01
-3.815473485424854516e+01
-2.252002575964800002e+01
-2.774474511435734314e+01
-3.156957697807017027e+01
-1.030962026488808903e+01
-2.371946694386940990e+01
-3.157084187901155303e+01
-3.696276513401236485e+01
-2.774474511435734314e+01
-5.477088291542263931e+01
-1.101962019302492379e+01
-1.891321587621921196e+01
-2.205623883350419590e+01
-2.706781343265392792e+01
-2.357229138778998490e+01
-2.587526702664649747e+01
-2.357229138778998490e+01
-3.122761648310340732e+01
-2.371946694386940990e+01
-3.223488548147844313e+01
-1.550867195938761789e+01
-3.599383626321382224e+01
-2.691193209725341706e+00
-2.260594298902540089e+01
-2.677285515134169103e+01
-1.145074883932890408e+01
-2.778970899733148769e+01
-6.288210073007364542e+01
-2.738923275701895221e+01
-5.477088291542263931e+01
-2.609441055035470214e+01
-9.008345386454998049e+00
-1.550867195938761789e+01
-2.747103680464116593e+01
-1.101962019302492379e+01
-3.156957697807017027e+01
-3.827040475757027593e+01
-1.791962468714145729e+01
-2.318106468470038450e+01
-1.434200698291027010e+01
-4.073702584920103220e+01
-4.611135272740782653e+01
-8.320317984708161418e+00
-1.672195193075329200e+01
-1.030962026488808903e+01
-1.543840103983865042e+01
-2.535264045306922398e+01
-1.412170139148757464e+01
-3.156957697807017027e+01
-3.254801336719538796e+01
-1.791962468714145729e+01
-9.008345386454998049e+00
-3.880243940194304031e+01
-4.073702584920103220e+01
-1.893985744502201030e+01
-2.357229138778998490e+01
-9.423253125392315965e+00
-2.691193209725341706e+00
-1.550867195938761789e+01
-6.901203456301105987e+00
-5.519751289370108083e+01
-4.073702584920103220e+01
-3.880243940194304031e+01
-3.157084187901155303e+01
-8.902234008637766038e+00
-3.295504618001563557e+01
-2.676798879544412557e+01
-1.030962026488808903e+01
-2.676798879544412557e+01
-2.750525149290922755e+01
-1.192899118621495091e+01
-1.146395927113513835e+01
-9.423253125392315965e+00
-1.101962019302492379e+01
-2.609441055035470214e+01
-8.320317984708161418e+00
-2.252002575964800002e+01
-1.550867195938761789e+01
-2.605615913685018015e+01
-2.775770534788837907e+01
-2.318106468470038450e+01
-2.009635999468271450e+01
-2.318106468470038450e+01
-2.276716883956905590e+01
-1.550867195938761789e+01
-9.173673456922434966e+00
-2.775770534788837907e+01
-4.930490246790220255e+01
-3.843949627908285294e+01
-2.412007686450248301e+01
-5.477088291542263931e+01
-3.599383626321382224e+01
-5.568802979354298088e+01
-5.565622005096062530e+00
-4.131035746823105370e+01
-8.902234008637766038e+00
-2.318106468470038450e+01
-2.252002575964800002e+01
-1.101962019302492379e+01
-3.638445221292802501e+01
-4.454692615161592784e+01
-2.318106468470038450e+01
-2.782095363811233568e+01
-8.902234008637766038e+00
-2.371946694386940990e+01
-4.365490619638076453e+01
-1.893985744502201030e+01
-3.472060440616625954e+01
-1.836452981491429881e+01
-3.580396190829270608e+01
-1.604348118648164245e+01
-2.609441055035470214e+01
-1.338972684761260901e+01
-1.464472259605675575e+01
-1.026498085629775048e+01
-2.633725531365120176e+01
-1.464472259605675575e+01
-3.054196099949177068e+01
-3.827040475757027593e+01
-9.008345386454998049e+00
-1.754935763816054362e+01
-2.049696991531579826e+01
-1.030962026488808903e+01
-9.008345386454998049e+00
-2.738923275701895221e+01
-3.816459489591136389e+01
-3.950580302960820944e+01
-2.743325833068615438e+01
-4.611135272740782653e+01
-1.362232460769775955e+01
-4.018266726998497518e+01
-3.580396190829270608e+01
-1.791962468714145729e+01
-6.901203456301105987e+00
-6.288210073007364542e+01
-9.173673456922434966e+00
-2.276716883956905590e+01
-3.213685530847587302e+01
-4.073702584920103220e+01
-1.030962026488808903e+01
-1.434200698291027010e+01
-3.023058756058311047e+01
-3.916456892360577058e+01
-2.205623883350419590e+01
-1.604348118648164245e+01
-8.310389399122058762e+00
-3.007387718225112749e+01
-3.263977625483326506e+01
-2.601090331885613693e+01
-3.580396190829270608e+01
-1.893985744502201030e+01
-1.550867195938761789e+01
-2.601090331885613693e+01
-4.392476410432377776e+01
-1.604348118648164245e+01
-3.266588995445672605e+00
-2.838485963441061344e+01
-1.079547803232482117e+01
-2.171619321504624622e+01
-3.581726361967773187e+01
-2.009635999468271450e+01
-4.718773929930579669e+01
-2.538077061987913297e+01
-2.780500732060674451e+01
-2.597868041952779805e+01
-3.122761648310340732e+01
-4.156012301273932508e+01
-4.404381523886218019e+01
-2.472461286040617878e+01
-8.320317984708161418e+00
-3.634694790844390155e+01
-4.516588049240245795e+01
-3.266588995445672605e+00
-4.718773929930579669e+01
-3.156957697807017027e+01
-2.916886555866545550e+01
-1.145074883932890408e+01
-2.775770534788837907e+01
-3.007387718225112749e+01
-1.964986407234665222e+01
-1.464472259605675575e+01
-1.754935763816054362e+01
-3.266588995445672605e+00
-2.778970899733148769e+01
-2.538077061987913297e+01
-6.901203456301105987e+00
-4.458358346262281913e+01
-1.828916378841423906e+01
-2.357229138778998490e+01
-2.538077061987913297e+01
-8.310389399122058762e+00
-3.857405104389458472e+01
-1.604348118648164245e+01
-3.007387718225112749e+01
-1.101962019302492379e+01
-1.297069840585620604e+01
-4.070651507527769297e+01
-4.018266726998497518e+01
-3.950580302960820944e+01
-2.597868041952779805e+01
-3.197415197402700571e+01
-4.070651507527769297e+01
-2.518578388840199267e+01
-1.324603643516505080e+01
-3.648582886200676967e+01
-2.821896272493168922e+01
-2.538077061987913297e+01
-4.500243249625944486e+01
-1.252589744503497116e+01
-3.438158360238818290e+01
-2.371946694386940990e+01
-1.079547803232482117e+01
-2.252002575964800002e+01
-6.901203456301105987e+00
-4.209563665752919093e+01
-1.604348118648164245e+01
-2.778970899733148769e+01
-2.009635999468271450e+01
-3.268851793328343547e+01
-4.188370183286363613e+01
-2.120015663691483354e+01
-2.472562006636612253e+01
-4.392476410432377776e+01
-3.321303296457507770e+01
-8.320317984708161418e+00
-9.423253125392315965e+00
-1.026498085629775048e+01
-2.872577891404112904e+01
-3.326142074177409569e+01
-3.291558348869184858e+00
-2.774474511435734314e+01
-4.468693102610393453e+01
-2.587526702664649747e+01
-3.492446253925460553e+01
-2.676798879544412557e+01
-2.775770534788837907e+01
-2.476006301581000812e+01
-1.672195193075329200e+01
-1.216524336973980880e+01
-2.221321288265693639e+01
-4.309805506606007697e+01
-1.743586181321274609e+01
-2.774474511435734314e+01
-9.763730811262963272e+00
-1.030962026488808903e+01
-2.917947215501548897e+01
-1.464472259605675575e+01
-1.604348118648164245e+01
-3.266588995445672605e+00
-1.101962019302492379e+01
-3.326142074177409569e+01
-3.842398921649974852e+01
-1.828916378841423906e+01
-1.101962019302492379e+01
-6.483518047864470191e+01
-2.898338178317816016e+01
-3.295504618001563557e+01
-3.122761648310340732e+01
-2.780500732060674451e+01
-8.902234008637766038e+00
-1.543840103983865042e+01
-3.326142074177409569e+01
-2.551856532367482444e+01
-1.026498085629775048e+01
-1.791962468714145729e+01
-3.075036862334250998e+01
-5.477088291542263931e+01
-1.145074883932890408e+01
-1.324603643516505080e+01
-2.774474511435734314e+01
-6.318911707797083999e+00
-1.101962019302492379e+01
-2.260594298902540089e+01
-3.266588995445672605e+00
-6.901203456301105987e+00
-3.266588995445672605e+00
-4.309805506606007697e+01
-9.008345386454998049e+00
-4.073702584920103220e+01
-4.611135272740782653e+01
-1.324603643516505080e+01
-2.310905390177913432e+01
-1.145074883932890408e+01
-3.950580302960820944e+01
-1.030962026488808903e+01
-1.256771829287465891e+01
-6.288210073007364542e+01
-2.518578388840199267e+01
-4.404381523886218019e+01
-2.276716883956905590e+01
-9.173673456922434966e+00
-6.288210073007364542e+01
-3.122761648310340732e+01
-2.738923275701895221e+01
-2.624109665118860590e+01
-2.276716883956905590e+01
-1.101962019302492379e+01
-4.404381523886218019e+01
-1.791962468714145729e+01
-2.778970899733148769e+01
-3.156957697807017027e+01
-2.518578388840199267e+01
-2.205623883350419590e+01
-7.932377986900221778e+00
-2.458564649031396243e+01
-1.791962468714145729e+01
-8.310389399122058762e+00
-3.291558348869184858e+00
-5.477088291542263931e+01
-1.101962019302492379e+01
-2.260594298902540089e+01
-3.696276513401236485e+01
-3.843949627908285294e+01
-2.676798879544412557e+01
-3.843949627908285294e+01
-1.791962468714145729e+01
-1.672195193075329200e+01
-4.895329752545639224e+01
-2.252002575964800002e+01
-5.557838837974097856e+01
-2.221321288265693639e+01
-2.648290829604588836e+01
-3.007387718225112749e+01
-1.648761492899475201e+01
-3.880243940194304031e+01
-2.624109665118860590e+01
-2.632805974889821599e+01
-2.168423237113002244e+01
-1.145074883932890408e+01
-3.436874553302646973e+01
-1.550867195938761789e+01
-4.271097695342628242e+01
-1.324603643516505080e+01
-4.611135272740782653e+01
-4.309805506606007697e+01
-2.516597635461436866e+01
-2.538077061987913297e+01
-2.252002575964800002e+01
-3.696276513401236485e+01
-2.609441055035470214e+01
-5.477088291542263931e+01
-3.536942303480068261e+01
-5.477088291542263931e+01
-5.555964241536385373e+01
-2.876379740117021200e+01
-8.310389399122058762e+00
-1.279360723156944779e+01
-6.318911707797083999e+00
-1.434200698291027010e+01
-1.324603643516505080e+01
-6.288210073007364542e+01
-3.157084187901155303e+01
-1.026498085629775048e+01
-3.696276513401236485e+01
-6.396848929506204939e+01
-2.260594298902540089e+01
-2.415889949412277460e+01
-5.339790100564518127e+01
-2.276716883956905590e+01
-3.367028734690858016e+01
-2.009635999468271450e+01
-3.266588995445672605e+00
-2.760362773498221856e+01
-3.291558348869184858e+00
-4.718773929930579669e+01
-3.156957697807017027e+01
-4.603962384458827728e+01
-4.422170338645425858e+01
-1.966411648834751702e+01
-1.813475170027032135e+01
-1.672195193075329200e+01
-3.157084187901155303e+01
-3.291558348869184858e+00
-3.599383626321382224e+01
-2.624109665118860590e+01
-2.774474511435734314e+01
-4.718773929930579669e+01
-1.101962019302492379e+01
-1.791962468714145729e+01
-2.738923275701895221e+01
-2.349245386108413314e+01
-4.361457052688292890e+01
-1.101962019302492379e+01
-2.205623883350419590e+01
-3.007387718225112749e+01
-3.950580302960820944e+01
-4.018266726998497518e+01
-3.580396190829270608e+01
-3.157084187901155303e+01
-1.604348118648164245e+01
-3.156957697807017027e+01
-9.173673456922434966e+00
-1.718568056030648705e+01
-2.637929034016083918e+01
-3.570459696257834281e+01
-1.893985744502201030e+01
-5.898826853081934019e+01
-1.964986407234665222e+01
-3.295504618001563557e+01
-4.611135272740782653e+01
-3.299288790006333727e+01
-3.033899392964512742e+01
-3.122761648310340732e+01
-1.436373826508549101e+01
-3.291558348869184858e+00
-2.775770534788837907e+01
-3.570459696257834281e+01
-3.075036862334250998e+01
-2.318106468470038450e+01
-3.696276513401236485e+01
-1.604348118648164245e+01
-3.156957697807017027e+01
-3.156957697807017027e+01
-4.404381523886218019e+01
-1.863348630482606083e+01
-2.318106468470038450e+01
-1.030962026488808903e+01
-2.305060288428321513e+01
-4.309805506606007697e+01
-2.875624173355127766e+01
-5.105310922080036562e+01
-3.599383626321382224e+01
-2.234282057078020500e+01
-1.101962019302492379e+01
-3.580396190829270608e+01
-2.252002575964800002e+01
-3.935679332255870122e+01
-1.026498085629775048e+01
-2.009635999468271450e+01
-2.472562006636612253e+01
-2.472562006636612253e+01
-2.601090331885613693e+01
-5.763965879294795513e+01
-3.007387718225112749e+01
-4.025095748859421008e+01
-2.775770534788837907e+01
-3.740628284413428872e+01
-3.291558348869184858e+00
-8.310389399122058762e+00
-2.305060288428321513e+01
-2.260594298902540089e+01
-2.527889547912738522e+01
-2.252002575964800002e+01
-2.691193209725341706e+00
-1.791962468714145729e+01
-2.722999517878534803e+01
-2.260594298902540089e+01
-1.893985744502201030e+01
-2.371946694386940990e+01
-4.404381523886218019e+01
-1.001456721196247024e+01
-2.738923275701895221e+01
-4.070651507527769297e+01
-1.718568056030648705e+01
-4.070651507527769297e+01
-3.742856330387193253e+01
-1.718568056030648705e+01
-4.264140327940032194e+01
-4.018266726998497518e+01
-2.221321288265693639e+01
-2.624109665118860590e+01
-3.580396190829270608e+01
-5.918649339386767139e+01
-2.518578388840199267e+01
-8.902234008637766038e+00
-2.260594298902540089e+01
-3.436874553302646973e+01
-1.550867195938761789e+01
-3.266588995445672605e+00
-2.624109665118860590e+01
-3.075036862334250998e+01
-2.371946694386940990e+01
-2.774474511435734314e+01
-3.880243940194304031e+01
-4.070651507527769297e+01
-3.326142074177409569e+01
-2.985166985055841238e+01
-1.718568056030648705e+01
-1.026498085629775048e+01
-4.611135272740782653e+01
-1.964986407234665222e+01
-4.030461288091984784e+01
-3.156957697807017027e+01
-2.518578388840199267e+01
-2.472562006636612253e+01
-2.609441055035470214e+01
-6.288210073007364542e+01
-1.079547803232482117e+01
-1.672195193075329200e+01
-7.432025685124850511e+00
-2.276716883956905590e+01
-2.908683340497537628e+01
-6.318911707797083999e+00
-2.276716883956905590e+01
-6.318911707797083999e+00
-3.263977625483326506e+01
-4.018266726998497518e+01
-1.434200698291027010e+01
-1.464472259605675575e+01
-3.950580302960820944e+01
-5.477088291542263931e+01
-2.538077061987913297e+01
-3.326142074177409569e+01
-4.392476410432377776e+01
-1.964986407234665222e+01
-2.500970407994568490e+01
-6.318911707797083999e+00
-2.512149755279407515e+01
-3.128629933394346452e+01
-3.827040475757027593e+01
-2.741318840968471804e+01
-2.624109665118860590e+01
-1.550867195938761789e+01
-2.357229138778998490e+01
-1.030962026488808903e+01
-4.070651507527769297e+01
-4.392476410432377776e+01
-1.774091879575619046e+01
-2.932016914674520081e+01
-6.161242067615734896e+01
-9.173673456922434966e+00
-1.195144678550637529e+01
-2.775770534788837907e+01
-1.079547803232482117e+01
-8.902234008637766038e+00
-5.539520367373586396e+01
-5.519751289370108083e+01
-1.324603643516505080e+01
-1.964986407234665222e+01
-9.008345386454998049e+00
-1.791962468714145729e+01
-3.501901489736238915e+01
-3.950580302960820944e+01
-1.444791698062519636e+01
-2.778970899733148769e+01
-3.122761648310340732e+01
-2.774474511435734314e+01
-1.026498085629775048e+01
-1.101962019302492379e+01
-2.738515268254242585e+01
-4.846003091155868958e+01
-1.604348118648164245e+01
-3.156957697807017027e+01
-5.620560995608078514e+01
-4.179560743349922802e+01
-2.371946694386940990e+01
-2.853479964282274750e+01
-3.599383626321382224e+01
-3.295504618001563557e+01
-4.073702584920103220e+01
-2.677994004949726303e+01
-5.519751289370108083e+01
-5.560837689032736364e+01
-2.234282057078020500e+01
-2.676798879544412557e+01
-3.075036862334250998e+01
-6.318911707797083999e+00
-2.760362773498221856e+01
-2.305060288428321513e+01
-3.809402689299793110e+01
-3.879969554971937384e+01
-3.299288790006333727e+01
-1.464472259605675575e+01
-1.434200698291027010e+01
-2.260594298902540089e+01
-3.299288790006333727e+01
-1.718568056030648705e+01
-5.242898094002342191e+01
-4.403749795494905328e+01
-4.106657450418770594e+01
-3.518333877485974881e+01
-1.145074883932890408e+01
-1.964986407234665222e+01
-2.738923275701895221e+01
-3.333640010516217700e+01
-3.880243940194304031e+01
-1.434200698291027010e+01
-2.318106468470038450e+01
-4.628149329255649924e+00
-4.392476410432377776e+01
-2.691193209725341706e+00
-1.012313880289837797e+01
-1.578706573826742066e+01
-3.827040475757027593e+01
-2.538077061987913297e+01
-1.434200698291027010e+01
-8.310389399122058762e+00
-1.464472259605675575e+01
-2.778970899733148769e+01
-2.051422350876056910e+01
-2.856096219407780623e+01
-3.580396190829270608e+01
-2.960662236329672581e+01
-2.597868041952779805e+01
-1.145074883932890408e+01
-3.570459696257834281e+01
-1.026498085629775048e+01
-3.275341822650754153e+01
-5.519751289370108083e+01
-1.101962019302492379e+01
-2.691193209725341706e+00
-2.380782353448554645e+01
-1.883138719384210447e+01
-9.173673456922434966e+00
-3.122761648310340732e+01
-3.266588995445672605e+00
-9.423253125392315965e+00
-3.942794911376967804e+01
-3.659477653594389324e+01
-3.591551072711639137e+01
-3.436874553302646973e+01
-2.411640104020203523e+01
-1.718568056030648705e+01
-2.221321288265693639e+01
-3.291558348869184858e+00
-2.810848709599652295e+01
-4.404381523886218019e+01
-1.434200698291027010e+01
-3.157084187901155303e+01
-2.609441055035470214e+01
-2.597868041952779805e+01
-2.252002575964800002e+01
-2.558997950278004296e+01
-2.472562006636612253e+01
-2.676798879544412557e+01
-6.901203456301105987e+00
-8.320317984708161418e+00
-3.570459696257834281e+01
-3.409012167102532231e+01
-8.902234008637766038e+00
-5.714319950516691904e+01
-1.845177335843898447e+01
-5.078508120728196218e+01
-2.676798879544412557e+01
-3.950580302960820944e+01
-8.310389399122058762e+00
-2.609441055035470214e+01
-4.718773929930579669e+01
-2.780500732060674451e+01
-3.580396190829270608e+01
-1.030962026488808903e+01
-8.310389399122058762e+00
-2.679213521828459221e+01
-5.519751289370108083e+01
-1.964986407234665222e+01
-2.597868041952779805e+01
-2.357229138778998490e+01
-3.880243940194304031e+01
-1.828916378841423906e+01
-1.434200698291027010e+01
-4.095505084285153430e+01
-1.148134970194694482e+01
-3.580396190829270608e+01
-2.601090331885613693e+01
-1.754935763816054362e+01
-3.149313282162384198e+01
-4.336604769145402116e+01
-1.274960080160246179e+01
-1.754935763816054362e+01
-3.156957697807017027e+01
-2.518578388840199267e+01
-3.157084187901155303e+01
-9.716567399014628847e+00
-9.173673456922434966e+00
-2.864421621994711487e+01
-3.197415197402700571e+01
-3.348254636561436826e+01
-2.691193209725341706e+00
-1.259895022939262255e+01
-2.234282057078020500e+01
-2.371946694386940990e+01
-3.570459696257834281e+01
-1.145074883932890408e+01
-2.221321288265693639e+01
-1.324603643516505080e+01
-1.881436238658310955e+01
-1.340937187406120223e+01
-1.026498085629775048e+01
-3.574603559867365021e+01
-2.624109665118860590e+01
-3.365969176298781207e+01
-2.009635999468271450e+01
-1.026498085629775048e+01
-2.371946694386940990e+01
-3.197415197402700571e+01
-8.902234008637766038e+00
-9.423253125392315965e+00
-3.295504618001563557e+01
-3.326142074177409569e+01
-4.590954359799664708e+00
-1.964986407234665222e+01
-4.073702584920103220e+01
-1.754935763816054362e+01
-6.861805649889288539e+00
-1.434200698291027010e+01
-4.392476410432377776e+01
-4.392476410432377776e+01
-8.584077397293869538e+00
-3.128060597995063219e+01
-4.559191333871191176e+01
-2.221321288265693639e+01
-1.604348118648164245e+01
-2.132917636728685551e+01
-5.477088291542263931e+01
-1.145074883932890408e+01
-1.750058045158342068e+01
-6.901203456301105987e+00
-3.899466380089589990e+01
-1.285285810498117876e+01
-4.070651507527769297e+01
-2.601090331885613693e+01
-2.760362773498221856e+01
-3.266234352376153538e+01
-3.295504618001563557e+01
-2.738923275701895221e+01
-2.371946694386940990e+01
-1.828916378841423906e+01
-2.276716883956905590e+01
-4.842359061142047949e+01
-2.472562006636612253e+01
-4.073702584920103220e+01
-4.392476410432377776e+01
-2.221321288265693639e+01
-3.197415197402700571e+01
-2.774474511435734314e+01
-2.371946694386940990e+01
-5.477088291542263931e+01
-8.800906298963925067e+00
-3.071903258997862807e+01
-3.157084187901155303e+01
-3.007387718225112749e+01
-1.964986407234665222e+01
-6.901203456301105987e+00
-3.843949627908285294e+01
-1.550867195938761789e+01
-4.309805506606007697e+01
-2.357229138778998490e+01
-1.145074883932890408e+01
-4.073702584920103220e+01
-3.827040475757027593e+01
-3.880243940194304031e+01
-3.827040475757027593e+01
-2.587526702664649747e+01
-2.714886428148397712e+01
-2.234282057078020500e+01
-4.309805506606007697e+01
-2.667869981493721099e+01
-1.145074883932890408e+01
-3.007387718225112749e+01
-1.828916378841423906e+01
-3.499660640470217743e+01
-3.626612210542445069e+01
-3.880243940194304031e+01
-5.477088291542263931e+01
-3.808921482453190066e+01
-2.518578388840199267e+01
-3.923099133492472390e+01
-2.518578388840199267e+01
-4.018266726998497518e+01
-8.902234008637766038e+00
-1.718568056030648705e+01
-1.940004518231930319e+01
-1.754935763816054362e+01
-4.216177798050196657e+01
-1.324603643516505080e+01
-1.718568056030648705e+01
-6.494803582854427759e+01
-4.718773929930579669e+01
-2.477751875739421550e+01
-3.808864819271404656e+01
-3.197415197402700571e+01
-3.880243940194304031e+01
-1.550867195938761789e+01
-1.893985744502201030e+01
-1.030962026488808903e+01
-5.601924088695355408e+01
-3.007387718225112749e+01
-1.331812776889140792e+01
-3.128060597995063219e+01
-2.778970899733148769e+01
-1.464472259605675575e+01
-6.288210073007364542e+01
-2.205623883350419590e+01
-3.157084187901155303e+01
-3.263977625483326506e+01
-1.030962026488808903e+01
-3.843949627908285294e+01
-4.718773929930579669e+01
-3.865128024361013814e+01
-1.532505091439679035e+01
-2.318106468470038450e+01
-1.718568056030648705e+01
-1.897820627143964956e+01
-2.075479653362253174e+01
-9.806908040868110632e+00
-4.467609390973063910e+01
-1.964986407234665222e+01
-2.587526702664649747e+01
-3.626660705814720131e+01
-1.464472259605675575e+01
-2.780500732060674451e+01
-4.995033313287668619e+01
-2.743865255481711785e+01
-2.371946694386940990e+01
-3.197415197402700571e+01
-2.221321288265693639e+01
-2.974278874590249444e+01
-1.030962026488808903e+01
-3.007387718225112749e+01
-4.073702584920103220e+01
-3.650423176088383315e+01
-4.472673689233670302e+01
-8.320317984708161418e+00
-3.266588995445672605e+00
-3.696276513401236485e+01
-3.599383626321382224e+01
-3.031809744544326435e+01
-1.145074883932890408e+01
-2.252002575964800002e+01
-4.592437826688492208e+01
-2.462870576924185073e+01
-1.893985744502201030e+01
-1.964986407234665222e+01
-2.775770534788837907e+01
-1.145074883932890408e+01
-2.691193209725341706e+00
-3.157084187901155303e+01
-1.167444365487179780e+01
-1.604348118648164245e+01
-3.827040475757027593e+01
-2.538077061987913297e+01
-1.434200698291027010e+01
-3.326142074177409569e+01
-2.518578388840199267e+01
-3.189912914868674321e+01
-4.956066057233733346e+01
-1.604348118648164245e+01
-5.311709294268061043e+00
-2.738923275701895221e+01
-2.221321288265693639e+01
-4.018266726998497518e+01
-2.205623883350419590e+01
-4.718773929930579669e+01
-1.324603643516505080e+01
-2.234282057078020500e+01
-4.392476410432377776e+01
-3.157084187901155303e+01
-4.936926973693113041e+01
-1.609453667791704135e+01
-9.008345386454998049e+00
-3.122761648310340732e+01
-4.392476410432377776e+01
-4.404381523886218019e+01
-4.718773929930579669e+01
-1.405284168487807150e+01
-2.117698833969469518e+01
-2.153197480752397652e+01
-2.221321288265693639e+01
-3.580396190829270608e+01
-3.861472727398202665e+01
-2.009635999468271450e+01
-3.848626707817182790e+01
-1.776903640954228081e+01
-2.775770534788837907e+01
-1.791962468714145729e+01
-2.771108415532158631e+01
-3.266588995445672605e+00
-4.249204510682145752e+01
-3.122761648310340732e+01
-4.070651507527769297e+01
-2.759507414768238576e+01
-4.611135272740782653e+01
-4.611135272740782653e+01
-2.371946694386940990e+01
-2.760362773498221856e+01
-1.800397705084678890e+01
-1.604348118648164245e+01
-3.156957697807017027e+01
-3.831596985122217802e+01
-1.464472259605675575e+01
-2.774474511435734314e+01
-1.464472259605675575e+01
-3.007387718225112749e+01
-2.778970899733148769e+01
-2.778970899733148769e+01
-2.659095686431240679e+01
-4.101965977883236292e+01
-2.601090331885613693e+01
-2.252002575964800002e+01
-9.008345386454998049e+00
-9.423253125392315965e+00
-2.774474511435734314e+01
-1.513162443331473916e+01
-8.902234008637766038e+00
-4.718773929930579669e+01
-2.840438171012027624e+01
-3.843949627908285294e+01
-2.332735918007896814e+01
-1.324603643516505080e+01
-1.079547803232482117e+01
-2.601090331885613693e+01
-2.907451142244552500e+01
-3.347249197695209944e+01
-3.810510827622302088e+01
-3.880243940194304031e+01
-8.310389399122058762e+00
-2.609441055035470214e+01
-2.587526702664649747e+01
-3.191002817809526348e+01
-2.676798879544412557e+01
-3.367028734690858016e+01
-1.754935763816054362e+01
-4.008105236588431808e+01
-5.587992458869293699e+01
-2.276716883956905590e+01
-1.176685162345179414e+01
-9.173673456922434966e+00
-2.691193209725341706e+00
-3.263977625483326506e+01
-8.320317984708161418e+00
-1.828916378841423906e+01
-3.197415197402700571e+01
-6.541538396968873847e+00
-5.159992319699507135e+01
-5.519751289370108083e+01
-4.392476410432377776e+01
-1.464472259605675575e+01
-3.197415197402700571e+01
-1.464472259605675575e+01
-2.624109665118860590e+01
-4.185283980136685500e+01
-3.075036862334250998e+01
-9.341207260886097430e+00
-3.827040475757027593e+01
-2.676798879544412557e+01
-4.070651507527769297e+01
-4.070651507527769297e+01
-3.326142074177409569e+01
-3.996299822324228757e+01
-2.737476155691480528e+01
-3.291558348869184858e+00
-1.791962468714145729e+01
-1.791962468714145729e+01
-2.521975333877857395e+01
-3.827040475757027593e+01
-5.477088291542263931e+01
-2.518578388840199267e+01
-3.291558348869184858e+00
-2.371946694386940990e+01
-3.599383626321382224e+01
-1.754935763816054362e+01
-2.357229138778998490e+01
-2.025102043943767072e+01
-3.843949627908285294e+01
-2.538077061987913297e+01
-2.252002575964800002e+01
-2.919243238854650713e+01
-3.922382434918322502e+01
-2.305060288428321513e+01
-1.079547803232482117e+01
-2.472562006636612253e+01
-3.326142074177409569e+01
-3.950580302960820944e+01
-2.760362773498221856e+01
-4.404381523886218019e+01
-1.828916378841423906e+01
-1.791962468714145729e+01
-1.754935763816054362e+01
-1.030962026488808903e+01
-3.920296305848878404e+01
-4.036874900648024322e+01
-1.718568056030648705e+01
-2.780500732060674451e+01
-9.008345386454998049e+00
-2.371946694386940990e+01
-1.434200698291027010e+01
-1.964986407234665222e+01
-3.157084187901155303e+01
-2.318106468470038450e+01
-1.893985744502201030e+01
-2.305060288428321513e+01
-6.318911707797083999e+00
-1.417846531544627275e+01
-3.075036862334250998e+01
-2.964661949303486921e+01
-1.284958629070661829e+01
-1.754935763816054362e+01
-2.318106468470038450e+01
-2.371946694386940990e+01
-4.070651507527769297e+01
-9.991221981519395001e+00
-1.464472259605675575e+01
-9.008345386454998049e+00
-3.236040607327076657e+01
-3.436874553302646973e+01
-1.079547803232482117e+01
-2.205623883350419590e+01
-4.309805506606007697e+01
-2.609441055035470214e+01
-2.472562006636612253e+01
-2.446609686469781764e+01
-4.437938351701000528e+01
-1.791962468714145729e+01
-2.318106468470038450e+01
-1.340398760639677178e+01
-3.696276513401236485e+01
-1.628769359437611541e+01
-4.070651507527769297e+01
-1.550867195938761789e+01
-8.902234008637766038e+00
-3.157084187901155303e+01
-5.697053463781858795e+01
-5.929198306365221072e+01
-4.611135272740782653e+01
-4.718773929930579669e+01
-1.026498085629775048e+01
-1.079547803232482117e+01
-1.509526099407127120e+01
-3.599383626321382224e+01
-1.030962026488808903e+01
-1.434200698291027010e+01
-3.880243940194304031e+01
-4.718773929930579669e+01
-3.156957697807017027e+01
-1.277931509330286097e+01
-3.696276513401236485e+01
-4.266719638395044001e+01
-2.775770534788837907e+01
-2.624109665118860590e+01
-1.208076219308406962e+01
-2.609441055035470214e+01
-1.828916378841423906e+01
-1.452812179070361331e+01
-2.780500732060674451e+01
-1.893985744502201030e+01
-2.676798879544412557e+01
-2.624109665118860590e+01
-2.205623883350419590e+01
-1.464472259605675575e+01
-3.580396190829270608e+01
-3.386428500538804798e+01
-4.404381523886218019e+01
-1.672195193075329200e+01
-1.861084631836435932e+01
-5.168880204066872608e+01
-3.237079681933617792e+01
-3.827040475757027593e+01
-3.922072817851128690e+01
-3.050605690045813034e+01
-1.145074883932890408e+01
-1.597495110984684707e+01
-2.676798879544412557e+01
-1.030962026488808903e+01
-2.276716883956905590e+01
-1.828916378841423906e+01
-2.778970899733148769e+01
-4.846003091155868958e+01
-4.073702584920103220e+01
-1.751503188600734262e+01
-4.392476410432377776e+01
-3.156957697807017027e+01
-6.809314258440488743e+01
-5.859790713971825227e+01
-3.291558348869184858e+00
-1.220836440319786220e+01
-2.221321288265693639e+01
-6.392430910093994356e+01
-2.318106468470038450e+01
-1.145074883932890408e+01
-2.732722692295885736e+01
-1.030962026488808903e+01
-4.338440828710298547e+01
-1.324603643516505080e+01
-6.318911707797083999e+00
-2.780500732060674451e+01
-1.464472259605675575e+01
-2.601090331885613693e+01
-4.480098524522882997e+01
-5.477088291542263931e+01
-1.791962468714145729e+01
-4.404381523886218019e+01
-1.604348118648164245e+01
-1.145074883932890408e+01
-2.371946694386940990e+01
-3.880243940194304031e+01
-1.026498085629775048e+01
-9.173673456922434966e+00
-1.145074883932890408e+01
-6.318911707797083999e+00
-1.261005096772318801e+01
-2.795062770975990674e+01
-3.143278031833436614e+01
-2.676798879544412557e+01
-3.291558348869184858e+00
-3.589769186819130908e+01
-2.606318231487098913e+01
-1.718568056030648705e+01
-5.519751289370108083e+01
-5.018874978438647361e+01
-1.828916378841423906e+01
-2.607866220097356447e+01
-1.893985744502201030e+01
-7.392729442569878628e+00
-2.676798879544412557e+01
-1.464472259605675575e+01
-2.780500732060674451e+01
-3.023271386264078586e+01
-2.676798879544412557e+01
-7.322588403541292479e+00
-3.880243940194304031e+01
-2.115499927454097673e+01
-1.026498085629775048e+01
-5.519751289370108083e+01
-1.754935763816054362e+01
-9.173673456922434966e+00
-2.624109665118860590e+01
-8.320317984708161418e+00
-1.502441867790212449e+01
-3.484201678396744484e+01
-5.097544606757786312e+01
-2.009635999468271450e+01
-2.276716883956905590e+01
-9.173673456922434966e+00
-8.310389399122058762e+00
-1.349798392430446903e+01
-2.293747192598254259e+01
-2.691193209725341706e+00
-2.597868041952779805e+01
-6.318911707797083999e+00
-2.297464517233422754e+01
-9.173673456922434966e+00
-9.008345386454998049e+00
-2.310457154286000048e+01
-1.754935763816054362e+01
-2.518578388840199267e+01
-4.449689251743780005e+01
-1.079547803232482117e+01
-3.007387718225112749e+01
-1.324603643516505080e+01
-3.880243940194304031e+01
-9.423253125392315965e+00
-6.901203456301105987e+00
-1.324603643516505080e+01
-8.310389399122058762e+00
-4.309805506606007697e+01
-5.590396493177559734e+01
-3.880243940194304031e+01
-2.519560268145043835e+01
-1.434200698291027010e+01
-3.880243940194304031e+01
-2.610060107123123174e+01
-3.436874553302646973e+01
-2.760362773498221856e+01
-2.538077061987913297e+01
-2.433862917650629143e+01
-3.263977625483326506e+01
-2.431516022602011162e+01
-2.587526702664649747e+01
-2.775770534788837907e+01
-3.421729583975705680e+01
-2.252002575964800002e+01
-2.636907605287103351e+01
-2.371946694386940990e+01
-2.371946694386940990e+01
-2.778970899733148769e+01
-1.464472259605675575e+01
-2.538077061987913297e+01
-3.263977625483326506e+01
-3.326142074177409569e+01
-2.720503333473458341e+01
-2.221321288265693639e+01
-2.775770534788837907e+01
-2.622837867187658034e+01
-1.887989670864460479e+01
-1.828916378841423906e+01
-3.263977625483326506e+01
-1.828916378841423906e+01
-1.672195193075329200e+01
-1.828916378841423906e+01
-1.672195193075329200e+01
-3.156957697807017027e+01
-2.780500732060674451e+01
-3.409707056441965989e+01
-2.609441055035470214e+01
-2.260594298902540089e+01
-2.738923275701895221e+01
-1.964986407234665222e+01
-3.156957697807017027e+01
-2.808906763076912227e+01
-4.073702584920103220e+01
-1.026498085629775048e+01
-2.609441055035470214e+01
-3.947246382831810507e+01
-1.893985744502201030e+01
-6.749858625075351881e+01
-2.609441055035470214e+01
-3.950580302960820944e+01
-9.008345386454998049e+00
-2.276716883956905590e+01
-1.434200698291027010e+01
-2.518578388840199267e+01
-2.305060288428321513e+01
-2.276716883956905590e+01
-5.477088291542263931e+01
-1.374544675570820118e+01
-2.142689906516677212e+01
-3.197415197402700571e+01
-5.519751289370108083e+01
-1.079547803232482117e+01
-1.079547803232482117e+01
-9.173673456922434966e+00
-2.415063141435129879e+01
-2.597868041952779805e+01
-1.377550370715098538e+01
-1.964986407234665222e+01
-3.291558348869184858e+00
-3.263977625483326506e+01
-1.893985744502201030e+01
-3.263977625483326506e+01
-6.288210073007364542e+01
-3.880243940194304031e+01
-1.079547803232482117e+01
-2.005513464162273607e+01
-3.292973503777779598e+01
-2.665946552267807945e+01
-3.007387718225112749e+01
-4.846003091155868958e+01
-8.902234008637766038e+00
-2.780500732060674451e+01
-2.601090331885613693e+01
-1.912561145455133271e+01
-4.073702584920103220e+01
-2.587526702664649747e+01
-2.009635999468271450e+01
-3.880243940194304031e+01
-1.101962019302492379e+01
-1.964986407234665222e+01
-2.405633528409621391e+01
-3.161472805975643396e+01
-3.315462132932146311e+00
-1.672195193075329200e+01
-1.604348118648164245e+01
-4.935931506767460775e+01
-4.718773929930579669e+01
-4.073702584920103220e+01
-3.291558348869184858e+00
-2.009635999468271450e+01
-1.964986407234665222e+01
-3.950580302960820944e+01
-3.075036862334250998e+01
-6.446455247076808348e+01
-2.234282057078020500e+01
-1.145074883932890408e+01
-1.893985744502201030e+01
-3.843949627908285294e+01
-3.827040475757027593e+01
-3.007387718225112749e+01
-3.562695799753664971e+01
-1.672195193075329200e+01
-1.828916378841423906e+01
-2.005536868893526048e+01
-2.624109665118860590e+01
-3.950580302960820944e+01
-3.197415197402700571e+01
-2.798298371891937109e+01
-2.234282057078020500e+01
-1.718568056030648705e+01
-1.964986407234665222e+01
-3.436874553302646973e+01
-1.550867195938761789e+01
-2.252002575964800002e+01
-2.676798879544412557e+01
-4.106864459694051561e+01
-6.288210073007364542e+01
-6.901203456301105987e+00
-3.156957697807017027e+01
-2.009635999468271450e+01
-2.587526702664649747e+01
-4.797646932924480723e+01
-1.352512481229224406e+01
-2.760362773498221856e+01
-3.739494485221936770e+01
-2.900165498473483794e+01
-4.544175076434533622e+01
-2.609441055035470214e+01
-2.775770534788837907e+01
-9.008345386454998049e+00
-2.676798879544412557e+01
-2.774474511435734314e+01
-3.580396190829270608e+01
-2.601090331885613693e+01
-1.701016760557938312e+01
-1.266307617952982945e+01
-1.777286649015576359e+01
-2.234282057078020500e+01
-1.672195193075329200e+01
-4.309805506606007697e+01
-9.173673456922434966e+00
-1.828916378841423906e+01
-3.822124078449655116e+01
-8.902234008637766038e+00
-3.570459696257834281e+01
-4.018266726998497518e+01
-8.902234008637766038e+00
-3.436874553302646973e+01
-2.009635999468271450e+01
-5.477088291542263931e+01
-2.472562006636612253e+01
-2.637899956004571678e+01
-2.518578388840199267e+01
-1.101962019302492379e+01
-1.828916378841423906e+01
-4.718773929930579669e+01
-1.268886176809900768e+01
-2.009635999468271450e+01
-1.828916378841423906e+01
-2.676798879544412557e+01
-2.538077061987913297e+01
-2.538077061987913297e+01
-3.178243402324233102e+01
-1.893985744502201030e+01
-3.343469357990715451e+01
-1.030962026488808903e+01
-3.263977625483326506e+01
-6.318911707797083999e+00
-1.604348118648164245e+01
-2.775770534788837907e+01
-2.778970899733148769e+01
-2.252002575964800002e+01
-2.961752535186309743e+01
-2.472562006636612253e+01
-1.718568056030648705e+01
-3.428323224133816893e+01
-9.008345386454998049e+00
-4.512170164420600571e+01
-1.145074883932890408e+01
-1.030962026488808903e+01
-2.252002575964800002e+01
-3.157084187901155303e+01
-4.073702584920103220e+01
-4.309805506606007697e+01
-2.371946694386940990e+01
-2.609441055035470214e+01
-3.673652020921121419e+01
-2.014038097218853807e+01
-3.157084187901155303e+01
-1.201876710252059333e+01
-3.827040475757027593e+01
-2.205623883350419590e+01
-1.893985744502201030e+01
-8.310389399122058762e+00
-4.668252429851317231e+01
-3.696276513401236485e+01
-1.363665238487923048e+01
-1.828916378841423906e+01
-1.718568056030648705e+01
-2.385215330904141240e+01
-1.754935763816054362e+01
-9.173673456922434966e+00
-1.791962468714145729e+01
-5.832413800629980472e+01
-2.205623883350419590e+01
-3.491068375999424234e+01
-4.718773929930579669e+01
-1.718568056030648705e+01
-3.384155705207436426e+01
-3.291558348869184858e+00
-9.008345386454998049e+00
-4.404381523886218019e+01
-3.436874553302646973e+01
-2.800423765561519218e+01
-3.843949627908285294e+01
-1.550867195938761789e+01
-4.070651507527769297e+01
-1.964986407234665222e+01
-8.902234008637766038e+00
-1.828916378841423906e+01
-2.587526702664649747e+01
-2.357229138778998490e+01
-2.806511320308802127e+01
-3.156957697807017027e+01
-2.780500732060674451e+01
-1.964986407234665222e+01
-3.266588995445672605e+00
-4.444079680427366696e+01
-3.075036862334250998e+01
-6.318911707797083999e+00
-2.260594298902540089e+01
-2.371946694386940990e+01
-4.063805439955051924e+01
-9.173673456922434966e+00
-2.371946694386940990e+01
-4.392476410432377776e+01
-4.718773929930579669e+01
-1.754935763816054362e+01
-2.318106468470038450e+01
-7.019352758512650503e+00
-1.791962468714145729e+01
-8.902234008637766038e+00
-2.738923275701895221e+01
-2.371946694386940990e+01
-4.113763576983403425e+01
-2.552537113636102006e+01
-1.434200698291027010e+01
-2.738923275701895221e+01
-1.893985744502201030e+01
-5.235035136679545786e+01
-3.697487006289760814e+01
-5.645642270438350607e+01
-4.626845980260905122e+01
-1.101962019302492379e+01
-2.609441055035470214e+01
-3.696276513401236485e+01
-3.263977625483326506e+01
-2.676798879544412557e+01
-2.357229138778998490e+01
-6.901203456301105987e+00
-3.335919480713317142e+01
-3.895904979039379867e+01
-5.593150002497103657e+01
-1.026498085629775048e+01
-1.003383269802417566e+01
-1.754935763816054362e+01
-2.943793274548815830e+01
-2.472562006636612253e+01
-6.699287558221553240e+01
-3.436874553302646973e+01
-8.310389399122058762e+00
-9.423253125392315965e+00
-9.173673456922434966e+00
-4.611135272740782653e+01
-9.008345386454998049e+00
-2.429476694534174896e+01
-5.565829771451324604e+01
-1.101962019302492379e+01
-2.349096587416233817e+01
-1.893985744502201030e+01
-2.357229138778998490e+01
-2.357229138778998490e+01
-9.173673456922434966e+00
-3.075036862334250998e+01
-2.809346168068005056e+01
-2.865406843374540458e+01
-3.156957697807017027e+01
-1.101962019302492379e+01
-3.326142074177409569e+01
-3.157084187901155303e+01
-1.878812024283849880e+01
-2.009635999468271450e+01
-2.357229138778998490e+01
-3.880243940194304031e+01
-8.902234008637766038e+00
-1.101962019302492379e+01
-3.291558348869184858e+00
-4.718773929930579669e+01
-6.433061881672487914e+01
-1.434200698291027010e+01
-3.007387718225112749e+01
-2.780500732060674451e+01
-4.392476410432377776e+01
-2.468643768521206283e+01
-2.357229138778998490e+01
-2.774474511435734314e+01
-3.122761648310340732e+01
-8.310389399122058762e+00
-2.951659712252641654e+01
-2.318106468470038450e+01
-3.122761648310340732e+01
-2.778970899733148769e+01
-1.434200698291027010e+01
-2.260594298902540089e+01
-4.846003091155868958e+01
-1.672195193075329200e+01
-2.363891053826072763e+01
-3.156957697807017027e+01
-2.587526702664649747e+01
-2.842198766819993239e+01
-1.893985744502201030e+01
-1.754935763816054362e+01
-2.234282057078020500e+01
-2.676798879544412557e+01
-3.157084187901155303e+01
-1.434200698291027010e+01
-6.318911707797083999e+00
-1.434200698291027010e+01
-8.320317984708161418e+00
-2.775770534788837907e+01
-3.218080191845221805e+01
-1.101962019302492379e+01
-2.490890400242996705e+01
-1.101962019302492379e+01
-1.737051413457524163e+01
-2.643935220417734300e+01
-1.959017807810349154e+01
-2.847696681957857834e+01
-5.543615245066466457e+01
-1.964986407234665222e+01
-1.791962468714145729e+01
-2.009635999468271450e+01
-1.791962468714145729e+01
-6.901203456301105987e+00
-1.026498085629775048e+01
-9.759538175451863751e+00
-9.423253125392315965e+00
-2.234282057078020500e+01
-2.676798879544412557e+01
-1.964986407234665222e+01
-2.221321288265693639e+01
-9.173673456922434966e+00
-2.257983620357929055e+01
-6.901203456301105987e+00
-1.026498085629775048e+01
-4.018266726998497518e+01
-1.873241922444360696e+01
-9.008345386454998049e+00
-2.597868041952779805e+01
-1.145074883932890408e+01
-5.519751289370108083e+01
-3.007387718225112749e+01
-1.030962026488808903e+01
-6.318911707797083999e+00
-2.371946694386940990e+01
-2.472562006636612253e+01
-3.588450936635795330e+01
-4.951936584724903412e+01
-4.511259306281012726e+01
-3.599383626321382224e+01
-1.145074883932890408e+01
-3.263977625483326506e+01
-6.211646531433409280e+01
-2.533528916870455916e+01
-5.519751289370108083e+01
-1.550867195938761789e+01
-3.843949627908285294e+01
-3.580396190829270608e+01
-2.624109665118860590e+01
-5.691102760701708263e+01
-3.880243940194304031e+01
-1.324603643516505080e+01
-3.920124725116255604e+01
-3.827040475757027593e+01
-2.778970899733148769e+01
-3.007387718225112749e+01
-3.156957697807017027e+01
-2.965086281995778705e+01
-1.828916378841423906e+01
-2.928354335921283536e+01
-1.145074883932890408e+01
-8.902234008637766038e+00
-2.009635999468271450e+01
-2.237951085231407333e+01
-3.580396190829270608e+01
-9.173673456922434966e+00
-3.112485215083780332e+01
-2.780500732060674451e+01
-2.738923275701895221e+01
-3.827040475757027593e+01
-3.950580302960820944e+01
-6.288210073007364542e+01
-9.008345386454998049e+00
-4.392476410432377776e+01
-1.399557351423730189e+01
-2.776061485615963420e+01
-4.392476410432377776e+01
-2.252002575964800002e+01
-3.055211952913720808e+01
-2.760362773498221856e+01
-3.599383626321382224e+01
-2.305060288428321513e+01
-1.026498085629775048e+01
-2.260594298902540089e+01
-2.419381536547273370e+01
-4.148774697470606299e+01
-2.780500732060674451e+01
-8.320317984708161418e+00
-1.098498196900640522e+01
-2.900889995607796479e+01
-3.259147472116207922e+01
-5.477088291542263931e+01
-2.371946694386940990e+01
-3.843949627908285294e+01
-2.842297488313041143e+01
-1.101962019302492379e+01
-3.122761648310340732e+01
-6.318911707797083999e+00
-2.587526702664649747e+01
-3.580396190829270608e+01
-2.205623883350419590e+01
-1.145074883932890408e+01
-3.887163532204287009e+01
-4.718773929930579669e+01
-3.843949627908285294e+01
-4.113448485588484971e+01
-1.672195193075329200e+01
-6.901203456301105987e+00
-1.964986407234665222e+01
-2.782896902763592450e+01
-3.436874553302646973e+01
-1.372026373775209684e+01
-3.326142074177409569e+01
-3.291558348869184858e+00
-1.030962026488808903e+01
-4.418467833209371776e+01
-2.601090331885613693e+01
-2.020487760338061989e+01
-3.436874553302646973e+01
-4.846003091155868958e+01
-2.760362773498221856e+01
-9.173673456922434966e+00
-1.964986407234665222e+01
-3.157084187901155303e+01
-1.030962026488808903e+01
-9.084997804884750394e+00
-1.332459271579861415e+01
-2.366527792471580227e+01
-2.472562006636612253e+01
-1.791962468714145729e+01
-4.018266726998497518e+01
-3.157084187901155303e+01
-1.324603643516505080e+01
-4.967750199320274618e+01
-2.778970899733148769e+01
-3.197415197402700571e+01
-2.760362773498221856e+01
-3.266588995445672605e+00
-3.950580302960820944e+01
-2.775770534788837907e+01
-4.881314255678883995e+01
-4.718773929930579669e+01
-5.519751289370108083e+01
-1.248119603325691607e+01
-2.676798879544412557e+01
-8.320317984708161418e+00
-2.601090331885613693e+01
-2.539019864062879961e+01
-2.357229138778998490e+01
-3.157084187901155303e+01
-2.276716883956905590e+01
-8.320317984708161418e+00
-1.026498085629775048e+01
-3.950580302960820944e+01
-6.901203456301105987e+00
-2.205623883350419590e+01
-4.073702584920103220e+01
-6.901203456301105987e+00
-2.691193209725341706e+00
-2.305060288428321513e+01
-2.538077061987913297e+01
-2.221321288265693639e+01
-9.008345386454998049e+00
-5.070292761048234809e+01
-2.775770534788837907e+01
-1.550867195938761789e+01
-2.691193209725341706e+00
-1.718568056030648705e+01
-2.472562006636612253e+01
-3.075036862334250998e+01
-1.672195193075329200e+01
-1.101962019302492379e+01
-2.738923275701895221e+01
-3.950580302960820944e+01
-1.893985744502201030e+01
-1.512185015588775983e+01
-2.774474511435734314e+01
-6.318911707797083999e+00
-1.882773683808504828e+01
-1.992267429030651371e+01
-8.902234008637766038e+00
-3.696276513401236485e+01
-5.876250012687481217e+01
-3.075036862334250998e+01
-2.691193209725341706e+00
-3.843949627908285294e+01
-9.423253125392315965e+00
-1.672195193075329200e+01
-1.672195193075329200e+01
-1.434200698291027010e+01
-3.696276513401236485e+01
-3.266588995445672605e+00
-3.988882796693140875e+01
-4.212741459601614480e+01
-1.071979228001313444e+01
-8.902234008637766038e+00
-1.127247768429853281e+01
-1.718568056030648705e+01
-2.425243264618228167e+01
-3.291558348869184858e+00
-2.318106468470038450e+01
-1.740550797199296085e+01
-3.429922375803759138e+01
-3.324139526997360861e+01
-3.157084187901155303e+01
-1.964986407234665222e+01
-1.101962019302492379e+01
-2.738923275701895221e+01
-2.587526702664649747e+01
-3.880243940194304031e+01
-3.447854812417509862e+01
-9.423253125392315965e+00
-1.736067245943271331e+01
-3.075036862334250998e+01
-2.269593221601038380e+01
-2.357229138778998490e+01
-3.157084187901155303e+01
-2.774474511435734314e+01
-2.260594298902540089e+01
-1.893985744502201030e+01
-1.145074883932890408e+01
-1.754935763816054362e+01
-4.073702584920103220e+01
-1.101962019302492379e+01
-1.026498085629775048e+01
-4.846003091155868958e+01
-4.392476410432377776e+01
-2.385666886916186513e+01
-3.291558348869184858e+00
-3.197415197402700571e+01
-1.893985744502201030e+01
-2.745923394033841092e+01
-1.015097184457456869e+01
-3.326142074177409569e+01
-3.880243940194304031e+01
-1.551913349859622038e+01
-1.893985744502201030e+01
-1.791962468714145729e+01
-3.570459696257834281e+01
-3.263977625483326506e+01
-9.173673456922434966e+00
-9.423253125392315965e+00
-9.173673456922434966e+00
-2.472562006636612253e+01
-2.837026655670272746e+01
-2.804164174392865760e+01
-1.754935763816054362e+01
-2.609441055035470214e+01
-1.145074883932890408e+01
-3.599383626321382224e+01
-1.909864994785065662e+01
-4.611135272740782653e+01
-4.392476410432377776e+01
-4.018266726998497518e+01
-2.775770534788837907e+01
-3.156957697807017027e+01
-1.324603643516505080e+01
-2.318106468470038450e+01
-2.691193209725341706e+00
-3.599383626321382224e+01
-2.738923275701895221e+01
-2.221321288265693639e+01
-2.587526702664649747e+01
-1.324603643516505080e+01
-2.597868041952779805e+01
-3.263977625483326506e+01
-4.392476410432377776e+01
-2.009635999468271450e+01
-2.234282057078020500e+01
-3.156957697807017027e+01
-4.299120135969902634e+01
-2.624109665118860590e+01
-2.738923275701895221e+01
-3.103252001644122160e+01
-2.357229138778998490e+01
-3.862351640280046894e+01
-3.122761648310340732e+01
-3.388712136157117527e+01
-1.672195193075329200e+01
-1.828916378841423906e+01
-1.464472259605675575e+01
-2.252002575964800002e+01
-8.320317984708161418e+00
-3.630482253126996284e+01
-1.101962019302492379e+01
-2.049245903721191553e+01
-2.624109665118860590e+01
-2.224470190708789019e+01
-2.276716883956905590e+01
-3.580396190829270608e+01
-2.774474511435734314e+01
-2.587526702664649747e+01
-5.027850856230362098e+01
-4.070651507527769297e+01
-2.205623883350419590e+01
-4.404381523886218019e+01
-2.985486550222723778e+01
-1.718568056030648705e+01
-2.371946694386940990e+01
-3.700005808872130331e+01
-2.775770534788837907e+01
-3.603708711152599165e+01
-4.846003091155868958e+01
-1.026498085629775048e+01
-2.371946694386940990e+01
-2.760362773498221856e+01
-9.173673456922434966e+00
-1.464472259605675575e+01
-1.079547803232482117e+01
-8.310389399122058762e+00
-3.075036862334250998e+01
-3.580396190829270608e+01
-8.902234008637766038e+00
-2.760362773498221856e+01
-2.880545749688124246e+01
-4.392476410432377776e+01
-9.173673456922434966e+00
-2.472562006636612253e+01
-2.676798879544412557e+01
-5.519751289370108083e+01
-2.774474511435734314e+01
-2.371946694386940990e+01
-1.216030142230853350e+01
-1.162909861906532605e+01
-3.197415197402700571e+01
-3.570459696257834281e+01
-3.075036862334250998e+01
-6.481961922352955696e+01
-1.791962468714145729e+01
-3.157084187901155303e+01
-3.263977625483326506e+01
-4.144419764273320084e+01
-1.464472259605675575e+01
-6.318911707797083999e+00
-6.675839934995551062e+01
-4.392476410432377776e+01
-3.122761648310340732e+01
-2.305060288428321513e+01
-2.768961473783984673e+01
-2.371946694386940990e+01
-2.252002575964800002e+01
-1.550867195938761789e+01
-4.846003091155868958e+01
-3.326142074177409569e+01
-1.079547803232482117e+01
-2.260594298902540089e+01
-5.513301243708544064e+01
-8.320317984708161418e+00
-2.587526702664649747e+01
-4.392476410432377776e+01
-1.964986407234665222e+01
-3.293440036805387905e+01
-4.611135272740782653e+01
-4.070651507527769297e+01
-4.283141604855685358e+01
-3.599383626321382224e+01
-4.467640375163207977e+01
-2.659869220950645641e+01
-4.070651507527769297e+01
-4.846003091155868958e+01
-4.846003091155868958e+01
-3.810563866890712603e+01
-2.252002575964800002e+01
-6.318911707797083999e+00
-3.880243940194304031e+01
-2.738923275701895221e+01
-1.434200698291027010e+01
-3.291558348869184858e+00
-3.075036862334250998e+01
-2.621199623862544925e+01
-2.318106468470038450e+01
-1.030962026488808903e+01
-1.550867195938761789e+01
-1.591465147993378082e+01
-3.326142074177409569e+01
-3.136677680964457338e+01
-2.357229138778998490e+01
-4.404381523886218019e+01
-3.157084187901155303e+01
-4.862768978094176298e+00
-1.791962468714145729e+01
-3.484929311822138231e+01
-1.026498085629775048e+01
-1.718568056030648705e+01
-3.156957697807017027e+01
-2.310106135833307306e+01
-6.318911707797083999e+00
-1.913136717177232882e+01
-6.318911707797083999e+00
-8.310389399122058762e+00
-2.720016851365107158e+01
-9.173673456922434966e+00
-4.611135272740782653e+01
-6.509709768591399381e+00
-2.775770534788837907e+01
-3.263977625483326506e+01
-3.291558348869184858e+00
-2.780500732060674451e+01
-3.122761648310340732e+01
-3.637471174925367023e+01
-1.101962019302492379e+01
-8.310389399122058762e+00
-9.008345386454998049e+00
-2.221321288265693639e+01
-1.550867195938761789e+01
-1.893985744502201030e+01
-2.009635999468271450e+01
-3.157084187901155303e+01
-3.157084187901155303e+01
-9.660846056357410561e+00
-4.392476410432377776e+01
-8.320317984708161418e+00
-3.599383626321382224e+01
-3.506197091621670836e+01
-2.780500732060674451e+01
-2.774474511435734314e+01
-4.404381523886218019e+01
-2.234282057078020500e+01
-1.672195193075329200e+01
-3.843949627908285294e+01
-1.324603643516505080e+01
-1.955866949765819740e+01
-2.778970899733148769e+01
-2.738923275701895221e+01
-4.980155502562246284e+01
-2.609441055035470214e+01
-9.423253125392315965e+00
-1.848712918433078300e+01
-2.778970899733148769e+01
-2.939228236018405482e+01
-2.472562006636612253e+01
-1.899504899418441894e+01
-3.696276513401236485e+01
-1.964986407234665222e+01
-2.595194219098446808e+01
-3.299288790006333727e+01
-8.329729551673985100e+00
-2.221321288265693639e+01
-3.580396190829270608e+01
-3.950580302960820944e+01
-1.026498085629775048e+01
-3.674906520269821897e+01
-4.611135272740782653e+01
-3.570459696257834281e+01
-5.519751289370108083e+01
-3.157084187901155303e+01
-4.018266726998497518e+01
-1.101962019302492379e+01
-2.609441055035470214e+01
-3.326142074177409569e+01
-3.326142074177409569e+01
-3.570459696257834281e+01
-4.018266726998497518e+01
-3.007387718225112749e+01
-3.266588995445672605e+00
-3.326142074177409569e+01
-1.758629048093948199e+01
-9.423253125392315965e+00
-3.632959259600542623e+01
-7.932377986900221778e+00
-1.617536002781219651e+01
-5.477088291542263931e+01
-2.009635999468271450e+01
-2.538077061987913297e+01
-5.519751289370108083e+01
-4.338347980994654307e+01
-2.772662504775137648e+01
-2.305060288428321513e+01
-2.305060288428321513e+01
-1.195531703533259282e+01
-3.308583890648790060e+01
-3.367028734690858016e+01
-2.676798879544412557e+01
-2.676798879544412557e+01
-1.464472259605675575e+01
-2.305060288428321513e+01
-6.318911707797083999e+00
-4.018266726998497518e+01
-1.101962019302492379e+01
-5.477088291542263931e+01
-2.587526702664649747e+01
-1.718568056030648705e+01
-4.276083505840878729e+01
-4.018266726998497518e+01
-3.122761648310340732e+01
-1.791962468714145729e+01
-2.371946694386940990e+01
-3.950580302960820944e+01
-3.326142074177409569e+01
-6.786884012571658076e+00
-3.436874553302646973e+01
-1.079427164844686793e+01
-3.563290037474717309e+01
-1.324603643516505080e+01
-3.266588995445672605e+00
-1.434200698291027010e+01
-4.292279225542458931e+01
-2.009635999468271450e+01
-3.484483879329363987e+01
-2.919276021579696234e+01
-4.404381523886218019e+01
-1.184794101132557387e+01
-2.363891053826072763e+01
-4.886064083219162768e+01
-1.026498085629775048e+01
-9.423253125392315965e+00
-1.295349360409148431e+01
-3.295504618001563557e+01
-9.008345386454998049e+00
-2.066310382173979221e+01
-6.318911707797083999e+00
-1.173606186257237205e+01
-3.401706632048033896e+01
-4.625615985662000895e+01
-4.611135272740782653e+01
-1.079547803232482117e+01
-4.611135272740782653e+01
-2.601090331885613693e+01
-2.009635999468271450e+01
-2.221321288265693639e+01
-1.604348118648164245e+01
-2.778970899733148769e+01
-4.825011898644428499e+01
-4.448707067489156941e+01
-3.156957697807017027e+01
-4.018266726998497518e+01
-3.843949627908285294e+01
-1.434200698291027010e+01
-4.197094373735106387e+01
-2.834790126269896504e+01
-3.266588995445672605e+00
-2.676798879544412557e+01
-2.305060288428321513e+01
-1.079547803232482117e+01
-1.843469292091185707e+01
-2.538077061987913297e+01
-9.423253125392315965e+00
-1.145074883932890408e+01
-1.026498085629775048e+01
-8.902234008637766038e+00
-2.676798879544412557e+01
-2.597868041952779805e+01
-9.173673456922434966e+00
-3.459285600340437838e+01
-4.759688112397049764e+01
-1.434200698291027010e+01
-2.260594298902540089e+01
-1.828916378841423906e+01
-3.197415197402700571e+01
-3.570459696257834281e+01
-2.609441055035470214e+01
-6.901203456301105987e+00
-3.263977625483326506e+01
-5.519751289370108083e+01
-2.676798879544412557e+01
-3.122761648310340732e+01
-3.950580302960820944e+01
-3.197415197402700571e+01
-3.580396190829270608e+01
-3.414625092803150608e+01
-3.570459696257834281e+01
-1.828916378841423906e+01
-3.950580302960820944e+01
-9.173673456922434966e+00
-4.073702584920103220e+01
-3.197415197402700571e+01
-2.205623883350419590e+01
-3.770040556830443279e+01
-2.676798879544412557e+01
-4.846003091155868958e+01
-2.848150350876010606e+01
-1.893985744502201030e+01
-4.718773929930579669e+01
-3.156957697807017027e+01
-1.026498085629775048e+01
-1.030962026488808903e+01
-9.423253125392315965e+00
-1.026498085629775048e+01
-1.828916378841423906e+01
-2.624109665118860590e+01
-1.489885811323097009e+01
-2.371946694386940990e+01
-4.392476410432377776e+01
-3.685819569962770004e+01
-1.766957055042236036e+01
-8.320317984708161418e+00
-1.791962468714145729e+01
-3.880243940194304031e+01
-1.604348118648164245e+01
-2.285745867477023552e+01
-2.371946694386940990e+01
-1.672195193075329200e+01
-3.880243940194304031e+01
-1.550867195938761789e+01
-4.752379930832830013e+01
-2.644030217293422780e+01
-2.760362773498221856e+01
-1.550867195938761789e+01
-2.855726490578724253e+01
-2.260594298902540089e+01
-2.305060288428321513e+01
-3.326142074177409569e+01
-2.774474511435734314e+01
-2.609441055035470214e+01
-1.550867195938761789e+01
-2.894638245990919145e+01
-2.769129967905512757e+01
-2.588345104261356155e+01
-2.414870758592462252e+01
-3.696276513401236485e+01
-5.955750275715733011e+01
-3.570459696257834281e+01
-8.310389399122058762e+00
-9.008345386454998049e+00
-2.205623883350419590e+01
-1.101962019302492379e+01
-5.519751289370108083e+01
-1.270995909576842386e+01
-3.827040475757027593e+01
-1.026498085629775048e+01
-2.636424795665597287e+01
-9.423253125392315965e+00
-6.901203456301105987e+00
-6.318911707797083999e+00
-4.816861691893945618e+01
-2.371946694386940990e+01
-2.381383298909248225e+01
-1.893985744502201030e+01
-1.464472259605675575e+01
-3.295504618001563557e+01
-9.423253125392315965e+00
-2.260594298902540089e+01
-4.392476410432377776e+01
-2.597868041952779805e+01
-1.145074883932890408e+01
-6.318911707797083999e+00
-3.291558348869184858e+00
-2.728359893267397496e+01
-1.718568056030648705e+01
-9.650857055192219036e+00
-4.959365186897554167e+01
-2.587526702664649747e+01
-5.580407340985625098e+01
-4.846003091155868958e+01
-1.464472259605675575e+01
-4.053577891521506160e+01
-2.587526702664649747e+01
-3.295504618001563557e+01
-3.633815877962557295e+01
-1.964986407234665222e+01
-1.270083199931831430e+01
-4.392476410432377776e+01
-2.042040104856571503e+01
-2.009635999468271450e+01
-2.778970899733148769e+01
-2.624109665118860590e+01
-4.392476410432377776e+01
-3.639324199540187266e+01
-1.823128466901451716e+01
-2.305060288428321513e+01
-8.902234008637766038e+00
-2.318106468470038450e+01
-8.902234008637766038e+00
-3.843949627908285294e+01
-1.718568056030648705e+01
-3.197415197402700571e+01
-3.007387718225112749e+01
-2.673161355103053793e+01
-1.791962468714145729e+01
-4.309805506606007697e+01
-3.626558154563181091e+01
-2.017267381762615486e+01
-4.309805506606007697e+01
-2.159939006119828520e+01
-8.310389399122058762e+00
-2.775770534788837907e+01
-4.073702584920103220e+01
-1.604348118648164245e+01
-2.601090331885613693e+01
-2.596350312222022794e+01
-1.828916378841423906e+01
-3.219888670999367264e+01
-1.145074883932890408e+01
-4.392476410432377776e+01
-3.263977625483326506e+01
-2.472562006636612253e+01
-1.293258958056908448e+01
-4.073702584920103220e+01
-4.718773929930579669e+01
-2.775770534788837907e+01
-3.263977625483326506e+01
-2.691193209725341706e+00
-2.378872059293132679e+01
-3.696276513401236485e+01
-3.075036862334250998e+01
-5.021762506714696883e+01
-1.936783528890545725e+01
-3.549563411035992999e+01
-4.611135272740782653e+01
-2.760362773498221856e+01
-2.691193209725341706e+00
-3.570459696257834281e+01
-5.801973766063871807e+01
-2.738923275701895221e+01
-9.423253125392315965e+00
-4.070651507527769297e+01
-3.197415197402700571e+01
-6.985870081055550429e+01
-3.197415197402700571e+01
-1.889352769912213503e+01
-2.221321288265693639e+01
-3.266588995445672605e+00
-3.157084187901155303e+01
-9.423253125392315965e+00
-5.553326922649274877e+01
-4.302437663568896120e+00
-3.696276513401236485e+01
-4.611135272740782653e+01
-3.827040475757027593e+01
-3.599383626321382224e+01
-4.309805506606007697e+01
-1.728169370350511613e+01
-1.964986407234665222e+01
-2.318106468470038450e+01
-1.893985744502201030e+01
-2.371946694386940990e+01
-2.538077061987913297e+01
-1.464472259605675575e+01
-3.696276513401236485e+01
-2.305060288428321513e+01
-3.580396190829270608e+01
-2.205623883350419590e+01
-2.221321288265693639e+01
-3.860616109036195809e+01
-2.205623883350419590e+01
-2.205623883350419590e+01
-3.580396190829270608e+01
-2.830590929757417484e+01
-6.477869583083160876e+01
-4.404381523886218019e+01
-4.229005868121161171e+01
-2.009635999468271450e+01
-2.284593148353395264e+01
-3.843949627908285294e+01
-2.759704780002601865e+01
-3.696276513401236485e+01
-2.205623883350419590e+01
-3.404083406420004820e+01
-2.601090331885613693e+01
-2.538077061987913297e+01
-6.318911707797083999e+00
-2.390528436963708359e+01
-3.197415197402700571e+01
-4.718773929930579669e+01
-2.252002575964800002e+01
-2.587526702664649747e+01
-4.754607976806595104e+01
-2.009635999468271450e+01
-4.704665678133254403e+01
-4.673859062675335707e+01
-3.263977625483326506e+01
-3.632182528159759727e+01
-3.039008094945481631e+01
-1.754935763816054362e+01
-1.030962026488808903e+01
-1.718568056030648705e+01
-1.101962019302492379e+01
-1.964986407234665222e+01
-2.597868041952779805e+01
-1.980399286226364453e+01
-3.263977625483326506e+01
-6.393309822975825796e+01
-1.026498085629775048e+01
-1.075145856754398999e+01
-2.841383867625192750e+01
-3.511594477105039402e+01
-1.754935763816054362e+01
-9.423253125392315965e+00
-5.557838837974097856e+01
-1.324603643516505080e+01
-2.234282057078020500e+01
-4.404381523886218019e+01
-4.455704277519222956e+01
-2.601090331885613693e+01
-2.553010640481376115e+01
-3.122761648310340732e+01
-1.101962019302492379e+01
-3.696276513401236485e+01
-3.263977625483326506e+01
-1.604348118648164245e+01
-4.018266726998497518e+01
-5.594273076456530447e+01
-2.221321288265693639e+01
-3.580396190829270608e+01
-2.371946694386940990e+01
-3.827040475757027593e+01
-2.472562006636612253e+01
-2.472562006636612253e+01
-6.321785706286536310e+01
-1.828916378841423906e+01
-9.008345386454998049e+00
-4.105390112945792680e+01
-3.115680358931662042e+01
-4.073702584920103220e+01
-8.902234008637766038e+00
-3.473297144129978875e+01
-3.880243940194304031e+01
-1.101962019302492379e+01
-2.472562006636612253e+01
-2.806452795006497070e+01
-2.014360645344833145e+01
-3.696276513401236485e+01
-9.423253125392315965e+00
-3.599383626321382224e+01
-6.821925621081216207e+01
-9.962538706553807799e+00
-2.252002575964800002e+01
-2.305060288428321513e+01
-2.664318198972458163e+01
-3.436874553302646973e+01
-1.672195193075329200e+01
-1.628902330628576323e+01
-3.212111226722669244e+01
-2.221321288265693639e+01
-6.901203456301105987e+00
-3.157084187901155303e+01
-4.718773929930579669e+01
