-4.422469317496972252e+01
-4.604031018965000044e+01
-8.392580066751744994e+01
-4.704225947055655865e+01
-3.089999999999999858e+01
-6.948355683251377002e+01
-2.752018447939797952e+01
-5.494998492853368077e+01
-3.936794418065712620e+01
-3.484877383284272412e+01
-6.610280839021768884e+01
-6.222059146027529408e+01
-8.266028912885062141e+01
-7.128601744713398602e+01
-3.647085246089342547e+01
-3.442446510054054443e+01
-6.198214319060323874e+01
-5.292455682215972956e+01
-9.571823168730723808e+01
-2.989429343400297867e+01
-1.999664870977806075e+01
-4.736563611135569829e+01
-6.489770618927565238e+01
-7.432504497307370173e+01
-4.419611489875262578e+01
-2.640513697494732881e+01
-1.011739093827057303e+02
-7.050599474254062216e+01
-5.242369095878164842e+01
-3.065143677616486784e+01
-5.727817043980788725e+01
-3.299912543009777721e+01
-3.501097595931523188e+01
-4.883895970819573762e+01
-6.003736745597049662e+01
-2.160000000000000142e+01
-6.674793329155258448e+01
-5.059245848733557693e+01
-7.976223323240488128e+01
-3.574101659010899823e+01
-3.260024274468145933e+01
-3.596987325959285897e+01
-6.877903778516818534e+01
-2.452473925968207524e+01
-3.046416370094925341e+01
-5.039499377194546526e+01
-9.353532103029145617e+01
-7.054982159935273955e+01
-5.290580061237800180e+01
-5.917208815610053563e+01
-3.534720505123046763e+01
-3.597955615801485862e+01
-5.796406783961444376e+01
-6.894537246690656218e+01
-4.257404353316323409e+01
-5.905453270839790036e+01
-2.099999999999999645e+01
-8.157490058419840295e+01
-7.709537356968284882e+01
-3.376577791222676694e+01
-6.227782652922574158e+01
-5.946961035978925025e+01
-7.945618742299072323e+01
-2.089390336395295833e+01
-4.104851402400563387e+01
-1.039161081512026072e+02
-5.606529185010938221e+01
-9.387481333303368558e+01
-1.042686636450022064e+02
-3.210592990370496125e+01
-5.085620396124146936e+01
-7.128549773804726897e+01
-8.196040375183123672e+01
-1.114522594382954708e+02
-6.785949404360667359e+01
-2.469379495881246811e+01
-5.507909070302278565e+01
-4.077941119999975683e+01
-8.146493254633976733e+01
-2.355329342003580706e+01
-9.595395488652427218e+01
-8.118758960186336537e+01
-4.562718859033838470e+01
-2.822414286977767972e+01
-1.772366133296897317e+01
-1.782815609544366708e+01
-5.308251324669653570e+01
-6.060821665295315341e+01
-7.560706383609300474e+01
-6.003551946445722365e+01
-1.250878834390644556e+01
-4.817898462560717121e+01
-7.912114970392178748e+01
-4.455796752596393873e+01
-1.227527867520927174e+02
-7.756340250531700065e+01
-2.104316345283951151e+01
-1.674008959279825959e+01
-6.974063631490204784e+01
-6.199369595771494801e+01
-1.216168811868253670e+02
-8.176187842716798571e+01
-7.592641575912931273e+01
-4.772785403913122337e+01
-4.383135066417690240e+01
-7.680778054482634332e+01
-2.536691053781954608e+01
-3.630277767809131007e+01
-2.242803203445165394e+01
-1.960752656424689988e+01
-1.831559605497202625e+01
-1.214403214899332362e+01
-6.124817915107293231e+01
-4.518797007655794573e+01
-6.627586038981107208e+01
-5.218114527126716951e+01
-3.802120265368351681e+01
-9.472968177123532030e+01
-8.156249711546476533e+01
-5.354514147586387907e+01
-2.521523017091385555e+01
-5.665975061594932072e+01
-8.852981677052345333e+01
-5.508364330807478382e+01
-3.471998121099586854e+01
-6.364575519253889979e+01
-2.674351032543026463e+01
-8.394491413752528786e+01
-3.380337441142162902e+01
-1.895049383501218543e+01
-7.750449453017313317e+01
-2.078356830878020034e+01
-6.602241874838857427e+01
-4.663811702812191129e+01
-4.256719606928049870e+01
-8.547447939579521403e+01
-6.503320653751933378e+01
-2.102307778697476337e+01
-4.147882284498408723e+01
-2.801107521109587495e+01
-6.027101101327982491e+01
-5.361239395169169342e+01
-2.155596502150651261e+01
-5.632188214737448106e+01
-4.872806667471674302e+01
-5.155777973602990016e+01
-8.152314359975378011e+01
-1.817965137390666897e+01
-1.168285232834680301e+02
-6.451432971922471893e+00
-3.633992444938507305e+01
-7.741180638446076046e+01
-4.476501669915709414e+01
-7.825761656013798984e+01
-7.411033829417439733e+01
-3.999192707800970936e+01
-3.344900295560220371e+01
-2.977753827846413870e+01
-4.489273628581976538e+01
-4.823805303081434204e+01
-1.056826519989771462e+01
-2.093095957569639509e+01
-5.856122350943203969e+01
-6.578854947631288042e+01
-2.931611423418932816e+01
-1.630841625776316661e+01
-2.782924737549962657e+01
-4.880376391874015241e+01
-8.345383814984137416e+01
-1.196854463042530448e+01
-6.371045166961846462e+01
-4.977747286120497705e+01
-7.533217187498961209e+01
-4.477627323111668289e+01
-5.693787247714426769e+01
-8.263871943614353199e+01
-5.507618283348347887e+01
-8.286108478365008523e+01
-4.809314845544211181e+01
-8.875660522214691639e+01
-1.890020209748185565e+01
-6.060198213441793058e+01
-4.916199311976325248e+01
-7.964546076787519269e+01
-4.123409893205328558e+01
-3.497111477740629226e+01
-1.718060234031154820e+01
-4.430134542170769407e+01
-2.890694515965135736e+01
-4.253240019890191093e+01
-4.491044114318359703e+01
-4.350422434797417992e+01
-3.505510759420102573e+01
-5.611069828013565797e+01
-7.572984682525009248e+01
-8.661654969001529025e+01
-1.638317792289299035e+01
-3.008857578041354586e+01
-9.421100399420588190e+01
-3.690636803794195941e+01
-7.925114154531543420e+01
-1.058983494695291228e+02
-1.947496620356144703e+01
-5.285747740379977699e+01
-9.722867909659754559e+00
-6.861068511162551431e+01
-9.272445671356914332e+00
-4.999670936763676821e+01
-6.854980866881493284e+01
-8.023795769445615633e+01
-2.642359617040138886e+01
-6.990468444734649722e+01
-2.542364456198177436e+01
-7.969881301546824659e+01
-9.376034122310532126e+00
-6.134025822808063566e+01
-4.373311580252266850e+01
-5.413191786430671115e+00
-3.638086677459768481e+01
-1.265602881115068179e+01
-1.743515683970657193e+01
-2.123942940999995699e+01
-2.931383633742635197e+01
-7.049602341056936439e+01
-8.267403091398578852e+01
-7.998190702107598327e+01
-1.407098722538471591e+01
-3.286368413199548399e+01
-1.420176300163220162e+01
-7.958989020688423466e+01
-5.057956708561621184e+01
-2.912333106201288402e+01
-5.822959916166760763e+01
-5.326575687811919124e+01
-8.942049238895847907e+01
-4.090781202193437593e+01
-6.526688996014553368e+01
-7.735784897700843032e+01
-2.618530631444263790e+01
-7.645553113682989022e+01
-4.142090192671818727e+01
-3.077202814997976077e+01
-7.116665482539485765e+01
-4.419162913086555022e+01
-4.581966705575344889e+01
-2.877587919459946875e+01
-8.256630872647457409e+01
-1.800764691831599507e+01
-6.306976303093859570e+01
-5.281474330380527960e+01
-2.801739509774282055e+01
-7.064924181266512448e+01
-1.407347321286805730e+01
-5.598144551590419127e+01
-1.130939341680183787e+02
-6.045801936447901426e+01
-6.309696993980686841e+01
-1.563392988183744237e+01
-3.645511329791956001e+01
-1.658537579989426192e+01
-5.972481734113860341e+01
-3.645137986254353279e+01
-1.106864362778526498e+02
-5.400061806340958270e+01
-7.228221912008838501e+01
-7.723826990345854426e+01
-1.119485948155407584e+02
-5.028838770347659448e+01
-5.618736959880941839e+01
-3.684192195902811306e+01
-8.641230288940896287e+01
-3.427943002756241242e+01
-3.372376029105776496e+01
-2.125571689842819012e+01
-6.282068485833455895e+01
-6.184166464703930899e+01
-5.859354155548104615e+01
-5.715088429862867514e+01
-4.161728165566687920e+01
-5.988906704113238533e+01
-6.342107287477847422e+01
-1.819629535056910186e+01
-8.585033282839323476e+01
-8.371242717547090706e+01
-5.786282241201644894e+01
-4.483394672942613113e+01
-7.367914577412138044e+01
-1.457011940782901505e+01
-8.335883067468223828e+01
-2.275657368214258369e+01
-8.119758143392954253e+01
-4.794798579862698773e+01
-2.025276787001211432e+01
-8.369012081499433009e+01
-2.933346035661589113e+01
-8.299008137330649504e+01
-5.155164222319732659e+01
-4.859926753057468574e+01
-6.053974113725755046e+01
-9.104822057633643340e+01
-7.451063222794451235e+01
-2.203849956369870711e+01
-4.583757496100082562e+01
-7.808075580847949482e+01
-6.300106956844113171e+01
-3.806378340378476821e+01
-1.881310111725895595e+01
-5.394958647122055595e+01
-2.932751689649195015e+01
-8.890557134400130224e+01
-8.008486921452117713e+01
-8.092876398813160677e+01
-2.659547599508346405e+00
-1.096877307264321644e+02
-7.959355501770127717e+01
-5.195350814145810148e+01
-6.032195827221094930e+01
-6.055041896172228633e+01
-7.735985422453919114e+01
-8.487091819055119402e+01
-2.852475103528992406e+01
-9.073870165658601650e+01
-2.071298840708735867e+01
-4.623722496766256285e+01
-6.147705897008358988e+01
-6.028682576462237108e+01
-5.077747009838043368e+01
-1.062343083214690687e+01
-6.292927258001185464e+01
-8.233937219245453321e+01
-1.087570450202649397e+02
-7.040708441579174348e+01
-2.808407771531680552e+01
-4.543684504380337330e+00
-1.056342035154545655e+01
-6.228394923711224607e+01
-8.460080118895616863e+01
-7.152990281411739204e+01
-6.454038697993307494e+01
-7.811898667657453643e+01
-4.923171031156942234e+01
-3.251414495583109954e+01
-6.078069648993436402e+01
-1.286085596368137658e+02
-1.611837406103406423e+01
-4.841788189853915014e+01
-8.496764102972521471e+01
-1.809775812029375786e+01
-3.522212483985397569e+01
-8.633690605844141430e+01
-4.015588461903354300e+01
-1.447543034738668410e+01
-4.746491635927487351e+01
-1.368887063769641088e+01
-2.967949474064702642e+01
-1.023790058529232994e+01
-1.602936692278821340e+01
-2.259634078169056437e+01
-3.099529400809072399e+01
-4.245622769733164148e+01
-6.413313678270013440e+01
-9.587975056087221049e+01
-4.817939562616437854e+01
-1.473582182424787490e+01
-8.543730044338219898e+01
-2.841473392189618608e+01
-4.817939562616437854e+01
-1.471109030176710952e+01
-6.239480992011189642e+01
-6.284794256994518946e+01
-2.746733925225284167e+01
-6.135161904739507577e+01
-6.409955374519934423e+01
-6.084257513686385010e+01
-6.500998467369961986e+01
-1.082044747254408179e+01
-1.128518063128996403e+02
-8.592620105627347016e+01
-1.144092604544858887e+02
-5.078027788050950875e+01
-7.867671919493801624e+01
-4.059872956285877876e+01
-3.240819168920188531e+01
-4.749588420015486179e+01
-7.152990281411739204e+01
-8.272334176035676023e+01
-4.980369872442135204e+01
-7.808075580847949482e+01
-6.462503381098706257e+01
-4.998745863087157915e+01
-5.972257857929889724e+01
-1.556509176404422412e+01
-4.918873837126564297e+01
-6.442035157535373457e+01
-6.395697885897862278e+01
-1.153941216090813100e+02
-3.339205213543083772e+01
-8.797182378313959816e+01
-1.363072317799735345e+01
-9.305267463834695718e+01
-3.242394040394886190e+01
-6.574332047541868462e+01
-3.208640750567241895e+01
-5.847933581146393323e+01
-7.565093700079918904e+01
-4.869617713034325135e+01
-1.095233799518753841e+02
-4.817939562616437854e+01
-6.279248725683864052e+01
-8.429960793566890231e+01
-2.842003722795441689e+01
-1.400488925864493694e+01
-1.163045525375815998e+02
-5.283767327883970211e+01
-7.196012141147843977e+01
-4.647191100499797756e+01
-6.297117794758523246e+01
-5.992171904311271646e+01
-2.163218186023757283e+01
-1.000077950993797486e+02
-1.145273947606958558e+02
-2.172986230367627769e+01
-3.913668383890280467e+01
-8.636816445669714426e+01
-6.307837408353849895e+01
-8.819028620495203086e+01
-8.272334176035676023e+01
-9.096068280255778404e+01
-1.060831752328871858e+01
-1.062343083214690687e+01
-5.087556846367460395e+01
-7.934172247855784121e+01
-1.096138216240339602e+02
-8.429960793566890231e+01
-1.556509176404422412e+01
-2.040887276425557673e+01
-1.143431443958421880e+02
-5.515432686964872744e+01
-1.144891556392376799e+02
-5.515432686964872744e+01
-6.709672765226650881e+01
-6.588605106754971530e+01
-7.908953704621549718e+01
-8.745384934144713895e+01
-2.771556993389575041e+01
-6.084934221392207121e+01
-4.620359010105386943e+01
-4.271238996045934755e+01
-4.631848005388778944e+01
-7.923266143382855375e+01
-3.296969523656512990e+01
-8.592620105627347016e+01
-5.515432686964872744e+01
-5.465066427570094021e+01
-2.515781274788736610e+01
-6.176466933810557691e+01
-7.333776796019604660e+01
-3.298031619701090733e+01
-4.601687326434202419e+01
-6.046306567985002545e+01
-6.131604792752017374e+01
-7.292450115116315601e+01
-4.580757033878613882e+00
-7.053217121481674212e+01
-1.786700783819892280e+01
-8.973761915445975035e+01
-2.920694338740628737e+01
-6.064915922223939049e+01
-1.290561364715137813e+02
-5.831107105019947312e+01
-1.098427609591841900e+02
-3.242394040394886190e+01
-6.055041896172228633e+01
-1.876227543952854404e+01
-7.718979810185189194e+01
-4.839616064199498879e+01
-4.839600624086251202e+01
-7.296059035019017358e+01
-4.933419553507798838e+01
-3.268264242471225600e+01
-1.854191838083657728e+01
-5.788446420932781677e+01
-7.561581651454609698e+01
-1.121179947419288112e+02
-4.647191100499797756e+01
-4.503193845053814925e+01
-1.621096339041703516e+01
-4.904973117109202718e+01
-7.053217121481674212e+01
-3.206303828497162556e+01
-7.300941261995704679e+01
-8.037123595759008765e+01
-8.242599223317827750e+01
-1.009195489303583742e+02
-7.870738643456101613e+01
-2.714554331689737765e+01
-6.271840240819792456e+01
-5.036752456760010688e+01
-5.209519401763981961e+01
-7.369320506396486792e+01
-1.858260232054026417e+01
-7.741147666113167247e+01
-7.060356122957604441e+01
-4.717177478133936575e+01
-6.654310855365255861e+01
-6.989939196502250240e+01
-1.095644847299904825e+02
-3.235754835216588532e+01
-3.825604424130909820e+01
-6.016290365838302279e+01
-1.730960831399540112e+01
-5.014636798041148325e+01
-5.107361776536242104e+01
-1.138743214704746123e+02
-4.580757033878613882e+00
-8.071240301158042030e+01
-9.001253113784599691e+01
-8.200901619947048005e+01
-6.413313678270013440e+01
-1.139846900171875532e+01
-2.691988565747050899e+01
-5.862942917253600683e+01
-3.275399649402016422e+01
-5.426936423030515044e+01
-5.697351239452773086e+01
-1.881310111725895595e+01
-4.710324720658262265e+01
-1.876776119068438931e+01
-4.846947735450442707e+01
-8.279203597983200780e+01
-9.845765517361189723e+01
-1.865807088450685569e+01
-6.395697885897862278e+01
-8.491440467676882520e+01
-6.495999093992153917e+01
-2.414958720061893160e+01
-1.062343083214690687e+01
-6.276499190337338518e+01
-2.906543924615832353e+01
-6.266121187960921901e+01
-6.622594053165416028e+01
-1.382005245683879480e+01
-3.540400007250330106e+01
-1.756079309917479492e+01
-2.416008407093645260e+01
-1.416326755635457779e+01
-8.615645499895266823e+01
-3.083810029395640129e+01
-7.380204044521012463e+01
-3.266630645593846793e+01
-4.737851337808408658e+01
-1.888012725012555748e+01
-5.889292698554761785e+01
-5.358711554306764668e+01
-1.231004108108224671e+02
-1.018722483597157833e+02
-7.097344465627909926e+01
-4.059872956285877876e+01
-3.296969523656512990e+01
-5.357531464306209301e+01
-4.924682362042756267e+01
-6.350415820181842719e+01
-4.627887005327997372e+01
-1.086121427766778282e+02
-8.230973707200070066e+01
-5.606218169738816925e+01
-7.355249218720248905e+01
-3.069728079077323102e+01
-1.062343083214690687e+01
-3.266271089706383179e+01
-4.214112774768111080e+01
-1.866056783558326515e+01
-7.674520845413329084e+01
-2.809835074193178173e+01
-8.842875375764312196e+01
-6.011088981262450659e+01
-3.208206694509813417e+01
-5.036752456760010688e+01
-5.697351239452773086e+01
-6.129449117407173730e+01
-1.037133077889925374e+02
-7.934172247855784121e+01
-3.296969523656512990e+01
-4.715544389217985355e+01
-5.353846625935599945e+01
-2.949465793884088782e+01
-8.735486814208812234e+01
-7.380204044521012463e+01
-3.152564939641863617e+01
-6.084934221392207121e+01
-3.103458613561306478e+01
-6.412514038811561079e+01
-7.281450146477135377e+01
-2.966706045124503532e+01
-8.500962161270075512e+01
-8.691048112867242992e+01
-8.205987199879096750e+01
-7.934172247855784121e+01
-6.962174028631656597e+01
-2.704403040487211385e+01
-6.198507568303423909e+01
-4.904973117109202718e+01
-8.624571607242721427e+01
-3.885706936668633205e+01
-8.498207994599169979e+01
-1.595418351517958833e+01
-5.097191016141714925e+01
-6.809956207637456771e+01
-8.272334176035676023e+01
-5.216621258180386178e+01
-8.391184777412152584e+01
-1.555616707732194826e+01
-8.293387451512953135e+01
-4.663377392228131413e+01
-8.271833082789692071e+01
-5.697351239452773086e+01
-6.395176913671421204e+01
-7.782088496508399089e+01
-6.841527415300393500e+01
-4.647191100499797756e+01
-3.084852953820024268e+01
-6.146084989022279643e+01
-6.893816003287251704e+01
-8.934824029305400472e+01
-7.911278314340766826e+01
-8.557064920892833015e+01
-6.096796507314933677e+01
-4.620715159080238976e+01
-1.804774996824676592e+01
-2.949465793884088782e+01
-1.416326755635457779e+01
-1.595418351517958833e+01
-5.787588830317211830e+01
-1.810282325441196605e+01
-8.223834705724129890e+01
-8.836428026994741458e+01
-5.778107680648482614e+01
-1.387445380652001248e+01
-5.515432686964872744e+01
-8.491440467676882520e+01
-7.438538754403272435e+01
-6.419950149882720325e+01
-3.388788154967795840e+00
-7.319159006822522429e+01
-1.742455431876608429e+01
-4.004293061409467214e+01
-3.697305785177349691e+01
-6.702663062066562816e+01
-1.791084581981575852e+01
-3.797106340277645842e+01
-6.753893572471672258e+01
-8.976195961773730403e+01
-8.021791271642648269e+01
-4.580757033878613882e+00
-4.639634446070701301e+01
-1.744084743970678630e+01
-6.893816003287251704e+01
-8.447189097874806407e+01
-5.077497272341688728e+01
-1.881310111725895595e+01
-7.380204044521012463e+01
-8.992369824367065689e+01
-4.580757033878613882e+00
-7.371272131948815343e+01
-7.934172247855784121e+01
-1.843959053464337572e+01
-5.682639605409644901e+01
-4.326604336228763970e+01
-6.413313678270013440e+01
-9.001253113784599691e+01
-9.191635851088564380e+01
-5.033617062375132178e+01
-6.084934221392207121e+01
-8.879077661644068087e+01
-4.039365037549311666e+01
-8.021791271642648269e+01
-7.260273051422986157e+01
-6.413313678270013440e+01
-3.710974641635823446e+01
-7.214428007661162212e+01
-4.059872956285877876e+01
-5.353846625935599945e+01
-8.223834705724129890e+01
-4.800247748607361586e+01
-5.180217476493402984e+01
-6.754006120112087785e+01
-5.107361776536242104e+01
-7.808075580847949482e+01
-5.207692244187349928e+01
-8.025732967705087617e+01
-5.964239006791580522e+01
-4.763062404346474210e+01
-8.356467280939131115e+01
-1.012860729650141707e+02
-5.347066360377271366e+01
-3.211357012753683904e+01
-6.129449117407173730e+01
-3.383452559637922974e+01
-1.240926515343235224e+02
-6.366515072580097723e+01
-7.955055875771223839e+01
-7.355249218720248905e+01
-5.697351239452773086e+01
-6.559104456540011086e+01
-2.838176317472155574e+01
-2.229647439015545984e+01
-6.084934221392207121e+01
-5.359042795192031861e+01
-2.259634078169056437e+01
-9.229964028376811314e+01
-4.384937259199593029e+01
-7.399038737079042960e+01
-7.424864456271765789e+01
-2.803366364963424218e+01
-7.215300648207377776e+01
-6.309448016093574552e+01
-1.382005245683879480e+01
-5.607729188402908704e+01
-5.749634824794530630e+01
-3.815426107370134190e+01
-5.515432686964872744e+01
-6.846519859012339282e+01
-5.000161805554218120e+01
-6.164327329776700282e+01
-1.706046431026327070e+01
-8.920784545113764352e+01
-5.831107105019947312e+01
-1.286085596368137658e+02
-3.979099670644336584e+01
-7.223044986784789501e+01
-5.877268304511167685e+01
-4.969245877104714282e+01
-7.053217121481674212e+01
-8.334158860872018693e+01
-6.176466933810557691e+01
-5.049356278206266069e+01
-4.754445558666080274e+01
-1.900368032181043887e+01
-2.069479773084778529e+01
-2.842003722795441689e+01
-3.992831020681967402e+01
-5.697351239452773086e+01
-1.223899879302529001e+02
-4.869617713034325135e+01
-6.654310855365255861e+01
-8.596814464342405415e+01
-2.949465793884088782e+01
-5.903303967744949432e+01
-2.659738476318491252e+01
-6.559104456540011086e+01
-5.119660781847341724e+01
-1.368206703231709653e+01
-4.561362633625681440e+01
-9.030131474217537857e+01
-4.815201271397960880e+01
-3.729205443430934253e+01
-5.162709296327071939e+01
-1.382005245683879480e+01
-1.373517073953131806e+01
-1.058129064459970436e+02
-6.176466933810557691e+01
-2.603585547448905579e+00
-4.809312310485498898e+01
-1.022854291352490819e+01
-6.370827848682873196e+01
-1.485537160182890482e+01
-7.053217121481674212e+01
-1.087255756923352692e+02
-1.382005245683879480e+01
-6.476924068657930889e+01
-3.902137534853597600e+01
-1.881310111725895595e+01
-3.650085959702290950e+01
-3.347752834710208703e+01
-1.092881024179301477e+02
-1.104411736984613412e+02
-6.413313678270013440e+01
-1.117870195071872104e+02
-5.954162718386847075e+01
-4.292172739060699627e+01
-5.902720999358047749e+01
-6.554426261781769369e+01
-2.083338656599994110e+01
-4.869617713034325135e+01
-5.697351239452773086e+01
-5.896339001671816504e+01
-6.890787814005292944e+01
-5.831107105019947312e+01
-3.156786647067950469e+01
-4.611464826935704053e+01
-8.691048112867242992e+01
-5.992888828899216236e+01
-5.113957917041341261e+01
-7.861601998313129513e+01
-1.163045525375815998e+02
-4.620962726702079237e+01
-1.768456515915475435e+01
-6.011353516142042963e+01
-1.556509176404422412e+01
-5.889702530059113172e+01
-6.551803452721181031e+01
-6.852532306238023807e+01
-3.428526120351746442e+01
-5.119660781847341724e+01
-2.841473392189618608e+01
-5.319264708167735023e+01
-1.881310111725895595e+01
-8.582449345232824101e+01
-5.107045508384145194e+01
-5.656484676709450810e+01
-1.556509176404422412e+01
-4.817939562616437854e+01
-6.325308099716202292e+01
-4.018589259236644295e+01
-5.861086049742707615e+01
-1.131137407903499650e+02
-1.387445380652001248e+01
-2.762511780384486570e+01
-1.215503145952597208e+02
-5.151576599035410453e+01
-2.984553444375033848e+01
-5.747313784207106835e+01
-3.468480974957659413e+01
-6.840243551022747681e+01
-6.014280313403581602e+01
-5.896862837436906091e+01
-3.850502145892571804e+01
-5.503282043948638602e+01
-1.646473013938978269e+01
-5.355352138078129798e+01
-3.640569333045512934e+01
-7.882606897568278725e+01
-2.148449941418374820e+01
-4.812657144070887227e+01
-2.715039539924229928e+01
-6.601245394720172044e+01
-4.869617713034325135e+01
-3.598867831253519967e+01
-6.999273956193896140e+01
-6.078069648993436402e+01
-3.027742811399447120e+01
-5.271960707972873905e+01
-3.855368001136950795e+01
-6.082227694273402818e+01
-8.367502636160514840e+01
-6.341848244251929856e+01
-8.331963611581552698e+01
-1.881310111725895595e+01
-3.348140372408599319e+01
-6.365982902504105567e+01
-8.691048112867242992e+01
-7.967671780641356349e+01
-3.046752517557441919e+01
-6.819215672162913222e+01
-6.698627460144652446e+01
-2.259634078169056437e+01
-5.576250676075984813e+01
-5.115176376100178146e+01
-7.206619425354841724e+01
-4.268625702305683944e+01
-8.083890745919471499e+01
-2.550705577259788015e+01
-7.921231433859000504e+01
-1.496013217879971613e+01
-5.515432686964872744e+01
-2.259634078169056437e+01
-7.967671780641356349e+01
-4.904973117109202718e+01
-4.408046509975912386e+01
-6.160072217423060437e+01
-8.601995243858300455e+01
-7.152949912772224650e+01
-1.163045525375815998e+02
-5.831107105019947312e+01
-3.113212902484795919e+01
-1.112172589405027026e+02
-4.869617713034325135e+01
-1.881310111725895595e+01
-5.717175247125402393e+01
-2.007671006653599122e+01
-8.592620105627347016e+01
-1.288305746864820662e+02
-5.107361776536242104e+01
-4.580757033878613882e+00
-4.747965277359998737e+01
-2.509725470249360058e+01
-6.195479199047499463e+01
-8.483563672393958655e+01
-4.473733847814854414e+01
-3.296969523656512990e+01
-4.372642172421204521e+01
-9.881085099371986757e+01
-5.650109542352864622e+01
-2.175148182835312838e+01
-4.342284119947505161e+01
-1.595418351517958833e+01
-3.825604424130909820e+01
-7.812233925418476588e+01
-6.135994777476477680e+01
-3.974010118369380251e+01
-7.934172247855784121e+01
-1.382005245683879480e+01
-8.781656315623800424e+01
-5.810343734918992453e+01
-5.359042795192031861e+01
-2.259634078169056437e+01
-5.037342602903508038e+01
-1.416326755635457779e+01
-6.469194990053040328e+01
-5.515432686964872744e+01
-4.557163891886114016e+01
-8.247087842720016226e+01
-3.869558652635092244e+01
-6.486740978747921815e+01
-5.101695110126061650e+01
-5.353846625935599945e+01
-3.974010118369380251e+01
-5.588256673418143805e+01
-1.280162643028503169e+02
-4.580757033878613882e+00
-2.414958720061893160e+01
-4.059872956285877876e+01
-5.541553132147595306e+01
-4.756899283618286489e+01
-8.708085576715110676e+01
-5.107361776536242104e+01
-6.362459876297373285e+01
-7.828316369352631909e+01
-4.924682362042756267e+01
-9.642006404486156157e+01
-6.620815748380104893e+00
-5.808814510472888060e+01
-8.659331310667397474e+01
-1.163045525375815998e+02
-3.818527188469635547e+01
-7.792994600981324993e+01
-1.724181520152816205e+01
-1.116453723062377463e+02
-1.881310111725895595e+01
-3.919811905476591107e+01
-7.445163509129325519e+01
-3.974010118369380251e+01
-3.869558652635092244e+01
-4.059872956285877876e+01
-1.050484654400015216e+02
-6.176466933810557691e+01
-1.881310111725895595e+01
-4.683874610030314756e+01
-2.077179595154466085e+01
-2.074168532823141575e+01
-4.472811582995914392e+01
-8.451939253473832991e+01
-1.881310111725895595e+01
-6.551751863694212830e+01
-3.138385512657243481e+01
-1.055743533756654671e+02
-5.399524016036946961e+01
-1.598309520924659211e+01
-5.037342602903508038e+01
-5.107361776536242104e+01
-5.530314475467893942e+01
-6.354615968362644907e+01
-5.990679415022766818e+01
-7.240042265164206015e+01
-7.238610794733507703e+01
-2.842476219890222566e+01
-1.032817893449483222e+02
-1.062343083214690687e+01
-8.633690605844141430e+01
-4.913692196679182445e+00
-3.984663757710585230e+01
-7.173918193196286097e+01
-4.734917178444418084e+01
-8.148033293255696208e+01
-7.066136463640681598e+01
-5.054213384189880287e+01
-9.305267463834695718e+01
-6.671284431903661982e+01
-2.259634078169056437e+01
-6.298871961612555026e+01
-4.780951342820577565e+01
-7.196012141147843977e+01
-1.595418351517958833e+01
-8.670414289093599791e+01
-1.595418351517958833e+01
-6.877227455847736337e+01
-1.155709124654004825e+02
-4.365669843215840729e+01
-8.322674018538612017e+01
-2.265373712579625831e+01
-8.345141561119214657e+01
-5.508594364383739617e+01
-8.757562474684874587e+01
-7.387845639147022325e+01
-1.416326755635457779e+01
-1.025087673394737209e+02
-2.513529148772521182e+01
-4.791417590011412386e+01
-5.808678370342848751e+01
-7.380204044521012463e+01
-1.094237858824392902e+02
-8.423853656489077935e+01
-5.107361776536242104e+01
-5.359042795192031861e+01
-8.090406214070577562e+01
-1.876227543952854404e+01
-6.129449117407173730e+01
-1.080826763395304368e+01
-1.014665816514245478e+02
-1.556509176404422412e+01
-5.119660781847341724e+01
-4.898601497509263680e+01
-4.231513507434172539e+01
-5.279818824213425188e+01
-5.151576599035410453e+01
-2.148449941418374820e+01
-1.556509176404422412e+01
-8.691048112867242992e+01
-8.902505999157759220e+01
-9.474770269446925397e+01
-8.272334176035676023e+01
-8.429960793566890231e+01
-4.980369872442135204e+01
-9.650430766815233596e+01
-3.242394040394886190e+01
-2.252166953660093540e+01
-5.113560055600732568e+01
-1.146921450983275435e+02
-6.176466933810557691e+01
-2.414958720061893160e+01
-2.841473392189618608e+01
-3.296969523656512990e+01
-9.001253113784599691e+01
-3.242394040394886190e+01
-2.986671201765136008e+00
-2.148449941418374820e+01
-1.249168937489313720e+02
-6.386554065464483898e+01
-1.001515005195811909e+02
-4.603101324388732252e+01
-7.053217121481674212e+01
-6.413313678270013440e+01
-7.967671780641356349e+01
-3.706475729594326651e+01
-1.996939613857092866e+01
-9.817018839789733420e+01
-1.881310111725895595e+01
-4.758366231471119789e+01
-4.854857094232210102e+01
-6.582197466605862246e+01
-9.604697576107618318e+01
-8.083890745919471499e+01
-6.324412942218907574e+01
-6.325529503097305906e+01
-5.107361776536242104e+01
-7.443069034413208840e+01
-4.520155257553167161e+01
-4.606687832400169214e+01
-4.817939562616437854e+01
-4.642752972352435137e+01
-3.588629274749649056e+01
-1.865807088450685569e+01
-1.413484375021133133e+01
-7.918661838562348976e+01
-6.504509650549006494e+01
-4.878132080768548917e+01
-7.138402149306182309e+01
-2.603585547448905579e+00
-7.355249218720248905e+01
-7.941581523933146514e+01
-4.924682362042756267e+01
-4.746678138585685502e+01
-4.733776959991720190e+01
-3.277637378189160700e+01
-7.333866772883543206e+01
-2.066807173763788086e+01
-5.922028549604976888e+01
-6.146084989022279643e+01
-3.107676089153145327e+01
-4.924682362042756267e+01
-5.693145171226552037e+01
-2.397990527702507535e+01
-4.733165377316704792e+01
-4.994631639974207360e+01
-6.262958681106822212e+01
-6.116483191982383971e+01
-7.520048571537202520e+01
-3.938786753666452967e+01
-1.862693633558054884e+01
-7.076897725413816431e+01
-5.476400969875396640e+01
-5.528152214126473041e+01
-2.569531958934198101e+01
-7.843129155005779296e+01
-1.714369722374342331e+01
-2.628955895071644733e+01
-5.286619061730239366e+01
-1.820455507795537642e+01
-6.587042186842185743e+01
-5.063658131475443014e+01
-4.904973117109202718e+01
-2.841473392189618608e+01
-6.086047265155573172e+01
-8.544209607761166581e+01
-1.232652137153799572e+02
-1.626108202460665098e+01
-1.090342561575882883e+02
-7.184147195673172348e+01
-4.374264208875806048e+01
-7.357028171482227208e+01
-4.869617713034325135e+01
-7.490397904067955892e+01
-1.382005245683879480e+01
-9.407456444231806358e+01
-4.580757033878613882e+00
-4.415755663395227515e+01
-3.812452522682315248e+01
-4.867335383455171893e+01
-4.493053807640102804e+01
-1.855551873171220834e+01
-5.563286286866640040e+01
-2.841473392189618608e+01
-3.869558652635092244e+01
-4.647191100499797756e+01
-1.881310111725895595e+01
-2.414958720061893160e+01
-2.232693473584924249e+01
-8.686291736946363073e+01
-2.048991744180897712e+01
-4.577493933933061498e+01
-9.682452997931976313e+01
-2.259285633174507524e+01
-1.713877173634793394e+01
-2.842003722795441689e+01
-9.026628386681464633e+01
-4.980369872442135204e+01
-4.733756399322632547e+01
-2.532523653120906459e+01
-3.175262529493484465e+01
-6.828811825461470164e+01
-4.580757033878613882e+00
-5.359042795192031861e+01
-5.077092614720864816e+01
-1.062343083214690687e+01
-6.760074418345125480e+01
-6.419950149882720325e+01
-4.945882913500566502e+01
-1.107562318532727943e+02
-4.059872956285877876e+01
-6.146084989022279643e+01
-1.037133077889925374e+02
-7.355249218720248905e+01
-2.414958720061893160e+01
-3.974010118369380251e+01
-1.518674653875924818e+01
-6.864830635371866663e+01
-4.580757033878613882e+00
-4.580757033878613882e+00
-8.223834705724129890e+01
-6.337141971590499878e+01
-5.813876089825460269e+01
-9.906934199023488929e+01
-3.238692177536805161e+01
-5.322957566066924784e+01
-4.329484953519824586e+01
-6.570659862147479657e+01
-4.301916478031567692e+01
-3.206667766830810962e+01
-1.062343083214690687e+01
-4.817939562616437854e+01
-2.855910126073193211e+01
-7.224443108760009125e+01
-7.272739290697906256e+01
-6.884450672343406552e+01
-6.654310855365255861e+01
-1.595418351517958833e+01
-2.842003722795441689e+01
-7.449683054710641272e+01
-4.503625300273326815e+01
-2.964060517119449045e+01
-7.469344566488435078e+01
-3.974010118369380251e+01
-8.272334176035676023e+01
-5.822720962682116408e+01
-6.019153922960771297e+01
-5.004921751906064031e+01
-1.876227543952854404e+01
-6.176466933810557691e+01
-3.115640263530057297e+01
-7.358085625666325313e+01
-3.974010118369380251e+01
-2.234428533088860291e+01
-6.084934221392207121e+01
-1.556509176404422412e+01
-8.429960793566890231e+01
-1.020139196816166844e+02
-6.233343914408644793e+01
-7.967671780641356349e+01
-5.672523094020694145e+01
-1.133415191993034341e+02
-5.945269503709576497e+01
-4.202538684048145967e+01
-3.211659720892301095e+01
-2.729636284942593250e+01
-8.169892345070053352e+01
-5.893625825151944753e+01
-8.633690605844141430e+01
-6.262958681106822212e+01
-6.654310855365255861e+01
-1.416326755635457779e+01
-1.483628530265246148e+01
-1.382005245683879480e+01
-5.278495155410980999e+01
-4.980369872442135204e+01
-9.029542439340653459e+01
-5.728297933950482701e+01
-2.842003722795441689e+01
-4.869617713034325135e+01
-1.143637665083350328e+02
-5.119660781847341724e+01
-4.272526693378012652e+01
-6.865003539192953497e+01
-3.534321318025106962e+01
-6.425771828726830392e+01
-7.744495130669760385e+01
-1.022854291352490819e+01
-1.416326755635457779e+01
-6.654310855365255861e+01
-6.587042186842185743e+01
-7.239786581585511271e+01
-8.157962338948570391e+01
-3.612297716141112858e+01
-5.387801583428041141e+01
-4.896701687015439575e+01
-1.876227543952854404e+01
-3.188210528839578828e+01
-6.669192643868275638e+01
-5.344822431123557038e+01
-1.756079309917479492e+01
-8.099007070807557795e+01
-2.603585547448905579e+00
-6.559104456540011086e+01
-2.994111159393152022e+01
-3.232190031763357041e+01
-7.836934139751897987e+01
-6.280384342352013505e+01
-4.638545284046479367e+00
-4.604140725107773591e+01
-1.810671583233358817e+01
-8.130576191537775799e+01
-8.691150270005151413e+01
-1.881310111725895595e+01
-1.556509176404422412e+01
-6.201055600362484199e+01
-3.125316040028771170e+01
-1.528947636205160165e+01
-6.578048939685730545e+01
-4.004293061409467214e+01
-5.574853717193794012e+01
-6.786560590925745373e+01
-8.533208939224162748e+01
-3.565354755861586966e+01
-3.383452559637922974e+01
-1.286085596368137658e+02
-1.054031582577118229e+02
-2.735045147439675617e+01
-2.703578880938093931e+01
-2.414958720061893160e+01
-6.176466933810557691e+01
-8.895130770857414859e+01
-6.470315708828925949e+01
-4.927066078020177287e+01
-4.374264208875806048e+01
-3.869558652635092244e+01
-3.824451132294834821e+01
-6.546672281483481015e+01
-8.173246402199637828e+01
-6.893816003287251704e+01
-4.064609077072307031e+01
-4.059872956285877876e+01
-7.223890384692332134e+01
-6.299861435735040516e+01
-2.414958720061893160e+01
-8.633690605844141430e+01
-6.438917059927405262e+01
-6.889541718748468213e+01
-3.231978781723720573e+01
-9.213429108705142312e+01
-5.697351239452773086e+01
-1.556509176404422412e+01
-3.869558652635092244e+01
-9.607758835029486022e+01
-3.116488725763616685e+01
-1.387445380652001248e+01
-8.222544907968332950e+01
-1.387445380652001248e+01
-6.859483664954910864e+01
-1.408208082981147236e+01
-6.515067933799281263e+01
-4.924682362042756267e+01
-7.934172247855784121e+01
-2.603585547448905579e+00
-6.654310855365255861e+01
-6.176466933810557691e+01
-1.756079309917479492e+01
-6.964521007627496374e+01
-1.110583582550652793e+01
-8.559247933593294988e+01
-4.952271623100370590e+01
-3.302467319182260042e+01
-1.487209279722556232e+01
-6.468809276244893169e+01
-6.177689616743135304e+01
-2.053209045800992882e+01
-7.517140356482019570e+01
-2.949465793884088782e+01
-6.262958681106822212e+01
-1.939054856893822887e+01
-6.153960121123606086e+01
-7.967671780641356349e+01
-1.382005245683879480e+01
-5.088292712375056936e+01
-6.048384748328023619e+01
-6.278121916750291831e+01
-1.382005245683879480e+01
-1.825252877444363975e+01
-1.455895721134818821e+01
-1.877790463865644099e+01
-8.189998955382553447e+01
-7.377266706007416985e+01
-5.932084954757370809e+01
-2.882983936994748575e+01
-6.580015993160388632e+01
-2.082168566549896482e+01
-4.924682362042756267e+01
-5.195535440148091766e+01
-5.924266714247936250e+01
-4.525991791717293466e+01
-7.894682659263492042e+01
-6.279137383641789683e+01
-6.755424658655944370e+01
-5.977323863559865913e+01
-1.921995296873338788e+01
-1.315070078445880064e+01
-6.497075321634450518e+01
-2.985291860768218086e+01
-6.333426412025072949e+01
-4.599881685836425760e+01
-1.062733848253300692e+02
-4.773981066463739609e+01
-4.004293061409467214e+01
-1.408208082981147236e+01
-2.072654264399854540e+01
-6.175786577580218051e+01
-8.874385904985186357e+01
-4.980369872442135204e+01
-6.087496060703357159e+01
-2.832791204552755815e+01
-5.611936421368559991e+01
-6.103404453507057781e+01
-7.355249218720248905e+01
-1.881310111725895595e+01
-1.517634387694771902e+01
-2.675445008051981333e+01
-1.048950177564281034e+02
-3.683726991960952546e+01
-1.429407001591664716e+01
-1.841233694110430719e+01
-4.580757033878613882e+00
-9.008327191194543104e+01
-7.776754148448280546e+01
-7.808830948456056831e+01
-5.515432686964872744e+01
-3.345210022992475984e+01
-9.929325598707949041e+01
-2.091886139677549750e+01
-4.374264208875806048e+01
-4.730952743864234833e+01
-6.478331170898459845e+01
-1.110583582550652793e+01
-8.764848301228879279e+01
-1.434942014958321366e+01
-4.866180061952400848e+01
-1.663817856523877481e+01
-4.382249516226301012e+01
-2.291412706948757716e+01
-4.855095498069323412e+01
-3.352674365066054918e+01
-4.678376271157691235e+01
-6.328208582497619972e+01
-1.782118304286611732e+01
-7.408967171854955325e+01
-6.150464362907571569e+01
-6.467954422394268477e+01
-8.139354720875303428e+01
-3.085990540808528859e+00
-5.344398747983042597e+01
-1.379130057770602136e+01
-1.509217722401393225e+01
-9.977248029492720605e+01
-3.869558652635092244e+01
-4.040734297885956039e+01
-6.362399180670872312e+01
-2.186741832919864592e+01
-5.392764937820446391e+01
-6.303348768023969484e+01
-7.522054410125001311e+01
-1.756631264121487845e+01
-3.703696600014316687e+01
-4.435282302753467576e+01
-4.512325697881678366e+01
-1.110583582550652793e+01
-7.316334854768030027e+01
-1.881310111725895595e+01
-4.647191100499797756e+01
-6.828451818001929041e+01
-7.948105390944289184e+01
-1.143397325948799335e+02
-1.063331400857714613e+02
-3.841849316024431715e+01
-4.915849493565060158e+01
-6.559104456540011086e+01
-4.297739954459379419e+01
-4.897442415296585239e+01
-7.809959178599203256e+01
-5.697881922153197820e+01
-7.424656961029819513e+01
-4.616742134437571110e+01
-1.062343083214690687e+01
-7.070043597608116670e+01
-2.879338117658477003e+01
-5.515585020205912059e+01
-1.595418351517958833e+01
-3.383452559637922974e+01
-7.355249218720248905e+01
-7.360293664347116760e+01
-5.737921436237149919e+01
-6.840812676689839122e+01
-1.485117126201050297e+01
-3.272121287670211132e+01
-2.940486359535437444e+01
-8.939643152237803747e+01
-6.486740978747921815e+01
-1.556509176404422412e+01
-7.224606390297412872e+01
-7.623301167019050695e+01
-1.788291972074641123e+01
-3.242394040394886190e+01
-1.023027393249760308e+02
-8.075401303807400666e+01
-1.382005245683879480e+01
-3.201529397429811752e+01
-4.991724581517444648e+01
-4.533410819640732115e+01
-5.515432686964872744e+01
-8.902505999157759220e+01
-4.954222723043999110e+01
-2.603585547448905579e+00
-5.097161117468606761e+01
-3.825604424130909820e+01
-6.601847444700371170e+01
-7.208482547998197276e+01
-5.668111067276627324e+01
-6.564951723991669041e+01
-6.587042186842185743e+01
-7.649999996523978041e+01
-3.828274955585840189e+01
-4.374264208875806048e+01
-1.008898495091750789e+02
-5.475397305667597436e+01
-2.846045377892545147e+01
-7.818117720924769287e+01
-6.098480594844655656e+01
-3.492949732148781550e+01
-5.162825484057639613e+01
-1.416326755635457779e+01
-6.486740978747921815e+01
-5.052224391406527104e+01
-2.859240264139759446e+01
-2.949465793884088782e+01
-3.977135958194955379e+01
-2.337443603685848714e+01
-5.061023206835650967e+01
-6.486220006521436687e+01
-9.433741948672016520e+01
-6.868661681010310360e+01
-7.967671780641356349e+01
-1.001541142208303654e+02
-9.772486295541852996e+01
-9.780629894194559881e+01
-5.015596424062741754e+00
-4.647191100499797756e+01
-6.825252446438413756e+01
-4.836891843603686425e+01
-2.148449941418374820e+01
-4.647191100499797756e+01
-4.004293061409467214e+01
-4.732254111944197916e+01
-7.464280561380662959e+01
-1.812728343056238245e+01
-5.342691088018953138e+01
-1.881076342035319371e+01
-6.466685171371187835e+01
-3.974010118369380251e+01
-2.828891969852739408e+01
-8.691048112867242992e+01
-9.595438020022137948e+01
-6.654310855365255861e+01
-4.004293061409467214e+01
-5.098949061153825824e+01
-7.272091899381737790e+01
-4.258241567085714507e+01
-6.676184584769890762e+01
-6.757534126766282156e+01
-7.742111653433391893e+01
-3.008978890049377597e+01
-3.383452559637922974e+01
-2.265373712579625831e+01
-2.603585547448905579e+00
-2.846045377892545147e+01
-7.245329709750079417e+01
-4.426903159080015371e+01
-7.620154623911787439e+01
-4.869617713034325135e+01
-6.492283504226550406e+01
-5.245805400561216914e+01
-4.762596246659656174e+01
-6.150045480144766685e+01
-2.123244396338178319e+01
-4.257322671016892457e+01
-1.876227543952854404e+01
-5.285334045707029560e+01
-4.147242288634601692e+01
-4.981692452602946730e+01
-4.258322561659146288e+01
-1.344469828331235384e+01
-1.494443738742854322e+01
-1.022854291352490819e+01
-9.570185233317067741e+01
-6.026260436869917925e+01
-1.382005245683879480e+01
-1.876227543952854404e+01
-3.634948930442624970e+01
-1.513388221888573781e+01
-8.386755570179229835e+01
-4.064451717780519147e+01
-5.119660781847341724e+01
-7.494551861335439469e+01
-9.231969517050846719e+01
-5.989530263616438077e+01
-5.073290625071773086e+00
-4.869617713034325135e+01
-2.764897673424536251e+01
-4.818929397636986778e+01
-6.564352829432817771e+01
-4.474797118749724945e+01
-8.166206812283347460e+01
-7.312457030554492121e+01
-3.242394040394886190e+01
-6.353516956997242460e+01
-1.408208082981147236e+01
-3.173795245960217670e+01
-8.196402550982911350e+01
-3.972112991213719368e+01
-2.012931961916453005e+01
-9.325156751043519421e+01
-3.282219067055822848e+01
-6.176466933810557691e+01
-6.713974074172638495e+01
-6.695092958522917570e+01
-8.210367764985517169e+01
-4.409490695171546548e+01
-1.835118949708587621e+01
-6.578501538198977983e+01
-6.458063983558496091e+01
-5.743602841373284917e+01
-1.062343083214690687e+01
-5.943692257839097692e+01
-1.371542851333367175e+01
-8.508107133001021793e+01
-7.913720661254980371e+01
-2.603585547448905579e+00
-8.125758928958363470e+01
-1.569660112963288334e+01
-2.022386991762270014e+01
-4.969647447594746836e+01
-1.416326755635457779e+01
-6.149021860259514227e+01
-1.992551155375095107e+01
-9.714406387048678937e+01
-5.853520415894590911e+01
-3.767019058952151056e+01
-5.145721443335111189e+01
-6.336540450915498468e+01
-3.036443967746028250e+01
-1.556509176404422412e+01
-1.756079309917479492e+01
-3.036443967746028250e+01
-2.581177137788646903e+01
-4.664647222581905339e+01
-4.889112162612430268e+01
-4.306726292431066838e+01
-7.803127572572779513e+01
-7.604342886740465701e+01
-9.658718169301347700e+01
-5.136110691801303574e+01
-5.993429116060310236e+01
-4.332980511826568915e+01
-8.025556056701800856e+01
-6.584821532938184419e+01
-4.423006262826663004e+01
-5.826532676846218806e+01
-4.679308013741478334e+01
-5.558850129616757130e+01
-7.172942130596969434e+01
-7.636128638037905603e+01
-1.396126273254997585e+01
-3.478199275548097091e+01
-7.575161386211611614e+01
-1.441664013756982143e+01
-4.795349690302076340e+01
-3.873174421525884270e+01
-5.515432686964872744e+01
-1.408208082981147236e+01
-4.289162966398090049e+01
-1.278964070012490772e+01
-6.464550035218603341e+01
-4.142360869570583759e+01
-2.148449941418374820e+01
-1.343367887851852949e+01
-4.532775514649951276e+01
-1.069702713627518023e+02
-4.385269145409461089e+01
-3.296969523656512990e+01
-6.654310855365255861e+01
-4.869617713034325135e+01
-8.250497545919932918e+01
-7.161642293777366319e+01
-4.230299857031049982e+01
-7.934172247855784121e+01
-4.686618435956328454e+01
-4.557573971155250803e+01
-5.257459067714594170e+01
-5.151576599035410453e+01
-1.101073819497112822e+02
-1.756079309917479492e+01
-4.443525814719801303e+01
-4.349506087038009383e+01
-1.556509176404422412e+01
-5.424281363469786754e+01
-1.003179553795885539e+02
-1.416326755635457779e+01
-7.248743318480991604e+01
-7.782198326679009881e+01
-5.314685957648510595e+01
-4.059872956285877876e+01
-2.099471264747143806e+01
-4.504562072551196650e+01
-5.341438510369493287e+01
-5.231739328250831988e+01
-5.678900736455050691e+01
-6.466361780467518372e+01
-4.822405723010734846e+01
-4.677559643215257523e+01
-2.563443691205746688e+01
-7.412502074151112197e+01
-4.056934536728018514e+01
-2.148449941418374820e+01
-3.715445152951871677e+01
-1.416326755635457779e+01
-4.077687488415116945e+01
-7.383357365256648563e+01
-4.766103872721370038e+01
-2.219585845549589820e+01
-6.070468353781707549e+01
-6.051000130296583279e+01
-9.732329105207645625e+01
-6.151016357532437695e+01
-9.955318046439289503e+01
-5.355172005355790787e+01
-5.769803380037242846e+01
-2.259634078169056437e+01
-4.374264208875806048e+01
-5.056950686375864024e+01
-4.681266121088614796e+01
-6.102538537614030645e+01
-6.346867116787756657e+01
-5.199086983112995597e+01
-6.840389044188609091e+01
-6.419045506237414145e+01
-3.452975622272045086e+01
-8.337286250291910505e+01
-2.444689121698041845e+01
-5.876357283871499959e+01
-2.154675177028328648e+01
-6.324138494361409357e+01
-4.717177478133936575e+01
-1.881310111725895595e+01
-8.194819059659636196e+01
-7.925204574951264647e+01
-4.470011026401058274e+01
-1.062343083214690687e+01
-4.234133117106360089e+01
-8.933312053736281655e+01
-6.893816003287251704e+01
-4.794312849721033842e+01
-8.519549157835835729e+01
-1.970600842744022074e+01
-7.396462730100427052e+01
-4.649082219000226956e+01
-7.867642218980428481e+01
-6.386554065464483898e+01
-1.813803532070593150e+01
-6.065190529716092982e+01
-6.295221162962830164e+01
-3.296969523656512990e+01
-6.058331578031440756e+01
-2.092068706018306656e+01
-8.648763797697091604e+01
-7.424607054454672550e+01
-3.383452559637922974e+01
-5.230932678151018678e+01
-5.428536512459783836e+01
-1.382005245683879480e+01
-9.809643635547445228e+01
-2.627253543899669097e+01
-3.438015785629779941e+01
-7.572034911061406603e+01
-3.203544291702228719e+01
-7.746261621031935363e+01
-1.382005245683879480e+01
-1.421664786726937990e+01
-3.393944373891391564e+01
-3.478199275548097091e+01
-7.250348877080261900e+01
-6.476702714424072838e+01
-4.582150148273456125e+01
-8.223834705724129890e+01
-8.898292414491589852e+01
-2.844564592687292048e+01
-1.621730193340305703e+01
-4.411807572412627820e+01
-5.107361776536242104e+01
-1.881310111725895595e+01
-1.054975072794819226e+02
-5.473035192314670638e+01
-4.904973117109202718e+01
-1.073486602728725501e+02
-6.070438365180229567e+01
-1.022854291352490819e+01
-6.905980762116524829e+01
-7.353113457192436897e+01
-3.505848758238749951e+01
-6.157837930940480220e+01
-1.416326755635457779e+01
-4.707771828500802513e+01
-1.062343083214690687e+01
-1.740245511057418781e+01
-4.519117514067178121e+01
-6.476260590997985389e+01
-6.948186362614079314e+01
-1.595418351517958833e+01
-1.876227543952854404e+01
-8.902505999157759220e+01
-6.562844639470839070e+01
-7.782070545918710991e+01
-5.697351239452773086e+01
-7.333306963325493655e+01
-5.536581644305607597e+01
-8.058816776301001994e+01
-3.229034034841566125e+01
-6.176466933810557691e+01
-3.566171640063934234e+01
-7.355249218720248905e+01
-6.775356936494534921e+01
-1.736972153697927723e+01
-3.718764892596305316e+01
-1.899011973525583841e+01
-2.603585547448905579e+00
-1.556509176404422412e+01
-4.374264208875806048e+01
-8.231829513177811464e+01
-1.062343083214690687e+01
-2.284693073059401058e+01
-4.647191100499797756e+01
-4.257322671016892457e+01
-3.964803472817148133e+01
-6.419950149882720325e+01
-9.888068449850555908e+01
-4.407573985693662877e+01
-3.021601304621867001e+01
-1.595418351517958833e+01
-6.435253365392284763e+01
-3.012324748728473622e+01
-4.428263837120384494e+01
-1.022193017500945160e+02
-1.556509176404422412e+01
-4.374264208875806048e+01
-7.198839907903465019e+01
-1.559635016229991322e+01
-2.318191273759777360e+01
-2.664739023834113141e+01
-1.416326755635457779e+01
-2.265373712579625831e+01
-8.738287149439115353e+01
-7.809540819396984546e+01
-3.273087234321126004e+01
-7.984060081615088222e+01
-5.472182035935816913e+01
-8.061502953449887343e+01
-4.755148045459219475e+01
-1.416326755635457779e+01
-1.053363648866042546e+01
-1.618202781090686670e+01
-7.808075580847949482e+01
-7.440694429748120342e+01
-9.293381026432108172e+01
-8.143061420082561597e+01
-4.851379005377314257e+01
-5.559576661573235157e+01
-2.475495136873156810e+01
-5.994059647177197547e+01
-3.170625839489324349e+01
-3.268960721457118268e+01
-6.176890166128534787e+01
-3.390921712119753550e+01
-7.355550996932095131e+01
-5.087556846367460395e+01
-3.410039742241516336e+01
-8.773562290518012219e+01
-7.667835929486598445e+01
-2.742388827796636619e+01
-2.024647975979087988e+01
-1.372937260368965440e+01
-6.629568282913572830e+01
-3.913722573877889488e+01
-7.797539363626214026e+01
-9.029231605357423973e+01
-5.476301686936662350e+01
-4.047870860165595275e+01
-4.323711477707181672e+01
-2.603585547448905579e+00
-5.152026277729765269e+01
-4.974565676380975532e+01
-4.606450370317867282e+01
-5.307082630289026071e+01
-1.102710732531816262e+02
-7.331821105982756137e+01
-6.650483963461043402e+01
-7.096542671215689779e+01
-4.577595878083108971e+01
-2.265373712579625831e+01
-4.869617713034325135e+01
-4.884569121987811968e+01
-6.996561834172413796e+01
-4.684895381769457856e+01
-7.203646243110368630e+01
-3.795371619459241685e+01
-4.665167202073280350e+01
-6.672794535545868655e+01
-8.707578378461121815e+01
-4.863255815668686211e+01
-1.899011973525583841e+01
-6.525123059307372841e+01
-5.760518829639571692e+01
-8.297682836063175671e+01
-6.112493696614272665e+01
-2.992939962834920564e+01
-3.410551158287269846e+00
-5.566966868539013547e+01
-6.988429171826817310e+01
-7.939613489267938462e+01
-2.436827092756685431e+01
-4.791980615038517044e+01
-8.381212562744588013e+01
-2.603585547448905579e+00
-8.253260654347577940e+01
-6.631159258929972111e+01
-2.148449941418374820e+01
-2.022422216017437790e+01
-4.532744734068747761e+01
-2.414958720061893160e+01
-7.020286213805979969e+01
-6.735857118176329550e+01
-7.517501709496417561e+01
-9.173093874861157815e+01
-3.296969523656512990e+01
-2.493096887468817613e+01
-4.526667288358267882e+01
-6.078554292519716995e+01
-1.086227870305349086e+01
-7.530324915440969846e+01
-6.965777215968215330e+01
-5.950060338882187949e+01
-2.772791591644552867e+01
-4.965970994298217533e+01
-5.601697686615748495e+01
-4.319694220867278744e+01
-2.603585547448905579e+00
-2.095103307510224511e+01
-4.475299407842780397e+01
-5.970166233593545968e+01
-6.576156827470713040e+01
-5.815844045218850766e+01
-7.380204044521012463e+01
-5.900274010105430023e+01
-6.217603601156593385e+01
-5.020737937567736253e+01
-6.084934221392207121e+01
-1.146731445580325186e+02
-5.298916631388024712e+01
-3.833832379070998542e+01
-5.823168912940327147e+01
-4.946755104499403899e+01
-5.415301929121139324e+01
-7.196012141147843977e+01
-3.825604424130909820e+01
-1.408208082981147236e+01
-6.330876030426112067e+01
-4.618979458425960694e+00
-4.949482003736849833e+01
-4.580757033878613882e+00
-5.880753665106733052e+01
-4.447226596828326706e+01
-8.224349360253097529e+01
-8.701457525055170095e+01
-1.416326755635457779e+01
-4.924682362042756267e+01
-2.634840289420785098e+01
-7.095328220317283296e+01
-6.431838114966760145e+01
-4.914565570098492486e+01
-5.143594032961858886e+01
-1.881310111725895595e+01
-1.020330540731572455e+02
-9.683650187427524259e+01
-1.440253909438280822e+01
-6.740059373917719654e+01
-1.756079309917479492e+01
-5.482014626663318069e+01
-6.218707311304749652e+01
-2.150339066746414574e+01
-8.029342588900485111e+01
-2.256435533980193142e+01
-6.717856225886806953e+01
-2.259409472883152148e+01
-1.873253734970902684e+01
-6.534857078664084895e+01
-4.326489576102370904e+01
-1.677495132553914914e+01
-9.423532273913789936e+01
-2.948130057372532420e+01
-1.909401215403312335e+01
-6.407889113107032131e+01
-1.682271074639794506e+01
-3.435695311123919282e+01
-6.104513645535665489e+01
-7.543377145106202875e+01
-4.580757033878613882e+00
-7.544665444756336115e+01
-4.159193779993882600e+01
-1.118254926721631470e+01
-5.313071102710577520e+01
-4.157563538824500426e+01
-5.462008950472750968e+01
-1.439111185208186328e+01
-3.876346587016894318e+01
-3.383452559637922974e+01
-2.146914645786894127e+01
-5.915143451289542043e+01
-6.556844045365771478e+01
-7.689417071142131022e+01
-2.049315440480186723e+01
-9.116667872901180658e+01
-8.245869800166225616e+01
-5.448750910234609535e+01
-2.603585547448905579e+00
-6.642887764837982445e+01
-4.128069389455994553e+01
-5.794828318167651560e+01
-1.382005245683879480e+01
-1.053748131995350974e+02
-1.062343083214690687e+01
-8.788154109484621301e+01
-8.877204688417265288e+01
-1.416326755635457779e+01
-2.322818007743700974e+01
-5.972162004955673353e+01
-7.475783515003028867e+01
-1.865022673577770718e+01
-4.653091147851807108e+00
-7.187356297772268476e+01
-3.704648178687466764e+00
-4.759593767762651595e+01
-2.414958720061893160e+01
-1.481233709096341578e+01
-2.603585547448905579e+00
-6.055826831790427889e+01
-4.851191612128609165e+01
-6.340970972698083585e+01
-5.004822182853322232e+01
-5.891157271057561218e+01
-5.620545490904616770e+01
-8.013855760882415780e+01
-3.242394040394886190e+01
-7.077508606387613099e+01
-4.292288806223662334e+01
-4.965970994298217533e+01
-3.409509901409560673e+00
-6.640133581048793587e+01
-8.554453465147652480e+01
-3.067714926297567501e+01
-5.730927941297458972e+01
-4.940828831931246867e+01
-6.176466933810557691e+01
-1.062343083214690687e+01
-4.059872956285877876e+01
-5.659477869758939761e+01
-7.171151950015099885e+01
-4.580757033878613882e+00
-2.951463090763701658e+01
-6.799509479152496283e+01
-2.265373712579625831e+01
-5.542872607623939274e+01
-2.579456003136737863e+01
-4.958363425718894035e+01
-8.121247094228014873e+01
-7.023152275969036396e+01
-5.330774001233103121e+01
-1.022854291352490819e+01
-9.915952448150810028e+01
-9.534339013659339912e+01
-6.325383182912283075e+01
-5.214887499152139583e+01
-1.556509176404422412e+01
-3.271211285101836097e+01
-1.407450499340743733e+01
-1.093883736030997369e+02
-1.645359985276009240e+01
-6.945595443777536104e+01
-7.224325205618954193e+00
-4.183123163643553255e+01
-3.437327048044718225e+01
-2.603585547448905579e+00
-8.592620105627347016e+01
-3.486645988173619060e+01
-4.546751954970960696e+01
-4.926567666218780062e+01
-8.044913391188180185e+01
-1.821906167631427209e+01
-3.123901274138923867e+01
-6.135183236761324110e+01
-6.351462012338873819e+01
-6.453837434452847788e+01
-6.660095339152060490e+01
-1.756079309917479492e+01
-4.623508457484224721e+01
-5.442640339289424389e+01
-3.201585260773553188e+01
-4.736300805969182903e+01
-4.134554092826091676e+01
-2.265373712579625831e+01
-1.594921066596346293e+01
-5.327918864959765699e+01
-6.182823065058334322e+01
-1.018097982682295708e+02
-1.040901801233216588e+02
-6.121145572174577865e+01
-2.842003722795441689e+01
-6.587042186842185743e+01
-2.265373712579625831e+01
-2.148449941418374820e+01
-1.595418351517958833e+01
-3.296969523656512990e+01
-3.136412855284440582e+01
-8.076935266349113363e+01
-4.577931698035988006e+01
-4.032907384488110125e+01
-2.993565165482710810e+01
-3.539253693347971819e+01
-7.366780142395286646e+01
-6.100722448136350806e+01
-1.756079309917479492e+01
-2.148449941418374820e+01
-7.776378661697215477e+01
-5.674825806656120619e+01
-2.544364025746990521e+01
-5.784175610682705582e+01
-6.129449117407173730e+01
-6.485826304028184097e+01
-3.381388715717756810e+01
-6.597437013524368865e+01
-4.965970994298217533e+01
-5.550597227224589858e+01
-5.700952224387742717e+01
-8.165880580068896677e+01
-1.416326755635457779e+01
-5.697351239452773086e+01
-9.899553547252375552e+01
-4.610017728236811507e+01
-5.946548220936063700e+01
-6.277518026647545923e+01
-1.869278383603034754e+01
-3.426223069551063816e+01
-4.788857593786652700e+01
-6.146084989022279643e+01
-5.100183779240243354e+01
-2.209222988008685462e+01
-1.876227543952854404e+01
-6.160846873843640026e+01
-3.781373106693191488e+01
-3.203470485732569983e+01
-3.956098839884523244e+01
-6.780180133026091482e+01
-4.682926403305832963e+01
-1.419848495075414263e+01
-4.743715655255711994e+01
-6.640133581048793587e+01
-1.876227543952854404e+01
-1.422776335436678252e+01
-2.116652738664201294e+01
-5.856944022829556928e+01
-7.764291049082412144e+01
-4.674218713862474672e+00
-6.393942367933627224e+01
-5.385434418957645875e+01
-4.177368832001253196e+01
-5.298916631388024712e+01
-7.798318072128422784e+01
-3.646930843701645220e+00
-5.714947847515818324e+01
-6.224598510344470981e+01
-6.098847004748336786e+01
-2.265373712579625831e+01
-6.279470606226385598e+01
-3.242394040394886190e+01
-2.804741214851229003e+01
-2.843749903025773662e+01
-1.379450614133725139e+01
-6.280716742031806632e+01
-4.578857091928340139e+01
-4.190467221993828417e+01
-4.565333616637554570e+01
-1.663224812914653938e+01
-3.158027758090895531e+01
-8.390382665641529059e+01
-7.317829901320665442e+01
-1.092106660220731662e+01
-5.703659332469707266e+01
-5.451876750060183952e+01
-2.841473392189618608e+01
-6.084934221392207121e+01
-7.849650645479113109e+01
-2.376719285242133139e+01
-6.736872695254984933e+01
-5.702176581132462019e+01
-1.416326755635457779e+01
-5.515432686964872744e+01
-4.027973665341610143e+01
-6.350396168428972743e+01
-2.259634078169056437e+01
-5.679615938829449817e+01
-7.816092287060411081e+01
-7.876052177718260339e+01
-1.023743705118017431e+02
-1.145360919123439487e+02
-2.805226292365328078e+01
-7.100278898678575956e+01
-4.257322671016892457e+01
-7.779265316623035176e+01
-4.322468885607497668e+01
-1.892250457181420131e+01
-4.980369872442135204e+01
-4.822415556567877815e+01
-3.267192559136522334e+01
-5.943726159136348741e+01
-4.356685726214769261e+01
-8.124303716487938232e+01
-6.039617471351972000e+01
-6.553372397897980761e+01
-6.316223892645878379e+01
-5.291655715785908143e+01
-2.176422843080993630e+01
-6.098743826694406067e+01
-3.279423534961637898e+01
-4.123193376725984649e+01
-2.011431178742928694e+01
-7.715926323213909654e+01
-5.730647150902227338e+01
-9.510857304469594453e+01
-8.188981699350516408e+01
-4.572999756206151289e+01
-5.657174562514469329e+01
-4.550587541324448182e+01
-7.149878077738286208e+01
-7.987415159398230458e+01
-5.408053424579264146e+01
-2.949465793884088782e+01
-3.352674365066054918e+01
-7.186304536812585297e+01
-4.842114967944279158e+01
-7.889505864769988364e+01
-1.580189780336563032e+01
-4.868882905211476242e+01
-3.352674365066054918e+01
-7.404922629221483987e+01
-1.382005245683879480e+01
-3.825604424130909820e+01
-5.431951204478644257e+01
-6.451305765197207620e+01
-9.177923172291555431e+01
-3.962665964270442487e+01
-2.541556521496361398e+01
-5.454009180559346959e+01
-1.761468634009084866e+01
-4.644995193045165394e+01
-3.878016997304180791e+01
-3.664107509012615793e+01
-7.641458376980681066e+01
-4.106186642713784352e+01
-6.103676030696450283e+01
-9.873970102919233227e+01
-7.513419258645417642e+01
-7.310356884247468656e+01
-6.611076556685031846e+01
-6.124959666934193336e+01
-6.668170789307761481e+01
-1.450503399994551934e+01
-5.912680723751659428e+01
-4.059872956285877876e+01
-5.756225523945862932e+01
-5.091286103896658233e+01
-5.095569807653004801e+01
-5.329796558748196134e+01
-9.576720076003202564e+01
-5.958148626301797179e+01
-4.597140642926611065e+01
-5.494520971120414288e+01
-7.549845414677776034e+01
-7.053217121481674212e+01
-4.192266275823214983e+01
-7.202937931987906950e+01
-5.353846625935599945e+01
-4.768701118277989792e+01
-3.048179640128001822e+01
-4.580757033878613882e+00
-5.514154207841766464e+01
-2.148449941418374820e+01
-8.234451827710374516e+01
-2.603585547448905579e+00
-4.280339181952526673e+01
-6.608312798979788738e+01
-1.099310443575918761e+01
-4.274934813707150738e+01
-1.416326755635457779e+01
-9.524491626605029637e+01
-1.899011973525583841e+01
-6.550618214108794746e+01
-3.578042011165363334e+01
-4.055699060232227282e+01
-4.869617713034325135e+01
-4.272073127617584731e+01
-4.558658770602733057e+01
-3.986247955460594738e+01
-7.277139646545074925e+01
-4.878313439550707642e+01
-7.308657938936283927e+01
-2.841473392189618608e+01
-5.230214856418802327e+01
-2.460139384785560779e+01
-1.595418351517958833e+01
-8.168060608746951345e+01
-6.661515250512063346e+01
-7.867642218980428481e+01
-2.148449941418374820e+01
-3.825604424130909820e+01
-1.595418351517958833e+01
-7.783740523543008294e+01
-5.342339726294003555e+01
-6.894659885752055573e+01
-4.340399875567190691e+01
-8.557931768733170941e+01
-9.107698653225513397e+01
-5.161048840608266630e+01
-9.116836596368484891e+01
-6.008468669755999514e+01
-1.492907326767563347e+01
-7.107658927964919826e+01
-5.470012530543031204e+01
-6.248811705012919759e+01
-3.247373127803599857e+01
-7.814586846059619063e+01
-7.784187207969026190e+01
-3.869558652635092244e+01
-2.259634078169056437e+01
-7.328293610896328403e+01
-4.666706292135308587e+01
-5.845579290955691931e+01
-5.151576599035410453e+01
-6.920610555885853898e+01
-5.697351239452773086e+01
-5.977704104929771489e+01
-6.024368541875824690e+01
-3.543053386450268505e+01
-5.601964615874886988e+01
-1.408208082981147236e+01
-6.070438365180229567e+01
-2.265373712579625831e+01
-7.395829467923991274e+01
-6.654310855365255861e+01
-6.854373976182564832e+01
-3.085375101245939611e+00
-7.911955721617732706e+01
-4.740986166164260496e+00
-6.244855534343987102e+01
-5.018423928713620086e+01
-5.474986142999285477e+01
-1.037393255866540471e+02
-8.223834705724129890e+01
-4.004293061409467214e+01
-1.062343083214690687e+01
-4.674845477495421164e+01
-4.410420116014460490e+01
-6.810251150912768026e+01
-5.004822182853322232e+01
-6.566314797653579660e+01
-2.084773336806398092e+01
-4.611891099527296944e+01
-1.876227543952854404e+01
-3.383452559637922974e+01
-5.274978030226995429e+01
-7.686480828542562449e+01
-7.485418759818131207e+01
-6.695033705368442156e+01
-4.580757033878613882e+00
-5.627844490033460545e+01
-6.176466933810557691e+01
-7.657419757708325392e+01
-4.553764603159513058e+01
-8.691048112867242992e+01
-4.580757033878613882e+00
-4.333080879706437827e+01
-6.015263544310926846e+01
-3.753882248953991763e+01
-6.433459487653411202e+01
-1.595418351517958833e+01
-8.165880580068896677e+01
-3.827663675866845239e+01
-6.874041088900423802e+01
-5.538352518044158046e+01
-3.730849580927323217e+01
-6.300055620464195272e+01
-2.148449941418374820e+01
-4.580757033878613882e+00
-7.818903073500558776e+01
-6.894479975175210029e+01
-1.062343083214690687e+01
-2.841473392189618608e+01
-1.756079309917479492e+01
-3.775193333970537424e+01
-3.706927195575411815e+01
-5.586178598973113907e+01
-3.442676689083393171e+01
-5.327589269693311280e+01
-2.265373712579625831e+01
-7.211488275282684413e+01
-1.387445380652001248e+01
-3.557165597140008373e+01
-1.416326755635457779e+01
-6.639560398764564297e+01
-6.711415525314929198e+01
-1.182858641910616093e+01
-2.148449941418374820e+01
-5.474262207701242744e+01
-7.211809511189152033e+01
-4.267933609751388246e+01
-5.647464260157290283e+01
-4.632668757305788887e+01
-2.603585547448905579e+00
-3.825604424130909820e+01
-4.374264208875806048e+01
-6.801328630118433693e+01
-9.830034133855124878e+01
-4.861456898356230028e+01
-7.147085299814729353e+01
-9.740749844247696387e+01
-8.227208946994944938e+01
-1.073311734817290102e+02
-4.526721586758813487e+01
-3.646293609147316062e+01
-4.568459456463128987e+01
-5.306749985526630553e+01
-5.736839644970884677e+01
-2.265373712579625831e+01
-2.842003722795441689e+01
-5.894674419668861276e+01
-1.714913809840066961e+01
-7.686589324921337152e+01
-4.417347993633749326e+01
-3.643732250710900189e+01
-5.921354160091289032e+01
-7.305718463840423738e+01
-1.876227543952854404e+01
-5.358769134046583105e+01
-1.416326755635457779e+01
-5.573222105598085108e+01
-4.519750995010391392e+01
-1.387445380652001248e+01
-4.265795504584075815e+01
-2.603585547448905579e+00
-6.755660238374170490e+01
-5.932590808033162944e+01
-7.431484031744523122e+01
-6.854226167475552245e+01
-7.496722439085073120e+01
-1.585034372490929755e+01
-1.881310111725895595e+01
-5.352807339429173794e+01
-5.368847752653188365e+01
-2.030942592809847369e+01
-7.096693123055628405e+01
-2.841473392189618608e+01
-5.549930858394944977e+01
-5.941730148081130380e+01
-3.005699227535484042e+01
-2.603585547448905579e+00
-1.674414012615962122e+01
-5.474459729344076209e+01
-9.709498643341839852e+01
-5.359042795192031861e+01
-2.949420928002964359e+01
-3.352674365066054918e+01
-7.416173181457637043e+01
-5.858674292043107812e+01
-5.174157956974087824e+01
-4.198042905208626507e+01
-3.251852184745289520e+01
-8.217404035684894836e+01
-2.265373712579625831e+01
-5.721826540842611308e+01
-4.869617713034325135e+01
-1.382005245683879480e+01
-8.127399469482048744e+01
-7.367058981217118685e+01
-1.387445380652001248e+01
-1.387445380652001248e+01
-7.025058243362862243e+01
-5.353846625935599945e+01
-5.672104225502278041e+01
-3.599265466275358705e+01
-7.266994915598969840e+01
-2.025402428998864224e+01
-4.904973117109202718e+01
-2.259634078169056437e+01
-5.676111060982501755e+01
-5.688488439760305937e+01
-2.603585547448905579e+00
-6.150887372675445164e+01
-3.461984605431202056e+01
-3.932601704664786979e+01
-2.081675865390521096e+01
-6.023419605255826070e+01
-6.172123983391411883e+01
-4.996232119006595696e+01
-5.028382599351587601e+01
-7.820479190491158761e+01
-1.999797786462749372e+01
-1.416326755635457779e+01
-2.603585547448905579e+00
-5.202286399998705946e+01
-9.871549694441333145e+01
-1.082854291352490783e+01
-2.842003722795441689e+01
-6.576719675152216382e+01
-3.170029854211177422e+01
-7.389063965874480289e+01
-7.477293273366518633e+01
-9.466855348863755637e+01
-1.756079309917479492e+01
-2.787947674834785872e+01
-2.715411002040324462e+01
-2.259634078169056437e+01
-4.704214009844888267e+01
-5.050322774073276832e+01
-4.066325744909209305e+01
-9.177576173975883478e+01
-1.595418351517958833e+01
-5.728271461720868274e+01
-8.151375165661288236e+01
-3.409199792910675342e+01
-1.416326755635457779e+01
-4.162673908351674612e+01
-4.255403221510084677e+01
-7.703552733807006803e+01
-4.120937099314475205e+01
-4.243552030438218736e+01
-4.206770617695954684e+01
-7.158456915740440252e+01
-3.589201856646529620e+01
-5.536419057941036215e+01
-2.963900996952745359e+01
-5.244196377614579774e+01
-5.273871520316888706e+01
-4.736362003538513932e+01
-2.603585547448905579e+00
-1.556509176404422412e+01
-7.375195553478327781e+01
-1.082854291352490783e+01
-5.833112862563177003e+01
-3.554754999499554913e+01
-3.705745779186170097e+01
-7.787104659344211655e+01
-2.259634078169056437e+01
-2.283531719339556076e+01
-2.963908348116254388e+01
-5.909720482147273657e+01
-5.929190845133200582e+01
-4.214369639577402893e+01
-1.537463074030970489e+01
-1.385941284864980183e+01
-4.557157988658858017e+01
-6.756838032982223297e+01
-5.396417564976484726e+01
-1.836010954161844566e+01
-1.029179853526001125e+02
-7.497015046777480052e+01
-8.149391968749060311e+01
-7.037032458218077124e+01
-3.383452559637922974e+01
-3.352674365066054918e+01
-5.980664865329293889e+01
-4.580757033878613882e+00
-5.450150832999376860e+01
-4.361876421348959099e+01
-1.062343083214690687e+01
-1.382005245683879480e+01
-6.011650159820722905e+01
-8.138485694985634211e+01
-8.172084736562733553e+01
-3.242394040394886190e+01
-7.440149284167711130e+01
-2.766631196534487103e+01
-4.304765688179107741e+01
-4.803189106015745580e+01
-1.062343083214690687e+01
-7.408325852029174996e+01
-6.364315687094081397e+01
-7.812404125251494236e+01
-3.352674365066054918e+01
-7.338121870051939766e+01
-5.957612062631788774e+01
-7.160795502416280556e+01
-7.355249218720248905e+01
-3.974010118369380251e+01
-7.947330259852294887e+01
-5.515432686964872744e+01
-1.025801759675108258e+02
-4.500564084039119450e+01
-3.146314913631765720e+01
-2.101696906700044920e+01
-9.499457132112833335e+01
-1.556509176404422412e+01
-4.164686715979559040e+01
-3.670894660079083138e+01
-7.539514368588905313e+01
-4.772555524193128917e+01
-2.603585547448905579e+00
-1.416326755635457779e+01
-1.382005245683879480e+01
-6.517432938336087034e+01
-5.689860539786563720e+01
-3.347726286073839930e+01
-2.518555308725115438e+01
-7.472559819589139352e+01
-2.949263861177420409e+01
-3.515364987409070352e+01
-3.932248957177337445e+01
-4.684934871515600463e+01
-5.547266934195700827e+01
-7.993668486013110908e+01
-2.126539613333998346e+01
-5.539736060591462774e+01
-7.596502364597226631e+01
-2.414958720061893160e+01
-3.383452559637922974e+01
-4.289412181552739156e+01
-5.981000009100186077e+01
-3.652225085284023010e+01
-3.680250987820802777e+01
-4.495984219368830992e+01
-7.508302882319337357e+01
-1.135646019031901801e+02
-8.772335186584125211e+01
-7.583417817535820404e+01
-9.633778587155093476e+01
-7.592160404353435865e+01
-2.259634078169056437e+01
-3.097762552151770521e+01
-3.149374833784905547e+01
-8.233489904754864597e+01
-3.501968518647946382e+01
-9.652400105523958018e+01
-6.045444632799892304e+01
-2.603585547448905579e+00
-2.628343895841900135e+01
-2.848676495990718038e+01
-6.300606816295013601e+01
-2.390251564710490584e+01
-4.025614392842774691e+01
-2.148449941418374820e+01
-6.350497591490935889e+01
-4.505087220080401522e+01
-3.179866548148275385e+01
-5.567207115312783827e+01
-6.000602309397969947e+01
-7.143559206732437872e+01
-4.550869918929488733e+01
-1.679471193151412578e+01
-4.090380324853224181e+01
-3.825219055797062850e+01
-5.957138485464021471e+01
-5.728370141856849784e+01
-7.507948273220834778e+01
-4.081777581751551764e+01
-5.311456962439920915e+01
-5.889352675475360144e+01
-4.205996171586212284e+01
-7.459739829889591078e+01
-4.263360838889092719e+01
-2.935751765230334343e+01
-4.387368066247235987e+01
-2.910822031017818290e+01
-5.968795359596967387e+01
-5.957802217620820784e+01
-8.122513536056803218e+01
-5.888520600901203750e+01
-1.881310111725895595e+01
-5.280321253731823816e+01
-3.567428927464877120e+01
-4.494217115863228429e+01
-6.734656780616595029e+01
-7.380204044521012463e+01
-5.993445998740480007e+01
-2.708605914052716912e+01
-2.739720327157480639e+01
-3.377199404513998360e+01
-7.389232757513123317e+01
-5.149548710027841736e+01
-2.255729394350625228e+01
-1.382005245683879480e+01
-4.353724451860233557e+01
-4.137989939393274597e+01
-1.034396274737298711e+02
-5.478493744966127110e+01
-1.321297078572849415e+01
-7.578763277889204630e+01
-3.251965170312008269e+01
-7.517022127906193418e+01
-8.254471404251282252e+01
-6.512123127837537595e+01
-3.707642722498517429e+01
-1.556560765431386884e+01
-4.099480549462751355e+01
-5.989872549764218945e+01
-5.735282966628211909e+01
-3.831249389264272764e+01
-9.183444817982685038e+01
-2.995713552939403712e+01
-1.881310111725895595e+01
-1.016959923190374155e+02
-6.990435230370536601e+01
-5.262948060660739458e+01
-6.007855820239861089e+01
-3.918163224921860888e+01
-2.981275308078619091e+01
-9.450967657422840773e+01
-7.816485688685544631e+01
-1.062343083214690687e+01
-6.340970972698083585e+01
-6.016940791084579843e+01
-3.969201084019709214e+01
-9.655544476821793864e+01
-6.314158681334910028e+01
-6.970494579842829808e+01
-3.220842452905097986e+01
-7.382658647448096190e+01
-3.973885401714009191e+01
-7.542040253272416805e+01
-4.760170849077533006e+01
-4.155524515180472633e+01
-3.974010118369380251e+01
-6.476017534815419197e+01
-4.919375662891891210e+01
-5.498601718320077936e+01
-7.603192335992999062e+01
-6.620888250644314610e+01
-2.647873530843819623e+01
-4.580757033878613882e+00
-4.709774563199941610e+01
-4.565787871653613195e+01
-5.639203437879926639e+01
-4.292172739060699627e+01
-1.876227543952854404e+01
-6.624365955506829096e+01
-6.862619821208662074e+01
-4.813930024259160234e+01
-1.416326755635457779e+01
-5.922194193446873811e+01
-2.842003722795441689e+01
-2.843379835211059614e+01
-5.602711548345527603e+01
-4.357170587684245078e+01
-8.002218743895849684e+01
-7.056559860213309321e+01
-6.747373530235229566e+01
-3.869558652635092244e+01
-6.202533106103430782e+01
-1.495635960704477263e+01
-4.821071070392446245e+01
-4.669218339519979111e+00
-6.826980972074365184e+01
-4.720401676103593047e+01
-4.301414277673021758e+01
-6.150182961536637549e+01
-7.647269337054532912e+01
-7.526017340043850368e+01
-2.109896916732926542e+01
-5.251859838424549309e+01
-1.556509176404422412e+01
-1.583063838427821324e+01
-6.330274316325862571e+01
-2.603585547448905579e+00
-7.230504680194324862e+01
-5.773860308483662607e+01
-8.410734600988787690e+01
-6.039903888581744695e+01
-9.346683687906610771e+01
-7.097315399438812733e+01
-4.509182031393317658e+01
-7.987012667132935917e+01
-2.841473392189618608e+01
-4.904973117109202718e+01
-6.961712011348932094e+01
-4.917813671235782635e+01
-4.962142188067056026e+01
-3.871982640364284833e+01
-5.929846217916537654e+01
-1.416326755635457779e+01
-5.848397720508178566e+01
-5.105622145405522616e+01
-5.969031827146494606e+01
-5.272565313836896195e+01
-8.091061722844536064e+01
-7.686725292584993952e+01
-7.447336060452755646e+01
-3.806125048235377761e+01
-1.756079309917479492e+01
-5.342259974315902582e+01
-5.616890046831775152e+01
-3.519847320792636935e+01
-1.017388283593767540e+02
-7.107513880215775259e+01
-4.875972258946407578e+01
-6.129449117407173730e+01
-5.587752707202672298e+01
-4.980369872442135204e+01
-7.670622367421596266e+01
-1.062343083214690687e+01
-5.173740091241884187e+01
-1.140460066322087584e+01
-1.756079309917479492e+01
-1.721216073797906532e+01
-4.686491460943129539e+01
-6.403570323760001770e+01
-6.401240411376522843e+01
-2.952561541737930639e+01
-4.927912107853434520e+01
-6.823408272822764786e+01
-6.928574565160030829e+01
-6.610862622439594816e+01
-1.556509176404422412e+01
-1.698524812152166419e+01
-7.203851592979489737e+01
-4.580757033878613882e+00
-6.887205044159783540e+01
-8.511007434257332704e+01
-8.837223289274265881e+01
-6.287089461594037232e+01
-7.430361535214476021e+01
-5.640333399547297688e+01
-2.913967973162238678e+01
-7.141646448847055240e+01
-5.583404922724493247e+01
-7.039336167726030169e+01
-5.195463060571888292e+01
-9.497032087807021128e+01
-7.328237906605339447e+01
-5.690698389340631280e+01
-1.756079309917479492e+01
-4.918468112585165386e+01
-6.907272977282613624e+01
-7.431918835329091166e+01
-4.434261528097316329e+01
-3.744630528031987637e+01
-3.825604424130909820e+01
-5.044292427368505116e+01
-7.460771986319957705e+01
-2.488760533436431999e+01
-6.614237593393758630e+01
-9.727082143979522755e+01
-2.265373712579625831e+01
-6.316702232645486248e+01
-5.458878160055921569e+01
-5.466703026726668213e+01
-1.430073985369576306e+01
-4.962562267623966505e+01
-7.387585894405887643e+01
-6.215027305305465433e+01
-4.323677272718328624e+01
-3.182476998310398031e+01
-6.189001708760178389e+01
-5.033726626159925388e+01
-5.507086980532912435e+01
-1.031299958911810819e+02
-1.076279753230327429e+02
-7.645365010354197466e+01
-5.594124682768642742e+01
-1.022854291352490819e+01
-2.414958720061893160e+01
-5.557825579724010367e+01
-7.120194167179603539e+01
-5.172008145864628403e+01
-5.786010619028843394e+01
-9.999742393410132024e+01
-1.002899622012246539e+02
-8.154826707316219370e+01
-5.275587975608532076e+01
-4.294465461624486835e+01
-6.023221865025107036e+01
-7.924662658521350522e+01
-3.490504145499036071e+01
-1.086193856695508799e+02
-2.090497695857373728e+01
-6.692737247961781577e+01
-5.810765584230892244e+01
-7.528653475915342597e+01
-7.574519311035160740e+01
-4.680930648840133301e+01
-5.342588349620650945e+01
-1.062343083214690687e+01
-7.705252349888364449e+01
-6.817408752848176334e+01
-4.580757033878613882e+00
-4.470378939894723658e+01
-5.359042795192031861e+01
-4.823900164467679019e+01
-1.756079309917479492e+01
-1.701943992070886935e+01
-6.057171674606762224e+01
-2.265373712579625831e+01
-1.423790660135314212e+01
-3.809728759324701741e+01
-6.301481384105770900e+01
-1.416326755635457779e+01
-3.476816057154399431e+01
-3.679648147130725278e+01
-2.083355998334333847e+01
-8.378894850946875295e+01
-5.343678901979473039e+01
-2.880783993339008475e+01
-4.059872956285877876e+01
-7.041816334312186143e+01
-4.476830095820825761e+01
-1.756079309917479492e+01
-4.891826457410589057e+01
-5.039335021141379656e+01
-1.756079309917479492e+01
-6.181203054596986135e+01
-3.282830454876439319e+01
-3.505776255962434362e+01
-8.020916894692840060e+01
-9.645982626170992091e+01
-8.223003938306804628e+01
-5.419875989332911104e+01
-5.201944048241325191e+01
-1.595418351517958833e+01
-1.574472525095098874e+01
-3.791887529868600382e+01
-6.063643704425052050e+01
-1.446307693940526207e+01
-6.815160210019938347e+01
-7.358706021038811684e+01
-4.580757033878613882e+00
-7.369356856663910094e+01
-4.005882032916905189e+01
-3.837508308457624651e+01
-3.913120940992894958e+01
-3.032511126693672665e+01
-4.468272768861827871e+01
-2.363790055645585397e+01
-7.569298433667763959e+01
-2.428103314595639972e+01
-7.937045949446438442e+01
-3.619278806483617217e+00
-6.437613321462274030e+01
-8.425260696505287683e+01
-5.192075290588049086e+01
-3.497025380867121669e+01
-3.141917065869410308e+01
-1.756079309917479492e+01
-3.839020748881318212e+01
-2.851048811816411543e+01
-2.603585547448905579e+00
-6.932919921346457670e+01
-1.382005245683879480e+01
-7.653706738031488044e+01
-1.890782353298754614e+01
-1.022854291352490819e+01
-6.479993839635798736e+01
-7.608110275344638751e+01
-1.869831855188370895e+01
-8.379071646364494086e+01
-3.721629914748004353e+01
-6.492283504226550406e+01
-1.107492111656285658e+02
-3.320751409873838611e+01
-1.436028419675173140e+01
-7.160815535158336331e+01
-6.827275268465163549e+01
-4.811046340221177076e+01
-5.031893058424537202e+01
-7.840558494376142562e+01
-1.756079309917479492e+01
-6.664977095706269949e+01
-4.024353052206306103e+01
-4.918070776328652727e+01
-2.894518291271532107e+01
-2.073713754119543040e+01
-1.519099596396426222e+01
-7.033142305405570482e+01
-8.032354859440226846e+01
-5.500156334434338135e+01
-5.281981252837297092e+01
-2.172732568742071635e+01
-5.899587331268158152e+01
-9.967337266637942150e+01
-5.038101217474260807e+01
-7.401871455072389949e+01
-5.636064468802116068e+01
-4.650038482547398644e+01
-7.989060197777723715e+01
-1.062343083214690687e+01
-4.096387717408432394e+01
-7.377408299255729673e+01
-3.809248085094533565e+01
-3.825219055797062850e+01
-2.113357964028625702e+01
-4.665395120831983888e+01
-7.079778138279175437e+01
-2.563371743136017145e+01
-4.994633429977290007e+01
-1.403447636358112405e+01
-8.196071073833944354e+01
-8.067245030250580839e+01
-5.324865284418024203e+01
-6.451419153682066110e+01
-7.627042076216706334e+01
-7.147863439594408419e+01
-2.489239248945446192e+01
-1.022854291352490819e+01
-1.473245826005276271e+01
-2.603585547448905579e+00
-2.721954077877607858e+01
-9.261557009405525775e+01
-7.655116982293999683e+01
-2.563371743136017145e+01
-6.436017804131670061e+01
-4.256999355891196046e+01
-8.894132211223514162e+01
-8.249809179767230205e+01
-7.481238571959943329e+01
-1.747960595986707588e+01
-5.934306182869395485e+01
-8.461651487996094545e+01
-1.416768217592442980e+01
-2.218014835388639128e+01
-6.507678510443238906e+01
-6.084934221392207121e+01
-4.869617713034325135e+01
-4.376731692847627642e+01
-1.956280756777006502e+01
-6.169823354652069014e+01
-4.590629075829521355e+01
-2.183815265767381675e+01
-6.697686724324796614e+01
-2.907040552632388142e+01
-5.787244013880187765e+01
-5.823103815618205203e+01
-4.580757033878613882e+00
-7.205506887192348131e+01
