-5.725365346398011468e+01
-3.994094576522989826e+01
-6.539262859810351358e+01
-3.570951075157739751e+01
-3.977016429722551294e+01
-4.965312223470844799e+01
-3.063884214543675100e+01
-5.545489122603045473e+01
-3.019092702700851305e+01
-3.459199260896964745e+01
-3.292846842111605810e+01
-2.401772782539778461e+01
-2.424250800707395115e+01
-3.236933345352788649e+01
-5.894682316636442465e+01
-5.618942673237241792e+01
-4.838114968172719443e+01
-4.333726177901077392e+01
-3.761001500775807926e+01
-4.424764143067184818e+01
-3.816208107987336717e+01
-5.706215970655960490e+01
-3.153044194116441545e+01
-3.402478496846653400e+01
-8.693959903315349891e+01
-3.242053974325001064e+01
-5.233780754483913000e+01
-6.115251298645019773e+01
-4.766040831340947648e+01
-5.183310947876992714e+01
-3.790569538851005404e+01
-4.686453872707117796e+01
-4.341955869791244993e+01
-3.327556303284731598e+01
-3.300047409804667353e+01
-4.591862603099205131e+01
-3.053494479112160320e+01
-8.872171367893479044e+01
-3.291879475115703002e+01
-3.436314090880064498e+01
-1.732729005658209687e+01
-4.104948850525848059e+01
-2.760120337058589612e+01
-3.357955424269121636e+01
-1.223311413159371774e+01
-4.773764179998213564e+01
-5.072878589289162221e+01
-1.179018337185160092e+01
-1.054847911759266310e+01
-1.413689171136805989e+01
-2.437940359012008429e+01
-9.626175216470487328e+01
-1.858301185927905408e+01
-2.805697538679865488e+01
-5.284882602198116075e+01
-4.866555964724211947e+01
-1.747775343720103081e+01
-2.366696434473702837e+01
-3.328923449155339398e+01
-3.909379737332828064e+00
-2.027510920742096090e+01
-1.234088419812701609e+01
-1.888175189095254325e+01
-4.091897211832068137e+01
-5.153527446979914117e+01
-5.514345823614489461e+01
-2.318316416611984465e+01
-1.470918820620922851e+01
-1.410532000721218893e+01
-1.935565515121013291e+01
-1.669672456783999337e+01
-2.889862988946635625e+01
-3.833292891057023155e+01
-1.145842839428198623e+01
-4.713372509902800545e+01
-2.771093545848328787e+01
-2.014155357178213279e+01
-2.278276769070633989e+01
-8.714498315772397419e+00
-1.870056739391382905e+01
-2.305124456337050987e+01
-1.094186111774370218e+01
-3.649547086384877304e+01
-4.724689055564263640e+01
-7.926122742692236045e+00
-3.056509614949725062e+01
-1.754462803382080693e+01
-2.271391835522502234e+01
-2.801154628978756023e+01
-5.209665757600353686e+01
-9.141278490573018445e+00
-9.089772594492234958e+00
-2.193678157435910236e+01
-3.147641898734742583e+01
-2.391118626259352808e+01
-1.845933045855511878e+01
-3.149876947923113590e+01
-2.594425889483176917e+01
-3.672259621759333470e+01
-4.387540920766252839e+01
-1.906155313861369649e+01
-2.409179644661548281e+01
-1.592120793239751997e+01
-5.938568694270043302e+00
-4.917167983896480798e+00
-1.653121064122095873e+01
-1.515040250721535386e+01
-1.269667301935083970e+01
-8.268848536666725479e+00
-7.081108160577235466e+00
-2.072669127096707342e+01
-1.505088764529976864e+01
-2.818357366089762284e+00
-3.309145494134056520e+01
-1.769478169635739917e+01
-2.149450486809600491e+01
-7.853692614422874385e+01
-2.777182194201630949e+01
-4.299235668852524128e+01
-1.029819388036260008e+01
-2.589312950941555513e+01
-4.577544510293928681e+01
-1.942240276846431613e+01
-1.225767300135685645e+01
-5.282167156013180431e+01
-1.920656209897591893e+01
-1.046884034788081941e+01
-5.419439023496981633e+01
-1.261116956984627535e+01
-5.764208873332053429e+01
-8.949811941156619710e+00
-1.431526327868770210e+01
-7.599375485445388279e+01
-7.252604450477198483e+00
-1.291529781780909936e+01
-3.823033126881080790e+01
-9.325297539514229683e+00
-5.889744341851745446e+00
-3.395434964334604189e+01
-5.656355965176262401e+01
-1.334734917958519063e+01
-4.282662250329740772e+01
-2.344974584901545711e+01
-4.225011803129219601e+01
-3.747506278294523696e+01
-1.876492906856051945e+01
-2.380370855655351292e+01
-4.034269436435434386e+01
-1.474493433635308115e+01
-3.051449122376999057e+01
-1.133920208922656592e+01
-2.463875726854449510e+01
-1.729054180046570366e+01
-3.473676429581004754e+01
-1.048435722748081389e+01
-4.447998644728335904e+01
-2.897966812067005193e+01
-9.391433220692645989e+01
-3.780642472748378058e+00
-9.928550922816061330e+00
-1.725542389312227698e+01
-3.837730894105170876e+01
-1.489478910155330560e+01
-1.122767420496107960e+01
-3.103467729021756938e+01
-5.352090705952947758e+01
-4.402825294390966349e+01
-6.686978632313868331e+01
-1.167605435931179514e+01
-3.254094060467318883e+01
-1.671836614205804850e+01
-4.242963844329776890e+01
-4.702052073126603204e+01
-1.284000005581196646e+01
-9.235189062837728002e+00
-2.635489056467582358e+01
-3.593299286104294765e+01
-4.282662250329740772e+01
-1.965166527616162284e+01
-1.996966195586221460e+01
-3.713820932262960639e+01
-1.421292966012325820e+01
-5.219908866067077824e+00
-6.830708560786732164e+00
-2.441709305579282585e+01
-7.354392445059519723e+00
-8.357501655373756222e+00
-3.491443820819242205e+01
-8.663985789922673320e+00
-2.759012206072789297e+01
-1.363998136640853431e+01
-1.629996904054307905e+01
-1.765590043736520443e+01
-2.812586155239269203e+01
-3.744425952354648501e+01
-1.776150134586999485e+01
-3.000651795686508194e+01
-4.008496229143782585e+01
-2.269158888123589435e+01
-8.472408272324150857e+01
-4.007204945557224818e+01
-1.944393846430810413e+01
-4.257074651525226017e+00
-8.816744122095211367e+01
-4.925662045114978405e+00
-2.242723115434686676e+01
-2.021889192681125635e+01
-5.693047277301118214e+01
-1.612255140172267076e+01
-3.656534070133371728e+01
-1.318994100567729078e+01
-2.543764488150206660e+01
-1.251313931081556419e+01
-9.211238968148508732e+00
-3.315729776990306021e+01
-3.450682485411004752e+00
-1.275051567405722075e+01
-3.174301383849920555e+01
-4.264745798969287627e+00
-3.588676947136241324e+01
-3.073288900006182089e+01
-2.066933647680584230e+01
-6.600447239964485391e+01
-3.214491556241929970e+01
-5.861146958553604236e+00
-2.143940735501582040e+01
-9.055801368076050295e+00
-2.591530584562035600e+01
-1.205693277901204929e+01
-2.188298636306780409e+01
-6.914525617404477131e+00
-5.564017558019776999e+01
-2.170292586164256221e+01
-1.358954796895724293e+01
-1.424160307980243445e+01
-5.365979552380732542e+00
-3.798694038037850618e+01
-5.362149185098212456e+01
-1.299376336227987672e+01
-1.607363363001249468e+01
-1.917456745035064358e+01
-2.185188188606605308e+01
-8.239800039754801020e+00
-1.091464889967656937e+01
-3.635773674828711677e+01
-2.205598856186767165e+01
-3.769427644489970675e+01
-1.197450694991016640e+01
-9.326828663834679389e+01
-1.476603332618955200e+01
-2.442398824560175541e+01
-7.086262188604997903e+00
-3.497933003039464239e+01
-2.433609136793838701e+01
-2.944671149032725666e+01
-2.441702227511406420e+01
-5.424815746723332666e+00
-1.245514490733117974e+01
-1.697606614324553931e+01
-5.273623463450304172e+01
-2.614417132150578738e+01
-3.386895162989494423e+01
-8.399964966888843421e+00
-3.895368112215609813e+01
-7.529398554663443655e+00
-2.716201136404598415e+01
-6.889411290267152488e+00
-6.390336585601648522e+00
-3.012977920785405939e+00
-3.905410314521176218e+01
-3.395353128705431800e+01
-4.665788244125803175e+00
-1.418210562448639855e+01
-8.976960309667729732e+00
-2.359859317870755291e+01
-6.734697161413268418e+01
-1.552171006582150703e+01
-4.093894533701627836e+01
-2.066676717932937635e+01
-1.870930331519288359e+01
-2.271920601374516835e+01
-2.536677507361572026e+01
-8.474368292745941389e+00
-1.039513623872173609e+00
-2.196621964392885573e+01
-1.542785914285059334e+01
-9.546698117496863034e+00
-2.153113965008044062e+01
-2.370302719450383577e+01
-2.413821512403551139e+01
-1.991471562895694802e+01
-2.897152560486937389e+01
-1.278911076456111395e+01
-8.653548495678117902e+00
-7.656948305331715332e+00
-3.013390369363007437e+01
-1.510722818019107727e+01
-1.551475743812624941e+01
-2.278098406454364522e+01
-1.594399078224520494e+01
-3.289007117519707180e+01
-1.870074523674070832e+01
-1.228433825836569504e+01
-5.407271823972020108e+00
-6.772547537644821425e+00
-2.408195787591353820e+01
-2.507071424775666557e+01
-3.514266050334207847e+01
-1.826972816378355446e+01
-3.691435509723002184e+01
-1.921112879685946595e+01
-7.020918733476683826e+01
-3.052080899295417993e+01
-3.370300491576986701e+01
-2.619897319283264281e+01
-1.669401815903417585e+01
-3.857998728470236927e+01
-3.595189080520958314e+00
-1.089275016723122924e+01
-1.486506816982190671e+01
-1.442078492699016046e+01
-1.709183266973607118e+01
-2.985509475861681494e+01
-5.638488720714564550e+01
-1.299792420931233394e+01
-1.990496827500060739e+00
-2.588753179606975863e+01
-1.409628384774683241e+01
-1.076422586694741312e+01
-1.786609507747718339e+01
-4.108759351775221802e+01
-3.760108655427298174e+01
-4.225518868362877356e+01
-2.704143753566851061e+01
-2.137828019719877659e+01
-3.998974169380690391e+00
-1.004867625014467336e+01
-3.117510360495124999e+01
-3.337776969829099727e+01
-5.060750559937872595e+01
-1.810510043457068718e+01
-1.259024536613677903e+01
-3.825530428958910534e+01
-2.863878942425117202e+01
-1.954095697151376854e+01
-2.378353741817371869e+01
-1.655719055875009360e+01
-1.230399496798925973e+01
-4.240969298376737839e+01
-1.944750380764913800e+01
-4.282662250329740772e+01
-3.784891686151006951e+01
-2.342597538283347802e+01
-1.620028682709952506e+01
-8.247648446230044783e+00
-6.867169062711455219e+00
-2.367942903063069693e+01
-4.724958202849035338e+00
-1.462488675246150116e+01
-5.894347496769420935e+00
-8.593031179912006934e+00
-4.038226250697790221e+01
-1.633505113079693061e+01
-4.095134832385408430e+01
-7.974045152179535023e+00
-2.459460450028882761e+01
-2.229483266241467199e+00
-2.307871321750674198e+01
-9.750576650592376993e+00
-6.997850122911017046e+00
-3.655488030635233532e+00
-5.605594303369521469e+00
-1.521756980158570371e+01
-3.233670817161132049e+01
-2.526598128673001753e+01
-4.724958202849035338e+00
-8.042825591950801822e+00
-1.223853323592565090e+01
-1.676861466598091255e+01
-8.007745306494758353e+00
-2.666679164550893688e+01
-2.421648323829568028e+01
-1.726977331195543641e+01
-8.159243450228593986e+00
-8.923352163290276806e+00
-9.749382331062998119e+00
-3.283896870215485109e+01
-1.764056109457838417e+01
-7.747332106762292447e+00
-3.673402881627487915e+01
-1.301089248218572081e+01
-3.746425197094440307e+01
-8.198147335560003057e+01
-1.299792420931233394e+01
-1.301089248218572081e+01
-5.784624750981495822e+01
-1.696419936527755468e+01
-1.714219305193360299e+01
-3.487845017481072318e+01
-1.730216551336368980e+01
-1.954095697151376854e+01
-1.896898604890136752e+01
-1.473659882116335496e+01
-3.911477190257524938e+01
-1.143065486511680540e+01
-3.876826104185725086e+01
-2.987045813312973763e+01
-3.433450875798122581e+01
-3.669433444080738127e+01
-3.827260344651358537e+01
-1.911503247466987432e+01
-1.867492178775372125e+01
-2.617726598884700095e+01
-9.549214523148283007e+00
-1.502853880578016366e+01
-6.055033896408732019e+00
-1.632893555312983125e+01
-1.799972402121914428e+01
-1.895665070698125021e+01
-2.751750815373330283e+01
-2.818303519603309937e+01
-1.354411608825626168e+01
-4.632026448747133429e+01
-1.366968606121315410e+01
-4.339647807193769324e+01
-2.071649000734317880e+01
-2.406445598488220483e+00
-2.527111147190011664e+01
-1.489408518761838884e+00
-4.404848480651332920e+01
-2.155435775728656722e+01
-1.628920599163065575e+01
-3.055873179713637811e+01
-2.795702689565965926e+01
-2.150297178671461396e+01
-4.670898953780654494e+01
-9.372446682440219945e+00
-3.245380406056273159e+01
-3.169054973742541748e+01
-5.547766920344712105e+01
-4.106649597653341921e+00
-5.319953344430432551e+00
-8.034802748709271469e+00
-4.279716820510100206e+01
-4.121841311415704467e+01
-1.916238396810867073e+01
-2.868506514418620057e+01
-1.791750227315427990e+00
-2.354666728354993310e+01
-6.528699123200525811e+00
-1.095019138172860629e+01
-1.354411608825626168e+01
-4.485597222241698034e+01
-3.044640336486699539e+01
-2.908452223091674949e+00
-2.490280234286861116e+01
-4.393963550052862388e+01
-1.366711251728611742e+01
-1.264184708990585015e+01
-8.885424160706671515e+00
-7.974045152179535023e+00
-2.779183226900823200e+01
-1.319453676776291928e+01
-7.655754736234401392e+00
-2.585500138274207771e+01
-1.428265612731438594e+01
-4.645929274941682507e+01
-4.108759351775221802e+01
-8.998230581784960691e+01
-2.296247492547401592e+01
-2.320239510968224295e+01
-3.395100120287906975e+01
-1.812509186762283875e+01
-2.944810618204861186e+01
-6.262401677099255437e+00
-2.891316721212349705e+01
-7.912711224554962897e+00
-3.081147846349879416e+01
-4.724958202849035338e+00
-2.921327044511317084e+01
-3.072654222044210215e+01
-2.751750815373330283e+01
-6.292254672070579424e+00
-2.800565412013843059e+01
-4.360387468035125380e+01
-6.636125377638661504e+00
-9.483893930841688302e+00
-2.317947564385674841e+00
-1.364021732008279209e+01
-1.516946963559371220e+01
-1.738984418274837296e+01
-2.792199944380769683e+00
-1.357109408547776752e+01
-9.549240861409899139e+00
-2.902279006807896167e+01
-1.981635513058358100e+01
-4.282662250329740772e+01
-3.006780624245753231e+01
-1.348357605003424098e+01
-1.598855769906077562e+01
-8.704539331848655692e+00
-3.797336071796501500e+01
-2.729923879398098663e+00
-1.586896941476696909e+01
-1.577126914799301716e+01
-1.738438771537602889e+01
-1.412133509606700166e+01
-1.462418831411224396e+01
-1.404782919857801637e+01
-2.296247492547401592e+01
-1.046884034788081941e+01
-1.551481649990597234e+01
-5.918824972891518144e+01
-8.247648446230044783e+00
-1.628232603325866279e+01
-4.871835909361699635e+00
-8.247648446230044783e+00
-3.938053663519293224e+01
-1.575839281148254756e+01
-2.994685979433193523e+01
-3.023841660756950134e+01
-1.481932284229769259e+01
-1.396870438411555604e+01
-2.241771013518454936e+01
-2.278640579502016550e+01
-2.295880979445416159e+01
-5.832278766251522484e+01
-1.195132355994910434e+01
-1.650345895382751849e+01
-2.942425907125532536e+00
-3.666933517710470625e+01
-2.454351960896980600e+01
-6.368720433256378044e+01
-4.479779556265281570e+01
-1.338525045131384772e+01
-3.681823800173685868e+01
-2.531965971512328295e+01
-2.881054296393478253e+01
-6.032102801511090462e+00
-4.078325265268333055e+01
-1.323803551603712769e+01
-1.878294772793265821e+01
-1.085914240504924777e+01
-1.046884034788081941e+01
-3.153533900107060362e+01
-2.729689625265821107e+01
-1.528866860891143808e+01
-1.165400183126270051e+01
-2.989808630378657384e+01
-1.366968606121315410e+01
-6.292254672070579424e+00
-2.751750815373330283e+01
-2.879600134337381334e+01
-2.501184647991777865e+01
-2.109040930589499041e+01
-3.093748696204218618e+01
-2.018337382643650102e+01
-3.018352535750767629e+01
-6.939036889246742668e+00
-8.730835504942151104e+00
-6.699607680288237610e+00
-2.168054372125835183e+00
-4.102665311600389941e+00
-3.030206302306178401e+01
-8.948242320649859494e+01
-3.617818516698672937e+01
-4.454449929575345379e+01
-4.034102111724867967e+01
-4.239360900366353491e+01
-4.727252798997000127e+01
-2.736292974827934898e+01
-1.448855814979899215e+01
-5.636776442119816544e+00
-2.043325123515413466e+01
-3.009927306237971223e+00
-1.320747051060597066e+01
-1.046884034788081941e+01
-2.164773977142931827e+01
-2.107807636981103627e+01
-8.066116838108342790e+01
-4.458472367160607064e+01
-1.111619817695458501e+01
-6.636125377638661504e+00
-2.510555266012174158e+01
-2.499336605364207742e+01
-1.732933345975501638e+01
-1.299792420931233394e+01
-1.875286420567714885e+01
-6.867169062711455219e+00
-2.229018569351986656e+01
-1.195132355994910434e+01
-8.204401388885546709e+00
-8.529569622827221309e+00
-2.091709495139434694e+01
-1.795162429883703936e+01
-1.702895663239039337e+01
-2.454351960896980600e+01
-6.934317638429470776e+01
-7.442870830192645393e+00
-1.871654823577995330e+01
-6.636125377638661504e+00
-1.954095697151376854e+01
-2.667432176761937512e+01
-3.160710062674722653e+00
-2.660479686479785855e+01
-1.619015612549137728e+01
-7.690353996627810496e+00
-1.112268740789021315e+01
-1.333273755795736548e+01
-1.366968606121315410e+01
-6.867169062711455219e+00
-2.738342365714726867e+01
-1.598180251149055664e+01
-1.320076959390552318e+01
-7.098723828051378248e+00
-9.256734354294462008e+00
-4.909689354633867708e+01
-5.736941029798763481e+01
-1.717233877395177188e+01
-2.868506514418620057e+01
-1.237956698984031156e+01
-3.201539264958847752e+01
-2.032941394511500732e+01
-3.068706344594009039e+01
-2.278640579502016550e+01
-1.831045483316781386e+01
-2.721149539876198631e+01
-1.734022747012614118e+01
-2.205834685094104941e+01
-5.800101707746538438e+01
-1.717746271694572613e+01
-1.489408518761838884e+00
-3.025898124900116670e+01
-1.471716810405976439e+01
-2.382704610614070617e+01
-1.886850208556219144e+01
-3.583775000739995420e+01
-8.116416023084325104e+01
-1.172414229540695807e+01
-3.942332752016063324e+01
-4.458472367160607064e+01
-2.605776634559603266e+01
-3.646005195541110311e+01
-4.203023123992448262e+01
-9.157632389756781066e+00
-8.718980152420172658e+00
-2.938231634786049540e+01
-2.932511984614483680e+01
-1.636815942931367829e+01
-8.848895166200837537e+01
-2.298777364079191798e+01
-3.736495564904241462e+01
-2.693439634250723458e+01
-2.164773977142931827e+01
-2.353472118180535944e+01
-1.172171632626575644e+01
-1.217273834122229559e+01
-9.329959654722038920e+00
-1.211934667476117511e+01
-3.586609026528339683e+01
-1.543029456801646759e+01
-1.195243392654474768e+01
-2.850526641137636474e+01
-2.397753077866565974e+01
-2.296247492547401592e+01
-2.868506514418620057e+01
-3.125921790184925797e+01
-5.309585496328416809e+01
-2.535766636295864274e+01
-2.609874931373137485e+01
-2.429032518403227670e+01
-2.576784314363140282e+01
-2.296247492547401592e+01
-1.491953125954223403e+01
-1.013830667918874617e+01
-1.006796761238296156e+01
-1.705176563382895694e+01
-2.927862739458326757e+01
-3.756217798338755642e+01
-8.730835504942151104e+00
-2.493669632660999724e+01
-2.784149980021188142e+01
-1.205428130672288312e+01
-1.070432265535775329e+01
-2.164773977142931827e+01
-1.756183943678073689e+01
-8.730835504942151104e+00
-2.324305281458103423e+01
-2.170846495922842578e+01
-1.668368944045389668e+01
-1.287822766600418234e+01
-2.539125697783317293e+01
-2.052188005780696756e+01
-2.755061024426208149e+01
-5.560113752843344059e+01
-1.292036872387081381e+01
-1.499652980416649939e+01
-1.676230581902374439e+01
-1.521506478320917033e+01
-2.418014545366469292e+01
-3.626716733766855771e+00
-2.763232107300640905e+01
-5.935818569527770094e+00
-1.684100504324199221e+01
-5.000091308210620866e+00
-1.095697840687442515e+01
-3.096017427414182777e+01
-5.717612151050428082e+00
-1.521506478320917033e+01
-4.100091308210620511e+00
-5.505051625591885056e+01
-5.595928798770788859e+01
-2.855350866662150011e+01
-6.104318131747343834e+00
-2.213197428888801355e+01
-1.175481405943390456e+01
-1.911830380308891364e+01
-2.677618559208497473e+01
-1.342751228215883330e+01
-3.796805883025911754e+01
-4.732760703825714899e+01
-1.207439106438007492e+01
-1.883139124245377261e+01
-4.465949825809679652e+01
-2.316812003482466054e+01
-3.313983544645523693e+01
-1.379194487369953670e+01
-1.463694354163526690e+01
-2.254572644789469837e+00
-1.397842883142416603e+01
-7.110596638996091734e+00
-1.907245366364416483e+01
-1.308855927336159297e+01
-2.605776634559603266e+01
-2.553695237558761022e+01
-1.840562126079395355e+01
-1.100104785368568372e+01
-4.458472367160607064e+01
-6.867169062711455219e+00
-7.974045152179535023e+00
-3.105385368507099386e+01
-1.046884034788081941e+01
-7.256522152203189080e+00
-1.003382710637005104e+01
-1.366968606121315410e+01
-1.891222085193317426e+01
-1.824028149065479454e+01
-3.585239130634027305e+01
-3.274205818620180253e+01
-2.577679157041786340e+01
-1.175481405943390456e+01
-1.525896794791899680e+01
-3.905848718227623806e+01
-1.829053212899251335e+01
-7.715857399971371322e+00
-3.021325939824757612e+01
-1.366968606121315410e+01
-1.912007831219468912e+01
-1.656040717976856413e+01
-1.943809120093312970e+01
-2.437145067877586158e+01
-1.990627214617073903e+01
-2.151190372240178306e+01
-1.078184590457452430e+01
-5.392775721264128919e+01
-3.534209872902372762e+00
-1.175481405943390456e+01
-2.928846078640027883e+01
-1.010844115397203424e+01
-2.465456467502556848e+01
-1.712962226711078628e+01
-8.708878031677693698e+00
-6.648646927495491354e+01
-1.175481405943390456e+01
-1.385323241401993855e+01
-1.829053212899251335e+01
-2.947878210735730065e+01
-6.233802537658260867e+00
-1.609277997526555737e+01
-1.360598291432779661e+01
-1.307069733924317134e+01
-1.273397483527280194e+01
-2.801977151481978723e+01
-2.330495548227302294e+01
-4.643608450329801940e+01
-4.871835909361699635e+00
-5.820278573497612129e+00
-3.078213540970514472e+01
-7.572754303247170249e+00
-1.521506478320917033e+01
-1.444464055263244262e+01
-1.801714618860260231e+01
-4.454550016197363504e+01
-2.964536661928850947e+01
-2.276538681745826409e+01
-4.442125958730468938e+01
-3.212771870957634235e+01
-2.164773977142931827e+01
-1.747522220247180869e+01
-1.112268740789021315e+01
-4.322359631053512175e+01
-3.275139057259892894e+01
-8.170108786064901096e+01
-2.220029976894315382e+01
-4.378047942647098978e+01
-1.494182746935750039e+01
-2.078435399155397789e+01
-2.586792412624573956e+01
-2.054422599899230661e+01
-1.912007831219468912e+01
-1.273502972850939585e+01
-7.842765104936196607e+00
-2.361210270659943689e+01
-2.491328876880737297e+01
-2.200018472866245034e+01
-5.166999373618843094e+00
-7.027416562004143330e+00
-6.292254672070579424e+00
-5.182959360350825762e+01
-3.297480218148580633e+01
-4.931631324017178741e+00
-1.599600232409765610e+01
-1.483452759641803453e+01
-8.523060004060074135e+00
-1.953006950125210395e+01
-9.573851936143743302e+00
-5.051642364666780516e+00
-4.743838889291811967e+00
-2.034333075174422412e+00
-3.487286254326795643e+01
-1.944456602771529319e+01
-1.912007831219468912e+01
-1.046884034788081941e+01
-2.050718784180966736e+01
-2.457866684906258925e+01
-8.204401388885546709e+00
-5.169756836071251627e+01
-2.019661157237479898e+01
-1.440318473136086652e+01
-2.429568192509177038e+01
-2.847189708553690934e+01
-1.175481405943390456e+01
-1.832798564012104237e+01
-6.340441843879435879e+00
-2.033823376498081714e+01
-5.491661352617327907e+00
-2.416137884502798627e+01
-6.636125377638661504e+00
-9.744372183587811875e+00
-1.832798564012104237e+01
-2.102848807299584522e+01
-8.247648446230044783e+00
-1.175481405943390456e+01
-7.473391795155080786e+00
-1.614768201633722455e+01
-2.301445580692537618e+01
-1.301979670606655759e+01
-4.317469118088336444e+01
-1.818791104277411108e+01
-3.134936696080226071e+01
-1.112268740789021315e+01
-2.856799954858217561e+01
-6.339151776434252206e+00
-1.354411608825626168e+01
-9.824441796167436181e+00
-1.703741576967149030e+01
-1.690943116783006062e+01
-4.724958202849035338e+00
-2.026771312500356359e+01
-4.180094098677578529e+00
-1.057392386428636044e+01
-1.954697996499468360e+01
-1.811410203567463029e+01
-2.324939483637014970e+00
-1.608249860127992292e+01
-3.948309376330141340e+00
-7.899307256047650050e+00
-4.222318488969206385e+01
-2.948695752387577329e+01
-1.016426411825202614e+01
-6.636125377638661504e+00
-2.223055608795990068e+01
-2.568919788037294083e+01
-2.868506514418620057e+01
-1.895114540954920557e+01
-3.826908752048756668e+01
-5.920789176356343830e+00
-2.578499434335746088e+01
-7.036637102690772849e+01
-8.357501655373756222e+00
-1.722947745368655248e+01
-1.501729468223667219e+01
-1.273440845495480289e+01
-1.955895270578203338e+01
-1.299792420931233394e+01
-4.668438732412717229e+01
-1.046884034788081941e+01
-1.110796237053457780e+01
-1.996756367781494035e+01
-2.737188995176973094e+01
-1.489240945576246666e+01
-2.369198815285350435e+01
-8.809391751337367182e+00
-2.618044686821176015e+01
-1.195132355994910434e+01
-5.042752177352463150e+01
-7.727331047819997423e+01
-7.802225677111512425e+01
-1.366968606121315410e+01
-2.520115740883568733e+01
-2.472468651945711571e+01
-2.072075558969515008e+00
-2.310753855875808327e+01
-2.699747274547810250e+01
-1.521506478320917033e+01
-5.609794892874202965e+00
-6.945632706147899071e+00
-4.693760445503230017e+01
-1.013831102865128919e+01
-5.347128798815735884e+00
-2.817377964358279741e+01
-8.507873916476125231e+00
-1.300934441457494017e+01
-1.752807183250810752e+01
-3.120553123258798678e+01
-5.166999373618843094e+00
-3.362414466412645453e+01
-1.480729798474005854e+01
-2.884988254433519828e+01
-1.175481405943390456e+01
-3.666933517710470625e+01
-4.724958202849035338e+00
-1.714219305193360299e+01
-6.673769924784130225e+00
-1.378567909083964871e+01
-8.204401388885546709e+00
-5.166999373618843094e+00
-1.145885728092966360e+01
-2.881123747559473358e+01
-1.046884034788081941e+01
-3.258556090014448614e+01
-1.998323546362465919e+01
-6.222763521877150872e+00
-1.183192379862139099e+01
-2.555370698170609600e+01
-2.576042441605729927e+00
-3.263384870290835238e+01
-3.850324537709294503e+00
-9.548331326186049850e+00
-3.066406396890409525e+01
-2.032007831219468841e+01
-8.419797452951103267e+00
-2.426590404607501839e+01
-1.149843664577310420e+01
-7.974045152179535023e+00
-4.536292767238411017e+01
-2.844310397130378121e+01
-2.444586230335711718e+01
-3.132353302687266705e+01
-2.786441223903326403e+01
-5.506639554340654286e+01
-2.380913565728307191e+01
-2.228957291286592834e+01
-1.366968606121315410e+01
-1.951184404364295233e+01
-2.800802208148608585e+01
-2.151453242425847989e+01
-8.204401388885546709e+00
-1.655955859561793275e+01
-1.946490470613556312e+01
-2.442763225796279514e+01
-4.904059169781527316e+01
-1.172414229540695807e+01
-5.298539759526888560e+01
-4.623323694128037431e+01
-1.392411906395060939e+01
-1.392411906395060939e+01
-2.398965682114602416e+01
-2.290614053092561875e+01
-4.724958202849035338e+00
-9.153658721222344141e+00
-7.205768118181278048e+00
-1.714219305193360299e+01
-1.195132355994910434e+01
-6.651393311389205643e+00
-1.977504845926154786e+01
-8.486557234330225796e+00
-4.369416791199661532e+01
-2.786441223903326403e+01
-1.195132355994910434e+01
-2.068789563151662492e+01
-3.997773764292101184e+00
-3.202576578555940756e+01
-8.204401388885546709e+00
-2.559753283011286129e+01
-5.296550838056356270e+01
-2.566594459101253634e+01
-3.417611734592283401e+00
-1.282508160480991499e+01
-1.867028708419756455e+01
-2.215220656811361621e+01
-7.879185945411122383e+00
-4.409522354389173948e+00
-2.813960657607292415e+00
-1.628041141312881024e+01
-4.365101951752888709e+01
-5.715994789299864465e+01
-5.194395537387174855e+00
-5.350702118195376755e+01
-8.377844472493457317e+00
-1.902857288448706541e+01
-3.221836478058671105e+01
-2.903555673636937229e+01
-2.208702529291422323e+01
-3.939686813222895978e+01
-1.988684671007712979e+01
-1.897042653098872833e+01
-4.786447445170326631e+01
-4.897275598166111621e+01
-3.536782793243222756e+01
-3.025556304886165648e+01
-2.907716606149331184e+01
-2.019805774955682054e+01
-2.212467318939278016e+01
-4.445093081099707177e+01
-1.412426336279832562e+01
-1.824075005119038195e+01
-9.620873090846055575e+00
-1.195132355994910434e+01
-1.383985400081957806e+01
-2.429324935068088820e+01
-3.978277372046994032e+01
-2.361675223136290924e+01
-9.304017225176501427e+00
-1.522051439939162343e+01
-9.139320483156257779e+00
-1.044856539329085265e+01
-1.646621627665058085e+01
-1.674332032580851504e+01
-2.215220656811361621e+01
-9.661695971502203051e+00
-1.223045163659738499e+01
-1.300934441457494017e+01
-1.993883438487053184e+01
-5.345594409877327990e+01
-2.140757967044203625e+01
-4.724958202849035338e+00
-2.068789563151662492e+01
-6.403073172428097593e+00
-1.154157818005829128e+01
-1.345017572181978061e+01
-2.577261074963334764e+01
-1.201012711679693545e+01
-1.315255150928416228e+01
-1.819318242778640737e+01
-4.724958202849035338e+00
-1.733022835977392617e+01
-2.169122942550048805e+01
-4.790259168775506993e+01
-5.185743016756726576e+01
-9.172931093353760446e+01
-5.491661352617327907e+00
-1.813397452828500889e+01
-7.096276015184112218e+00
-1.778047813098774199e+01
-3.504224955525455876e+00
-2.416114104894231929e+01
-2.818299387764749309e+00
-1.172414229540695807e+01
-1.528167525757318934e+01
-1.175481405943390456e+01
-2.990837437341719962e+01
-5.175871313409739116e+01
-2.948695752387577329e+01
-1.714219305193360299e+01
-4.222790819112429972e+01
-1.793588022557139539e+01
-2.581190899030710639e+01
-1.757192794653715140e+01
-1.419765546567494674e+01
-9.748755999226970559e+00
-6.636125377638661504e+00
-3.431210823087097594e+01
-3.938920704560934638e+01
-2.171858754635386646e+01
-8.247648446230044783e+00
-3.146748029789393897e+01
-7.879374075340605188e+00
-1.744039084076447566e+01
-1.175481405943390456e+01
-1.769723133908550494e+01
-2.751750815373330283e+01
-3.018352535750767629e+01
-8.810060051034312778e+00
-5.519185660520191661e+00
-4.165331556652966327e+01
-2.093870038074716078e+01
-4.454550016197363504e+01
-2.202159891537979064e+01
-1.480680387477361037e+01
-3.580862498833125329e+01
-2.190607694149066731e+01
-4.669832240671088819e+00
-1.861761743627265631e+01
-3.555667670692181304e+01
-5.602193736855153361e+01
-4.376573842760228317e+00
-1.428227181267693702e+01
-1.902641781986709191e+00
-2.383683745917673846e+01
-1.543029456801646759e+01
-2.933215339605158078e+01
-3.377298257988729802e+01
-3.231803481939689959e+01
-2.566189562783352329e+01
-2.485450778384949544e+01
-2.034333075174422412e+00
-3.127463767436653796e+01
-1.218159974305736526e+01
-1.234533241208515975e+01
-2.438492540848022827e+01
-4.537318421639009358e+01
-8.302573541891405284e+00
-2.657257482784677549e+01
-2.324939483637014970e+00
-1.617078802119385017e+01
-1.046884034788081941e+01
-1.995087789240210796e+01
-2.350029848929700549e+01
-1.728774087532888259e+01
-3.359884868828203253e+01
-1.987035327726906431e+01
-2.091709495139434694e+01
-4.524148683013210714e+00
-6.867169062711455219e+00
-4.161621487176949330e+01
-1.804182455017377862e+01
-1.087591747581076440e+01
-1.046884034788081941e+01
-1.522426176370737849e+01
-2.941776731379379939e+01
-4.454550016197363504e+01
-2.581190899030710639e+01
-3.473292975017109541e+01
-3.153261855527575364e+01
-3.165014353116121271e+01
-1.522426176370737849e+01
-9.084518092882097662e+00
-2.017640979947153212e+01
-1.659210843413995562e+01
-3.105385368507099386e+01
-6.986150740974315987e+00
-1.869872876251443827e+01
-2.474743068859248751e+01
-1.190489112731103738e+01
-1.632519227667097539e+01
-1.798248584780391468e+01
-9.580775441326407460e+00
-3.666933517710470625e+01
-4.100091308210620511e+00
-9.304017225176501427e+00
-1.915477518662860490e+01
-1.172414229540695807e+01
-9.901036545682350365e+00
-1.207485407979516268e+01
-4.420338753868797710e+01
-1.046884034788081941e+01
-8.247648446230044783e+00
-1.366968606121315410e+01
-3.052757668129241253e+01
-2.976957531582702288e+01
-1.959705767106941821e+01
-1.714219305193360299e+01
-2.983745040239624657e+01
-2.977962740348898052e+01
-3.182022107877438444e+01
-3.045445556926494746e+01
-7.750784567568548944e+00
-3.068528562726640985e+00
-1.293952894570162293e+01
-2.805596588506975664e+01
-1.914594328232553622e+01
-1.254545146894244567e+01
-1.910293918933295743e+01
-3.090635724333105827e+01
-2.078562896391187564e+01
-1.521506478320917033e+01
-1.172414229540695807e+01
-7.927834738886724963e+00
-7.666845198020721064e+00
-3.339752741921408141e+00
-2.269659187190200811e+01
-2.034921210008310766e+01
-4.576585466334852015e+01
-6.888875999390984717e+00
-4.454550016197363504e+01
-2.324939483637014970e+00
-2.868506514418620057e+01
-2.176026359095457963e+01
-2.253904564119783238e+00
-1.172414229540695807e+01
-1.488715624677350391e+01
-2.140131147384131793e+01
-2.339702079772565568e+01
-1.122557170567298002e+01
-7.893967555979165773e+00
-9.176867730043907656e+00
-3.654935272141602187e+00
-1.046884034788081941e+01
-2.176026359095457963e+01
-2.940799231083202159e+01
-1.711891542298933189e+01
-2.250012727283751346e+01
-6.650501265964414266e+00
-4.458472367160607064e+01
-1.790954793682372781e+01
-2.077447390861815535e+01
-2.876412910669818501e+01
-1.172414229540695807e+01
-2.876490056125067341e+01
-8.377988786368128160e+01
-9.548331326186049850e+00
-4.248137666328484841e+01
-6.546169231419489698e+00
-2.328528241579926927e+01
-1.172414229540695807e+01
-3.447522783339123720e+01
-1.873698344303028662e+01
-2.979483379649755648e+01
-1.230717654710782405e+01
-8.790113313138972373e+00
-1.911503247466987432e+01
-4.454550016197363504e+01
-3.666933517710470625e+01
-3.091906861133463025e+01
-1.455601221546009327e+01
-2.951526306989207171e+01
-2.971630647084741028e+01
-1.695405378520815631e+01
-9.569988904738107038e+00
-1.884187347109255484e+01
-3.038721527953510204e+01
-8.403402159478433830e+00
-1.102959747597408402e+01
-2.169159815583240203e+01
-1.912007831219468912e+01
-1.260982495035555928e+01
-1.543029456801646759e+01
-1.714219305193360299e+01
-1.299792420931233394e+01
-1.306042264134007347e+01
-3.638931268775855443e+01
-3.165715409467575459e+00
-1.408760608460148234e+01
-3.131555691683983156e+01
-1.261949566265084499e+01
-2.471530248719802714e+01
-1.791726483910241186e+01
-2.516541242068642603e+01
-6.282540467563332953e+00
-1.410522675816298843e+01
-3.177866143929873388e+01
-4.871835909361699635e+00
-2.729923879398098663e+00
-1.714219305193360299e+01
-4.609790269196042090e+01
-4.805310768870324267e+00
-2.721579810808965405e+01
-3.819222595123088482e+00
-2.861491252506294103e+01
-4.049568076153816421e+00
-1.453777954532146310e+01
-8.267568659476427939e+00
-3.202902591728904014e+01
-3.320946849368793607e+01
-2.058605131728847937e+01
-1.016629249627875708e+01
-1.299792420931233394e+01
-2.109279324048149462e+01
-3.620381202075980553e+01
-2.434984797778572485e+01
-3.666933517710470625e+01
-2.817472365595222783e+01
-6.167283964722834355e+00
-1.299792420931233394e+01
-1.363923562554571589e+01
-3.644257822980868156e+01
-2.348738260014807011e+01
-3.165014353116121271e+01
-9.245809104499880249e+00
-8.525974804562411080e+00
-1.263938030517871880e+01
-4.871835909361699635e+00
-2.469784479358047236e+01
-7.027416562004143330e+00
-9.565274698458400948e+00
-3.290990404150770843e+01
-1.195536230619417850e+01
-9.580775441326407460e+00
-4.724958202849035338e+00
-1.643472857736326631e+01
-2.867649579349008349e+01
-2.998131998697908074e+01
-4.973741024344033868e+00
-9.580775441326407460e+00
-1.545492589144913076e+01
-4.871835909361699635e+00
-2.324939483637014970e+00
-1.899716036577810740e+01
-4.871835909361699635e+00
-1.455601221546009327e+01
-1.276596411861520153e+01
-1.564592734261187168e+01
-8.033621837259223852e+00
-1.043367282463156798e+01
-1.455601221546009327e+01
-2.751750815373330283e+01
-2.252906513995057125e+01
-1.175481405943390456e+01
-1.103053994379115288e+01
-1.968973562378982578e+01
-1.683270005311243978e+01
-1.558950538697220090e+01
-3.406602229880041932e+01
-7.533713524599501277e+00
-4.476980814164496536e+01
-1.122557170567298002e+01
-7.544821019014264607e+00
-6.811965516941430820e+00
-1.849998870890762603e+01
-3.558595635241611266e+00
-4.975206242801945677e+00
-1.939632935463972174e+01
-1.295635426834165926e+01
-2.254145882557010694e+01
-4.757531107746438614e+00
-2.856306459132516906e+01
-1.061914664802995567e+01
-2.760121889063008638e+01
-7.027416562004143330e+00
-8.204401388885546709e+00
-4.136228859664287683e+01
-4.835672820832855479e+01
-1.714219305193360299e+01
-1.630904051268590393e+01
-2.283259217788693718e+01
-2.436314624269356699e+01
-3.850324537709294503e+00
-3.120553123258798678e+01
-1.995087789240210796e+01
-4.757769230567349794e+00
-2.751750815373330283e+01
-1.373594008857036286e+01
-1.894589946773376710e+01
-3.277801144752397988e+01
-8.247648446230044783e+00
-1.823124402208532047e+01
-2.569739974079292466e+01
-2.755210075025291161e+01
-5.491485670878645919e+00
-1.113472854811394264e+01
-2.223839009656031607e+01
-2.207681726692205970e+01
-1.588324115974125306e+01
-2.611895697907227998e+01
-3.845577380127276967e+01
-1.462246200282417341e+01
-2.366183114380535102e+01
-1.123426625023224190e+01
-8.627327466873712325e+00
-3.114674766190800881e+01
-1.913754141996626856e+01
-2.556007685726645384e+00
-1.246405844685268960e+01
-2.086133520437351763e+01
-2.868506514418620057e+01
-3.360866594849269973e+01
-1.298571834883756537e+01
-2.169159815583240203e+01
-1.543029456801646759e+01
-2.712370936145535794e+01
-5.521027661702677847e+01
-1.856802950217977966e+01
-1.493295742497721612e+01
-1.602881704654786077e+01
-4.476980814164496536e+01
-1.801806037247712311e+01
-6.325553222193187963e+01
-5.472742792169666970e+00
-8.569202408714990327e+01
-1.681262228439252127e+01
-2.774492461409616340e+01
-8.204401388885546709e+00
-1.195132355994910434e+01
-1.270081442429166074e+01
-1.172414229540695807e+01
-6.415441890280165183e+01
-1.409045653290367639e+01
-1.299792420931233394e+01
-9.674423780746169044e+00
-2.074149444689261657e+01
-2.182586830758115681e+01
-1.867612388911218346e+01
-1.833019949682132221e+01
-7.119263060117268616e+00
-1.899740772953758849e+01
-2.366183114380535102e+01
-1.123426625023224190e+01
-1.618597239823624179e+01
-2.046649498322387473e+01
-1.142518720039948477e+01
-4.724958202849035338e+00
-2.751750815373330283e+01
-2.416137884502798627e+01
-3.091956001346787986e+01
-1.148501107322964465e+01
-2.297551192741928361e+01
-1.268062346456802025e+01
-1.299792420931233394e+01
-1.789800065561364661e+01
-1.701307996579554427e+01
-2.802460027299410328e+01
-1.299792420931233394e+01
-7.974045152179535023e+00
-1.732260830921082828e+01
-2.366183114380535102e+01
-1.752212836808446994e+01
-2.790745698039673073e+01
-5.196232973303083646e+00
-5.732969078016866860e+01
-1.565516223808622520e+01
-4.921097631331346811e+00
-1.404066087364819637e+01
-2.828904427845046854e+01
-1.705913575658636105e+01
-2.114522471240073642e+01
-4.458472367160607064e+01
-2.729923879398098663e+00
-1.455601221546009327e+01
-1.366968606121315410e+01
-1.543029456801646759e+01
-6.315930190198749905e+00
-5.484373435807243347e+00
-8.247648446230044783e+00
-8.256269557533837400e+00
-1.931046786060511522e+01
-1.112268740789021315e+01
-2.291860696152181021e+01
-3.170975908943282207e+01
-5.658243933534301817e+01
-3.295712989873707954e+01
-2.868506514418620057e+01
-7.027416562004143330e+00
-1.409045653290367639e+01
-4.361890791178928595e+01
-3.419491343263052130e+01
-1.151862786567318864e+01
-1.287082335594609361e+01
-6.282549462678041863e+01
-2.533030355115912258e+01
-1.299792420931233394e+01
-3.347740752059799263e+01
-1.044833132618605021e+01
-1.995087789240210796e+01
-1.491750227315427946e+00
-7.318074878384679849e+00
-9.744372183587811875e+00
-6.292254672070579424e+00
-1.366968606121315410e+01
-7.110596638996091734e+00
-1.046884034788081941e+01
-1.838984333303454122e+01
-1.232568263086552740e+01
-4.458472367160607064e+01
-8.878916604096566800e+00
-1.403035817696777343e+01
-2.943798401683301691e+01
-1.956332456317054636e+01
-2.299084828973066053e+01
-9.744372183587811875e+00
-1.897807316682460055e+01
-7.387754025622788490e+00
-1.902501434905840938e+01
-1.677768960139684395e+01
-2.315006823207681563e+01
-5.620759825596257997e+01
-2.927846843902922203e+01
-1.374706481604846253e+01
-5.474729168110713573e+01
-1.839647470628068859e+01
-2.034333075174422412e+00
-2.296247492547401592e+01
-1.995087789240210796e+01
-2.770090165938450255e+01
-7.352245299596011918e+00
-6.487404382880117737e+01
-1.180806925221632220e+01
-3.783613521856101780e+00
-1.521506478320917033e+01
-1.576362376140765065e+01
-1.543029456801646759e+01
-3.248388532300457143e+01
-8.256269557533837400e+00
-2.670435285928599356e+01
-6.267251825506135354e+00
-2.679474520084506750e+01
-7.884945887312283297e+00
-1.172414229540695807e+01
-1.551859744361496674e+01
-1.098533866174122764e+01
-1.994188511572141920e+01
-2.729923879398098663e+00
-4.458472367160607064e+01
-1.540054733173721502e+01
-2.556527066148977401e+00
-2.164773977142931827e+01
-1.564592734261187168e+01
-1.046884034788081941e+01
-2.324939483637014970e+00
-3.009851730325239316e+01
-1.564592734261187168e+01
-1.995087789240210796e+01
-7.110596638996091734e+00
-2.323978938586043341e+01
-6.729375116260778000e+00
-1.271152098556122212e+01
-1.299954579484513317e+01
-1.878937952553956592e+01
-4.744759472757539243e+01
-9.836393907700511363e+00
-1.087591747581076440e+01
-6.282540467563332953e+00
-1.346763787290320025e+01
-2.038827017022900634e+01
-1.600036068621650287e+01
-1.491750227315427946e+00
-7.133344481846971341e+00
-1.944126419203139378e+01
-3.240647012826713080e+00
-1.398716419594721394e+01
-2.331305881239396882e+01
-1.355001365339757058e+01
-6.292254672070579424e+00
-2.388937511694961913e+01
-2.003379399606752997e+01
-2.385591800037471444e+01
-1.871424686704405360e+01
-1.046884034788081941e+01
-4.470737217685161369e+01
-2.416137884502798627e+01
-1.573783030996183818e+01
-6.561522194053572399e+00
-1.437652132567122187e+01
-1.951204872697303117e+01
-1.564592734261187168e+01
-1.865667729615032400e+01
-2.003102201705297603e+01
-1.289573413213407171e+01
-3.034984351825531590e+01
-8.247648446230044783e+00
-2.732524037843714382e+01
-2.073452903640959377e+01
-4.458472367160607064e+01
-8.988594011208691725e+00
-8.247648446230044783e+00
-6.929835432930167016e+00
-1.879940220446389532e+01
-1.099050782363861423e+01
-3.223273222953505268e+01
-9.738244954151674904e+00
-1.511932514323295074e+01
-1.317821550165121280e+01
-1.175481405943390456e+01
-2.296247492547401592e+01
-2.296247492547401592e+01
-2.254145882557010694e+01
-1.029326361183341554e+01
-2.115361101455913939e+01
-2.461833321132731101e+01
-7.027416562004143330e+00
-3.763141552719329752e+01
-4.292741218116479018e+00
-1.351454883969207188e+01
-1.701124000076066878e+01
-6.292254672070579424e+00
-1.865667729615032400e+01
-3.093748696204218618e+01
-1.522704978547535504e+01
-2.911049337434852902e+01
-1.709947039169334460e+01
-4.699335918109703414e+01
-7.027416562004143330e+00
-4.314021106487223811e+00
-2.296247492547401592e+01
-3.090961585798127231e+01
-1.362279179313597233e+01
-3.985250310752145708e+01
-1.909801835526987546e+01
-2.505050276795020991e+01
-2.190542349536461231e+01
-3.270084082166083306e+01
-9.524290631119168182e+00
-1.778301865399017601e+01
-9.548331326186049850e+00
-2.591789176682690510e+01
-3.367011807344298546e+01
-3.962017853962148006e+00
-2.022123592314714458e+01
-1.742359598068076920e+01
-6.681300683605765123e+00
-2.895031708229913292e+01
-1.187039919412050182e+01
-2.751750815373330283e+01
-2.296247492547401592e+01
-8.247648446230044783e+00
-2.751750815373330283e+01
-1.046884034788081941e+01
-8.865941567667388057e+00
-1.732260830921082828e+01
-1.211421793092929278e+01
-1.722252630103974269e+01
-6.292254672070579424e+00
-2.416137884502798627e+01
-9.345143448678323139e+00
-4.871835909361699635e+00
-5.046428142466239386e+00
-1.366968606121315410e+01
-2.868506514418620057e+01
-8.204401388885546709e+00
-2.479358372400454158e+01
-2.195957184318575273e+01
-2.046037122878278325e+01
-1.388042864604886084e+01
-1.366968606121315410e+01
-2.871899855960180759e+01
-2.051426972708908636e+01
-1.434842154544014114e+01
-1.455601221546009327e+01
-3.014678648930524929e+01
-8.204401388885546709e+00
-7.636019558754236769e+00
-2.596665018668499769e+01
-1.428474728769256785e+01
-2.759181066619943667e+00
-8.611994224857562585e+01
-2.811567797768854149e+01
-1.168929932429327145e+01
-1.195132355994910434e+01
-6.104318131747343834e+00
-1.112268740789021315e+01
-2.416137884502798627e+01
-7.027416562004143330e+00
-2.416137884502798627e+01
-2.433546473247392328e+01
-1.455601221546009327e+01
-2.729923879398098663e+00
-2.574823012109223086e+01
-1.634031841494789106e+01
-1.519771091877205293e+01
-6.330330345034126616e+00
-3.539041381300832256e+01
-1.647287184951051131e+01
-8.681269488200138440e+00
-1.732702631559796203e+01
-2.868506514418620057e+01
-6.104318131747343834e+00
-1.195132355994910434e+01
-1.195132355994910434e+01
-1.129576227928844467e+01
-8.755411778096059194e+00
-1.543029456801646759e+01
-2.500526625766498512e+01
-4.512851124294743244e+01
-2.650269865205246322e+00
-1.920907805934607637e+01
-7.974045152179535023e+00
-2.329153143202786680e+01
-2.294078839583298191e+01
-1.175481405943390456e+01
-2.770090165938450255e+01
-7.027416562004143330e+00
-1.195132355994910434e+01
-2.628135970152935386e+01
-9.580775441326407460e+00
-1.718210667524584068e+01
-8.247648446230044783e+00
-1.401371112972142896e+01
-1.825445053658555850e+01
-1.132474316271559722e+01
-8.086432321856717564e+00
-1.906866659305936196e+01
-1.564592734261187168e+01
-2.751750815373330283e+01
-4.496707004594025392e+01
-1.300583940865091925e+01
-2.071391866130640835e+01
-2.850397596508086551e+01
-8.831440435260375921e+00
-8.247648446230044783e+00
-1.186495210169187509e+01
-8.755411778096059194e+00
-1.995087789240210796e+01
-1.908638140761351210e+01
-3.913779174290616680e+01
-3.702746447473272440e+01
-1.962011395013685089e+01
-2.034333075174422412e+00
-3.406602229880041932e+01
-1.433226659164756178e+01
-3.197239377316520503e+01
-4.724958202849035338e+00
-9.548331326186049850e+00
-2.419608821955453948e+01
-5.122323273243370778e+00
-2.780565912212562907e+01
-1.995087789240210796e+01
-1.175481405943390456e+01
-6.971212659552629809e+00
-1.399866129512461299e+01
-2.270411266061157107e+01
-1.114092104131501770e+01
-1.046884034788081941e+01
-1.437784870429235795e+01
-4.399645228034862043e+01
-6.971212659552629809e+00
-1.470043283703095760e+01
-1.604391997479737597e+01
-1.251028981837940179e+01
-3.248388532300457143e+01
-4.871835909361699635e+00
-1.175481405943390456e+01
-8.644766333961371174e+00
-1.175481405943390456e+01
-1.506627017533931401e+01
-1.522426176370737849e+01
-1.564592734261187168e+01
-7.974045152179535023e+00
-7.027416562004143330e+00
-1.172414229540695807e+01
-7.027416562004143330e+00
-1.455601221546009327e+01
-1.085258562713582187e+01
-2.737658481745751970e+01
-1.195132355994910434e+01
-2.296247492547401592e+01
-2.751750815373330283e+01
-1.536866936622898905e+01
-2.748334776105183863e+01
-5.639804399010934333e+00
-2.064505049700966310e+01
-2.195444514831441651e+01
-1.849553347591975339e+01
-2.416137884502798627e+01
-1.103193442521682854e+01
-4.724958202849035338e+00
-1.202583028182094971e+01
-3.515060477730460775e+01
-3.248388532300457143e+01
-3.950896837201515410e+01
-1.954095697151376854e+01
-1.565659295285752250e+01
-1.056201939654836686e+01
-3.825595049417351845e+00
-1.897094128925262524e+01
-1.859490741437104244e+00
-8.204401388885546709e+00
-1.797381342701724449e+01
-2.582422289895178125e+01
-7.818365772095328126e+00
-7.110596638996091734e+00
-1.997893606706131919e+01
-3.419553456247593104e+00
-2.868506514418620057e+01
-1.772747345124480844e+01
-7.382744584887795725e+00
-3.896615855428058239e+01
-1.522426176370737849e+01
-2.179072075560115351e+01
-1.493295742497721612e+01
-1.481179313319283963e+01
-2.336100877719016466e+01
-2.296247492547401592e+01
-2.340426743280250577e+01
-1.511932514323295074e+01
-1.511932514323295074e+01
-2.868506514418620057e+01
-8.033621837259223852e+00
-1.596742088161117223e+01
-1.720485600250205493e+01
-2.324939483637014970e+00
-4.724958202849035338e+00
-1.742359598068076920e+01
-1.693897750852265816e+01
-2.998330672328613389e+01
-2.751750815373330283e+01
-9.423796360049383480e+00
-8.204401388885546709e+00
-2.025794550392162918e+01
-2.751750815373330283e+01
-1.590992694205474223e+01
-8.711327509274729763e+00
-2.612951992259970169e+01
-2.751750815373330283e+01
-8.474181846137257779e+00
-1.578940966416067226e+01
-1.783640560069433079e+01
-1.798248584780391468e+01
-1.195132355994910434e+01
-1.820057666059200940e+01
-1.726132821768321435e+01
-3.893065629335523425e+01
-1.258473611681567839e+01
-1.064801217591264226e+01
-1.911503247466987432e+01
-2.670096601954466209e+01
-3.666933517710470625e+01
-2.134021150652171173e+01
-2.868506514418620057e+01
-3.436311103304355896e+01
-2.908452223091674949e+00
-2.868506514418620057e+01
-1.564592734261187168e+01
-2.416137884502798627e+01
-1.018794169078586620e+01
-2.306961244062746630e+01
-1.310622389980308000e+01
-3.524673856652564297e+01
-5.987925409611418281e+00
-3.093748696204218618e+01
-1.836091908440673137e+01
-2.151318726334839226e+01
-1.378151761629023042e+01
-2.887930186135048771e+01
-1.392489673832325892e+01
-3.666933517710470625e+01
-5.754827384290841508e+01
-2.501877135313332801e+01
-3.666933517710470625e+01
-1.299792420931233394e+01
-3.077136495906874458e+01
-1.762364455143265474e+01
-1.046884034788081941e+01
-1.604391997479737597e+01
-1.714219305193360299e+01
-2.701448107944762356e+01
-2.084524370184681175e+01
-2.587303530438529009e+01
-7.110596638996091734e+00
-3.093748696204218618e+01
-1.355875473263664155e+01
-3.334139405884856444e+01
-1.725102928025661342e+01
-1.555390243834196973e+01
-1.590357780577890168e+01
-4.859242244057426774e+00
-3.001931162424967159e+00
-2.627070553356597671e+00
-1.624052447171245817e+01
-1.925983682598975122e+01
-1.782995861921974523e+01
-6.233101868007273616e+00
-2.839188995405422133e+01
-4.963994650963368827e+01
-1.046884034788081941e+01
-6.299495111382311663e+00
-1.266216978360687406e+01
-2.159078634965762689e+01
-3.251326169116883769e+00
-1.727505998245645102e+01
-1.854903618978418933e+01
-3.418554217504314430e+00
-3.798079726593108774e+01
-2.296247492547401592e+01
-5.536711121389380708e+01
-4.833488683379540518e+00
-1.576664261154164137e+01
-2.072471555440280966e+01
-2.860065716818369452e+01
-8.755411778096059194e+00
-1.046884034788081941e+01
-1.489408518761838884e+00
-4.724958202849035338e+00
-4.724958202849035338e+00
-7.974045152179535023e+00
-1.937093330043895989e+01
-1.990627214617073903e+01
-4.724958202849035338e+00
-2.900191727662970465e+01
-1.300934441457494017e+01
-1.730216551336368980e+01
-6.292254672070579424e+00
-2.631155692746434127e+01
-2.157681844922842274e+01
-7.110596638996091734e+00
-3.140061653109754047e+01
-1.505141880644841912e+01
-3.248388532300457143e+01
-8.033621837259223852e+00
-7.311625443504662591e+00
-8.447798628970232926e+01
-2.751750815373330283e+01
-3.106217629592875085e+01
-1.343502370096021181e+01
-1.300583940865091925e+01
-2.631147273375502138e+01
-2.750743800793273408e+01
-1.564592734261187168e+01
-2.530876447516652661e+01
-1.131435177370239842e+01
-7.974045152179535023e+00
-1.619758560756281440e+01
-1.366968606121315410e+01
-2.864946210012563910e+01
-2.633453976547005837e+01
-1.366968606121315410e+01
-1.491750227315427946e+00
-2.729923879398098663e+00
-7.027416562004143330e+00
-1.714219305193360299e+01
-2.473028509523072671e+01
-5.760885494387604666e+01
-2.505959584322801703e+01
-3.093748696204218618e+01
-8.492678150706446161e+01
-9.137518490748549382e+00
-2.751750815373330283e+01
-6.636125377638661504e+00
-3.962017853962148006e+00
-2.324939483637014970e+00
-3.990715478232162639e+01
-6.867169062711455219e+00
-9.374739918693334673e+00
-3.492857832910343063e+01
-2.664481988501225374e+01
-3.061524234459104221e+01
-2.788748795517730983e+01
-1.521506478320917033e+01
-5.760885494387604666e+01
-1.511932514323295074e+01
-4.458472367160607064e+01
-1.930216775890931302e+01
-1.895988078514653807e+01
-1.489408518761838884e+00
-3.367872725479941920e+01
-2.868506514418620057e+01
-2.751750815373330283e+01
-9.266625737444455169e+00
-1.551080170619452048e+01
-3.486075470670035514e+01
-1.439065497269732674e+01
-1.053074782683783184e+01
-1.204341659921476548e+01
-2.748334776105183863e+01
-1.794309310845732242e+01
-2.781187657973947225e+01
-2.037050386472600039e+01
-3.093748696204218618e+01
-9.137518490748549382e+00
-2.169159815583240203e+01
-9.744372183587811875e+00
-2.729923879398098663e+00
-1.492640562641378565e+01
-2.361946528662013733e+01
-1.714679878717177886e+01
-6.569414667686299936e+01
-5.155482213024632898e+01
-9.291381943319253267e+00
-1.765128367651292507e+01
-1.316597776817445009e+01
-1.756262845556512531e+01
-2.324939483637014970e+00
-2.041984662768950898e+01
-1.995087789240210796e+01
-2.431992792125697278e+01
-3.543994282154763642e+00
-2.173574137150615115e+01
-3.018692990831779355e+01
-3.481157488347449913e+01
-2.462904953731803737e+00
-2.710655905784546249e+01
-1.511932514323295074e+01
-1.072124159503468199e+01
-1.437652132567122187e+01
-2.455489048315998701e+01
-1.761890121214947413e+01
-2.337276764481905289e+01
-8.819793633634530394e+00
-1.300934441457494017e+01
-9.266625737444455169e+00
-9.744372183587811875e+00
-5.520303986505321348e+01
-1.175481405943390456e+01
-2.198158148220663932e+01
-1.999331387463244170e+01
-1.300934441457494017e+01
-2.153007430271123823e+01
-2.069574277338765089e+00
-1.123426625023224190e+01
-1.470043283703095760e+01
-4.728990913855982470e+00
-2.288461918722392241e+01
-1.875620314948649181e+01
-7.027416562004143330e+00
-2.539947730523511638e+01
-1.366968606121315410e+01
-2.572015221642091376e+01
-1.788862459778813729e+01
-2.748923720908824819e+01
-2.868506514418620057e+01
-1.616397646490983675e+01
-4.458472367160607064e+01
-1.148889075424643558e+01
-4.989874789561384461e+01
-1.903947928635220421e+01
-3.313444915916046085e+01
-1.489408518761838884e+00
-1.604391997479737597e+01
-6.636125377638661504e+00
-1.223488438235479236e+01
-1.521506478320917033e+01
-3.850324537709294503e+00
-4.058800193614213470e+01
-2.121606668803930873e+01
-2.324939483637014970e+00
-2.935872098361143046e+01
-3.052995769022025030e+01
-1.476348601735656807e+01
-2.751750815373330283e+01
-3.560632185703717312e+01
-3.824942761614170195e+01
-5.260776491800350385e+01
-2.729923879398098663e+00
-1.714219305193360299e+01
-1.415755659114434550e+01
-4.536587457808580837e+01
-1.954153596777721091e+01
-1.301950619499528194e+01
-2.324939483637014970e+00
-1.483958142829482263e+01
-2.528411505809681259e+01
-1.007820557708642362e+01
-2.606222402147431083e+01
-3.093748696204218618e+01
-9.198457021252597343e+00
-1.378567909083964871e+01
-4.724958202849035338e+00
-2.229681806425226753e+01
-1.245846507394968405e+01
-1.779220145312541845e+01
-2.074593529258126878e+01
-3.927465766162531935e+01
-1.046884034788081941e+01
-1.251028981837940179e+01
-1.053074782683783184e+01
-3.115759388381536610e+01
-3.247606769188233500e+01
-2.729923879398098663e+00
-2.809313703810997254e+01
-8.247648446230044783e+00
-2.868506514418620057e+01
-1.491750227315427946e+00
-1.836777686006372434e+01
-1.912007831219468912e+01
-2.868506514418620057e+01
-5.647106493062840826e+01
-4.507938042418132341e+01
-1.805737055758956089e+01
-9.472952303119926754e+00
-1.742359598068076920e+01
-3.850324537709294503e+00
-2.868506514418620057e+01
-1.366968606121315410e+01
-1.730216551336368980e+01
-1.521506478320917033e+01
-6.747258871234761202e+00
-2.762555760234745250e+01
-1.931711389785996147e+01
-2.751750815373330283e+01
-7.975332914798414663e+00
-2.726520456899007527e+01
-2.608001700740044981e+01
-1.696419936527755468e+01
-1.995087789240210796e+01
-2.328905167226322703e+01
-2.169159815583240203e+01
-5.549522715350613922e+00
-1.019010596388672063e+01
-2.362928459857960561e+01
-3.653489871427801461e+01
-2.069574277338765089e+00
-1.366968606121315410e+01
-2.910198324153994420e+01
-5.454741346565484150e+00
-1.719866234135764671e+01
-5.935414053413592406e+00
-2.315996117006663368e+01
-1.511932514323295074e+01
-3.135591989911506783e+00
-1.180806925221632220e+01
-3.446696966539223439e+01
-1.824296678403811001e+01
-1.618766551965318712e+01
-3.800686267080921965e+01
-8.546451077907846638e+01
-8.959902409118647881e+00
-2.868506514418620057e+01
-1.352251726713405944e+01
-1.455601221546009327e+01
-1.688850034049610827e+01
-4.724958202849035338e+00
-3.040278850869315974e+01
-2.439130237915681576e+01
-2.163310517530891630e+01
-1.489408518761838884e+00
-8.673118710408088816e+01
-2.279181727674496472e+01
-2.809313703810997254e+01
-1.115514995401324327e+01
-1.639938917862504653e+01
-4.100091308210620511e+00
-1.356442208902556956e+01
-1.402766144317080510e+01
-2.297276993754028496e+01
-1.861336870363508211e+01
-1.241313529226575874e+01
-1.578568191835104528e+01
-8.247648446230044783e+00
-3.962017853962148006e+00
-1.697687078705452635e+01
-1.291952910854991643e+01
-2.779867834990343312e+01
-1.624850889486187100e+01
-8.256269557533837400e+00
-2.186275292368975087e+01
-8.534940264243159547e+00
-1.702194638420179018e+01
-2.296247492547401592e+01
-7.919628741912435999e+01
-1.457732224828021650e+01
-2.437286735787528258e+01
-1.366968606121315410e+01
-1.268395227528668201e+01
-3.666933517710470625e+01
-1.714219305193360299e+01
-1.576717924667721960e+01
-9.580775441326407460e+00
-8.204401388885546709e+00
-1.717841053436368171e+01
-4.871835909361699635e+00
-9.682188807421621135e+00
-3.144646092412533278e+01
-4.322634876210624810e+00
-2.490787090682745131e+01
-1.664825807565490834e+01
-2.274861967420823206e+01
-8.204401388885546709e+00
-2.137812028335811121e+01
-1.347311443182060842e+01
-1.522426176370737849e+01
-2.839754184593666153e+01
-4.724958202849035338e+00
-2.084614773431415102e+01
-1.938474126765965622e+01
-2.034333075174422412e+00
-1.511932514323295074e+01
-8.755411778096059194e+00
-1.485262264218252604e+01
-3.419512308312420146e+01
-2.751750815373330283e+01
-8.755411778096059194e+00
-1.323078178762048829e+01
-2.958480674792461684e+01
-1.814549927176743793e+01
-8.053683504487042910e+01
-2.700960125383848620e+01
-2.896395206330891270e+01
-8.755411778096059194e+00
-1.022596960616807849e+01
-2.120180474032063245e+01
-1.521506478320917033e+01
-1.194368041254598722e+01
-1.649835317801277412e+01
-4.458472367160607064e+01
-5.486787206635282388e+01
-8.398888962744310405e+00
-3.406602229880041932e+01
-6.400156231964686526e+00
-1.552704630524956997e+01
-2.416137884502798627e+01
-2.474760702852667293e+01
-1.300583940865091925e+01
-9.007011044717174286e+00
-1.728811650754125395e+01
-6.636125377638661504e+00
-5.956704832250435011e+00
-2.164773977142931827e+01
-1.832296734942001848e+01
-2.868506514418620057e+01
-1.083888327781065719e+01
-2.468124260065228270e+01
-8.116382133089945938e+00
-3.273961535391512001e+01
-3.406602229880041932e+01
-2.034333075174422412e+00
-1.882663483398175686e+01
-1.521506478320917033e+01
-6.232871215292600908e+00
-4.548232527968953320e+01
-1.908661325221240901e+01
-1.984748507791684347e+01
-1.659890163633414417e+01
-1.489408518761838884e+00
-4.574223113820690401e+01
-8.463543605850581741e+00
-3.977024294621590883e+01
-1.659890163633414417e+01
-2.164773977142931827e+01
-1.813484859238624480e+01
-3.183793177780368922e+01
-7.164476423331600508e+00
-6.075570130629210475e+00
-1.472121990667026559e+01
-4.871835909361699635e+00
-2.330500976064905316e+01
-2.540468742872680608e+01
-6.636125377638661504e+00
-2.868506514418620057e+01
-2.164773977142931827e+01
-5.093029354677780063e+00
-6.636125377638661504e+00
-2.964584454271807701e+01
-2.467504773444653665e+01
-7.974045152179535023e+00
-6.636125377638661504e+00
-2.034333075174422412e+00
-2.774773027659160718e+01
-1.500635570139773201e+01
-2.587303530438529009e+01
-3.962017853962148006e+00
-3.921184848606348794e+01
-1.524954346475107947e+01
-5.928382045043351312e+00
-1.366968606121315410e+01
-1.564592734261187168e+01
-4.019615125164825287e+01
-4.552318222233683542e+00
-8.256269557533837400e+00
-8.134170918749180146e+01
-1.053428282713866260e+01
-1.898045463067168370e+01
-3.135591989911506783e+00
-2.842148196416751205e+01
-3.862448313545119305e+01
-2.543430857246351451e+01
-9.744372183587811875e+00
-2.732524037843714382e+01
-2.320009973241146106e+00
-1.455601221546009327e+01
-2.332961604208061246e+01
-2.293679301899159029e+01
-1.504245811504519992e+01
-1.795358254740070336e+01
-2.291912794345203963e+01
-2.330500976064905316e+01
-1.742359598068076920e+01
-1.622176283456720602e+00
-4.365038900176686809e+01
-5.023072987621009844e+00
-7.304251459440944672e+00
-2.351531870858606510e+01
-1.510649942347442654e+01
-2.577900560471149660e+01
-1.302166283370645594e+01
-3.071691417698214366e+01
-3.093748696204218618e+01
-1.300934441457494017e+01
-1.479567381197680476e+01
-2.189014295683267974e+01
-4.376330472082029743e+00
-4.724958202849035338e+00
-1.302166283370645594e+01
-2.815537100612067434e+01
-2.140695434075353987e+01
-1.170466158559120373e+01
-2.281244055955181693e+01
-4.918675727834230571e+00
-1.285294806902592946e+01
-1.300583940865091925e+01
-2.949701667815571859e+00
-2.746298259608606074e+01
-2.450173202746585943e+01
-2.485249370289687576e+01
-1.860219474226358827e+01
-2.140695434075353987e+01
-1.300583940865091925e+01
-4.354307534419439207e+01
-2.161259238436332097e+01
-1.850843488718856023e+01
-1.421001134916693687e+01
-1.518361010082444373e+01
-3.088097194606623219e+01
-1.710486148601147960e+01
-1.386418614506537672e+01
-2.013095069751508959e+01
-3.850324537709294503e+00
-1.829656372672791065e+01
-1.195132355994910434e+01
-1.749808608893024342e+01
-9.700422696268432787e+00
-1.103193442521682854e+01
-8.959052213870407400e+00
-2.034333075174422412e+00
-1.714219305193360299e+01
-1.959483776899207541e+01
-1.521506478320917033e+01
-6.867169062711455219e+00
-2.677852853320493054e+00
-1.455601221546009327e+01
-2.997933265712102369e+01
-7.920471320451095210e+01
-2.436304051679653071e+01
-4.718788873911513093e+01
-1.148501107322964465e+01
-8.345153729830087741e+00
-3.459281909206574568e+01
-1.195132355994910434e+01
-1.175481405943390456e+01
-4.484321465713067312e+01
-1.627757446278910436e+01
-1.659890163633414417e+01
-1.378567909083964871e+01
-2.164773977142931827e+01
-1.730216551336368980e+01
-9.153296441255884375e+00
-2.482201534770657148e+01
-1.124924614436712034e+01
-2.868506514418620057e+01
-1.543029456801646759e+01
-1.504213968441982985e+01
-3.090635724333105827e+01
-5.760885494387604666e+01
-1.850843488718856023e+01
-3.108580842057932614e+01
-1.491750227315427946e+00
-1.195132355994910434e+01
-1.652252265158269395e+01
-3.199920560220772359e+01
-2.391770348487102282e+01
-8.033621837259223852e+00
-9.744372183587811875e+00
-1.564683638510775054e+01
-1.300934441457494017e+01
-8.247648446230044783e+00
-5.950890918147106134e+01
-4.832236646158993842e+00
-1.299792420931233394e+01
-1.185707538081127232e+01
-4.871835909361699635e+00
-2.238318335864007835e+01
-2.264884812438187822e+01
-1.173305102281238099e+01
-1.525896794791899680e+01
-1.385752102898339366e+01
-3.723394327407326898e+01
-8.344970798134578871e+00
-6.071868033835291811e+01
-9.902911313073939681e+00
-3.018352535750767629e+01
-1.218059962681317643e+01
-2.536547548128206131e+01
-1.525896794791899680e+01
-2.918849541151024596e+01
-2.335651702777855121e+01
-2.548593094690043159e+01
-2.164773977142931827e+01
-2.034333075174422412e+00
-1.972133672764933721e+01
-1.850843488718856023e+01
-8.204401388885546709e+00
-2.416137884502798627e+01
-1.299792420931233394e+01
-1.714219305193360299e+01
-1.443663175076487626e+01
-7.185283211444235540e+00
-7.974045152179535023e+00
-1.965800189628450312e+01
-2.296247492547401592e+01
-6.292254672070579424e+00
-1.175481405943390456e+01
-3.359862348059677117e+01
-1.911503247466987432e+01
-2.634107471657708643e+01
-2.868506514418620057e+01
-1.411958473839454697e+01
-2.782436168158197720e+00
-1.300934441457494017e+01
-1.408411012714823585e+01
-1.920331763406019121e+01
-3.831142290193066735e+00
-9.910911058676305174e+00
-2.567787290261656352e+01
-1.747139794907128874e+01
-3.850324537709294503e+00
-2.940447167447655374e+01
-2.291923113324324746e+01
-3.552336649523764578e+01
-2.120403666295747414e+01
-1.578286329249645981e+01
-1.455601221546009327e+01
-1.172414229540695807e+01
-1.852531426747525600e+01
-2.746298259608606074e+01
-8.204401388885546709e+00
-1.659890163633414417e+01
-2.444373570846155985e+01
-1.344693272625566571e+01
-1.865816562401418821e+01
-6.800023747327212931e+00
-1.639647078729920437e+01
-1.299792420931233394e+01
-3.007806303757667621e+01
-1.759035360241322365e+01
-1.172414229540695807e+01
-3.406602229880041932e+01
-8.837971661403972234e+01
-1.707342976379936061e+01
-1.639938917862504653e+01
-8.247648446230044783e+00
-3.589064395426960630e+01
-8.256269557533837400e+00
-1.434564053228527136e+01
-1.366968606121315410e+01
-3.061660687580322460e+01
-7.110596638996091734e+00
-3.797276073101276239e+01
-6.292254672070579424e+00
-6.292254672070579424e+00
-8.227238349283547691e+00
-6.547728513754182700e+01
-7.820931101388622153e+01
-1.693533366329712564e+01
-4.405597806317287279e+01
-9.175537045047802209e+00
-2.052142591664942728e+01
-1.172414229540695807e+01
-9.048778886239231767e+00
-3.623764248035799085e+01
-1.175481405943390456e+01
-3.247193952332069244e+01
-5.888799877013883588e+01
-3.135112560888640942e+01
-3.345562785436503361e+01
-1.366968606121315410e+01
-1.512952475602743085e+01
-1.453566941781367383e+01
-2.468124260065228270e+01
-1.003685679629187000e+01
-1.300934441457494017e+01
-5.051642364666780516e+00
-1.092629766515654843e+01
-1.815299373200189947e+01
-2.151219480429372055e+01
-1.398524715010059616e+01
-2.099515816275672364e+01
-4.105612482703934418e+00
-1.172414229540695807e+01
-2.107559482758869862e+01
-1.777920613472034006e+01
-8.199764884892360328e+00
-4.724958202849035338e+00
-1.491750227315427946e+00
-1.224796798846144164e+01
-3.031909245740667913e+01
-1.172414229540695807e+01
-4.458472367160607064e+01
-1.879132129275971508e+01
-2.324939483637014970e+00
-6.674992479989026783e+00
-3.016962166956595581e+01
-3.688206748263638701e+01
-5.638530257220018882e+00
-5.513348864192941789e+01
-4.458472367160607064e+01
-5.706344844812201700e+01
-7.027416562004143330e+00
-3.708172178308606703e+01
-4.871835909361699635e+00
-3.732978206802104637e+01
-2.729923879398098663e+00
-6.129463097744752176e+00
-9.342966496326784664e+00
-1.577826771426389385e+01
-9.478535458410592085e+00
-1.562876168473602689e+01
-2.738678224068651090e+01
-1.018619460365996154e+01
-1.995087789240210796e+01
-2.094685570162744170e+01
-2.130313395150774980e+01
-6.292254672070579424e+00
-1.550869016244925547e+01
-1.995087789240210796e+01
-8.256269557533837400e+00
-2.360490481665697970e+01
-1.195132355994910434e+01
-1.714219305193360299e+01
-3.093748696204218618e+01
-2.164773977142931827e+01
-7.413370402156310490e+00
-1.455601221546009327e+01
-2.229536338874039814e+01
-1.754166818505320435e+01
-1.911503247466987432e+01
-8.589021086225463009e+00
-4.236162712861240465e+01
-2.073950905551811275e+01
-5.797613828302963412e+01
-3.066966167901785312e+01
-7.767606841006030827e+00
-4.027570785708452838e+00
-5.091210209638709294e+00
-2.222514182165767949e+01
-2.719383780779011417e+01
-1.195132355994910434e+01
-1.932370469780813238e+01
-1.879132129275971508e+01
-1.862242247892704228e+01
-1.113615955555488313e+01
-6.292254672070579424e+00
-2.626148456276111176e+01
-8.360179750253964315e+00
-6.880765752280859715e+01
-6.247817224949083936e+01
-8.256269557533837400e+00
-7.442870830192645393e+00
-1.772715127174442529e+01
-1.618604770687252881e+01
-1.795783081795287117e+01
-2.277627642805233776e+01
-4.836513158747376195e+01
-1.499883060689152181e+01
-2.490776056940956451e+01
-4.280127225969039273e+01
-1.103193442521682854e+01
-3.303707265260119641e+01
-7.857876407223154835e+00
-8.687425009342021553e+00
-2.037050386472600039e+01
-1.808709046884641936e+01
-1.299792420931233394e+01
-6.280449453718610187e+00
-3.116231614867668398e+01
-6.561522194053572399e+00
-1.075964299041639549e+01
-1.564592734261187168e+01
-1.303808636384057706e+01
-5.604205291953021373e+01
-1.543029456801646759e+01
-4.017202651462734764e+01
-3.820804472636900329e+01
-1.154036180746897244e+01
-2.282630653153308842e+01
-1.911503247466987432e+01
-8.920887005108134815e+00
-1.902933215235120912e+01
-1.549512102512976774e+01
-7.292703387568366225e+00
-1.395965907206763745e+01
-3.826307393113954447e+01
-1.858287299775241763e+01
-1.549853094948509202e+01
-1.300934441457494017e+01
-1.230260468480067182e+01
-1.265616529930337997e+01
-8.687425009342021553e+00
-1.242332097197957808e+01
-1.489408518761838884e+00
-1.366968606121315410e+01
-2.730122471945174567e+01
-2.774843058671536511e+01
-3.666860882087971873e+01
-2.134113202490199157e+01
-1.046884034788081941e+01
-4.145875714764117248e+01
-2.296247492547401592e+01
-8.456954861739115259e+00
-1.770767186068519550e+01
-2.455126483833354811e+01
-8.984346788400110029e+00
-3.542110214122725154e+01
-1.747139794907128874e+01
-5.687438764399717073e+00
-9.744372183587811875e+00
-1.639938917862504653e+01
-2.316034760525773351e+01
-2.304436289130623905e+01
-2.871903853136230822e+01
-1.349868724504640127e+01
-2.296247492547401592e+01
-8.256269557533837400e+00
-1.965988580697126764e+01
-1.175481405943390456e+01
-1.185707538081127232e+01
-1.133061388873462505e+01
-8.033621837259223852e+00
-4.382412710460153349e+00
-9.577768102658312799e+00
-1.617584474353623492e+01
-3.447221601414510417e+01
-1.034067209123621645e+01
-1.046884034788081941e+01
-1.404481449642562119e+01
-2.553909904424683930e+01
-1.714219305193360299e+01
-3.016962166956595581e+01
-2.107189431938308033e+01
-2.903439709269237312e+01
-3.634555224441237442e+01
-1.489408518761838884e+00
-1.789713718182906987e+01
-2.130169687412948321e+01
-5.828268798194900313e+01
-2.301822826421185741e+00
-4.458472367160607064e+01
-7.730506700928340535e+01
-1.540865866582215560e+01
-1.482722940626243613e+01
-8.256269557533837400e+00
-2.025794550392162918e+01
-9.462410971293428119e+00
-4.003362431832869106e+01
-7.974045152179535023e+00
-3.581049721185724621e+01
-2.211216512707257564e+01
-2.168730504597091979e+01
-1.046884034788081941e+01
-2.998359360367112458e+01
-1.594135876428896204e+01
-2.279181727674496472e+01
-1.440675026092182165e+01
-1.659890163633414417e+01
-2.034333075174422412e+00
-1.953750758115450381e+01
-1.884437631275424962e+01
-1.546783381439971805e+01
-2.835871136080369226e+01
-1.489408518761838884e+00
-1.142490224061003090e+01
-1.888727658555195887e+01
-8.578959920503406167e+00
-8.601951869552037522e+01
-8.360179750253964315e+00
-2.418845387752804754e+01
-8.578959920503406167e+00
-9.766642875566082793e+00
-3.039405558701879784e+01
-2.923953541325620353e+00
-1.172414229540695807e+01
-1.123426625023224190e+01
-5.641396834651359882e+00
-2.416137884502798627e+01
-3.469814578557731899e+00
-2.271429127458929287e+01
-5.051551803007532015e+01
-1.715486348733638167e+01
-5.050095278071023586e+01
-1.658900710220203223e+01
-1.879132129275971508e+01
-3.487264218765290025e+01
-8.204401388885546709e+00
-1.552389827488168805e+01
-8.480850132968561184e+01
-1.472267781099476913e+01
-4.458472367160607064e+01
-1.628041141312881024e+01
-2.249673635121084914e+01
-4.026777874056933548e+00
-4.336840424493441759e+00
-5.157493670781402528e+01
-1.003685679629187000e+01
-7.027416562004143330e+00
-1.489408518761838884e+00
-9.400974081080660127e+00
-4.244190042953366060e+01
-2.989133995382685072e+01
-3.093748696204218618e+01
-3.247127987493833245e+01
-3.527596125710445563e+01
-2.324939483637014970e+00
-1.397872336618100597e+01
-2.779166507629100735e+01
-2.108022249243133928e+01
-1.637054894783425851e+01
-3.525908642321083164e+01
-1.450567498518152476e+01
-1.543029456801646759e+01
-2.034333075174422412e+00
-3.366625379167700771e+01
-2.296247492547401592e+01
-2.811083090892287117e+01
-4.458472367160607064e+01
-8.596336051422712288e+00
-1.590445332767361464e+01
-1.798248584780391468e+01
-8.204401388885546709e+00
-1.995087789240210796e+01
-1.825360468346993770e+01
-2.194723369011461500e+01
-8.687425009342021553e+00
-4.832236646158993842e+00
-7.571087996655779584e+00
-8.204401388885546709e+00
-1.995087789240210796e+01
-2.227187927855621652e+01
-2.751750815373330283e+01
-3.764274168874241866e+01
-4.724958202849035338e+00
-1.238968914468415683e+01
-4.264977598797233149e+00
-1.467839416146019005e+01
-1.920812412974885675e+01
-2.144664988048380749e+01
-1.911503247466987432e+01
-5.753601959012615197e+01
-2.908452223091674949e+00
-2.296247492547401592e+01
-6.292254672070579424e+00
-1.763380860545154505e+01
-5.780113667258083510e+00
-1.564592734261187168e+01
-2.867583285237254032e+01
-8.247648446230044783e+00
-2.126429199998691644e+01
-5.917698259915927395e+01
-3.666933517710470625e+01
-7.974045152179535023e+00
-1.386418614506537672e+01
-1.447797356881344832e+01
-1.911503247466987432e+01
-7.027416562004143330e+00
-2.932894762387372012e+01
-1.549512102512976774e+01
-3.523551044796514020e+01
-3.310644551009048797e+01
-1.659890163633414417e+01
-8.247648446230044783e+00
-2.810332085044605321e+01
-2.283259217788693718e+01
-1.659890163633414417e+01
-8.033621837259223852e+00
-1.850843488718856023e+01
-1.703829278651596368e+01
-1.215687498958270218e+01
-1.736650090623115927e+00
-3.156298458494607573e+01
-1.813046813366412735e+01
-2.382438559116026866e+01
-1.455601221546009327e+01
-2.683974508780968193e+01
-1.994587774462002017e+01
-5.060718380811559669e+00
-8.204401388885546709e+00
-1.180806925221632220e+01
-5.554450078453638362e+00
-2.868506514418620057e+01
-3.700559804118343266e+01
-1.874545849429728150e+01
-2.117870255298185356e+01
-1.162335435484129675e+01
-8.256269557533837400e+00
-3.385635555821234988e+01
-1.917710491685476626e+01
-8.578959920503406167e+00
-1.705952218574233115e+01
-1.224674536943714998e+01
-2.169245699351513679e+01
-1.543029456801646759e+01
-6.041927607517350474e+00
-2.217192634518302441e+01
-1.920341798042338510e+01
-2.868506514418620057e+01
-2.298680335898815130e+01
-1.954095697151376854e+01
-1.780355248610470298e+01
-1.053074782683783184e+01
-2.850397596508086551e+01
-1.718285340848856180e+01
-2.366183114380535102e+01
-1.979085201951419037e+01
-6.636125377638661504e+00
-1.786135474102370324e+01
-8.290612742692019310e+00
-1.749016872616600082e+01
-6.256617789682805864e+01
-7.027416562004143330e+00
-5.665635473574343450e+01
-1.054779755879755321e+01
-2.025794550392162918e+01
-7.351131404932429447e+00
-7.351131404932429447e+00
-2.398420211754353915e+01
-1.251028981837940179e+01
-5.932505569399389778e+00
-3.376968697438122113e+00
-2.751750815373330283e+01
-1.803669104236320919e+01
-1.547258480273082881e+01
-3.301811342390020343e+01
-1.048398752270187195e+01
-5.348761082010373968e+01
-3.844965204124886782e+01
-1.990846352440517109e+01
-1.175481405943390456e+01
-6.636125377638661504e+00
-1.074530006177184482e+01
-1.208715723799346442e+01
-1.175481405943390456e+01
-1.888796463712187901e+01
-1.765128367651292507e+01
-3.093748696204218618e+01
-1.344045097408358380e+01
-6.535750999418905138e+00
-1.747139794907128874e+01
-1.195132355994910434e+01
-1.588108006491573398e+01
-1.053074782683783184e+01
-3.449941562808328399e+01
-7.672706503239395737e+00
-9.412769196373314884e+00
-1.362879183641874370e+01
-7.974045152179535023e+00
-8.578959920503406167e+00
-7.156199847852296791e+00
-2.908237454072283867e+01
-4.871835909361699635e+00
-4.304876768138063881e+01
-1.046884034788081941e+01
-7.974045152179535023e+00
-1.546033931892204727e+01
-2.575214169338399017e+01
-1.535063231038888532e+01
-3.754938648354509922e+01
-1.809319533765484422e+01
-3.363910973935368531e+01
-7.672706503239395737e+00
-2.809313703810997254e+01
-1.455601221546009327e+01
-2.462716993324823989e+01
-1.195132355994910434e+01
-1.418110833088186773e+01
-3.090635724333105827e+01
-3.093748696204218618e+01
-8.256269557533837400e+00
-1.709947039169334460e+01
-3.060874565820742532e+01
-8.256269557533837400e+00
-3.621350996727557714e+01
-2.930969664297314381e+01
-1.745104257729262542e+01
-1.706382536691595675e+01
-3.710101940602558823e+00
-1.808593134339712449e+01
-2.247839691582307609e+01
-2.461530375914816204e+01
-2.867577780835875956e+01
-4.139451887631203419e+00
-5.477881466532786447e+01
-9.085267143475824980e+00
-1.742359598068076920e+01
-1.489408518761838884e+00
-3.641794514405294336e+01
-1.002789660011966610e+01
-2.034333075174422412e+00
-2.040291744573973887e+01
-1.745049837172459917e+01
-3.418571290364731396e+01
-5.292154863813865795e+00
-1.977999271833971662e+01
-2.907784863948703347e+01
-2.092545383231320599e+01
-1.521506478320917033e+01
-1.300934441457494017e+01
-4.697468684253589544e+00
-1.685642910345219647e+01
-1.995087789240210796e+01
-1.456193962310739387e+01
-1.995087789240210796e+01
-1.730216551336368980e+01
-1.853590225683813841e+01
-9.436081456986052274e+00
-7.974045152179535023e+00
-8.174731005838474118e+00
-1.870411706751123759e+01
-2.751750815373330283e+01
-2.324939483637014970e+00
-1.564592734261187168e+01
-1.195132355994910434e+01
-1.275138824927866210e+01
-9.198078457059374102e+00
-9.348878558249948512e+00
-2.073890110868030234e+01
-2.167411257828396032e+01
-6.636125377638661504e+00
-1.287287494023832402e+01
-3.093748696204218618e+01
-1.366968606121315410e+01
-2.324939483637014970e+00
-1.172414229540695807e+01
-9.038059295450180741e+01
-2.860276392917768362e+01
-1.698137089985845805e+01
-1.521506478320917033e+01
-2.751750815373330283e+01
-3.517107147812316015e+01
-1.687773891957020211e+01
-8.272191375470180574e+00
-3.915650797325852750e+01
-6.696698234332797206e+00
-1.172414229540695807e+01
-2.321751772753892240e+01
-2.011894703595109490e+01
-1.501809452918536891e+01
-4.327353022130556504e+00
-7.042917093608082268e+00
-1.263798373103295170e+01
-8.061267167271534362e+00
-1.262484472100397959e+01
-2.762216656975344620e+01
-1.300934441457494017e+01
-1.471260516008334207e+01
-6.657545446167905112e+00
-8.033621837259223852e+00
-1.538104483996553284e+01
-3.906470316978057866e+01
-1.767381278577258996e+01
-3.283698661143958475e+01
-3.067379481037883693e+01
-2.729923879398098663e+00
-3.199189719542753352e+01
-3.068382021358461031e+01
-2.827845863016011663e+01
-2.963052137814863585e+01
-1.044875534181351107e+01
-4.458472367160607064e+01
-3.439960356590395918e+01
-1.695710387246461792e+01
-6.939317810279812981e+00
-6.650296914042762353e+00
-6.280449453718610187e+00
-1.543029456801646759e+01
-2.743533872989233657e+01
-2.200647529008422509e+01
-2.218375599498411077e+01
-5.555997660038573116e+01
-1.762571560021774175e+01
-1.885289023865128399e+01
-1.350425842866760995e+01
-1.187293174149295716e+01
-1.142388137087043276e+01
-1.187293174149295716e+01
-9.991979350116622527e+00
-1.059784731563923721e+01
-7.974045152179535023e+00
-3.173517131659951573e+01
-1.995572070342013049e+01
-2.163953103047170501e+01
-1.891405179736344877e+01
-1.714219305193360299e+01
-1.046884034788081941e+01
-2.000598901607995828e+01
-5.748471039773051672e+01
-1.636633173185996881e+01
-5.656662555783572088e+01
-3.005201881236959949e+01
-2.766329232850595687e+01
-9.541747799498461191e+00
-3.169124874318536911e+01
-2.039701639561822688e+01
-4.242877244326814434e+01
-1.543029456801646759e+01
-1.120922951760615405e+01
-1.747139794907128874e+01
-3.370632216926620828e+01
-1.735305254603147063e+01
-1.195132355994910434e+01
-1.518834135020981790e+01
-1.269906184189135168e+01
-2.095260242002425599e+01
-3.886698860714474080e+01
-2.577443699631732699e+00
-1.543029456801646759e+01
-3.856251444903057291e+01
-7.873835324458096352e+01
-2.710281682801329950e+01
-4.696837508642230929e+00
-2.296247492547401592e+01
-1.489408518761838884e+00
-2.911292753853355464e+01
-2.790507274467302778e+01
-2.533634262832460138e+01
