-3.139386700565799160e+01
-3.677448299879389282e+01
-2.988677209321795303e+01
-3.775074019427507466e+01
-3.437597697069213609e+01
-6.928215633983539590e+01
-8.221157107539579556e+01
-3.578493748916250894e+01
-6.313321085226500884e+01
-8.921376106095875969e+01
-4.256211286611969058e+01
-5.678627613370361615e+01
-4.125635075355341996e+01
-1.024186649188347502e+02
-3.432844740042575893e+01
-3.769064014257189399e+01
-8.430784017907826922e+01
-5.425562250361851824e+01
-4.182895901801155958e+01
-8.556283492813520297e+01
-7.629679739740379318e+01
-4.402654077355387585e+01
-8.190816807072027927e+01
-7.078609686508956145e+01
-7.674997111082380741e+01
-6.836526863575220148e+01
-7.787019318322532513e+01
-8.104439725910233960e+01
-3.967365928140657871e+01
-5.213094049523548534e+01
-3.150655683014981534e+01
-1.219015106369959227e+02
-8.727381964561223526e+01
-3.461587801496090577e+01
-5.947850872491233787e+01
-3.443137229608041849e+01
-2.717755099197407631e+01
-3.646703847417273892e+01
-1.776526251910173926e+01
-3.869344323487720061e+01
-1.665365253649878952e+01
-6.212074327652411654e+01
-4.214861102289646055e+01
-5.636539922008292081e+01
-7.213749630773432386e+01
-2.495776811303378651e+01
-7.039671328194972943e+01
-3.324510279810724711e+01
-6.844077911549675264e+01
-5.226864162537326308e+01
-4.908635365024782971e+01
-2.296875364065362035e+01
-8.437649880820177373e+01
-5.084211725256822945e+01
-6.039214936051961757e+01
-2.561646927539942098e+01
-4.935942688931847044e+01
-2.705086733467319604e+01
-1.282906856418239556e+02
-6.857930630980580133e+01
-3.372369242994141558e+01
-8.058746629226210700e+01
-4.410538517204857811e+01
-8.023770408780347907e+01
-7.190013096479282240e+01
-5.719807493817941690e+01
-3.799304049184047471e+01
-3.855281669270531353e+01
-3.108141670896591791e+01
-8.285029338758779716e+01
-6.521004223232718289e+01
-4.682810722565007211e+01
-6.885517428183601396e+01
-8.449917284252707361e+01
-7.121208755952255842e+01
-4.062681540353862886e+01
-5.875429918788512396e+01
-3.796214385776846001e+01
-3.749201546438932553e+01
-5.707429937032331679e+01
-1.313244275379144312e+02
-3.127431656018911355e+01
-3.674806403255485066e+01
-5.656432138730014003e+01
-6.002496296708247314e+01
-5.553190350747628656e+01
-5.359183477556584307e+01
-5.014295836900434722e+01
-8.187582397858140837e+01
-1.952184148783666728e+01
-3.451570508922741709e+01
-4.063057098847933446e+01
-6.017975890151618046e+01
-7.613632337172798259e+01
-4.943318042578090399e+01
-1.405052278284948102e+02
-4.112130624529038414e+01
-1.303929187203441131e+02
-8.167048017181430453e+01
-6.395344139941113326e+01
-3.095634204886039598e+01
-6.897333996160095637e+01
-4.720778134273951565e+01
-5.493917858704993762e+01
-8.316732662933395659e+01
-3.695130910973658445e+01
-5.153687851383608631e+01
-1.950310658882850134e+01
-6.791286755738327940e+01
-1.129761878383608860e+02
-6.161392481088946482e+01
-4.762228355741937946e+01
-6.041014684320301598e+01
-3.689076273055413679e+01
-5.340066691721564496e+01
-3.484742235652807807e+01
-5.725228378727351242e+01
-4.015109880901953687e+01
-7.370137229237818133e+01
-3.624012892930554841e+01
-6.205888788497459529e+01
-6.273605573682038994e+01
-1.362430374131205042e+02
-5.080459963874762508e+01
-3.760622863237644964e+01
-3.934571099741644673e+01
-4.090295095934646241e+01
-1.997708259179692192e+01
-3.438799757006061242e+01
-5.497898731589400256e+01
-4.388642244289495409e+01
-1.434240572806367595e+02
-1.274895580892487033e+02
-2.994466883266621338e+01
-5.363698891081740783e+01
-4.502663314543357131e+01
-1.394001730868296640e+01
-6.728507422737449417e+01
-4.994022254080223888e+01
-1.226063898667365208e+02
-1.996479353307791271e+01
-9.360766778282950895e+01
-1.924866712879424213e+01
-4.385808424775847669e+01
-4.665727894364047756e+01
-4.765057304364727742e+01
-5.396249775337172139e+01
-6.600937931752334009e+01
-2.991927612464198916e+01
-6.877374550830275268e+01
-1.353272000950124152e+02
-3.961739064671026256e+01
-4.039438620458696505e+01
-5.000379722134250926e+01
-2.855434900375054141e+01
-4.346226950074741069e+01
-5.112035169278442481e+01
-4.402749818987489761e+01
-5.396229011700694400e+01
-4.561263316419255176e+01
-7.113599783976663105e+01
-3.617898313731252102e+01
-8.372047639425852594e+01
-3.327897812683107759e+01
-4.578869721126015691e+01
-1.251533742516929379e+02
-4.962080743121840953e+01
-2.779441360022763874e+01
-5.144018765530615411e+01
-1.339827698683556534e+01
-3.294203929961456367e+01
-5.445620613698965684e+01
-4.456602116125684887e+01
-4.105832730065689162e+01
-2.882476650000708673e+01
-5.358863487500229184e+01
-4.813981131431991400e+01
-1.353947424204744436e+02
-1.346535478231068694e+01
-4.875612843472310942e+01
-6.598778703385333699e+01
-7.613162452392498381e+01
-5.354015736774123013e+01
-8.670462524808252169e+01
-3.097507934907316951e+01
-2.883287063851586751e+01
-7.451937649670894359e+01
-6.497406687884699750e+01
-4.995125736820936879e+01
-2.419431130076656800e+01
-5.113663708952709896e+01
-4.567804541686029296e+01
-1.416811947842931261e+02
-3.036581657603231577e+01
-4.356461820048289724e+01
-4.984707920274211546e+01
-5.881929318932895967e+01
-2.708057236894997288e+01
-3.375134961413830581e+01
-4.493007084429358855e+01
-1.745232440854750777e+01
-2.180750264669633864e+01
-3.320777665617904262e+01
-1.339765426080514317e+02
-4.329326834478629848e+01
-2.935156213919389856e+01
-4.582808948454213294e+01
-7.293436761412579017e+01
-3.033593763534468835e+01
-1.062590127110457949e+01
-1.628241582416599798e+01
-2.630693750039556278e+01
-2.166970936473590115e+01
-4.414753582497142759e+01
-2.665401404981672684e+01
-6.838308714505498642e+01
-3.987490064471779760e+01
-5.703461590369214917e+01
-4.302137882075264486e+01
-3.134237463889713382e+01
-1.240752696867704259e+02
-5.789340585340603695e+01
-7.021709225667183318e+01
-6.573312624198054266e+01
-5.896024485132311099e+01
-2.929083485235772955e+01
-5.277735691954293884e+01
-6.288379658995632582e+01
-1.052600524721185060e+01
-5.667306987288948505e+01
-2.789054908863836957e+01
-6.616956068653870204e+01
-5.051391791304825318e+01
-2.863335038192878557e+01
-1.983736968268090806e+01
-8.032616426750584537e+01
-7.090761877142855951e+01
-2.720225576252070709e+01
-5.798064983392094973e+01
-2.563753774702553656e+01
-6.045556954315628673e+01
-3.029685288097385154e+01
-1.385672285465755351e+02
-7.317425916836276656e+01
-6.217963064850845001e+01
-4.094929273776328671e+01
-3.289932722953636812e+01
-6.886424380211579432e+01
-1.290750302249146841e+02
-4.299647860837409041e+01
-6.618734642355055087e+01
-2.272261404019103637e+01
-2.220373921604065615e+01
-9.848432230714928437e+01
-7.447598768977951700e+00
-1.712170364921347243e+01
-6.450777447480602689e+01
-4.714513875832969347e+01
-3.852244574067942295e+01
-3.614091804594320934e+01
-2.252166141887193618e+01
-2.417307695452603511e+01
-7.248496147851828653e+01
-9.006455002889978800e+01
-3.330057798850008055e+01
-2.245671399583847361e+01
-4.695307469663047328e+01
-6.224984777767428312e+01
-3.450036548550099269e+01
-3.689794714557076816e+01
-3.794910099000293258e+01
-6.553715596656418541e+01
-6.922870310099911251e+01
-3.392152592162948110e+01
-1.392412870354656320e+02
-6.455945299567113693e+01
-6.173124419585910516e+01
-6.802618376847327397e+01
-6.578506285619909022e+01
-3.616528241151027601e+01
-3.063133112292101501e+01
-2.614114846683354543e+01
-5.558925565523632883e+01
-7.701494578261484492e+01
-4.734866364919673032e+01
-4.549131970544100056e+01
-7.772637727715643052e+01
-9.442740625947774191e+00
-3.744422745454998847e+01
-7.268459445239233219e+01
-4.218099008741597089e+01
-7.836076369760432669e+01
-4.234906809157644147e+01
-1.641291541687083111e+01
-1.726597627449434569e+01
-4.058410741044075110e+01
-3.019034298864156440e+01
-6.907809311129014418e+01
-6.374258161174491022e+01
-4.436064712775409191e+01
-1.893286346760145378e+01
-6.219065142909199295e+01
-3.725380152516558496e+01
-3.854670430897692768e+01
-5.388296467075996077e+01
-5.988440801309575079e+01
-4.942603241319039853e+01
-3.779176246481662815e+01
-2.796478883248003910e+01
-5.118561688398393272e+01
-1.726073745580979946e+01
-7.528204097507381221e+01
-3.266752039411489505e+01
-8.178734311172607363e+01
-8.273185232018462898e+01
-3.183661192716880706e+01
-4.565104878360747875e+01
-8.886896065202056150e+01
-6.007616029096383414e+01
-2.986709956808407895e+01
-7.947708432582494709e+01
-2.722748733446458402e+01
-3.933204490615570847e+01
-1.309046456134929137e+01
-6.574947275743181763e+01
-4.627534229446034431e+01
-5.834457426476221542e+01
-4.542775916251315493e+01
-5.979621338820213339e+01
-3.974085615939263505e+01
-8.146217108089611258e+01
-8.208473171027152659e+01
-7.194339099079442690e+01
-7.992739888399093218e+01
-2.998565866902601229e+01
-1.668374422859918482e+01
-9.132890279324938376e+01
-7.235213803832135682e+01
-4.890719584880545767e+01
-4.473403508429461795e+01
-6.154821222831661487e+01
-1.882521192424739453e+01
-6.801445118415507807e+01
-7.050896184701939262e+01
-1.320913182824784649e+01
-5.045533543624022599e+01
-4.668055033327412673e+01
-1.251958580942194317e+02
-4.825958785434071530e+01
-7.102661208637775303e+01
-2.176332655740829836e+01
-1.261762177968171841e+02
-7.370175484188354176e+01
-3.435712097107314378e+01
-7.121293110030691764e+01
-2.164084233952361203e+01
-6.810971891410518708e+01
-1.379255082413065736e+01
-5.598450817244103916e+01
-3.862603701588847827e+01
-1.361472430377543219e+02
-2.085615646782824228e+01
-9.684945402702523154e+01
-3.214943434564415981e+01
-2.853997401026152758e+01
-3.154092864136504559e+01
-3.962598895629916029e+01
-5.430815326267745036e+01
-3.072361876820699322e+01
-3.729525508700584879e+01
-7.252809085422684632e+01
-3.685618492652878331e+01
-6.336635137097253789e+01
-6.731520571612260539e+01
-5.708427955840319612e+01
-3.103217915268658444e+01
-1.889339361924709593e+01
-1.308812669680986218e+01
-6.372674034970032153e+01
-1.322816798829399332e+01
-4.784368744578857502e+01
-5.913910330850996644e+01
-4.812034549025183594e+01
-4.418909488876968794e+01
-6.009584240352867823e+01
-5.495676315851260085e+01
-4.646808516278500178e+01
-2.451824936016934586e+01
-7.009592336752201902e+01
-5.143792374346303831e+01
-2.542437575807629102e+01
-3.770483106938245044e+01
-8.452254034029671459e+01
-6.337724762301897385e+01
-7.024073850200359459e+01
-1.286284974269712791e+02
-5.447659179150050335e+01
-4.644229991823000603e+01
-3.346507746571136011e+01
-5.512294495917689119e+01
-5.311000965666987383e+01
-1.303796030797490744e+02
-5.891793226401760819e+01
-3.134149214288127538e+01
-5.015190363194351164e+01
-4.211329594036672574e+01
-6.406852288760757119e+01
-5.336072577182954291e+01
-7.226967550199982782e+01
-5.959804356202002396e+01
-3.445223700805800604e+01
-5.256542527669280673e+01
-4.995003864538437455e+01
-2.238234948419351511e+01
-4.010027029712255597e+01
-4.696524370000581428e+01
-3.601037031173696334e+01
-3.268261368612601814e+01
-1.376846456872271176e+02
-5.322885637211513199e+01
-4.485102364170317912e+01
-9.817918989263344542e+01
-3.396337386868043495e+01
-4.709006285512803913e+01
-8.526428930128585648e+01
-4.758713989918894072e+01
-3.479672969273097749e+01
-6.719591217872915934e+01
-1.515233149871376668e+02
-5.042367021031871843e+01
-5.631320854485586835e+01
-5.168415807803572903e+01
-6.702487640922603873e+01
-6.895588971185962635e+01
-4.033710783061665950e+01
-6.436934133698822791e+01
-1.927365144694931942e+01
-4.911820491599858229e+01
-3.979918888918248854e+01
-4.232622129779849729e+01
-5.208112978773274904e+01
-1.024249170192536269e+02
-3.813320391934233555e+01
-4.513098532731176249e+01
-6.555970232930077657e+01
-5.370476418374464345e+01
-2.115002963559645366e+01
-7.092229857242702451e+01
-6.272190833600755866e+01
-8.564907351897259602e+00
-7.613518128444292188e+01
-6.713310881658287599e+01
-3.261130170823992103e+01
-4.098140095887164591e+01
-2.546301696339580900e+01
-4.629844754571759324e+01
-4.775899115647844440e+01
-6.696402576929006045e+01
-8.632055524421727455e+01
-1.157996385571964169e+02
-3.199721758699375940e+01
-8.101237749121446541e+01
-4.709771312282739331e+01
-2.092496230381908617e+01
-4.223582519348529729e+01
-1.023674343014700838e+02
-2.149804820164306562e+01
-2.418390813790661298e+01
-6.848118628230092497e+01
-6.397069832489114560e+01
-7.880633250622919661e+01
-9.671178169598624663e+01
-6.955266065333945846e+01
-3.165931328090799468e+01
-3.878325330790050884e+01
-5.102006892815301597e+01
-3.117535152698529899e+01
-4.699100765994167261e+01
-1.308812669680986218e+01
-5.494927545452652851e+01
-9.134224467747500853e+01
-4.585179386711121197e+01
-4.558132266429202417e+01
-5.276012932553033608e+01
-5.611376269684743789e+01
-4.595224425514196298e+01
-4.477297980061815963e+01
-3.344644357807963786e+01
-3.708405949563994142e+01
-7.762941753870920536e+01
-1.767407711805281423e+01
-2.189781413130039311e+01
-5.810269193014786282e+01
-2.286555976232807197e+01
-1.593287542527665046e+01
-3.585181566221375249e+01
-1.320913182824784649e+01
-9.998737812224904076e+01
-1.060886758994176944e+02
-5.113174883912695634e+01
-2.098882723062181199e+01
-5.206465770660972225e+01
-6.179192106374669891e+01
-3.972509684314580625e+01
-6.081095799898956500e+01
-6.801799444418591634e+01
-6.604024559382598625e+01
-5.368125831414649696e+01
-6.879609672728886949e+01
-1.086570194235876485e+01
-7.839417428848824443e+01
-5.747372247809263968e+01
-4.361245200774071407e+01
-7.218807821241685474e+01
-5.398194968748639155e+01
-5.941714495448319155e+01
-5.131752125625377658e+01
-4.069547774815296748e+01
-4.750913542691137081e+01
-4.370571179630353242e+01
-4.914636756492802760e+01
-6.465930200706350206e+01
-2.364850181214854885e+01
-5.442164318823777336e+01
-7.832606429857312946e+01
-3.865139488749638019e+01
-3.969393142335977842e+01
-7.034538835473277629e+01
-1.977722872841806634e+01
-4.854510009423941597e+01
-3.006691316921829227e+01
-9.502676798899481980e+01
-1.744711502652442547e+01
-3.257799247940305065e+01
-6.243079219251620060e+01
-6.896648241907446675e+01
-2.379966543120786326e+01
-4.910790117282252965e+01
-2.356382655546097382e+01
-2.472785798541829649e+01
-6.674697811245934531e+01
-5.055103071815641869e+01
-2.469094194906011452e+01
-3.650010959056506721e+01
-2.373448584468255618e+01
-2.902664409611418961e+01
-2.888656547031678556e+01
-3.262088960628971535e+01
-3.568794009038251147e+01
-5.199899993311507274e+01
-4.100319061744657745e+01
-3.361418374262817110e+01
-4.446683785556982826e+01
-3.406087999598813099e+01
-6.709300262074417276e+01
-3.759512658591657441e+01
-4.778415685554260506e+01
-3.532444268320001157e+01
-6.839696335332298816e+01
-8.065829431727028975e+01
-1.181924139700036136e+02
-5.018093298766259380e+01
-1.626535169252963797e+01
-1.897011051521616665e+01
-1.982592046757252291e+01
-4.481687415559079568e+01
-3.194870552937188890e+01
-4.862206993440081959e+01
-6.558614287186853176e+01
-4.132451457403326600e+01
-7.414746468603047447e+01
-4.570710350333257566e+00
-4.801401268192971372e+01
-1.508843257947377836e+01
-1.895282231493784764e+01
-5.253560185060280219e+01
-3.421082899873202621e+01
-2.696059150614238220e+01
-7.386046243792505095e+01
-3.687986587761929513e+01
-1.282131449635376725e+02
-2.132774053641535517e+01
-4.796361012266364554e+01
-2.132180759744109366e+01
-3.669658774543190560e+01
-6.397575123414388543e+01
-1.430896968547018844e+02
-4.906208961385822676e+01
-3.567735624901372660e+01
-5.295132557975547627e+01
-1.066539475494435578e+02
-4.362563405186993748e+01
-2.058098741111131957e+01
-1.641403338578355786e+01
-2.926934084644106093e+01
-6.047091030350718199e+01
-8.630767960368164893e+01
-1.526679974276976282e+01
-6.949371621163714963e+01
-5.688436443951084698e+01
-7.621518149701721256e+01
-4.789477355638202738e+01
-6.871616652866941877e+01
-7.681031758267192799e+01
-4.635147787129086794e+01
-1.052080939466691802e+02
-5.244318840850268515e+01
-5.548938363206542590e+01
-2.493243546112296016e+01
-5.696495531832836434e+01
-3.410610539492913773e+01
-4.877312546909102764e+01
-3.589873958200098514e+01
-8.221171151285122392e+01
-3.590462976074454104e+01
-1.262501629077050680e+01
-5.993102653809143021e+01
-5.815302577299263476e+01
-5.510294244212724379e+01
-3.128622681867408772e+01
-3.479498592926652378e+01
-3.904163003592488224e+01
-1.273639828085698440e+02
-3.431190847535514621e+01
-8.712653920147009501e+01
-6.343969833284749171e+01
-4.921729137140643218e+01
-5.367095869889659809e+01
-4.575659860338268459e+01
-6.818040496693330965e+01
-2.446700129683983604e+01
-9.688058583348965414e+00
-1.883936157431520897e+01
-6.812717757131891005e+01
-2.723892364771065999e+01
-7.993141485979398908e+01
-5.332722714070327896e+01
-2.110129470864232815e+01
-2.779717879662799973e+01
-2.784340397076724472e+01
-4.485926391062513119e+01
-1.504771442311386238e+02
-4.578980986234552830e+01
-7.435560674552120020e+01
-2.991067517535525866e+01
-5.998903572591795097e+01
-4.313699445428697743e+01
-4.562560047533893481e+01
-4.177225485829440998e+01
-4.065918847859786922e+01
-3.885967657544848208e+01
-1.320913182824784649e+01
-3.650347229369779001e+01
-1.088379955682320173e+02
-2.466562228800050605e+01
-8.611085962514883363e+01
-7.301137724770413229e+01
-9.381016489943411329e+01
-5.193863727489679860e+01
-5.121773352977994875e+01
-1.406367215282845962e+01
-6.312528191902439545e+01
-1.187179035116690784e+01
-1.017176752598451230e+02
-3.681751062553153986e+01
-4.064137298299651491e+01
-2.670600734930000542e+01
-8.786289803201482584e+01
-7.501588102677403924e+01
-6.618345800726275741e+01
-4.504048172102356062e+01
-2.146624560634882783e+01
-2.924756423026815000e+01
-4.561993366912389547e+01
-2.147773921566206567e+01
-3.186636177939246650e+01
-5.155104432266520575e+01
-4.170461996919465975e+01
-2.884952928153810703e+01
-2.653642640267898400e+01
-1.226591005363422227e+01
-5.939439120710813569e+01
-1.334189397998101434e+01
-1.221514508022561074e+01
-6.736275772888360791e+01
-3.946326343165016226e+01
-7.300562207074703736e+01
-4.235333687868570252e+01
-2.073509702886509132e+01
-6.186219501993950587e+01
-4.564368048583267523e+01
-5.642776133085722989e+01
-6.644074174249314524e+01
-2.101935957670624688e+01
-1.235891812046443761e+01
-2.891202871116715301e+01
-5.968646378387947493e+01
-5.794505493146463238e+01
-2.267515541609416374e+01
-5.366913466859428894e+01
-2.455403291829990309e+01
-4.310023292583247212e+01
-3.836950627626811183e+01
-7.528710492948293620e+01
-4.534430729363629808e+01
-1.740652794281710314e+01
-4.408510467149264400e+01
-5.525699010565846692e+01
-3.836950627626811183e+01
-7.213119190120265500e+01
-1.946370451498787446e+01
-3.836950627626811183e+01
-2.754327756410635075e+01
-6.453078028059580618e+01
-2.637036326880780379e+01
-2.708136348213555777e+01
-6.102961412872589619e+01
-2.486754580470337217e+01
-3.529873958200099082e+01
-6.965503221438446246e+01
-1.014720485827524499e+02
-6.222246489219292442e+01
-1.987997582538998387e+01
-4.271269849132231400e+01
-1.000158067777120010e+02
-3.582697366389169247e+01
-4.043595943587428820e+01
-8.583650017746057870e+01
-1.926280423581646417e+01
-8.585873693839791088e+01
-3.861718163252978542e+01
-5.062660874772204522e+01
-3.767173166741419266e+01
-2.301555445240196818e+01
-2.491569534172035461e+01
-1.266647898401619869e+02
-2.260003977213331439e+01
-2.928983021417947086e+01
-5.083658244914480662e+01
-6.348092950442486426e+01
-3.832724741851033912e+01
-2.962755833933464800e+01
-3.623891368445470107e+01
-4.326778441138465325e+01
-9.972745924932223716e+01
-3.496242236145278071e+01
-7.112728858105305108e+01
-2.645086834856981284e+01
-4.625944363897811229e+01
-4.182989844033654236e+01
-3.151022604776909830e+01
-1.324908328686323671e+02
-3.771461277332291218e+01
-8.502795938350776339e+01
-3.325623414401883338e+01
-1.017984955569816918e+01
-5.970492474617894629e+01
-8.172856781949734284e+01
-7.088249993632348378e+01
-1.454846429065000635e+01
-7.372149238393033954e+01
-3.795966096006853263e+01
-1.321642932767209402e+02
-2.339214222976680801e+01
-4.091657190608234629e+01
-6.877267145289862071e+01
-6.520888074898118703e+01
-5.112941527269911290e+01
-5.166169616912321771e+01
-1.912591432486973630e+01
-6.005179347305575277e+01
-4.689375999292111885e+01
-8.304766147534570564e+01
-2.744658258317375044e+01
-2.865378299537892914e+01
-8.421264805326352132e+01
-1.013329538737888527e+02
-2.954238414186946571e+01
-1.471086481258506140e+01
-3.200994954146805327e+01
-6.662415940515870716e+01
-2.193267755964524213e+01
-2.871036865824146744e+01
-1.393127142123581663e+01
-3.795966096006853263e+01
-2.931539289441161955e+01
-3.613905644306862541e+01
-5.806374645674424784e+01
-5.597316641319808639e+01
-2.458810943671218041e+01
-2.650355177057474165e+01
-2.779717879662799973e+01
-2.953021800681518982e+01
-4.569713471259075277e+01
-6.279444990782225489e+01
-5.744963817327590050e+01
-1.088144697966295382e+01
-2.288140342492444290e+01
-1.838637671333148660e+01
-3.499395449659525781e+01
-5.629877994659491947e+01
-7.477451031740277188e+01
-2.895307359373495260e+01
-4.208176109403130027e+01
-1.283571390008548292e+02
-5.375432670902617360e+01
-2.699762518839125747e+01
-5.679321113929459131e+01
-6.996123820380864800e+01
-2.845368426648213855e+01
-1.810051581045972569e+01
-3.227355168625397397e+01
-6.353994731235737703e+01
-3.431500459055511953e+01
-6.027313385214516472e+01
-1.520847211713103242e+01
-2.711375943798034172e+01
-1.969932368864525074e+01
-4.571952126248386605e+01
-5.625623558082372710e+01
-3.448916685615103717e+01
-8.480855760585707515e+01
-5.236421450275892653e+01
-8.035168030391288596e+01
-1.218167314888119961e+02
-2.968285969445152261e+01
-7.112466258300882771e+01
-5.817457400357933750e+01
-5.782799013590025794e+01
-3.251459261074704443e+01
-9.800334231833504361e+01
-3.743604523781816340e+01
-2.638373537226399179e+01
-4.671040306711365275e+01
-1.795926952826126666e+01
-5.132437474725638538e+01
-4.973843096907546624e+01
-5.448250331277345282e+01
-2.980276599702376572e+01
-4.161464544014716438e+01
-5.058112474562679495e+01
-2.873771923098189163e+01
-3.270435663858228281e+01
-5.315676637772887148e+01
-2.195116061282807252e+01
-2.748747323454362146e+01
-3.431993068893903853e+01
-2.938689302688826643e+01
-2.668069230354389987e+01
-4.655440530738443528e+01
-4.424994101867520158e+01
-4.098060580910187412e+01
-3.956121061737469802e+01
-3.402172296657801098e+01
-3.689932431297542337e+01
-2.166870343130790388e+01
-7.196798564328700820e+01
-2.315195568051344210e+01
-4.597942431471517466e+01
-2.881385610048121748e+01
-2.502612388885706807e+01
-6.959452153822314635e+00
-4.109526533541279036e+01
-5.604442020883070796e+01
-4.176563105299528189e+01
-3.204165253858698748e+01
-8.282545046137856559e+01
-6.704461299019700959e+01
-3.238515572986442237e+01
-9.561262454923969756e+01
-8.065829431727028975e+01
-3.874736277904281678e+01
-4.912545593975221436e+01
-2.467574825417310436e+01
-2.511069180758789798e+01
-5.204033677098990296e+01
-3.106792626938537438e+01
-7.750907906043786966e+01
-3.255283921609035502e+01
-3.495627852568429006e+01
-3.074899746852743121e+01
-2.990730205551642840e+01
-7.743624994638190628e+01
-2.905774103033196809e+01
-2.265714802265033612e+01
-2.866146764478149578e+01
-4.922112141162253351e+01
-3.834666307723117029e+01
-2.992561451024878849e+01
-6.057796470337048333e+01
-4.106315679476182368e+01
-4.283529351968851984e+01
-4.762460950310640584e+01
-2.800651392796801886e+01
-2.105991322618508121e+01
-2.655541827847831371e+01
-1.034458774330503417e+02
-7.145893880410643817e+01
-7.488416611251238919e+01
-8.005469518886768299e+01
-1.212487257944284949e+02
-1.698376967875722698e+01
-6.715180285063053134e+01
-5.764634727536466130e+01
-4.161028673723884452e+01
-3.031000434075079042e+01
-2.502534764486390273e+01
-5.005516192064223446e+01
-3.232008121134049361e+01
-2.250287270998381217e+01
-4.007630629584168958e+01
-1.042370122361128040e+02
-2.348302303281263548e+01
-8.000855315894507669e+01
-2.416945681708916638e+01
-2.576465213172228630e+01
-6.114229977249884485e+01
-1.785994599030532370e+01
-5.979532846376933719e+01
-4.513890094517797280e+01
-5.635134659312319627e+01
-7.268344774625860794e+01
-9.850355371971959073e+01
-4.693204769621317496e+01
-3.352665422007314788e+01
-3.071140395523653766e+01
-3.608638057486939488e+01
-4.449681237546315060e+01
-7.384682126611964748e+01
-3.210434147889320400e+01
-2.409591229993779393e+01
-3.088979365286228784e+01
-4.710457341656315577e+01
-2.233097102592287087e+01
-1.856183998171794869e+01
-2.041718002345597327e+01
-6.035792193163869257e+01
-2.609443914856865021e+01
-6.869884437418897960e+01
-2.659372996796600219e+01
-8.108532247505113588e+00
-4.191401874528759208e+01
-2.498577714395474558e+01
-2.924293982974325701e+01
-2.721374301272352625e+01
-4.877315908426984237e+01
-2.552372828246649306e+01
-5.174591767661518560e+01
-5.900518815679496498e+01
-2.893213574745771766e+01
-6.809912817720611145e+01
-5.087654634639385165e+01
-4.541023634241697238e+01
-4.141783061999302618e+01
-3.258159978968262749e+01
-1.599081108306299370e+01
-1.808649931268194067e+01
-2.583527628788654340e+01
-3.527773061709396529e+01
-2.583185381165876393e+01
-4.823213490878208631e+01
-3.610921650464710808e+01
-4.072865207471095772e+01
-1.668374396370152724e+01
-1.459991939327308685e+01
-2.633387958559890407e+01
-3.863282904627221370e+01
-3.040040549287983751e+01
-1.982958191717289509e+01
-2.596057541201939145e+01
-1.314807444604465658e+01
-8.496314400546995671e+01
-2.822667097018907967e+01
-8.064064108522221375e+01
-2.753398214266236010e+01
-5.413560385815911502e+01
-2.909333213176201838e+01
-8.332024292029284140e+01
-2.571412149249723456e+01
-2.514651132006207490e+01
-2.150463002580204019e+01
-2.296241528710300983e+01
-1.691655426293219122e+01
-2.579681099666505872e+01
-4.494162974232969532e+01
-3.118543842135686361e+01
-1.308210737268018136e+02
-9.435109891411408967e+01
-4.842560474868088960e+01
-2.534992302151790611e+01
-4.591238234592993450e+01
-6.950674470014273254e+01
-1.329447487139026407e+01
-4.551221319043234104e+01
-2.977632674531976775e+01
-5.170854081755180687e+01
-1.808018399459960435e+01
-5.563811746366855715e+01
-2.997428535461279964e+01
-2.931357450940675946e+01
-2.409806469239607551e+01
-1.653354789830620319e+01
-2.847911984282525566e+01
-5.110038526745499610e+01
-1.536056705046245519e+01
-1.705250540630607148e+01
-4.619509402957709199e+01
-4.955686413503350707e+01
-4.850536482466104360e+01
-3.987240540543534451e+01
-2.680058129921406618e+01
-2.124086107909103660e+01
-4.472254662499345557e+01
-7.195114331353062198e+01
-2.744530856665212326e+01
-2.201017518450859001e+01
-6.240790264512007468e+01
-2.404009827409682387e+01
-2.309132687926086547e+01
-3.823072889423423248e+01
-7.640311404910054449e+00
-2.765065071650954209e+01
-8.210851393823101319e+01
-8.035168030391288596e+01
-5.193863727489679860e+01
-2.702145661146840538e+01
-2.777418837888123448e+01
-3.392799917588210690e+01
-3.005896950673098544e+01
-6.459521285713083216e+01
-2.906003370150752474e+01
-2.336169855795904837e+01
-2.800026296328801223e+01
-3.412464435296245568e+01
-2.284138776404828164e+01
-7.276014260417743174e+01
-1.355836550416648834e+02
-4.362935452644551049e+01
-2.995125189425951717e+01
-3.303165677571048064e+01
-3.058287873849982574e+01
-1.990008065365250545e+01
-1.317805552637132394e+01
-2.367168687897541091e+01
-7.724369167113174228e+01
-2.333921820001657110e+01
-3.620713915617258749e+01
-4.487517145757521320e+01
-8.244468048810671235e+01
-2.011087251140262566e+01
-3.272918079343212838e+01
-3.957228705777496458e+01
-3.125711984354048667e+01
-6.873703740700395315e+01
-1.626477122856055502e+01
-2.868129276247208637e+01
-2.678768617157563625e+01
-3.115636128174552155e+01
-3.200796312262574617e+01
-2.195580952429681787e+01
-5.415583917367001732e+01
-2.151093088299232292e+01
-5.472656795540150654e+01
-4.267984183267631693e+01
-1.344778055582424940e+02
-2.914675733318480511e+01
-4.270507787448168813e+01
-2.303101625087712989e+01
-4.546466936597987285e+01
-5.418520870495601116e+01
-1.605085596092174782e+01
-7.230138602522943714e+00
-2.174169990204359593e+01
-7.730218670407113279e+01
-3.325647790929086511e+01
-2.039003156131252581e+01
-5.628176404831913260e+01
-4.363631304691346458e+01
-2.573386151151700929e+01
-8.759004635274160933e+01
-1.582040867707133458e+01
-4.189325700292994270e+01
-4.869728582472520628e+01
-2.436293526212912397e+01
-7.407572159960285774e+01
-5.129888148497656175e+01
-7.231571788743946172e+01
-7.487816746357950137e+01
-3.398076364446257713e+01
-2.205920007249583747e+01
-3.617525422685368142e+01
-4.682255531264760151e+01
-3.202019556445836912e+01
-2.670408139880560938e+01
-4.532533001651259497e+01
-7.903150032233210709e+01
-4.773086278655866721e+01
-2.171348671503285033e+01
-2.085881224580251114e+01
-2.757617388845237372e+01
-5.124369559638838467e+01
-5.593846702260636761e+01
-1.900914928776303015e+01
-5.194525675741142123e+01
-3.279965640006183492e+01
-2.190020467629472023e+01
-3.087463895332831143e+01
-3.785633514179815506e+01
-2.655630767699167905e+01
-8.094725509857961754e+01
-3.058308858677623476e+01
-4.846973687956035803e+01
-3.031931049413094215e+01
-3.597845904955622132e+01
-3.136440104759545022e+01
-9.993410720181964280e+01
-2.725282124323461019e+01
-2.123961616695496701e+01
-8.164557787855825666e+01
-4.349448891858138921e+01
-1.649062798114178463e+01
-2.883431753667777642e+01
-7.354605429929569027e+01
-7.466631071781375795e+01
-2.459268867806119374e+01
-2.724505536088349089e+01
-8.299132860011686930e+00
-1.887067441423097591e+01
-9.277715648034133622e+00
-4.686112114052941280e+01
-1.313893135148780544e+01
-2.048968634892250407e+01
-2.645747469504640748e+01
-3.054723557035009662e+01
-4.567905567658561949e+01
-2.692319551881615425e+01
-2.018594579696172175e+01
-3.431031392976311878e+01
-2.709333574148294232e+01
-2.816177795932550154e+01
-1.271327035666096172e+01
-6.225739691532954367e+01
-1.235653010394557327e+01
-1.627003414741709619e+01
-1.792822843556597689e+01
-5.940969069314806461e+01
-2.270904201908582110e+01
-1.283806528835187919e+02
-4.097985205629171901e+01
-4.189683799571994882e+01
-1.581250188013830460e+01
-2.542282679125114697e+01
-3.030997763084507923e+01
-3.656514604924900169e+01
-5.366885284972033077e+01
-6.899999999999999467e+00
-1.204877919310798795e+01
-4.019215800714074049e+01
-3.215393720488625462e+01
-1.337846736829133043e+01
-4.684304993718711785e+01
-4.399734245080210826e+01
-3.501499206251163798e+01
-6.066721463337325559e+01
-4.933950642318822588e+01
-1.936910942613241815e+01
-6.828758920732677495e+01
-1.813266518692951479e+01
-2.966244158034857392e+01
-1.989271695182094035e+01
-3.903870730886459484e+01
-4.054627233077590631e+01
-3.205114981973019894e+01
-2.906162926661739476e+01
-5.352826738835031506e+01
-3.185993760327222546e+01
-4.958167570978370975e+01
-6.001876244581139019e+01
-9.096472099455974103e+01
-7.942061754768721471e+01
-4.718932035322302454e+01
-5.226046287216710340e+01
-3.372731752750156886e+01
-4.743890918186664152e+01
-3.999938442685554918e+01
-2.551404140961951583e+01
-2.471356544719910531e+01
-4.597146023464446785e+01
-4.092457909942012151e+01
-4.977691086886184735e+01
-6.768483984892159810e+01
-2.256301727971193216e+01
-3.170044503121540913e+01
-3.758301669393189570e+01
-6.868919599510019225e+01
-3.510286330798014376e+01
-9.039816453939357643e+01
-2.365127337509145278e+01
-4.452419994410603721e+01
-4.346727251721343066e+01
-2.561872558048933257e+01
-6.020788774295083101e+01
-4.185148768208185288e+01
-2.757860248952005477e+01
-2.193197037557974127e+01
-5.317348902106910202e+01
-2.154829617143363052e+01
-3.340150774161498504e+01
-2.841770845875629092e+01
-3.281140654157145065e+01
-3.918516705714620230e+01
-5.649385249801922271e+01
-1.885050909297073574e+01
-1.680681707790143520e+01
-2.442779507796682026e+01
-3.005065538544249293e+01
-8.520666511881559302e+01
-2.818783477083366051e+01
-6.509219764709391143e+01
-3.007493863756809560e+01
-2.321453002791454523e+01
-3.515843833593977763e+01
-2.678479612946647137e+01
-2.164347380015543010e+01
-5.401754374488707811e+01
-3.281013312861416154e+01
-2.868321472026144647e+01
-1.286097981073773688e+01
-4.160554205667049388e+01
-4.797061569676020554e+01
-1.365848481913273815e+02
-7.441212592194581532e+01
-2.496489999179772212e+01
-3.717382848278234064e+01
-6.845025726952898992e+01
-2.461504802181709195e+01
-7.152275415248125512e+01
-3.563819524712069864e+01
-2.368884938863949330e+01
-4.539864425985653895e+01
-2.026825847592209939e+01
-2.006607811518513174e+01
-7.557985549028262540e+01
-5.638609491140097418e+01
-1.785806495193337895e+01
-2.511067346979973181e+01
-2.725191301798377097e+01
-6.044351081728169106e+01
-2.469919199431489787e+01
-3.156385576887751654e+01
-3.012051434628435942e+01
-8.590706843534896109e+01
-3.064566193168402108e+01
-6.896788275014694136e+01
-5.263452562316386718e+01
-3.131479219621792254e+01
-2.789771101429620614e+01
-2.601615380334169458e+01
-3.563127270721264495e+01
-7.640311404910054449e+00
-2.569039647981748686e+01
-1.440035077161279276e+01
-2.577824764242017253e+01
-7.092017185047625105e+01
-2.979392693140063741e+01
-1.382044550592372900e+01
-8.213582429968533916e+01
-2.273782887011167375e+01
-3.536942361441153793e+01
-3.510649704544483285e+01
-6.599753771866851082e+01
-1.440035077161279276e+01
-2.940838682857321018e+01
-5.967896566774731326e+01
-4.524103733557633689e+01
-2.006874807263925931e+01
-4.959852081567882465e+01
-2.765605590558550020e+01
-5.235184357996092785e+01
-1.547841915247065003e+01
-2.137331876503833072e+01
-6.754296717449582843e+01
-7.472297016221658339e+01
-1.089842800863246168e+02
-4.401226384058426788e+01
-6.001677182824353451e+01
-8.057051903211758770e+01
-2.072194825880430358e+01
-2.199137264708492978e+01
-7.722464011679931239e+00
-3.206635859629659535e+01
-4.662551195184899910e+01
-4.054910627072828078e+01
-8.669401046750330408e+00
-2.491453724329253916e+01
-3.468428414223409106e+01
-5.096769682559591530e+01
-5.454545008434234177e+01
-2.203181231273124752e+01
-2.835227717549947357e+01
-1.381974681616663645e+02
-6.328409104598740242e+01
-7.419564528006193882e+01
-5.688112563892078555e+01
-2.800178586781799694e+01
-2.633861185582613729e+01
-5.735464546425912147e+01
-7.792890423967619995e+01
-2.092422324468355654e+01
-1.271327035666096172e+01
-1.890076741791795811e+01
-2.006895009951655595e+01
-4.547391557757870828e+01
-2.576862185273256500e+01
-6.374258161174491022e+01
-7.882362800592031249e+01
-5.484665251338904568e+01
-1.353572088889634450e+01
-5.123472835694973071e+01
-5.532783413097024550e+01
-2.079602236892836586e+01
-1.258338605865427873e+01
-8.515717246158504850e+01
-3.202243897888375557e+01
-3.150799924448401512e+01
-5.699565888382317524e+01
-3.803938073391846331e+01
-4.060302619022056092e+01
-1.364602480681573695e+02
-2.359528944922359628e+01
-2.330108005575297270e+01
-5.623356628693676385e+01
-3.567692564480164208e+01
-2.559254736105914319e+01
-7.489319219350432100e+00
-7.640311404910054449e+00
-2.883133789794403157e+01
-3.507788646891263795e+01
-2.167111192175186218e+01
-2.093628638663545161e+01
-2.527788574127487919e+01
-9.587749440229848119e+01
-9.488813378175226632e+00
-3.391986175242569601e+01
-4.421247838623584414e+01
-3.505942696545182713e+01
-3.352807989215570927e+01
-5.543546018599437275e+01
-3.721283676753051850e+01
-3.125297099873954920e+01
-9.086347399573706696e+01
-4.421077605471294447e+01
-8.804558022637385761e+01
-2.862998920327627772e+01
-4.648637811887044080e+01
-5.372039425646745059e+01
-1.913027616962013866e+01
-1.301831799434445998e+02
-1.585777159484090149e+01
-2.404907527819010937e+01
-1.915242958497913150e+01
-7.835507347450315763e+01
-6.677029120000136686e+01
-3.181710037764659305e+01
-5.115145298264211249e+01
-2.456762084730098650e+01
-3.099350241776324921e+01
-1.649455475417776285e+01
-2.610767565469678786e+01
-2.303116985411238105e+01
-5.876955015919153880e+01
-2.623871826314714539e+01
-2.422185992338878080e+01
-4.814193492591714119e+01
-1.854386552883485706e+01
-2.619518955559558293e+01
-6.964580619865630240e+01
-2.400372934521124080e+01
-4.646276745990004997e+01
-1.170193834694248913e+01
-6.754972805973497429e+01
-2.273208208778585870e+01
-4.746353106421651802e+01
-5.081132595227903437e+01
-3.477640152985470223e+01
-5.380800430725646066e+01
-1.161598602079554787e+01
-6.991777085744070064e+01
-2.320797773134387043e+01
-3.716499256545081664e+01
-5.792387499270640916e+01
-3.264445779414359095e+01
-3.618260522264263557e+01
-1.264929015784914839e+02
-2.569950092695841803e+01
-3.461094272277846784e+01
-1.990626371840707876e+01
-1.920110455378782177e+01
-6.193362050742852887e+01
-4.794021705310806425e+01
-8.256521726383023463e+01
-6.256673276676939111e+01
-3.400094117712195896e+01
-4.742789044092531014e+01
-2.830609522503143083e+01
-1.406982637182267979e+02
-5.066115098154402574e+01
-2.249107828396078901e+01
-1.379220525041684766e+02
-2.912899267751948784e+01
-2.630134670533096752e+01
-2.501444401196457434e+01
-1.299741027705610819e+01
-2.697287981682201519e+01
-8.671101960440839207e+01
-5.805611128044967018e+01
-1.419168536899682387e+01
-2.695767759176447242e+01
-2.617828299256015967e+01
-2.444199217182701034e+01
-8.320746829408521705e+01
-5.884685444892578232e+01
-6.600356123884849069e+01
-5.336208959958322851e+01
-4.084667618083076235e+01
-3.399378022204434302e+01
-2.313672179131445361e+01
-2.968534865557490576e+01
-2.304840675196319566e+01
-5.276012932553033608e+01
-3.438063430466247894e+01
-2.668534726891447306e+01
-8.060754659568678093e+00
-2.763294666000551558e+01
-6.582630332823423203e+01
-1.823456120227632837e+01
-4.860674030549379410e+01
-2.811285074865030964e+01
-4.395815882636758687e+01
-1.986635803556634627e+01
-3.961556895387153077e+01
-5.476910333752750404e+01
-7.149537784442061650e+01
-4.418312757143471714e+01
-1.039362298387387185e+01
-2.861304935704595920e+01
-4.062849397830837717e+01
-4.561770503615895223e+01
-5.246979921778392963e+01
-1.945803388814939083e+01
-4.273567679717186962e+01
-1.858258606911515898e+01
-4.847290207119881700e+01
-4.644019668801909972e+01
-6.366928250049681992e+01
-2.499666274502920160e+01
-2.858217319735055284e+01
-1.587502496193071799e+01
-1.306866135117653300e+02
-2.401931217434406207e+01
-8.264863482491800539e+01
-2.155342022498907184e+01
-1.237543566368609582e+01
-2.135456850161063969e+01
-5.090911243684477228e+01
-1.747944636341292934e+01
-5.219105229630553566e+01
-9.686975706893205995e+01
-3.559282637249541636e+01
-9.450781741672720671e+01
-8.286530275346059682e+01
-9.335724594821789424e+01
-4.491737614629376196e+01
-5.569751355107181467e+01
-5.967214833158885767e+01
-3.766552615651409042e+01
-3.464330246418522563e+01
-4.675168002254289235e+01
-4.926635087470825880e+01
-3.860059523249257296e+01
-3.429579965882544457e+01
-4.376651745146311612e+01
-4.115062913855317817e+01
-3.696183543269416560e+01
-2.688756930468523976e+01
-2.332721755473574987e+01
-3.469840833618843590e+01
-3.675985145954966526e+01
-8.430138602522944780e+00
-3.274990925495153249e+01
-5.275882308406829679e+01
-7.368993870216485220e+01
-5.294506185505481710e+01
-3.211841886542269719e+01
-3.581862293430881294e+01
-5.259252278516575529e+01
-1.690549999805810444e+01
-1.736688282709693354e+01
-3.067849854070033544e+01
-5.008857927719272141e+01
-3.469302431227301042e+01
-3.455647651555750599e+01
-2.594808165946004053e+01
-2.185452100166166289e+01
-9.030780417651693881e+01
-2.856507714576985180e+01
-8.035168030391288596e+01
-2.729729644307303715e+01
-6.081377014447662077e+01
-3.762643410178459646e+01
-2.868042978873448590e+01
-8.385663423960936669e+00
-1.911192733475695960e+01
-2.583553769474458406e+01
-3.507034768146796466e+01
-4.129825567520899199e+01
-1.574404254115406410e+01
-1.017989503113557674e+02
-1.842013923257710317e+01
-8.120267873002083547e+01
-2.325575872449332948e+01
-3.180856568722319011e+01
-2.411118732069813930e+01
-6.538408740053047552e+01
-4.022130801855886340e+00
-3.179881083235038730e+01
-8.183858101941891050e+01
-3.672138036142739281e+01
-1.222586505109455324e+01
-2.966487883415939919e+01
-1.674966439080945335e+01
-5.885175647185438663e+01
-6.553648407867189007e+01
-3.161855524476618129e+01
-2.344061197727208778e+01
-6.456930649594654881e+01
-2.521519334750030339e+01
-2.004523105258576265e+01
-1.123772749175415520e+01
-3.985909436309296439e+01
-4.061727477482416759e+01
-3.065761416362535030e+01
-6.111016117492808064e+01
-8.983859248002406162e+01
-4.479526819450462938e+01
-3.277314123288590508e+01
-2.090127513369445822e+01
-2.183693639685949961e+01
-2.434755722853011406e+01
-4.117056779596940430e+01
-2.362809286790383112e+01
-8.397317639945563883e+01
-6.380417116534614763e+01
-2.412549443614870626e+01
-1.657357695598313541e+01
-1.436506981252183301e+01
-7.184012315917364333e+00
-6.484433678719824456e+00
-2.971167414017519448e+01
-5.346418702461767936e+01
-6.545663521765418125e+01
-5.276012932553033608e+01
-4.251657206465877437e+01
-1.230586135179669860e+01
-4.927008956965376285e+01
-7.371222109813258783e+01
-5.193863727489679860e+01
-3.460184549646269403e+01
-3.400581208793168742e+01
-2.677790530873722830e+01
-4.124154756339882510e+01
-4.739413390362838641e+01
-3.636595908366889773e+01
-8.930695900774433937e+01
-8.259237375926196023e+01
-7.163937608049266714e+01
-1.609006497925624757e+01
-6.666762162507799871e+01
-3.384772911006923835e+01
-2.492178322294024895e+01
-3.076523994941522844e+01
-1.962273002793152088e+01
-5.994151906761263149e+01
-2.230701202180500431e+01
-8.060710393535410390e+01
-3.662057939879123580e+01
-2.050680244039288880e+01
-4.733573479133900719e+01
-3.033911502492574286e+01
-7.057464668774098016e+01
-2.450522606547936988e+01
-3.284319389191766447e+01
-2.282336793753086823e+01
-6.123109554329525395e+01
-1.859143616991018888e+01
-1.279334472537267864e+01
-4.497292547010889052e+01
-1.292606456022453898e+01
-3.380773055927794957e+01
-8.499413061363007671e+00
-5.933802649897420167e+01
-2.623156196222957703e+01
-2.167647349563643644e+01
-4.140226270681842635e+01
-2.637268940957929431e+01
-3.006344688854872516e+01
-8.425845872460577368e+00
-1.293982476395345032e+02
-2.771725394229542516e+01
-5.843400893675647012e+01
-6.923210449566350633e+01
-6.248851841743411484e+01
-3.346112757381713010e+01
-6.214053307448603292e+00
-4.454462342308839595e+01
-4.398062107886755001e+01
-2.717862116268854322e+01
-3.109035023272114273e+01
-6.189265931852497182e+00
-7.018672427766261990e+01
-3.647140446107864165e+01
-3.209900223832426036e+01
-4.739286136112143311e+01
-6.988106287140308837e+01
-5.525501422098081861e+01
-7.143317821905296228e+01
-1.978167657203717411e+01
-7.987175487756974235e+01
-1.127120372413682503e+01
-1.529682531751004504e+01
-2.503661016114166671e+01
-8.297065839000040910e+01
-5.015187764565888529e+01
-6.661856338073152983e+01
-5.330832039401818179e+01
-6.105632709943263592e+01
-4.039165409490961167e+01
-3.110865212592537077e+01
-6.558498387125108309e+01
-1.828208795658528985e+01
-1.028415320054496220e+02
-8.305457654813650947e+00
-1.904259207592927083e+01
-3.665357766855311183e+01
-3.989784558700046802e+01
-2.779602898907513620e+01
-8.289670986925031571e+01
-1.097158285458607807e+01
-2.459344935265718135e+01
-2.443575650229418272e+01
-7.819375184655858568e+00
-1.708473749094559224e+01
-8.377079202034229510e+00
-9.355136627772273172e+00
-1.825983781341309253e+01
-2.079700766447924210e+01
-2.849824728362861848e+01
-6.165479668260237389e+01
-2.320775532326086577e+01
-3.142640527254219407e+01
-6.603247307600244476e+00
-2.632304798435466964e+01
-6.052027854316546751e+01
-1.122123061496250251e+01
-7.191713413999806903e+01
-4.800085580898888793e+01
-2.722595859246500893e+01
-3.980974316312313022e+01
-6.771178526832393629e+00
-7.934572011655231627e+00
-1.584625167794455614e+01
-3.211425820089944949e+01
-4.492100908579161711e+01
-3.273825258259228121e+01
-5.066290235049227419e+01
-5.043298309639079235e+01
-2.827489247415221740e+01
-1.834155651711379065e+01
-2.169442333440245463e+01
-5.394209728226666556e+01
-2.830586378495764777e+01
-3.287498567248120196e+01
-7.060595265721369174e+01
-8.117098515977878037e+01
-6.641923452648127579e+01
-4.208962879733562090e+01
-3.664690887358061389e+01
-3.961702438616504285e+00
-7.169994190845501691e+01
-2.651831593449254854e+01
-8.162632456015512616e+01
-2.236712078414634419e+01
-4.871275177371649789e+01
-3.524738644382450303e+01
-2.874953278328451844e+01
-6.601598191689279815e+01
-2.584520429418201815e+01
-2.674457155868710245e+01
-2.080922762355761790e+01
-2.533414232059483595e+01
-1.305451510157477344e+02
-2.280160864569567636e+01
-2.189127471341515019e+01
-3.833138952419920287e+01
-2.971244319155833935e+01
-1.825096362305981046e+01
-2.017031651496829170e+01
-1.612374510053307120e+01
-1.190434186103265546e+01
-6.442874616768722262e+01
-6.853879409084697727e+01
-5.584608845798748433e+01
-8.120153717945301253e+01
-4.434104641857180695e+01
-4.041734265080141597e+01
-1.614288527998103717e+01
-3.787402712482403189e+01
-2.501132757081417424e+01
-6.263761804107138431e+01
-1.698241057101110485e+01
-4.126775565623472630e+01
-2.671313206449845268e+01
-2.831119839640572877e+01
-1.295994818397198003e+02
-2.729425928070100582e+01
-5.532334190834630760e+01
-2.544277270394336554e+01
-2.517837637030191189e+01
-2.284738637811943818e+01
-4.848317029042358683e+01
-8.125975863409699684e+01
-4.487860149309868518e+01
-1.035122020077926841e+01
-8.398726962907467453e+01
-2.548354598843525309e+01
-2.391652825854667341e+01
-6.241541378645904103e+01
-4.246060676581414839e+01
-4.607049611679388335e+01
-5.554037646221912894e+01
-3.248798001858830986e+01
-3.267583103635926989e+01
-6.583348480409516412e+01
-6.046598902231147576e+01
-3.663838874415976221e+01
-6.725170304314838177e+01
-2.904288978942982169e+01
-4.442135105369698067e+01
-3.738895167109981799e+01
-6.841745843684624617e+01
-1.010568160791221182e+01
-2.391433455615109693e+01
-3.497351345949562074e+01
-2.775255545205193997e+01
-4.701121667966349094e+01
-2.236712078414634419e+01
-4.048597831538784675e+01
-5.326016770545055579e+01
-1.389599936665703872e+01
-5.982418509225371217e+00
-6.953301268857008210e+01
-3.010244656986965239e+01
-7.114916223385395710e+01
-1.273219861145410370e+01
-5.164156313139935151e+01
-3.438889659772802787e+01
-9.660982959862175790e+01
-5.201208266651084955e+01
-3.106392514748006661e+01
-1.978597045787104491e+01
-6.002527812523317152e+01
-2.423626439351576067e+01
-2.320775532326086577e+01
-3.170177014007019878e+01
-4.056707331502728664e+01
-3.503151072928886123e+01
-1.552946072587320536e+01
-8.519894570637441689e+01
-2.386166399309593089e+01
-4.055570154669717908e+01
-2.285343192354622843e+01
-2.737234935557787807e+01
-4.427854827774933710e+01
-2.968333107986814312e+01
-1.576989136210634790e+01
-3.887033904095991943e+01
-4.048059991621811093e+01
-2.419427789687858166e+01
-3.403833822554938138e+01
-2.834625648787879371e+01
-4.609851848451356204e+01
-3.016429467057138325e+01
-3.640060481898437672e+01
-5.133637076865900184e+01
-8.344395297115785581e+01
-4.282224682029205098e+01
-2.835587262176429135e+01
-3.588560815064708720e+01
-5.941242028715187473e+01
-2.133642058977660128e+01
-5.000390999726335650e+01
-2.257882845740202526e+01
-1.839138220280910119e+01
-2.608131559899350194e+01
-2.398044572245303030e+01
-2.630796922591153120e+01
-6.264020974448004608e+01
-8.190206356445511204e+00
-8.433810650525451535e+01
-2.565475885121501065e+01
-2.238748189536442723e+01
-5.141742806095300722e+01
-3.544916475399582367e+01
-4.631784685997929074e+01
-2.808665619215527798e+01
-2.748550120801214547e+01
-2.659724409860803718e+01
-2.028737368921389006e+01
-3.274728001185734172e+01
-2.835194058740703582e+01
-7.114349856198769828e+01
-2.250230780784426798e+01
-1.362611198042011473e+01
-3.920051498119304512e+01
-8.320107001312541684e+01
-2.774903746414857153e+01
-7.194642167427994650e+01
-5.322760300964350932e+01
-8.011427579771068963e+01
-3.560086396117030461e+01
-1.859110405104068420e+01
-7.982551420991546820e+01
-2.846343512215835148e+01
-2.554652277437763175e+01
-5.997207677473449650e+01
-1.779647191077042478e+01
-3.815438831338484960e+01
-6.773494623762944400e+01
-1.055085128487443313e+01
-3.654514646270101252e+01
-1.680732982091215533e+01
-7.032358405964924231e+00
-3.858529276054801471e+01
-5.335904444052714268e+01
-1.615300405255853633e+01
-6.639037046097465122e+01
-4.813387286830263889e+01
-3.043102710451768900e+01
-2.562054907683433669e+01
-2.182784432744346503e+01
-5.611173831245527310e+01
-3.391869176894788040e+01
-1.154942970208126773e+01
-2.471373556191780096e+01
-7.845773089568956493e+01
-6.970152116039274404e+01
-2.533481700585798180e+01
-4.826837787352725684e+01
-1.664104464883880041e+01
-1.479776926769132572e+01
-3.368143450266320826e+01
-2.131171074244529606e+01
-2.999726181301027950e+01
-5.858241819109744597e+01
-3.126449210704208070e+01
-2.577021663167209908e+01
-3.282261731825075657e+01
-2.177606725604686488e+01
-3.484746646072082399e+01
-1.180138637211316421e+01
-9.342455234352674154e+01
-2.989989469682872425e+01
-4.916568012834502355e+01
-3.982967887993239486e+01
-2.823263162096157686e+01
-7.924954235519295764e+01
-2.808108171683437959e+01
-6.262800417607847692e+01
-6.154130864873079076e+01
-4.689301878458315542e+01
-3.109712557946335210e+01
-1.226147330867103413e+01
-2.332926660056546808e+01
-1.136455747351414658e+01
-1.360559142568339475e+01
-1.701238626367451445e+01
-1.926296781919760193e+01
-8.356807168470473357e+01
-3.142190979102030823e+01
-4.074177727772692492e+01
-4.517588410078291616e+01
-9.281949999234187842e+00
-5.439517471799617709e+01
-5.204748878794108080e+00
-7.211746581746700357e+00
-9.768138790425265228e+00
-5.578648536370446465e+01
-7.879789533643472055e+01
-2.463468326261293484e+01
-2.295520707806490535e+01
-1.414513478880068398e+01
-1.006871440994845379e+01
-2.280799671511484306e+01
-4.684122434901597387e+01
-7.120708403535994080e+01
-3.031293658268081614e+01
-1.652811679567729897e+01
-3.119274565537017807e+01
-9.294906217171387652e+00
-2.168570435755060188e+01
-2.790448595292611955e+01
-2.847134410843751695e+01
-4.484966496232311783e+01
-5.939938469422335743e+01
-1.422532642224271271e+01
-4.806770712136295742e+01
-3.744459370150325128e+01
-5.472972858653471917e+01
-4.514183894013063991e+01
-2.044288603326228326e+01
-7.962718785072343763e+00
-1.719743991056649435e+01
-8.870921810534142082e+00
-1.514358139153521066e+01
-1.585826727710034056e+01
-3.515975716619528413e+01
-4.369406485887992631e+01
-1.202680425716223134e+01
-5.255775295684225057e+01
-2.181974544429515461e+01
-2.647425111594458969e+01
-2.523164823960348002e+01
-4.252812443326833858e+01
-7.742219267529847571e+01
-4.537010406643400984e+01
-2.415700820036094498e+01
-1.154447085303108622e+01
-3.386588069368502119e+01
-5.973567716154916951e+01
-1.274928827741200266e+01
-5.530167067723741070e+01
-5.472972858653471917e+01
-7.045570868900645678e+01
-1.959444436939196521e+01
-5.472972858653471917e+01
-4.221123389399837578e+01
-2.754728697751903965e+01
-3.325316580997138516e+01
-3.326976508952677136e+01
-1.336436860300126206e+01
-2.687286643120006246e+01
-2.058890948835736623e+01
-7.865393055094766339e+01
-3.404453078945202549e+01
-1.562939275207465961e+01
-2.834975882284436466e+01
-2.410417322245902128e+01
-2.601856546538899906e+01
-3.520291436006668562e+01
-4.699254526674003785e+01
-1.043865437433210275e+01
-2.566890550573615926e+01
-2.951327172690484346e+01
-2.645827786344509036e+01
-7.592682808333165667e+00
-1.344989521781014474e+01
-7.842165281000700539e+00
-6.000652092981798802e+01
-2.924322870179150868e+01
-3.003722454692856303e+01
-5.141742806095300722e+01
-6.374258161174491022e+01
-5.847357804904327594e+01
-1.420934540492139853e+01
-9.246157968800503113e+00
-4.418537036877228275e+01
-1.535882785521097915e+01
-2.696044054730803552e+01
-5.504116245261706553e+01
-2.116775598638954392e+01
-2.380749446698523641e+01
-3.134594915000504045e+01
-5.219132294591582166e+01
-4.680200126424569618e+01
-5.427444140279028773e+00
-1.740250170295541920e+01
-1.634183628760843376e+01
-1.843377132947643204e+01
-1.358054697482934081e+01
-2.322009131173257401e+01
-1.193243952887870840e+01
-1.201487329787649116e+01
-9.815714156190423978e+00
-1.972320531006257482e+01
-1.989250409723504731e+01
-3.620521578787469252e+01
-4.722233047342523093e+01
-1.864438598854098572e+01
-4.053591725251610001e+01
-8.446692225572843427e+01
-6.660752976385749946e+01
-8.583701490954355862e+00
-1.071998355278443071e+01
-2.399493944307550919e+01
-2.122203683512965000e+01
-4.838736641756965717e+00
-2.427706737520134084e+01
-2.317290747117441541e+01
-3.977117634777103916e+01
-2.962856721500724788e+01
-3.247528079703229764e+01
-1.356330296627839971e+02
-3.443592310855000704e+01
-6.895587961055171888e+01
-2.579158574177587937e+01
-2.942374461479862191e+01
-1.553234029808037420e+01
-4.741818858283625815e+01
-8.018933899808469334e+01
-3.072799904230829426e+01
-8.529127945996613391e+01
-3.270313252294068462e+01
-1.617544802568988160e+01
-2.377746829342866519e+01
-1.092384856856827469e+01
-4.877853672031898924e+01
-2.871415895401771223e+01
-1.848780358709505833e+01
-2.968376604966218935e+01
-3.674100933726944618e+01
-2.851159338608951899e+01
-2.003171276020441027e+01
-1.724499467247666473e+01
-4.225034264090956526e+01
-2.867717167586398830e+01
-1.628615315489241766e+01
-3.056301613311168097e+01
-5.542725322557321022e+01
-1.646496393845964690e+01
-9.152928669744468948e+00
-7.888462807724386039e+01
-2.851346494867616244e+01
-2.628121958968874594e+01
-1.869423658179230685e+01
-1.991859575692220119e+01
-9.153008827815789061e+00
-1.714850549888360476e+01
-2.226764169723969644e+01
-3.047597877945569422e+01
-2.443467580991760357e+01
-3.213049261753584318e+01
-2.711088362271862096e+01
-2.700329431236900390e+01
-5.912613365375660379e+01
-2.510210452040102780e+01
-2.780719604870003536e+01
-1.249276808244623460e+01
-1.119926931319667140e+01
-5.299493065128186942e+01
-2.337884125019736459e+01
-8.741003647996539883e+01
-1.917036151131955890e+01
-1.377898704102579330e+01
-3.198170732457052523e+01
-1.380106817972113653e+01
-1.134183256117457717e+02
-7.092017185047625105e+01
-9.456573153829802436e+01
-2.663837192388989550e+01
-5.195083404390454263e+01
-1.786126981815483106e+01
-3.035768511155033877e+01
-1.993618490741684823e+01
-2.487239016054251906e+01
-1.508374736379494863e+01
-1.610163416095616284e+01
-1.507190369807907615e+01
-2.209811358577747953e+01
-2.450282505783867748e+01
-3.357227278433450834e+01
-6.053160932121943461e+01
-5.676363062763624612e+01
-7.003364332018897187e+01
-8.034014945605103719e+01
-3.361406520259873076e+01
-1.419874373883001262e+01
-3.390155431645106887e+01
-4.848646325754793196e+01
-9.306695181761377000e+00
-1.798896105132755707e+01
-2.806968687178311583e+01
-8.568315446462733576e+00
-5.934424744132298457e+01
-5.465539312259585358e+01
-2.200223996442349517e+01
-1.295189919659601152e+01
-2.596676554496237443e+01
-7.412534811737221396e+00
-5.982521066106178864e+01
-4.020039430027265581e+01
-5.268459870649584786e+01
-3.534881443434458248e+01
-6.222812583493353600e+01
-8.163854060864632345e+01
-2.541927935511840886e+01
-2.057493578875342877e+01
-1.172938304932976195e+01
-6.056716184269514258e+01
-2.293008565010835653e+01
-2.434178065915736866e+01
-2.478376943337612914e+01
-4.134397114149896879e+01
-1.302236206151950348e+01
-3.960884934425497761e+01
-3.301643227078192666e+01
-6.044465669744754166e+01
-3.180064337401532981e+01
-2.682348517935054133e+01
-4.313644880669442472e+01
-5.187981474335035159e+01
-5.533084504498784639e+01
-2.057021106857867920e+01
-1.179876651726323900e+01
-2.496221295899307080e+01
-2.352743066535510863e+01
-2.340750394301269210e+01
-1.225910906381714227e+01
-1.098412974329044189e+01
-5.543668358825062370e+01
-2.624615902070019402e+01
-2.658877043099573712e+01
-2.438655123616005582e+01
-2.393977213869128562e+01
-2.374998221198253745e+01
-4.893300033225736456e+01
-1.647887161909611464e+01
-4.949868423136136641e+01
-3.482331029331206196e+01
-3.661845740200394062e+01
-3.571279933185450517e+01
-2.460887285714677475e+01
-5.819686230876866873e+00
-1.725138348321315362e+01
-2.513120471760840857e+01
-3.698304720614523688e+01
-2.233893496856885363e+01
-5.059544337499624334e+01
-2.389038375898348576e+01
-7.898409396310184150e+01
-8.334817159007127430e+01
-3.612177212941975313e+01
-2.078496515124754751e+01
-6.245351628540511513e+01
-2.522110133391171161e+01
-2.902884773555492259e+01
-1.445262743153868712e+01
-1.454371751564570481e+01
-2.933634159516657647e+01
-2.232604684353157154e+01
-3.519117473649873773e+01
-1.562081974684217123e+01
-1.037826970555263273e+01
-1.169410614873951282e+01
-1.595908123838476556e+01
-3.394547003078042735e+01
-2.566957522341026632e+01
-1.975207066217777907e+01
-1.049575674371470946e+01
-2.638238996621940302e+01
-2.399113320893613732e+01
-2.417595262601281192e+01
-2.314974479693637477e+01
-7.048771884724246206e+01
-5.743797360696959942e+01
-2.961878053773381581e+01
-2.332978575382017894e+01
-7.231704132646164851e+01
-3.616364320278531608e+01
-5.549513023761459607e+00
-2.522017697495424926e+01
-1.526150910633511515e+01
-7.074665701201472245e+01
-1.047925404263568971e+01
-1.142556851045029020e+01
-2.504907108407834215e+01
-7.232664344886445384e+00
-2.605942824422632143e+01
-2.716640460176185812e+01
-1.305548965719816294e+02
-2.501556929652176819e+01
-1.725138348321315362e+01
-2.242036895194857848e+01
-4.244446342755009738e+01
-1.676681559462345561e+01
-1.171094528331673246e+01
-3.064703152817240195e+01
-1.627386981451273940e+01
-2.210975790142593667e+01
-1.144509646959974170e+01
-2.635902878453774889e+01
-2.687887567369231334e+01
-2.053225530126029952e+01
-1.032230268340884294e+01
-3.553093436298798480e+01
-9.878268276039573692e+00
-2.048361876284346650e+01
-6.982265893454224681e+01
-2.032224074163985605e+01
-8.100329556887247406e+01
-2.392361563153272286e+01
-4.009636844081078522e+01
-2.069940276304967242e+01
-2.643624863612946285e+01
-4.617899150387628282e+01
-2.903735614082809136e+01
-7.876530535975940772e+00
-1.796471432050762118e+01
-2.338634397716490554e+01
-3.198966692397254619e+01
-1.415318278194442847e+01
-1.541451248862736101e+01
-5.795285164926838206e+00
-6.850205230796634126e+00
-6.367408360917184318e+00
-5.317559044286015890e+00
-1.217947167785148821e+01
-2.403506026186585132e+01
-1.234606174379689669e+01
-3.218985018121153274e+01
-2.217424684945954638e+01
-1.334109641009186475e+01
-3.093248893220381746e+01
-4.862049752232005062e+01
-1.534573847436796967e+01
-3.426396735521714021e+01
-1.067926482610695516e+01
-2.454270700822009843e+01
-3.566768383330337855e+01
-8.022224686544729977e+00
-2.185022500502267917e+01
-1.649160699252861306e+01
-6.241075881933404901e+01
-3.226474822262730413e+01
-4.165926515665432106e+01
-3.454955019852820897e+01
-6.144099023109889401e+01
-2.059576836262248634e+01
-8.366884986227864474e+00
-9.867727464976985274e+00
-3.451590366316770542e+01
-7.215585829439079646e+01
-1.844214388103999980e+01
-5.367381198201833570e+01
-4.527995210201219578e+01
-4.880945105686751617e+01
-8.033395482746831817e+01
-3.040247585843488665e+01
-4.281679523404739030e+01
-8.206107333602210119e+00
-2.305223718606763583e+01
-1.691339673308797842e+01
-1.480029452882615537e+01
-4.918949702588366790e+01
-6.976114202084787053e+01
-2.559004127708724852e+01
-1.559800762416673692e+01
-3.088634594634241992e+01
-2.658447853427671603e+01
-4.846313760651227653e+01
-2.071651667650161599e+01
-3.801726683459990142e+01
-1.114509646959974098e+01
-2.686136386236222862e+01
-4.736151395458859525e+01
-8.116697845856508664e+00
-2.522110133391171161e+01
-2.080713074879330193e+01
-3.002975910807226256e+01
-2.434629383758346322e+01
-1.596065653491616132e+01
-3.138822842074439379e+01
-3.458298378885525182e+01
-1.239381556989724764e+01
-5.117117200568460333e+01
-3.298526485367654715e+01
-7.868935419355149463e+01
-2.254411691288347086e+01
-1.104880261410998443e+01
-7.643948373306632682e+00
-9.131117320604531074e+00
-1.170525203904887412e+01
-2.710501497532963810e+01
-1.999809827288748920e+01
-3.372043959557456816e+01
-5.107835530838657689e+01
-2.685423706434589874e+01
-2.339572529936047474e+01
-1.978199327120205808e+01
-1.394491577064695242e+01
-9.067845619889185471e+00
-5.953736136414057967e+01
-1.469535851689476225e+01
-1.993423372165951335e+01
-6.035122651898017665e+00
-4.473227484625923722e+01
-8.022224686544728200e+00
-1.669611495321058570e+01
-3.549281366645068658e+01
-2.861857260632200450e+01
-8.989366149916815374e+00
-1.102274056577395456e+01
-1.802151098569977705e+01
-2.993472344779974392e+01
-6.470623951903620252e+01
-5.508500630459808178e+01
-3.042073297849556113e+01
-8.176920057000518227e+01
-7.043792101085337265e+01
-1.672823495248180947e+01
-1.020692874198262423e+01
-8.327403106454330128e+00
-8.427961466565339066e+00
-2.509069135542578621e+01
-6.374258161174491022e+01
-6.180652700199395611e+01
-2.191364718187514171e+01
-2.915859747701625082e+01
-1.492050316780321140e+01
-5.517498837886009255e+01
-1.507438119200841875e+01
-1.777363129550816723e+01
-2.706194734341052666e+01
-3.342681281305369367e+01
-3.882256732884068384e+01
-1.320772789356636281e+02
-6.727016514452792251e+01
-5.362158553549108575e+01
-1.255429135526859596e+01
-1.174806694637149285e+01
-5.406154996690736958e+00
-3.262523375823446514e+01
-4.455834637726959357e+01
-6.489303432860289433e+01
-4.216462686033545459e+00
-2.387273532074372895e+01
-2.875725703217515061e+01
-5.367845696349834839e+01
-2.468111189814585060e+01
-2.914186281855186422e+01
-8.300507879232556618e+00
-1.154660558741860399e+01
-2.267396117172745562e+01
-7.775872848072156174e+00
-1.081847481141993583e+01
-8.537932037441615307e+01
-7.637622834452543863e+00
-1.727363654523612269e+01
-1.379999999999999716e+01
-3.345381216440439687e+01
-2.411579612375358295e+01
-8.900576094686648787e+00
-3.017554867583224265e+01
-2.993400111096003258e+01
-2.589659278464690573e+01
-2.801718880799361955e+01
-3.577258426036799932e+01
-2.626578462851213303e+01
-5.342067915997934335e+01
-4.201410831402331070e+01
-1.189046459498869801e+01
-5.848173514718717492e+00
-3.249309070758226881e+01
-2.865771931373539871e+01
-3.281442153737197742e+01
-1.004444199075166644e+01
-1.590383340543987600e+01
-1.688849896582506105e+01
-1.185676102514269026e+01
-2.778812173394084439e+01
-2.887805059028074339e+01
-9.348971320467732937e+00
-6.476901188801940634e+01
-1.311796096305797832e+01
-3.137749484951900669e+01
-1.702061367737507780e+01
-2.897123111945048990e+01
-2.254636732359726281e+01
-6.978215018178972606e+00
-1.372491523381254694e+02
-1.558747715704252279e+01
-1.116079763447197593e+01
-7.603398979443666406e+01
-2.912666239527911927e+01
-2.484606096298988476e+01
-3.365380358995320620e+01
-1.200000000000000178e+01
-1.875022016214450460e+01
-3.344585423353570519e+01
-2.457647347530354054e+01
-3.428636635313030467e+01
-5.307998433418116235e+01
-4.931465260526385919e+01
-7.592384137441021608e+01
-2.781588986834401567e+01
-1.288765134043305594e+01
-1.430080931728954319e+01
-7.137726707620083744e+01
-6.515807065622418293e+01
-1.106107719792567146e+01
-2.682338908620158335e+01
-2.838628523544668880e+01
-1.603577284811677472e+01
-7.012509667943334080e+01
-2.144936840283413915e+00
-2.561856072506297366e+01
-4.171410831402331354e+01
-6.868744258617302023e+01
-8.718666891614491021e+01
-6.437994453446142629e+00
-5.273924662536327190e+01
-8.722774759822165436e+00
-2.670384356247842916e+01
-2.195685064514938034e+01
-5.194142173890693925e+01
-2.537075116562797206e+01
-7.311315145858763742e+01
-1.847890101123178752e+01
-1.948086755919765523e+01
-8.945559531961096766e+00
-5.435382060777371294e+01
-1.238733452493789322e+01
-1.468043664535715465e+01
-5.759108011296621754e+01
-5.320985676842892786e+01
-1.244099262034300146e+01
-2.881048670916523591e+01
-2.453327022466553586e+01
-1.499536436925448513e+01
-1.853843346716286788e+01
-7.299541706955211851e+01
-2.129957574577645119e+01
-3.577627995426971808e+01
-2.637521733601159823e+01
-2.800368996667468835e+01
-2.213062012681056601e+01
-8.342113634570260672e+01
-3.288872921876509281e+01
-2.717915896952245092e+01
-2.329569550997104699e+01
-1.321975893806484947e+01
-7.971126749271219225e+00
-2.339857741737533203e+01
-2.617046968373866278e+01
-3.285533164698426845e+01
-3.112763545714605939e+01
-2.624405320275002040e+01
-4.181491477950318369e+01
-5.209053956784051564e+01
-2.695198074092047946e+01
-4.472182731793987642e+01
-3.114045047515450904e+01
-6.761132456127134560e+01
-1.016042849065339304e+01
-2.384962273655596832e+01
-2.540348724626047172e+01
-7.306960157267201339e+01
-6.137058861591214765e+01
-6.280572691557847520e+01
-6.230660026227204895e+01
-2.272343888284662938e+01
-5.150473766388919472e+01
-1.415422620769320616e+01
-1.829421203848124478e+01
-6.436155457284073123e+00
-1.280549910356607413e+01
-1.836621232688115413e+01
-1.954149414197810586e+01
-2.664111605218388235e+01
-8.808019888987998058e+01
-2.012337401120289826e+01
-5.079867790831308128e+01
-1.398826207974211933e+01
-3.707013851926295445e+01
-8.030988537520008208e+01
-1.155533435213517990e+01
-1.244025676638329614e+01
-1.945517402466766654e+01
-1.058606160332056589e+01
-2.838030872143753314e+01
-7.924334993655456572e+01
-1.424201812773186759e+01
-2.483219544622666319e+01
-3.426868675698626987e+01
-2.650536715207708482e+01
-1.107900009560194476e+01
-1.790956863898236762e+01
-1.312669722387875559e+01
-2.705065112419069706e+01
-2.105089987574946164e+01
-6.741394563551455121e+01
-2.833976766702512506e+01
-2.048421335481622307e+01
-3.044828144154280025e+01
-9.275860514214066654e+00
-9.332581256230042754e+00
-2.560467763469745961e+01
-5.269718221365496902e+01
-3.450946866264426660e+01
-8.251785265581393958e+01
-4.898557188109489147e+01
-1.349035714572279332e+01
-3.094734623303271803e+01
-4.862629719461055089e+01
-2.095443790552522856e+01
-8.344520374408917363e+00
-7.352399923810200733e+01
-8.808333679334532462e+01
-6.515807065622418293e+01
-7.032243789787275823e+00
-3.138025917513103380e+01
-2.803086190163281444e+01
-2.414686493005400081e+01
-1.056461646984484837e+01
-7.057464668774098016e+01
-5.263142328079717913e+01
-2.036937372882973918e+01
-3.406223538773781456e+01
-2.453743080209726557e+01
-3.265861832040491208e+01
-3.282023456241503823e+01
-4.208707404833479160e+01
-3.082607526836493150e+01
-1.888107150489189934e+01
-3.635004027769866752e+01
-6.648689746541278112e+01
-4.809272153568772978e+01
-1.515386441739054035e+01
-2.791641654341979262e+01
-4.150483299075208521e+01
-3.241223173874160324e+01
-2.871988595891052753e+01
-2.220101954035068914e+01
-1.505022200791332310e+01
-2.293812334482264959e+01
-1.516452398020609138e+01
-9.023242466679304741e+00
-2.926919823486126049e+01
-5.116659443180959244e+01
-2.132398334313669608e+01
-5.280284349743349992e+01
-2.987760798510842264e+01
-3.169000880835077538e+01
-2.902973514366294694e+01
-3.056395519162816399e+01
-2.021794203880672214e+01
-1.292006793576204338e+01
-3.571980598457424350e+01
-6.926952623220674354e+01
-3.521366684650085688e+01
-2.536821796406661633e+01
-1.662679446058473332e+01
-5.645893225877073718e+01
-3.140914947811750579e+01
-3.214222413510330512e+01
-9.667706442940165346e+00
-3.362032799512164161e+01
-3.105241423470717521e+01
-1.814712466642604127e+01
-8.031662942450243037e+00
-2.733152185569736758e+01
-1.525035569062942642e+01
-3.713670047992632561e+01
-1.808742550038810037e+01
-2.371465702157480848e+01
-3.028967876637663181e+01
-6.820228217740408638e+01
-1.035798293211160725e+01
-2.240141183676632153e+01
-7.134720573275703259e+01
-8.334166941546446594e+01
-2.982129442607055125e+01
-2.217227492787074539e+01
-1.406699989980309695e+01
-2.173235575698282673e+01
-5.066417033505938150e+01
-2.165035608907286147e+01
-2.612939416966085915e+01
-2.343417225011062044e+01
-2.451620346242508575e+01
-2.698887546876895627e+01
-1.490669306232249447e+01
-1.322647466738469468e+01
-3.330301778434867543e+01
-9.856870249133796946e+00
-2.261700558027378705e+01
-1.103320400005597079e+01
-1.211446316356736119e+01
-1.247431162313535680e+01
-4.121860435847185755e+01
-2.262015872645429937e+01
-1.211624373023925294e+01
-2.126634141212846885e+01
-1.527222683604340858e+01
-1.463662784942943240e+01
-3.214734623303272087e+01
-7.299753963104389243e+01
-3.505509240576621721e+01
-1.238244671019306509e+01
-9.386951145268989549e+00
-4.137949585227867999e+01
-2.713909064956953188e+01
-6.173047257278816602e+01
-3.663951014230436698e+01
-1.379898231146673204e+01
-1.041875607067671972e+01
-2.122066804588309807e+01
-2.948737638468900357e+01
-2.572003841771480737e+01
-1.392368445854091874e+02
-1.644594672348127773e+01
-4.816041539623265066e+01
-1.177949373780733922e+01
-2.434715465140166657e+01
-1.383314317896755874e+01
-3.105735360644395016e+01
-3.117426688240088595e+01
-1.131384439009116427e+01
-7.922534434736934372e+01
-9.102932921615863648e+00
-5.839986580650105452e+00
-4.751083717569166254e+01
-3.505385651300578331e+01
-3.203670497096621972e+01
-2.943673534806561420e+01
-2.026099557307042431e+01
-6.649507668752774237e+01
-1.071246362660156848e+01
-2.925216293087310859e+01
-1.828001531003776847e+01
-5.312483961677947519e+01
-2.540485484124386417e+01
-1.152867169806380687e+01
-1.922566818577153924e+01
-5.969317841429584348e+01
-2.256703579221946043e+01
-4.190009420111829286e+01
-9.187435503731168751e+01
-1.976191619963677226e+01
-1.253349229999935055e+01
-9.328205348256728868e+00
-1.088052355120531267e+01
-2.515115259125944291e+01
-2.822676899918798910e+01
-2.838525679785995948e+01
-8.144219305526034702e+01
-4.198401304311061466e+01
-3.691997929634798936e+01
-8.222591927762816510e+01
-2.143950806166834511e+01
-1.475812745387301739e+01
-3.262119100478903277e+01
-6.512913580460033813e+01
-2.762038698724671804e+01
-4.086346480729276465e+01
-2.877083298739492534e+01
-3.629862336230316089e+01
-2.723523306032362612e+01
-4.260131982302638676e+01
-4.260848211356547210e+01
-2.638015825172989537e+01
-1.741977784387061590e+01
-2.517098863640482165e+01
-3.526537929116046399e+01
-7.482065113671498580e+01
-4.343296936154826682e+01
-6.521922560574741112e+01
-1.191883077588614697e+02
-2.700885104773092138e+01
-2.537722219368698973e+01
-2.892819305012464071e+01
-1.977760102637473238e+01
-3.449228074605063910e+01
-1.491596158722802556e+01
-2.962896592694141518e+01
-7.961065386226729323e+00
-7.946013243355014311e+01
-3.971980074191274923e+01
-2.186132283921415009e+01
-4.419658460687593049e+01
-1.236358208499370193e+01
-3.128522682669639110e+01
-3.141245768374033887e+01
-2.550345149700679315e+01
-2.200749811036441983e+01
-6.769427066634847279e+01
-8.132175520404572922e+00
-1.334109641009186653e+01
-3.259022351667608319e+01
-2.965721705404860842e+01
-8.713388585887101101e+01
-8.736545335093280684e+00
-2.557452305533701065e+01
-2.433001657319650590e+01
-3.115129298604085051e+01
-3.047384347045104036e+01
-3.937431073522208180e+01
-2.100088495065592653e+01
-9.064054713836034338e+00
-1.561344371981623169e+01
-2.791657660463547685e+01
-7.072666800945924592e+01
-4.017353847036334713e+01
-2.759727908792528339e+01
-2.788532736564915737e+01
-3.524012473063798723e+01
-7.309569128322245923e+00
-4.110061550747789560e+00
-4.963313190534149300e+01
-2.875356333485146720e+01
-2.163336275232947159e+01
-6.770947132746006680e+00
-5.366830367380450184e+01
-1.031221732202178885e+02
-9.622506936010356782e+00
-1.784903501229059586e+01
-8.074888905931607042e+01
-2.517393641590980735e+01
-3.900640770728359996e+01
-3.430897414445378502e+01
-2.613527019693639275e+01
-6.371286500532566066e+01
-2.524159890230044923e+01
-2.465579524681830748e+01
-1.622401072217430595e+01
-3.217980413350539948e+01
-2.608113529994956892e+01
-4.575860683852211963e+01
-2.624895194589667824e+01
-8.643001983323181037e+01
-1.184814145719343514e+01
-2.116611030241497104e+01
-3.050307883359348082e+01
-8.698663716010356950e+01
-5.010061550747789028e+00
-3.441782540760616627e+01
-7.224642349136321862e+00
-4.253156094859636482e+01
-1.319898231146673062e+01
-9.033021157039435423e+00
-4.186694345432992748e+01
-8.669640619322264286e+01
-3.583660576951775312e+01
-4.445067178985298284e+01
-3.108068629884530765e+01
-3.557952126023442929e+01
-2.747191444520234072e+01
-1.060619238588288837e+01
-1.126980319328124835e+01
-8.333246692464765459e+00
-6.483297808702484133e+01
-2.040974980837423303e+01
-3.123618230245619287e+01
-2.833794251470666481e+01
-2.174201700109870572e+01
-4.218972361287033124e+01
-4.508883017716502195e+01
-8.111123599597247846e+01
-1.581108120674843143e+01
-2.876115213164951356e+01
-1.828921462601777037e+01
-2.798223591818310751e+01
-6.343643448828909470e+01
-3.298712318625008777e+01
-2.235945244264842913e+01
-2.152267567376885538e+01
-2.703210758848052109e+01
-5.350439431804574042e+01
-5.356231108631288862e+01
-1.918894259863100160e+01
-2.660688927295018047e+01
-1.888013759522717194e+01
-5.427913930604111670e+01
-9.626564955415429381e+01
-5.755944844135598260e+01
-2.293519830098934875e+01
-4.323489631472008199e+01
-4.268895362604290256e+01
-1.414983878163650388e+01
-3.338855584956879063e+00
-8.035182772673000784e+01
-3.250104579170567121e+01
-2.139778352388469784e+01
-1.038735471109080635e+02
-3.025097309951276969e+01
-4.240045740468909941e+01
-6.554064476108530357e+01
-6.676065801473849604e+01
-2.486565263582203755e+01
-2.165247593983027841e+01
-9.765252443605481858e+01
-3.298871811180495683e+01
-2.230151333951688031e+01
-6.871084017273198619e+00
-1.921918329204499187e+01
-2.626131555960188990e+01
-2.201161015935531751e+01
-2.316166868358769548e+01
-3.004552500719609043e+01
-3.458130869132202889e+01
-3.396751059536248363e+01
-7.522876696649483108e+01
-2.426417222713279997e+01
-6.174328354913949113e+01
-2.915698070729348146e+01
-2.341868872082294217e+01
-4.362386715795593517e+01
-2.684224497823528210e+01
-2.337171270144265023e+01
-3.006658337177488605e+01
-6.025315587240724824e+01
-3.414066594550054390e+01
-2.903531796620109873e+01
-1.299760803986343483e+01
-8.087968355407839738e+01
-7.887363231533602459e+01
-2.894130303677610172e+01
-4.506003032577210377e+01
-6.498524544775268907e+01
-1.078434571404635101e+01
-2.164014310672017061e+01
-2.358186509631296346e+01
-1.033876503120618118e+01
-2.507164520594270130e+01
-5.010427455145048725e+01
-5.469078287965834839e+00
-1.142826912680451379e+01
-7.829960602697509842e+01
-8.382004523286976649e+00
-5.320881610562653208e+01
-1.114859410953019569e+01
-1.008526463158960773e+01
-1.190740645857457558e+01
-2.289132170681855882e+01
-2.380808366873571202e+01
-3.038855584956879241e+00
-1.590807976234622778e+01
-5.240344028140614796e+01
-3.060817379246908132e+01
-7.351265939028795771e+00
-3.853263891600352054e+01
-2.979874072109838679e+01
-8.624148441436243218e+01
-7.606885722426224561e+01
-1.086248018800361415e+01
-3.427453235857448988e+01
-3.226438289801139092e+01
-6.414855189703008875e+01
-3.119563939377081496e+01
-2.982129819411177607e+01
-1.029537222269379697e+02
-2.052627537724568185e+01
-7.048490343291322624e+00
-4.416170274932558470e+01
-2.420958127659741166e+01
-1.172366463433219934e+02
-3.002642589903258852e+01
-1.894272050286036091e+01
-2.132817619645778606e+01
-2.847722970410005061e+01
-9.299479721398864029e+00
-3.810061550747789738e+00
-3.270686589396313337e+01
-2.973574733281724392e+01
-5.222912866858574432e+01
-3.685026448130856380e+01
-1.085560076280869879e+01
-1.673578200959368445e+01
-4.836498022672060415e+01
-6.477188183052737713e+01
-1.578301396429769987e+01
-2.004799342069025769e+01
-3.508463962218377219e+01
-8.742468422800044436e+01
-1.729661742176418215e+01
-8.240282701023788547e+01
-2.220352683347225664e+01
-1.452441540560463729e+01
-2.841672243877443904e+01
-8.120372850798172948e+00
-8.682244428417730475e+00
-2.027258556131345912e+01
-3.296135695437213542e+01
-3.809172985126953392e+01
-1.956258435374123295e+01
-3.254077420936157949e+01
-2.814454128518590537e+01
-2.478437315539759922e+01
-4.117351318902785806e+01
-1.102408163389904949e+01
-2.522087951016875351e+01
-6.857372984214948985e+01
-3.611364942512467735e+01
-4.002183164893168765e+01
-7.634459196174630868e+00
-3.553023590039246926e+01
-1.219113780141960213e+01
-1.091561725718129594e+02
-8.596634010842976181e+01
-8.087448959216418132e+01
-7.389097132845813931e+00
-1.716706343321108719e+01
-3.819568042519340167e+01
-2.102650148186740253e+01
-6.944659997626514780e+01
-8.170863888058501345e+01
-2.759838982443023525e+01
-3.394745799376751449e+01
-1.015389204177006732e+01
-1.717144705998971332e+01
-2.750227725246367427e+01
-3.215324207194463213e+01
-7.992228214868694636e+01
-2.286847986374729658e+01
-2.460424542015415383e+01
-2.144555461873436997e+01
-3.025585888411575652e+01
-3.858011017370152018e+01
-1.457532795032218331e+01
-2.583565117294051205e+01
-6.871708373394233149e+01
-1.258720623997892929e+01
-2.188990130120890498e+01
-2.125303794308192451e+01
-2.829950678941728270e+01
-8.154626813247686457e+00
-2.376586504544795275e+01
-3.496017225274857765e+01
-2.551460004120277603e+01
-8.643322497901529289e+01
-1.919020071770680502e+01
-2.944677141717842872e+01
-2.913228374215122685e+01
-2.081994556481781089e+01
-2.571594784659421862e+01
-2.208065898947267414e+01
-1.679468235064922510e+01
-2.816981320388451238e+01
-1.938883843010497898e+01
-2.302807601148759886e+01
-6.189757368637451407e+01
-5.146503551328340365e+00
-8.086078907576946051e+01
-3.232601933815863049e+01
-1.099101514969477051e+02
-2.155258975463643267e+01
-5.026749414489984957e+01
-2.129603655990990418e+01
-1.193149209087843161e+02
-6.685095836135701575e+01
-3.381440741571294950e+01
-3.149150850630287479e+01
-8.264325759712205866e+01
-3.618153291076014000e+01
-2.509672525343794192e+01
-2.338389158828278269e+01
-3.684508231185019866e+01
-3.067062980538804950e+01
-2.343965947753407164e+01
-3.038855584956879241e+00
-1.936883854031169960e+01
-2.227901622210727695e+01
-1.730315481370650943e+01
-2.351760343473389980e+01
-3.410807450066458557e+01
-3.044593941895362832e+01
-4.109129992848639290e+01
-2.688419338070466580e+01
-3.096152836014004350e+01
-3.070099738945840429e+01
-3.882987574631628291e+01
-1.759257582319131430e+01
-1.075583305198011885e+01
-9.367820923785469489e+00
-1.933529129174804240e+01
-2.594635436098878500e+01
-1.232863990733025084e+01
-3.116896977392743651e+01
-4.375332858517329271e+01
-8.393463631476647890e+01
-3.495824967638354508e+01
-2.219581690296122289e+01
-6.528524544775268623e+01
-2.978904607623732304e+01
-1.982535060584040565e+01
-3.616883456640134398e+01
-3.023902203964884805e+01
-8.928450180275589787e+01
-2.234419758803724676e+01
-1.540850591280127091e+01
-2.203087073401227514e+01
