-1.514067384405719885e+01
-1.092549839439264900e+02
-1.329401524080508601e+01
-7.791771945313367098e+01
-6.879735860893879362e+01
-5.523618132440557105e+01
-1.614172717231145526e+01
-8.348394826627303189e+01
-2.188315926116016286e+01
-2.169541147639089118e+01
-1.232159710865980173e+02
-8.966483550490798393e+01
-2.780675189801002389e+01
-3.234242573872411697e+01
-5.873606397250264166e+01
-7.790949199060774788e+01
-4.579183709596149754e+01
-1.236710020931584531e+01
-3.289560768720365758e+01
-2.231251470565075934e+01
-1.493398512147709880e+02
-6.461010128646584860e+01
-3.209992274012409297e+01
-1.057950971159427844e+01
-6.750056559577367921e+01
-2.413245154082046895e+01
-5.627160885836946136e+01
-1.535066392671965900e+02
-1.835127152728717803e+01
-4.075375645195951790e+01
-4.171649421686772996e+01
-1.714091834471024001e+01
-2.870883672318479896e+01
-1.214423931568293469e+01
-9.698104254563473603e+01
-8.934519966582340089e+01
-3.858202841080886003e+01
-5.419778664577063410e+01
-1.989177552024746731e+01
-1.829191947772154094e+02
-1.144141321598816496e+01
-2.947324775432098676e+01
-7.017699059115327032e+01
-1.114805500668840921e+01
-2.504816518319351104e+01
-1.825201750752888330e+01
-1.029115236969502547e+02
-8.293100173055177038e+01
-2.780489715617050095e+01
-4.333479386826209634e+01
-8.824413284568211679e+01
-2.063995572153928393e+01
-1.656010966918833915e+01
-4.378549631316510471e+01
-2.736259825354834518e+01
-7.118202540485521013e+01
-5.673066007780122533e+01
-3.849230941989094390e+01
-4.238486809161078384e+01
-2.829575833293967690e+01
-3.704531075603144785e+01
-1.965970015999630505e+01
-3.992631108133439710e+01
-4.563449785231087219e+01
-2.477355449659790665e+01
-1.010582165307980063e+02
-3.532718198059230730e+01
-1.399392307743267168e+02
-9.663770189470762162e+00
-3.572048094863944101e+01
-6.606720600878326799e+00
-8.712196305273458563e+01
-1.480072109616560567e+02
-1.611461151749260168e+01
-4.705805591349242434e+01
-1.106639298222097239e+02
-9.248904300019376024e+00
-7.682182230853523208e+01
-4.242838335132248773e+01
-2.683541758470287775e+01
-3.260386487425407864e+01
-1.457078468103554059e+01
-3.237964403567254834e+01
-3.623884364501802224e+01
-1.651078395230252838e+01
-4.545242123309927962e+01
-1.166250611679317473e+01
-3.037917446269227284e+01
-3.733816430507337714e+01
-1.127648620198080209e+02
-4.299517780445491866e+01
-1.198736580889670478e+01
-5.936461050361789660e+01
-3.428332607517909736e+01
-1.232081502887040614e+01
-1.217979550704468323e+02
-5.470943585554947930e+01
-3.601847381515742796e+01
-2.778819137395745642e+01
-6.325772485174634596e+01
-2.595669748666074028e+01
-2.057378296855230104e+01
-8.147219739162348162e+01
-1.218606736361246448e+02
-3.720549009527778139e+01
-2.383624065289473037e+01
-1.450203464867583669e+01
-4.701907351680831226e+01
-3.315238087580542725e+01
-1.025041288330973721e+01
-7.690788657278747564e+01
-6.444129591542597346e+00
-2.600432290281132452e+01
-3.536579408514295864e+01
-2.609349559118120254e+01
-6.764122300719154168e+01
-1.477140882987883330e+01
-1.412742992633473449e+01
-2.736700913851710126e+01
-1.067915054480527601e+02
-3.754739530026022010e+01
-1.840817916959238332e+01
-1.907505103909656086e+01
-5.149938353032190719e+01
-2.288798179609876726e+01
-4.443291940674994578e+01
-1.759346294261210986e+01
-1.141859217656966479e+02
-9.388914504684196416e+00
-2.275691967736224086e+01
-2.624153535035413043e+01
-6.515358887247120379e+01
-4.043667325096144793e+01
-6.788584125008003411e+01
-3.108600685839427413e+01
-5.613333087281643685e+01
-9.707570133525955214e+00
-1.845970589461817823e+01
-2.441631695113357736e+01
-2.466363006023219384e+01
-1.507342367521756898e+01
-2.257512692844298741e+01
-1.293718228946601023e+01
-6.681593330668477826e+00
-1.348333539027694350e+01
-1.376916006233068401e+01
-3.387931608013695950e+01
-4.229898174008555145e+01
-6.509319544954985304e+01
-4.036658560566769438e+01
-2.130263635003467826e+01
-2.012061006596351120e+01
-6.408976976223000577e+01
-2.957839101783248026e+01
-1.434840032332154749e+02
-3.022361123082291812e+01
-2.625845247947603767e+01
-4.048746127569321374e+01
-1.264208986337565754e+01
-7.702631579738407197e+01
-2.203162676573449374e+01
-1.133739913664779237e+02
-1.046263839155314344e+02
-2.945839418488303707e+01
-1.231918609426351274e+01
-1.347361523753709989e+01
-9.176205235902736490e+01
-2.027630067978393669e+01
-3.222458768955448249e+01
-5.071831361507542368e+01
-3.510429627035434663e+01
-3.720141475996666713e+01
-1.049878123860400692e+01
-3.613015728078772781e+01
-1.360887354896035788e+02
-5.659724106505788654e+01
-7.154418234944907695e+00
-7.404029222973018420e+01
-1.381858404955894457e+02
-2.551815342543717335e+01
-3.423579753398023939e+01
-7.532443047392034963e+00
-1.998110969051534624e+01
-1.195731056586592977e+01
-6.156406018217495557e+01
-8.786676830524372761e+00
-3.547565463015086351e+01
-3.547571257705724435e+01
-1.686612066531189669e+01
-8.447581471871617964e+01
-3.082227070401479452e+01
-1.448316487084261972e+01
-3.903009689750372324e+00
-3.673473967692068243e+01
-9.208408216315278949e+00
-6.332697850868610345e+01
-6.473404265116657008e+00
-7.501692093376878034e+00
-2.123791240107921396e+01
-2.334783410596750031e+01
-8.461738392850206480e+01
-2.839819632322065956e+01
-6.430034996515644252e+01
-3.497820814046698246e+01
-3.414850847938068767e+01
-4.020776510288937544e+01
-6.449483411238937869e+00
-7.812822862591764839e+00
-1.791983803612352943e+01
-1.054535026779091140e+02
-5.315030927627428525e+01
-3.044651754415218292e+01
-3.994342013647300149e+01
-8.367979893651290979e+01
-7.798559596397811333e+01
-6.224815704820657380e+00
-6.470048193912419698e+00
-8.210930107038346648e+01
-1.180706905807117408e+02
-4.758235113800665772e+01
-1.172373879554282539e+01
-2.318759550802716163e+01
-3.618586414721031730e+01
-1.227236795362732558e+01
-6.417447262253944018e+01
-9.528803369788134248e+00
-7.578442217876892073e+01
-1.393770130932129518e+02
-6.023268462316932670e+01
-4.651990737073991511e+01
-6.933698998125228741e+01
-2.170809386268851426e+01
-5.448150904834606223e+01
-4.082152196161587199e+01
-1.747144411848238477e+01
-9.775838817187453955e+00
-9.923622684184019604e+00
-2.802787578810618285e+01
-8.725759283979314773e+01
-4.740145425683066804e+01
-6.248820981386042206e+01
-1.274167907845963832e+01
-1.018893032698779280e+02
-4.888604387772639370e+01
-6.863946258572187276e+01
-4.025919023611231040e+01
-2.550909035763315558e+01
-3.239602170778187684e+00
-1.398882755862536165e+01
-8.267960370738599352e+01
-5.457651947473381426e+01
-5.816085960691992085e+01
-1.776881995440536954e+01
-1.679054692094154078e+01
-2.742836289871345912e+01
-4.513421224662929632e+01
-3.431048573609978547e+01
-3.768795869505409257e+01
-4.577825248439699379e+01
-2.257430838504065562e+01
-3.939951704461689985e+01
-8.730211534733089707e+01
-9.782070748846525987e+01
-2.520525592749409682e+01
-9.655195775127896241e+01
-4.789462046972352738e+01
-6.717395476098083407e+01
-1.882663370682023896e+01
-7.366167739196762909e+01
-2.533689570249484646e+01
-4.271802945044871791e+01
-1.516084671853164991e+02
-3.540641949225032903e+01
-2.122946073600306605e+01
-1.254078554455259535e+02
-2.129918794908123303e+01
-5.833931573104790402e+01
-5.319475729919169993e+01
-9.123875208958475369e+00
-9.226716036038547841e+00
-3.866184499239528805e+01
-6.465809030030189319e+01
-6.109379637064854052e+01
-1.415500050959641065e+01
-8.439636097204418874e+00
-5.078004839291152450e+01
-7.877175836069567616e+00
-4.247742458239422803e+01
-4.083165517105860687e+01
-3.200526267280607584e+01
-1.572288259406368205e+01
-5.735515896241959233e+00
-9.596409209455034173e+00
-7.483210951398093336e+00
-9.523019680072363258e+01
-1.312304674436851037e+01
-2.473735668998488535e+01
-4.717322355792509825e+01
-9.081549570603053212e+01
-9.514131312276161623e+01
-7.738400861687362919e+01
-1.427087223673908412e+01
-1.260049871578464753e+01
-5.687805425577849405e+01
-3.909552634974436103e+01
-4.052308523119733508e+01
-2.942471651232053276e+01
-1.229283255803678720e+01
-3.630360556020038842e+01
-8.001994503473389031e+00
-8.318337966923627391e+01
-3.391147493052537953e+01
-7.631516936921183003e+01
-1.793780664369722899e+01
-4.700775971120209284e+00
-1.135862649903931043e+01
-2.121440034157631160e+01
-1.155503775988859871e+01
-4.873145143638428323e+00
-1.299863831439295723e+02
-3.657778904819147670e+01
-9.378217566107272418e+00
-2.294710932744024134e+01
-4.001582355649410516e+01
-1.479612946234133730e+01
-2.968124400596447643e+01
-3.692177137420591748e+01
-1.422929709092932704e+01
-2.093539328974474145e+01
-3.831656224599687732e+01
-1.258307351799514961e+01
-1.340590129471590686e+01
-5.000000000000000000e-01
-2.236822270948739444e+01
-1.179806040758852959e+01
-2.279446070094397570e+01
-1.628399273648014756e+01
-5.718664614349926723e+01
-3.012796310354229945e+01
-1.443295424071557775e+01
-1.062139912202717262e+01
-2.707865441988037603e+01
-2.186350605275687897e+01
-7.657459734028889464e+00
-7.720090918886971743e+00
-7.673423387726194278e+01
-3.863712602751840031e+00
-2.792330430006842690e+01
-2.875658249024401414e+01
-3.681778721523885878e+01
-3.451606316090518600e+00
-6.563013762992483180e+01
-9.412353139597710694e+00
-3.835258016641361678e+01
-8.031257807905856083e+00
-3.661475728738162871e+01
-3.697787017893622163e+01
-1.363882559781698092e+02
-2.644867324591476887e+01
-3.560430228814531262e+01
-1.209812079415722685e+01
-4.445935741324496426e+00
-2.712617089801366532e+01
-7.818984228634910494e+00
-8.038075572884949338e+00
-1.876598823129556237e+01
-6.503170029849285072e+01
-2.852238012303613246e+01
-3.108156757519682500e+01
-2.838476762659157160e+01
-2.087314260224033902e+01
-4.157542609306921833e+01
-2.807057654832143356e+01
-5.037251014049555664e+01
-1.484952262512761223e+01
-1.313317455390758326e+01
-2.395740978765199003e+01
-6.694534152135840088e+01
-5.029313948990503036e+01
-1.270757421457985714e+01
-1.993699299311193229e+01
-6.017603101306293922e+01
-1.413217995298905905e+01
-1.849193594165208410e+01
-4.030500291353854436e+01
-7.154939667082580002e+01
-1.942826612650222273e+01
-1.055328685912551201e+01
-2.516095341137448216e+01
-4.742201215587490992e+01
-1.122303028691290194e+01
-1.411425853486786064e+00
-3.903039800347649191e+01
-3.647789096496166650e+01
-2.293823067017160966e+01
-1.044818706376479440e+02
-4.259017729154608745e+00
-1.152956703802732719e+01
-7.795643428586584989e+00
-4.073093757739762566e+01
-1.802636057851080054e+01
-8.507167399740458791e+01
-5.156648268308594396e+01
-8.687611710074575555e+00
-1.669600868106258318e+01
-3.183576855481550538e+01
-2.261223480954434351e+01
-3.683157528163946637e+01
-4.058603512612459951e+01
-3.602174702407329221e+01
-7.075228904270225883e+00
-1.647120582271200817e+01
-9.968869241747428944e+00
-4.078547435833916524e+01
-3.807567323342136945e+01
-6.968341054056989492e+01
-6.463547593979097883e+01
-4.123936245207136864e+01
-4.771974105777539421e+01
-6.262221875863286868e+01
-4.666486638835853995e+01
-1.422774046478710197e+01
-4.716135642980425757e+01
-5.962266955417314307e+01
-4.147720904507746553e+01
-3.885372050390901677e+01
-3.929869482734136454e+01
-5.484976857942350570e+00
-5.285918780616620438e+01
-8.086014482256800306e+00
-1.479503715103818173e+01
-3.941950378286676049e+00
-2.014600465859492218e+01
-2.819188247322206209e+01
-1.424955674795869243e+02
-1.510433883167898905e+01
-4.213407965799257227e+01
-1.745199649969523392e+01
-1.707724562451140926e+01
-9.168115262441766333e+00
-3.455572228119078204e+01
-7.759690820468029493e+00
-1.513825938064186261e+01
-4.301448398401395146e+00
-4.052478530200823315e+01
-6.409723420517030945e+01
-2.445333678737953775e+01
-4.338692013097833922e+01
-7.480694563372878747e+00
-8.111512683810650515e+01
-7.266068272138434736e+01
-1.113073560764130399e+01
-1.576540805093581099e+01
-5.669254474338923444e+01
-4.728070678507398128e+01
-4.415985427345420788e+01
-5.720786544230145410e+01
-1.627637269821736510e+01
-8.007369321096638259e+01
-8.108147520910756967e+00
-4.517274588411351033e+01
-7.938637238384297135e+00
-4.276134110877665151e+00
-6.000000000000002665e+00
-8.664069200060367848e+00
-6.214006223803759887e+00
-2.079180447942297505e+01
-1.562954186720872229e+01
-2.207391340131500357e+01
-1.268634881886358556e+01
-1.315879621915956221e+01
-4.351936804729197661e+01
-2.846846575102155441e+01
-1.836300125105557157e+01
-7.740216932547517104e+01
-2.814367300744746814e+01
-3.289590145671100174e+01
-3.550947696885681637e+01
-1.566324724857583384e+01
-5.032535694024407746e+01
-6.834712900560688809e+00
-8.221019562409185966e+00
-8.054994543379133631e+01
-3.001056404874760553e+00
-8.829740190203990480e+00
-1.005353242882340048e+01
-5.030078233955205036e+00
-3.485205216835951347e+01
-9.215561320086703034e+00
-2.028216620018872618e+01
-5.963630914212505729e+01
-5.585187814424476649e+00
-4.364055830552090498e+01
-3.735278592604951342e+01
-3.849811099565219763e+01
-2.616075965577183737e+01
-2.191821004317982968e+01
-6.626541982991483337e+01
-8.992394413640040440e+00
-5.334544802283279807e+01
-1.634814340456827608e+01
-8.362462140571658153e+01
-9.355264775789171949e+01
-3.651752477373191397e+01
-2.737767308973641889e+01
-9.373828423455409009e+00
-8.194112535686284104e+01
-3.613538974867039144e+01
-6.519053786242095860e+00
-7.048481474707583061e+01
-4.788760158475329831e+01
-3.168712452951423231e+01
-3.139903154925807982e+01
-1.435003654244573923e+01
-2.054902732877917249e+00
-5.802315991657274452e+01
-1.537008855576469735e+01
-1.220662868614797603e+01
-1.423346325816939739e+01
-1.639718512314360055e+01
-6.980756371799620297e+01
-2.567729305243117377e+00
-8.180513188546716208e+01
-1.149413768099394595e+01
-1.361711164961507734e+02
-2.793431092037899077e+01
-2.240974514169979770e+01
-4.244481025619454329e+01
-3.138129299280696571e+01
-4.125802655756591264e+01
-9.937942006003755324e+00
-2.365035956417049690e+01
-3.068034518303030111e+01
-3.407570075101831719e+01
-1.446306178205680482e+01
-6.151684308186922578e+01
-7.543755547690793151e+01
-3.852822781706723987e+01
-3.860441340734037396e+01
-2.894608895374766533e+01
-1.117799320497102400e+01
-1.093047099481478668e+01
-3.124698800041646862e+01
-1.970368469623887009e+01
-1.194476154962193704e+02
-5.317642599462230280e+00
-1.479612946234133730e+01
-2.990154795855391967e+01
-2.709033887320163458e+01
-1.106176296854870600e+01
-2.101934655928798890e+01
-6.211725420822679311e+00
-2.416733904323886151e+01
-2.040868938599151861e+01
-1.211425853486785886e+00
-5.258403919368626589e+01
-4.467502028698619654e+01
-3.107856868654052196e+00
-4.620647029283577467e+01
-9.518909918061725151e+00
-1.493658588598760950e+01
-6.334737714718338353e+00
-1.130658049275928079e+02
-2.004066429402434224e+01
-3.941427870067165173e+01
-8.421370476959499030e+00
-1.348496073374088233e+01
-1.380740238985910295e+01
-9.188706523893310418e+01
-3.384116177581888962e+01
-6.041018202698506201e+01
-8.397111348849148271e+01
-3.254982667783513506e+01
-3.835644135598867877e+01
-2.257971607924674018e+01
-4.724566916700593566e+01
-3.695046522809751366e+01
-5.821420484623644143e+00
-6.438430485681206505e+01
-1.995586245913452217e+01
-1.997076574601877041e+01
-2.657046041720043306e+01
-7.482523074111792027e+01
-3.334318983813596926e+00
-4.788817058214239353e+01
-2.492807945338872955e+00
-9.824878526651293953e+01
-3.472342858328832449e+01
-1.902460326235333810e+01
-6.318282138204626364e+00
-4.967921311421065411e+00
-1.592036860395091225e+01
-5.245602958049153841e+01
-1.546232299024160151e+00
-3.000000000000000444e-01
-3.425587801882853967e+01
-5.281572499606836502e+00
-2.698341955650989377e+01
-8.267186905881109737e+01
-7.266697000779875282e+01
-6.465591764649168738e+00
-2.173641495071300866e+01
-3.522967082929609806e+00
-4.422522285263799802e+01
-3.133750189770783123e+01
-3.454865804733210410e+01
-5.426902044911833478e+00
-2.900000000000001688e+00
-2.475394643946836126e+01
-1.101202932860385175e+00
-1.141075583961027995e+01
-5.000000000000000000e-01
-3.758802203341265624e+01
-4.194152088997819305e+01
-3.072745225247559020e+01
-2.901205210541601076e+01
-5.887447955664234911e+01
-1.029790530691808499e+02
-5.220528853576512773e+01
-1.619083669762488142e+01
-1.884793216998809129e+01
-3.592993325811169569e+01
-3.300872704420319792e+01
-2.294332648473880809e+01
-8.864074652775185825e+01
-5.999999999999999778e-01
-1.905213388783545625e+01
-3.138347184558277903e+01
-7.066181777322773883e+01
-5.451511419836067773e+01
-3.114656528510118250e+01
-9.348632498699981141e+00
-3.702921045792339072e+01
-1.210522372324891238e+00
-3.795631615752085963e+01
-2.031438135767104569e+01
-4.459916099538499878e+01
-4.838134358081966013e+01
-2.545492384726245660e+01
-1.479612946234133730e+01
-1.068367492884697967e+01
-7.173329194847336510e+01
-1.140397559491948876e+01
-1.140319958891130270e+01
-8.130948683562641222e+00
-8.886254126052050140e+01
-6.557964677880907800e+01
-3.867284268233083822e+01
-6.309795188409069766e+01
-2.372392532864567727e+01
-3.418640332862217690e+01
-1.245683361834723613e+01
-3.949285068750518235e+01
-1.557214516194867215e+01
-4.018559952021124104e+01
-3.442057526572571469e+00
-1.088479550118698214e+01
-2.082702723445899196e+01
-7.546260223967291836e+01
-1.392614327575344646e+01
-1.401528741148142210e+01
-6.174601996453511710e+00
-9.368294461090640013e+00
-1.090229940207693886e+02
-8.296836631101663784e+01
-3.608839100476645001e+01
-3.377517360492659826e+00
-5.513785434340293534e+01
-5.915306553543478429e+01
-3.142318035988835945e+01
-5.725248578358261398e+00
-4.983533489266409333e+01
-6.262285525281682474e+00
-4.106189214200050230e+01
-3.113857374989808591e+01
-2.889190475647921730e+01
-7.539170110032776151e+00
-5.962170123334746563e+01
-9.911150762585243967e+00
-7.011383136787801007e+00
-1.112685044049399608e+01
-1.003803287488997853e+02
-1.654873178845395643e+01
-7.216229038256122941e+00
-4.010390185803531438e+01
-2.763663499888102493e+01
-6.173673954723746249e+00
-4.952177269859873121e+01
-6.422569406137749581e+01
-8.336021329465074814e+01
-4.513934948527710844e+01
-3.801785302788982079e+01
-6.872130926260338946e+00
-8.620442217303106247e+01
-3.094536709493364768e+01
-7.981753901496184689e-01
-3.324809936696064483e+01
-8.760501815587920760e+01
-2.894608895374766533e+01
-5.377153848621995635e+00
-1.347031812944658924e+01
-5.792910971948977306e+01
-9.243045573926979230e+00
-1.028799159153755483e+01
-1.195425232646940117e+01
-3.672570869619098488e+01
-4.610671503242919300e+01
-2.861505465266362691e+01
-4.422852339809532651e+01
-7.171811335706904877e+00
-3.582673428659742587e+00
-7.540668455092493616e+00
-1.618508938060788793e+01
-1.637417430661542284e+01
-1.137483353644618767e+01
-7.440626073318348244e-01
-2.632605793599703503e+01
-1.840731891189090064e+01
-2.408369491634569926e+01
-4.906079373023835011e+00
-1.077419979366774605e+01
-1.705776677584019652e+01
-9.428591810458505051e+01
-9.307762236888894591e+00
-5.614825543223372506e+01
-2.413710942581477426e+01
-5.539410059944501086e+01
-3.422733410386311448e+01
-4.161835189929631440e+01
-8.686991686987390437e+00
-1.049260429407270045e+01
-1.539792459972611027e+01
-2.834676650819081711e+00
-2.840479771895026317e+01
-3.420465256972880752e+01
-2.213803937130532162e+01
-3.890818876800008752e+01
-9.433437059108022993e+00
-9.103578370044670010e+01
-1.388056903591643731e+01
-8.674987654835721429e+00
-5.021395488825492492e+01
-3.930671105732967874e+01
-2.898068172041211810e+01
-2.193586648207109135e+01
-2.502892383256607012e+00
-4.685020072295679938e+01
-2.170151948013971577e+01
-2.279619786894094347e+01
-1.274132292013880985e+01
-4.524390936480655512e+01
-6.177056170216316389e+01
-1.425824006037230696e+01
-3.652413947478171963e+01
-1.361362886413924222e+01
-5.162960393810499760e+00
-6.399263790609982294e+00
-2.957950585348243422e+01
-1.023643224699861918e+02
-3.572758467811144101e+01
-3.324000430126994843e+01
-2.826670780623212309e+01
-1.672610563718674470e+01
-4.909533530558380932e+01
-2.930695844504060688e+01
-8.732638718207931916e+00
-3.180377400880464833e+01
-1.325032305780339748e+01
-1.972490481436963705e+01
-1.442725248449145070e+01
-1.124163682033161926e+01
-2.459162390284846467e+01
-1.573737149032196925e+01
-7.699845540019322243e+01
-3.576979611473585408e+01
-1.811999713624695119e+01
-1.734683211647332968e+01
-1.176281220614760414e+01
-4.542060762760042003e+00
-3.617232878819297781e+01
-2.644518285965140336e+01
-3.697321898943266660e+01
-2.217335557381823463e+01
-1.450939680603953619e+01
-8.177778907263233421e+00
-3.132738029480375275e+01
-8.411969209242494117e+01
-6.734238239942750681e+01
-4.095169168586036079e+01
-3.662991756788912312e+01
-2.653173171019934529e+01
-8.520430134197617633e+00
-9.830654930726430507e+01
-1.892056476704310342e+01
-4.901506991888405551e+00
-9.472306604418015752e+00
-5.630004118106645450e+01
-2.049055722757528741e+01
-2.627883036431406438e+01
-4.104288762585071026e+01
-5.419993769296171138e+01
-7.842134859058600860e+00
-1.248817154207170255e+01
-5.791853151585826254e+01
-1.031366391627922674e+01
-1.784155788801755804e+01
-6.721269646880836390e+00
-3.740007589274581790e+01
-3.788207140521868155e+01
-6.298946170054191995e+00
-5.743242383109216576e+01
-1.046857894730633554e+01
-1.157705113492489346e+01
-2.963299572449460584e+01
-5.425956806518637876e+00
-2.598102726587133660e+01
-3.289195785238668179e+01
-3.263788589320597566e+01
-1.111906375683714865e+00
-2.452022991470470092e+00
-2.885267210721780629e+01
-4.744088093760620950e+01
-8.041561753250215361e+01
-2.255447116770198335e+01
-2.894331218287014451e+01
-2.560991344979100504e+01
-4.339727547749316727e+01
-9.737809389341540722e+00
-3.190846569579827730e+01
-5.500159840226918107e+01
-4.204128104405853605e+00
-6.512645232602601197e+01
-1.846378320160743414e+01
-1.927514844310908515e+01
-7.436950822303303710e+01
-6.516225133050697593e+01
-4.009699156016920085e+01
-1.303184400959124822e+01
-2.339949416777659152e+01
-2.225693744818865838e+01
-4.292531471318535807e+01
-9.707599489942742466e+00
-2.372470679194295329e+01
-3.466566820153195039e+01
-2.352148217067689373e+01
-1.411969749641618499e+01
-1.235480630057806017e+01
-3.839346768923020647e+01
-5.917537195731818578e+00
-3.976706418358890716e+00
-3.497429802068582205e+01
-8.939184313044164298e+01
-4.104288762585071026e+01
-1.532075333093381353e+01
-8.735138437522273591e+00
-1.372447750767121377e+01
-5.313603560838325990e+01
-3.000000000000000888e+00
-1.670504720133084220e+01
-1.215154541226290075e+00
-2.390138769993602352e+01
-9.544019957122999642e+01
-4.101920588346055041e+01
-5.234460244353285674e+01
-2.908242899662338843e+01
-4.394456527894576681e+01
-1.553867280028307007e+01
-3.843601223929898936e+01
-3.377723593605601593e+01
-2.165416892776719138e+01
-5.304689768522693782e+01
-7.086779745048124468e+00
-4.222881493063206904e+01
-2.542034714872033874e+01
-4.529159350269205220e+01
-1.572838233431626520e+01
-6.000000000000000888e-01
-2.145918470197624828e+01
-5.900581320091746740e+00
-7.183929342130826790e+00
-6.674515036857805228e+01
-1.517877563345433245e+01
-1.597228615354910986e+01
-6.308464498745325955e+01
-3.246565503811504527e+01
-1.141129231644015363e+01
-8.080747654449746165e+01
-1.251315628495101606e+01
-1.263200272912539113e+01
-2.297341627770022754e+01
-6.472338650957648376e+00
-3.686232373778399563e+01
-1.471827146179553836e+01
-2.624732793323394731e+01
-8.342956901760589972e+01
-3.654071653149794940e+01
-3.759005541839236741e+01
-1.381121233780046964e+01
-2.383627144453208402e+01
-1.121130430403530198e+01
-3.957402596224778968e+00
-9.035384903814277280e+00
-9.056398265643649026e+00
-3.238104805182705803e+01
-1.684472611792352836e+01
-8.709319303300969750e+01
-9.020773207498945112e+01
-7.403810701410299089e+01
-6.261366113978166226e+01
-2.120811011077486086e+01
-3.433128575465394761e+01
-2.238431528379781099e+01
-6.186739635233493573e+00
-1.071873173643003554e+02
-1.081506475598277319e+02
-4.067306775549667464e+01
-5.436912280825242760e+01
-1.458949651891635568e+01
-1.315064491141948544e+01
-3.010914653051632683e+01
-2.097770732386716119e+01
-1.461915769229411843e+01
-1.333125151710374290e+01
-2.046842506414530405e+01
-7.441614166612296799e+01
-8.798621085624064619e+01
-2.757611949277994512e+01
-6.207192568021419277e+00
-4.909533530558380932e+01
-5.932046643435413102e+01
-1.708583791513602890e+01
-2.163986854727301790e+01
-1.911831108865621331e+01
-2.351231793615157528e+01
-2.322790053020791490e+01
-2.262589881235847145e+01
-9.031741113370260621e+01
-1.242777007746194329e+01
-2.332817026795679283e+01
-1.412034068251610819e+01
-8.971313332050320000e+00
-3.138649935132644231e+01
-1.639303637410777270e+01
-1.494246115411016795e+01
-8.717541444213350132e+01
-7.863134982676229789e+00
-7.084683766614844558e+01
-1.316091507261371696e+01
-3.057953088851205692e+01
-5.352179467902949739e+01
-1.579530157143899061e+01
-9.110763765610645493e+00
-9.479085673279838531e+00
-6.173523549062194604e+01
-9.908159753071117848e+01
-2.477479782126431473e+01
-1.565489451766202755e+01
-5.256011972884322425e+00
-2.215631918061903249e+01
-7.676228077498288727e+00
-2.377728216440250719e+01
-6.956344728578797820e+00
-1.701726784371173551e+01
-1.499933566531333895e+01
-2.154636514143044224e+01
-1.334472978385325170e+01
-1.094808036078789115e+02
-4.734957887651530939e+01
-1.637640315412069114e+01
-2.020050284771070537e+01
-1.863088665963021384e+01
-3.946604322876815019e+01
-2.272990638289799303e+00
-4.380876419220926721e+01
-7.470597347449503545e+00
-1.123282424320103701e+01
-1.084668741401029024e+02
-3.487129839991486069e+00
-5.450272663642746096e+01
-5.746225210107454018e+01
-8.713996634955835319e+00
-8.609591175448962019e+00
-5.532786243217710620e+00
-1.835507894850460531e+01
-1.381327262860240701e+01
-1.604838470856316235e+01
-3.902783568995253205e+01
-2.820363980011811478e+01
-5.251123919857741740e+00
-8.251305746026280019e+01
-3.687129839991486246e+00
-2.662241006982435465e+01
-3.440562760636943551e+01
-2.556750984258411918e+01
-1.631126578702134111e+01
-3.706957627182310944e+01
-2.217878122713086242e+01
-9.768825057382832799e-01
-2.671981686173413806e+01
-2.337852810066682441e+00
-1.850114377519920339e+01
-9.883156478054830885e+00
-4.070642179460406140e+01
-3.740007589274581790e+01
-6.162409860451516863e+01
-2.371399725544535286e+01
-1.780153507859947482e+01
-2.508313847558297383e+01
-5.305182954025995912e+01
-6.770055879535928511e+01
-4.108883248823496359e+01
-1.228824782209612287e+01
-1.151870400628554592e+02
-6.007433971078794066e+00
-2.441706922180433637e+01
-1.511556258266641173e+01
-1.491316566983527814e+01
-6.207192568021419277e+00
-6.178845179857613168e+00
-2.763864669137925389e+01
-2.814932093774578092e+01
-1.608686934929915680e+01
-7.306972014409896587e+01
-2.019700506000281237e+01
-5.810917594819706977e+01
-1.434003892702908800e+01
-7.147066503119560821e+00
-5.763195421882853253e+01
-4.652169525890901269e+01
-1.295869454178845004e+01
-3.079975210227545901e+01
-8.814797490344361108e+00
-2.887728675817666968e+01
-7.431334134356367827e+01
-1.143028017931278555e+02
-2.502848576030270777e+01
-6.536994493583227950e+01
-3.141249972277719493e+01
-6.034382024322283655e+00
-2.945932481336562603e+01
-2.202908470215772141e+01
-3.973334539969953738e+01
-4.940940264488340716e+01
-1.574451491045447149e+01
-7.496706764263613820e+00
-1.911499635818698906e+01
-5.470664222596444581e+00
-4.374274008698205485e+00
-2.421372050993570468e+01
-8.299944562947993987e+00
-1.402974768538323680e+01
-5.816137729986565752e+00
-9.175359107335941644e+01
-2.755656358549871143e+01
-1.426135653282391758e+01
-1.158538044521490029e+01
-7.859455910094744979e+01
-3.341367738173339319e+01
-2.361500397155785436e+01
-3.496585739145908178e+01
-5.289193200013365015e+00
-6.841505124001055549e+01
-6.323599896196938630e+00
-9.954771472275211863e+00
-3.350080844958318238e+01
-1.650922671262706487e+01
-3.845789677674422080e+01
-6.104643328608084119e+01
-9.082619087598400753e+00
-4.533511005587437026e+00
-3.846270405734732378e+01
-7.186094416676063190e+01
-1.212326215600926105e+01
-4.082882615419110550e+01
-1.116804844689020015e+01
-2.638482308298846490e+01
-5.660690853805395051e+00
-5.704505374517563610e+01
-6.491608518932228833e+01
-7.423246996769414352e+00
-3.582845817729442217e+01
-2.087662191217674490e+01
-9.294946015044691023e+01
-3.937014502747388889e+01
-9.413601243713467071e+00
-8.681142492849350134e+00
-1.828837578652656148e+01
-3.618359555841441733e+01
-2.692939355119619194e+01
-6.640053746809441293e+01
-6.727598984856331121e+00
-7.187567365040441913e+00
-2.607388540294751422e+01
-3.246678937942680676e+01
-4.305674090051481784e+01
-2.366483042749494459e+01
-8.418637645717151230e+00
-1.851792853646616521e+01
-6.634888355342114963e+00
-8.492891532978221747e+00
-3.304002494850856664e+01
-1.598932776355362151e+01
-3.078015499063482707e+01
-1.500687616335214614e+01
-1.214144433037418480e+01
-4.697900839476589319e+00
-8.999999999999999112e-01
-2.327928915556256584e+01
-1.013945281074499682e+01
-6.333081890781663503e+00
-2.613482210425290120e+01
-3.225336851061940990e+01
-3.090979328784774083e+01
-2.405995509015985689e+01
-4.070771858874060456e+00
-1.369253832736095688e+01
-1.222317211292238426e+01
-1.889969406666549290e+01
-4.680323858240132751e+00
-6.438595426812812939e+00
-6.097295897622164773e+01
-2.528859084632070520e+01
-2.539355949274925450e+01
-1.099999999999999867e+00
-7.006712418456658042e+00
-6.404991116169797749e+01
-3.361795928011540013e+01
-3.765709996320059361e+01
-2.246885723902837739e+01
-4.117001695091221336e+01
-3.090979328784774083e+01
-3.125092634273631020e+01
-2.345968996675863494e+01
-4.501692852058742744e+01
-3.284624341017258331e+01
-2.683527761684124613e+01
-1.347721208136687210e+01
-2.503018203528704433e+01
-7.240886116068536182e+01
-4.212686107240244837e+01
-1.119007941694673214e+01
-1.641710897277775061e+01
-3.525488671168298538e+01
-2.883605652255880969e+01
-7.968458404198946710e+01
-6.046919647900029560e+00
-1.237927235275873805e+01
-5.148786365233797824e+01
-5.303321580475432029e+01
-7.495481536378981957e+00
-8.877297680553116521e+00
-1.848984689963451089e+01
-3.009469672229875314e+01
-3.039967265867192481e+01
-1.607651804019264574e+01
-3.761374577096766103e+01
-2.642624712437405421e+01
-3.862521361895383620e+01
-1.303879192942952514e+01
-3.323170364096441887e+01
-2.323399227333598205e+01
-1.747560513482281408e+01
-3.238623195127358656e+01
-2.926896618468410693e+01
-3.422354512601012289e+01
-5.078253677028494906e+01
-3.573326717025756238e+01
-4.042067453132387556e+01
-6.874449289857552436e+00
-3.611496058248790320e+01
-5.174900309629570039e+00
-7.861795445552777650e+00
-3.052060780534345952e+01
-4.587759169679450366e+01
-3.340570525866962726e+01
-3.045816693059690294e+01
-1.236429046528290776e+01
-7.028012118307763068e+00
-8.328437199312341477e+01
-5.886312876639773428e+00
-2.058826974089210182e+01
-5.639051004809913792e+01
-2.011500856693696804e+01
-2.473087298693926073e+01
-8.333525295306085923e+01
-2.565449384896674445e+01
-2.254386644466354994e+01
-5.179592379253300294e+01
-1.656973900945375533e+01
-1.427717635929126061e+01
-2.058253084329856009e+01
-2.965078796877952527e+01
-5.043478359681211387e+00
-1.365015062637473164e+01
-2.705378038776003535e+01
-2.038078513244853340e+01
-9.876910890875345217e+01
-2.425857010279494119e+01
-4.002421467650813725e+01
-3.332537530933576875e+01
-2.465378948519489199e+01
-5.195718044194146046e+01
-1.960703401478890839e+01
-1.853684407683176261e+01
-1.211753911684281348e+01
-1.338699479040158380e+01
-5.125318317811419888e+00
-4.036120345546736843e+01
-2.683710095251917593e+01
-2.619940569924750218e+00
-1.801968718371577083e+01
-4.924256888509442120e+01
-4.028315443507755589e+01
-1.096589203364995413e+01
-8.991003568240195420e+00
-9.642068820745080870e+00
-5.604939682283949764e+01
-2.546796904259608496e+01
-2.794353148557329902e+01
-6.612654710184651563e+00
-3.678714258318744612e+01
-6.367189551306568163e+00
-5.957292059730846745e+01
-5.104378457898482324e+00
-1.321850384933691913e+01
-4.688701155465563986e+00
-6.464103331514611028e+00
-7.825793016948657055e+01
-5.938870012956915190e+00
-2.221017347705616629e+01
-3.603092849916262708e+01
-9.508320150287030970e+01
-4.257605787571581857e+01
-1.198663984968091967e+01
-3.054662992158864654e+01
-3.384257968418058926e+00
-5.054584320947749632e+01
-4.414972798543942645e+01
-4.206794826981191449e+01
-1.844469688290984877e+01
-5.439884292052132508e+01
-2.758886105530010724e+01
-1.662164665615728154e+01
-4.536125927844175720e+01
-3.132585658381880833e+01
-1.053051309880115269e+02
-1.792262724145594888e+01
-1.395544075760591340e+02
-1.814592564369413452e+01
-1.174058578731713851e+02
-1.367467223228968365e+01
-4.554563489123393794e+01
-2.565403581020901669e+01
-2.300188313975072418e+01
-9.065628585298673769e+00
-9.152078581856108030e+01
-8.758258782510790752e+01
-2.186984991135803824e+01
-1.013964097616312472e+02
-2.058931821013505470e+01
-2.022378227517309313e+01
-3.427993577151284654e+01
-1.769854435061631648e+01
-4.020270430591693156e+01
-6.213402476740197500e+01
-1.808736454941711358e+01
-1.273602080505808054e+01
-5.682292016320900530e+00
-2.971632486525826788e+00
-2.201008300674525131e+01
-3.957064032744219162e+01
-2.905083000423998385e+01
-3.373661750010789717e+01
-2.888820648462221641e+00
-2.985615730848310889e+01
-2.351497392975910117e+01
-5.829862836843554419e+01
-9.098420685898942040e+00
-1.160355086022214444e+01
-2.635076393219872770e+01
-2.103788272322595176e+01
-2.442895822294299890e+01
-5.815752725213859264e+01
-3.724792322536406886e+01
-2.296571816682790157e+01
-9.718199319657166768e+00
-3.887432899061352032e+01
-2.022156169958430993e+01
-3.787423544895115413e+01
-2.650502275654764617e+01
-5.664408481942918883e+01
-9.761419674438067773e+01
-2.355203486420458958e+01
-5.508277176664908836e+01
-2.438044724451426060e+00
-1.617679748144878715e+01
-4.855224635914944464e+00
-1.470487440263583956e+01
-1.763607186838921592e+01
-4.033708751969366624e+00
-1.610344952120513540e+01
-7.847639805392247148e+00
-8.511350665058768072e+01
-2.531796767014407479e+01
-7.134794310395173866e+00
-4.650469617508255382e+00
-5.820641164135019352e+01
-3.113729136427992472e+01
-5.995766153958662414e+00
-4.875536365564933305e+01
-4.658404298767241158e+01
-3.665933114272709759e+01
-1.552453013123463066e+01
-3.869903283733846422e+01
-1.125593534104324647e+02
-5.429497423144464108e+01
-2.516081541686492429e+01
-4.448887843880118709e+01
-1.076097390275856291e+01
-1.574178728616933043e+01
-9.629509277404142864e+00
-4.170567046930216293e+01
-2.185371714282508648e+01
-4.062349020627912921e+00
-2.344586453732089026e+01
-1.908928893762853463e+01
-1.609306358055332353e+01
-2.530734465001069111e+01
-1.531115585626034381e+01
-1.199999999999999956e+00
-3.632383593609556982e+01
-3.653945426418481901e+01
-2.631137442178646779e+01
-8.103268796194299739e+01
-3.268895661893328963e+01
-2.797472354817695006e+01
-2.560390472086784541e+01
-1.609576882439160883e+01
-4.055671106029470252e+01
-6.658301737674639753e+01
-1.128455579962469990e+01
-5.539930016849957894e+00
-3.000000000000000888e+00
-1.662217998058033785e+01
-2.055300058029767385e+01
-5.004733063621456779e+01
-1.595222994083208690e+01
-1.719236564790965360e+01
-3.018280542346937523e+01
-1.816504040933787323e+01
-7.717964810325709024e+00
-1.793035461621463611e+01
-5.638838175569158295e+01
-6.421792166914146449e+00
-1.628088891199309529e+01
-9.322329376702290560e+00
-1.315043851758926330e+01
-4.298101934935317558e+01
-2.104978249766627485e+01
-3.181244911283350163e+01
-2.881327062379922310e+01
-6.844986755967815029e+00
-4.332474145221211614e+01
-1.198958098301627651e+01
-2.933734188383541408e+01
-4.746111516950528397e+01
-1.118517429109348349e+01
-1.776079736728323866e+01
-2.465033480158671253e+01
-7.512840631600290031e+00
-8.292842020559559657e+00
-1.041749043885131698e+01
-6.363346531609487045e+00
-4.975315065485248489e+00
-2.139800980638602468e+01
-4.392570952547965391e+01
-4.091966310575735832e+01
-2.057392894877019174e+01
-1.328554060857561403e+01
-5.535619936012099629e+01
-2.081826977581280858e+01
-2.814119473181507658e+01
-1.624198375584776954e+01
-2.722329440820524304e+00
-6.305680440695179101e+01
-2.968935281025280304e+01
-8.466941118455864057e+01
-3.720603257585973012e+01
-1.910280720074583982e+01
-4.764761634843254967e+01
-1.285874743937626796e+01
-9.358607576111985793e+00
-1.657213656643787303e+01
-2.080492399394224634e+01
-3.166523044301111511e+01
-1.493637232845762242e+01
-3.112032341276131575e+01
-3.498729883163494758e+00
-5.400633378731971135e+01
-4.575860820266432150e+00
-1.959581447616433891e+01
-2.076952953687167280e+01
-6.365041421454622927e+00
-1.092624152417792871e+01
-2.899217310611883036e+01
-2.089643254342782441e+01
-2.612430385729183513e+00
-1.913800330902196478e+01
-1.816729141789218360e+01
-4.275797044829009508e+01
-2.896028124936001547e+01
-1.676093311083228699e+01
-7.117005201278344018e+00
-9.189557138347286269e+00
-9.794102090823294304e+00
-1.640180275593472459e+01
-7.087833836351738803e+00
-4.542019298501559632e+01
-3.923430686422102553e+01
-4.443837625794471080e+01
-4.837293057989519696e+01
-4.849284613509122721e+01
-8.223291842687277864e+00
-1.793983256641510593e+01
-2.831188708425598222e+01
-1.820222167145370662e+01
-1.600490724879917437e+01
-8.453249709116251509e+00
-2.265785953020690613e+01
-1.774011232779287539e+01
-1.191066371890078130e+02
-9.001062222342252994e+01
-3.790585483739646833e+01
-6.775516506426898289e+00
-1.033585573287386694e+01
-1.633274550229285182e+01
-2.189909078422742894e+01
-1.366963467637957308e+01
-1.785163114140616614e+01
-4.333722367254185315e+01
-8.965896239634346898e+00
-9.651644726751065662e+00
-1.582972163375665353e+01
-1.708281964744979220e+01
-1.849353685212067333e+01
-6.240294707714102884e+00
-9.025965324534460876e+00
-3.830754818967937325e+01
-1.476253543660625667e+01
-1.162027972246468011e+01
-2.690089420968967460e+01
-2.779408689409740063e+01
-6.532981682644967592e+00
-8.433571036481581018e+00
-2.991353305783482242e+01
-3.921606192366517973e+01
-1.195266393533015759e+01
-2.926686444734883352e+01
-9.271161718737852198e+01
-3.932170253735151988e+01
-9.203192261585924427e+01
-8.525322897223347240e+01
-1.576061295347557234e+00
-8.299999999999997158e+00
-1.389662288601967610e+01
-3.044320617955632713e+01
-5.535061728135055148e+00
-3.657355740202458350e+01
-7.748114016863348752e+01
-5.013352286368659350e+01
-5.952933815171601140e+01
-2.435901178446883719e+01
-9.377948807513628537e+01
-1.843196206253997715e+01
-1.189449271981155576e+01
-4.375482086264956649e+01
-6.911799820939398842e+01
-1.635307726784766302e+01
-1.617795553779035700e+01
-8.013809145792979649e+00
-8.061524374299341389e+01
-7.141461236078602326e+01
-3.721443043788153382e+00
-7.627807851402810968e+01
-1.414823249370185643e+01
-1.708994133385111169e+01
-2.451521855501157887e+01
-2.984954625328079914e+01
-7.035419877248114062e+01
-5.075582173758487414e+01
-1.895009053260361043e+01
-3.624735265548711993e+01
-2.994270535998872518e+01
-8.829545859625744342e+00
-1.740129605468068519e+01
-9.305863324399332726e+00
-8.792496380243878917e+00
-6.784079722553144620e+00
-2.448082139082700692e+01
-5.292855122722291128e+01
-3.286764564136606737e+01
-1.695399813449462911e+01
-3.211111715568104330e+01
-7.340822494019338507e+00
-1.422699520375662807e+01
-1.702381148740254346e+01
-2.184207089506530508e+01
-6.704469148076878326e+00
-3.173256511111562972e+01
-2.036424142565117279e+01
-2.384804105466233182e+01
-8.881273644290629932e+01
-1.628405233404785690e+01
-9.849781602927047075e+00
-1.810439092293575314e+01
-8.350038297370012685e+00
-4.415035204678817138e+01
-8.030946166545236409e+00
-2.918601402445963000e+00
-4.702758262897066288e+01
-1.042377001763265199e+01
-1.407893017533594104e+01
-6.395662293176187063e+00
-1.147282976493471729e+01
-1.523672701579113387e+01
-6.546063927338389021e+01
-6.901602282638106267e+00
-2.271500240789853464e+01
-1.068355286781966207e+01
-3.876149694860468742e+01
-1.133118684722544955e+01
-1.521318961618255017e+01
-5.284510355694047234e+01
-1.758838627994679626e+01
-8.104407462179847244e+01
-9.242879999826119075e+00
-8.825320071926259402e+01
-1.413890276194255513e+01
-2.817462329745204741e+01
-2.395460613632006286e+01
-4.100000000000001421e+00
-6.813472978867905816e+00
-5.208609894344534297e+01
-1.954533909392373658e+01
-9.690605786438483804e+00
-1.869279384717502168e+01
-7.642016737077032218e+00
-1.939120130358647742e+01
-9.015526062495686688e+01
-1.868824075137670704e+01
-1.994436698711170664e+01
-4.978081009484026254e+01
-8.732366489885036387e+00
-1.847536875858866523e+01
-1.315869395929605190e+01
-4.457741392303290695e+01
-7.223919440578475459e+00
-7.311588348196222853e+01
-3.294841044776015337e+01
-6.022079963159253424e+01
-3.758920872033267813e+01
-1.134881365054406643e+01
-2.391662082022396163e+01
-4.647028929357667693e+01
-3.033444479626218637e+01
-3.287294777324522954e+01
-4.591494636723687961e+01
-1.246842639346867010e+01
-1.761499083560569900e+01
-6.459602823017406514e+00
-4.322487606796129533e+00
-5.978090622029728252e+01
-8.379144811989101882e+00
-1.392645310220978949e+01
-1.636159676854792977e+01
-7.602899876875837570e+00
-1.170721917445850835e+01
-2.503774321738401554e+01
-3.474103064898247339e+01
-7.956133975024380689e+00
-9.111095702826554543e+01
-9.015794743088671126e+00
-3.140853772127420385e+01
-1.649741177754908250e+01
-6.302166297995815114e+01
-1.690519002612827748e+01
-4.660900002465741920e+01
-5.323923347725722977e+01
-1.072605977937645960e+01
-8.006758815152798192e+00
-1.588232216879567460e+01
-7.643092650315895753e+01
-5.697708117171339381e+01
-1.348764221674406905e+01
-1.260979996997379615e+01
-2.856250508901686658e+01
-2.462929765603521659e+01
-1.669597725140727817e+01
-1.618966293474100837e+01
-1.014177694640327054e+01
-5.198071838975532444e+01
-2.635590487019943851e+01
-2.237938324056655404e+01
-2.793428939392041954e+01
-1.214767844910905659e+01
-1.719941611021353722e+01
-9.444723268018125850e+01
-4.304691758877365260e+01
-3.122543866090598641e+01
-5.211457028677652481e+00
-4.400000000000000355e+00
-6.046449902609941063e+01
-4.672991087881654515e+00
-6.118022734724342548e+00
-5.522101415720247708e+00
-2.674998252352094141e+01
-9.933680764846000599e+00
-2.026308125375171088e+01
-8.345809347691591995e+00
-1.880639768238706822e+01
-1.473105069237533371e+01
-2.499442205190155519e+01
-4.071248708759068791e+01
-9.011203639413450261e+00
-2.129519280437274276e+01
-6.739604962588298065e+01
-9.601511804991764265e+00
-4.683629037823120456e+01
-2.259636144315874517e+01
-2.497638752749649882e+01
-2.252640702788414373e+01
-3.757905091323873847e+01
-3.360617494281406437e+01
-1.314811825864354766e+01
-3.110632270818094014e+00
-3.369613013130501855e+01
-1.422618592598324661e+01
-4.365238362403145089e+01
-3.150920833401744403e+01
-8.949150294369403014e+00
-3.084488235705833148e+01
-6.362650089423827637e+01
-4.261599949861565051e+01
-3.250416531388286501e+01
-4.790802618604659813e+01
-2.593601795581995617e+01
-1.415672681320237913e+01
-1.404333100060193118e+01
-1.877109621157012498e+01
-1.298321653739512271e+01
-3.615778341515212446e+01
-9.168290912347696064e+01
-2.478112520607892222e+01
-9.007501630745723276e+01
-7.791809548054869694e+00
-1.876875870590795614e+01
-7.341440740429739265e+01
-2.241728941356108962e+01
-1.114882854876906570e+01
-1.082978749664973961e+01
-7.785292863569759447e+01
-2.288660887706316416e+01
-1.898777512025533198e+01
-8.300261009886348518e+01
-3.997085374019560788e+01
-2.477112371968237170e+01
-2.722197426129120146e+01
-6.604415781179997680e+01
-2.694996282617677608e+01
-1.037663648009676223e+02
-1.687205588190238004e+01
-6.408572669160034252e+01
-9.354191213999696330e+00
-2.630230083509957240e+00
-3.380480946796192043e+00
-8.218130215584263709e+00
-8.009416138885699255e+00
-7.362258649058637694e+00
-8.781631055133765074e+00
-6.832951283107910889e+00
-2.122062421174610947e+01
-2.610789585797830981e+01
-2.272484256248087320e+01
-5.838997214628489019e+01
-3.061260497234913203e+01
-1.850407151684955664e+01
-1.658371233427041957e+01
-2.705761407379847494e+00
-1.463822226613015687e+01
-1.817367674705559821e+01
-8.074320637208519003e+00
-3.379186013768709529e+01
-1.621151991349749011e+01
-1.720194140701600816e+01
-3.477593147016974306e+00
-7.537787250823875240e+01
-3.660603011368403603e+00
-3.859849440811434107e+00
-5.754805084777476765e+01
-8.917692084880511061e+01
-1.566348951135437595e+01
-2.334986280250143054e+01
-1.376343077047459929e+01
-1.522638990033960660e+01
-5.513887192372973978e+00
-1.637047480408102729e+01
-2.489490684770931495e+01
-5.147264509401492205e+01
-1.172380223455513004e+01
-1.702599848182100217e+01
-2.039401503129115056e+01
-3.013324968628582923e+01
-4.071904288963332164e+01
-3.193569273702132172e+00
-4.240490745293439545e+01
-1.027683561207811493e+02
-3.114862727999101111e+01
-6.346268688930251045e+01
-1.615373751025822173e+02
-6.689021384799079328e+01
-4.457352627071230700e+01
-8.645027439261997415e+01
-1.172079008019334267e+01
-4.298667743133594854e+01
-4.897438460891073930e+01
-2.185025599899567794e+01
-6.297090466133242614e+01
-5.024523374230231099e+00
-1.738785637842037346e+01
-5.668837535640816050e+00
-2.189482371820172801e+01
-2.452879453291472345e+01
-4.909533530558380932e+01
-5.374465021603276682e+01
-1.725226532652781941e+01
-9.645141932165009280e+01
-5.181968110267779259e+00
-9.710498465104240040e+01
-3.031140618411489385e+01
-2.282535596162543357e+01
-3.242333060552731183e+01
-1.570221313817006958e+01
-1.352105931415188955e+01
-3.009338262555064958e+01
-1.651392491774487681e+01
-4.354097549681838331e+01
-1.071041174644366549e+02
-1.563360422143478701e+01
-2.922711047643427307e+01
-1.522507577149480795e+01
-5.081937406248060540e+01
-9.062574310686926538e+00
-2.526021765947900732e+01
-1.766566961363503907e+01
-2.038044724451425260e+00
-1.713213897243873518e+01
-8.090508110954307597e+01
-7.257546282897116896e+00
-1.400049163871818614e+01
-7.089378445203371015e+00
-5.189970466609338473e+00
-2.129662471603726814e+01
-1.437541698646880128e+01
-3.980480946796192576e+00
-8.192586423740319646e+00
-1.178903200516352534e+01
-1.142689991424100349e+01
-5.023037423853038419e+00
-5.182895869595964200e+01
-6.608961904406908161e+01
-1.859351988553711976e+01
-3.640087813642036707e+01
-7.312408715631530498e+00
-6.798514296546940727e+01
-1.397874950395482152e+01
-2.618004492059947008e+00
-2.374310689271825936e+01
-4.719567493895823418e+00
-2.014416026421186601e+01
-4.296774513288482922e+00
-2.392701464345017470e+01
-1.112549410311697251e+01
-6.179607362178030883e+01
-2.735028800237689950e+01
-1.287386477019412467e+01
-3.173596020627371672e+00
-4.326118471639333052e+01
-6.497942452957720150e+01
-1.622381954228993806e+01
-5.268277839335675594e+01
-2.170648024224220762e+01
-1.893163007716401935e+01
-3.293144045700567801e+01
-1.100000000000000089e+00
-2.814184731505151049e+01
-7.800416788517424926e+00
-1.434482240426659239e+01
-2.613475554662517908e+01
-1.546098973085937622e+01
-4.131966983669458671e+01
-7.481748818623438879e+00
-1.234226555130020664e+01
-5.763224302675546085e+00
-6.082286106023089722e+00
-4.909533530558380932e+01
-1.000291241100870465e+01
-6.570703919962079453e+01
-5.139585800840701069e+01
-1.935579843077539053e+01
-2.302866938410200959e+01
-1.460507711658091878e+01
-4.875543173719499634e+01
-1.677090405848839794e+01
-6.086655485088776629e+00
-3.099477808759774433e+01
-1.363655328348965767e+01
-1.002448101101674069e+02
-1.802165545933443269e+01
-5.811682346938567889e+00
-8.918454907999407766e+00
-1.924447254497870574e+01
-2.520308393950720571e+01
-3.829350552944715247e+01
-9.239539921004812584e+00
-3.818477101957884656e+01
-1.284737997102291551e+01
-1.590758348540204281e+01
-3.734009791095787989e+01
-1.396294139444043836e+01
-2.152518975606986018e+01
-4.819418814326914458e+01
-1.072672189162758514e+02
-5.960892831701033678e+00
-3.754462309052698288e+01
-2.896945415839541837e+01
-1.155691097224872443e+01
-2.787041326416263587e+01
-9.754835856356395496e+00
-4.749971820019936075e+01
-1.097843727580325712e+01
-7.241212560514324537e+01
-1.303469286441121078e+01
-1.010256739281020089e+01
-3.885900983551439314e+00
-1.029038647532222761e+01
-3.513575730291279342e+01
-9.947592764229689521e+00
-9.226024071724824083e+00
-2.031137503247934006e+01
-4.200829302762385709e+01
-1.922446832129131522e+01
-6.755516546807220912e+00
-1.141390439639491561e+01
-2.728615523457165537e+01
-1.604485733389403279e+01
-5.932731732974630745e+01
-1.894931413432162515e+01
-2.418108925781063334e+01
-3.700751653996621826e+01
-9.721880939118857867e+00
-1.103633310008835977e+01
-8.437975014476279512e+00
-8.730993816163836740e+00
-2.976946937981646713e+01
-1.178596812565268515e+01
-1.265563746596575179e+01
-8.546397807554714632e+01
-2.580018992416885126e+01
-2.298326788940432053e+01
-1.463402644212806081e+01
-3.552677185798789594e+01
-6.512627803713662900e+01
-8.228781338352590069e+00
-2.214116926363201543e+01
-1.081106154068630154e+01
-6.178631919720349863e+00
-9.643960252400487931e+00
-1.297220065622720320e+01
-5.998049177892821149e+01
-6.041647160891206347e+00
-1.066305669142611734e+01
-3.584030463142005374e+01
-2.190942146186424822e+01
-3.737121637456653644e+01
-6.957699872149659370e+01
-2.604008456007029082e+01
-4.558437026704808659e+01
-1.881768215763263186e+01
-1.232277307556646484e+01
-9.468148586214320517e+01
-2.260527299610849994e+01
-9.112237244978481954e+01
-6.903095718024349026e+01
-3.764442667222716210e+01
-3.980480946796192576e+00
-6.382648942775915657e+01
-6.535789606144174968e+01
-3.705075494984013318e+01
-1.197558862172979310e+01
-6.040251786672371992e+01
-2.451727266526939886e+01
-8.759906169813479693e+00
-1.617544592167523021e+01
-1.651400744084145700e+01
-9.656447994155548997e+00
-7.071977198260006148e+00
-1.117244652681449679e+01
-7.132471253752188822e+00
-8.157153779786689540e+00
-1.666346257850039692e+01
-1.273853136865835900e+01
-5.068981736375043567e+01
-4.747511680733222050e+01
-2.277878416587334698e+00
-3.371914790714819787e+01
-1.785188805181875438e+01
-5.095940778127769732e+01
-1.671009707665198718e+01
-4.750014421037252532e+01
-4.408776092313947004e+01
-7.961013910008550454e+01
-3.120493759106982168e+01
-1.290276915892795984e+01
-4.334050846331837192e+01
-6.388240785668667598e+01
-1.092908967361500316e+01
-3.441754390481884940e+01
-4.620199849929321090e+01
-9.542430212746353391e+01
-1.460624538914624182e+00
-5.403623058071670471e+01
-1.026213111064556394e+01
-2.600162886022505049e+01
-2.700000000000001066e+00
-1.302705839145954414e+01
-8.696201996684538926e+01
-1.217823544069434938e+01
-1.135247699690775747e+01
-4.050737263924331444e+01
-2.387432971582618890e+01
-3.376045340180981214e+01
-1.659103703308418076e+01
-1.418895984136765165e+01
-2.614039658167613922e+01
-1.283840602445152967e+01
-1.371061221816645315e+01
-2.463894262427478310e+01
-1.162798340998047486e+01
-3.778837472561901478e+01
-2.922565077849737847e+01
-3.528922419022331525e+01
-5.619821243814856260e+00
-7.610204106615316277e+01
-1.044310979784499693e+01
-6.078472985392387784e+00
-8.580455641938411304e+01
-3.934402010964207363e+01
-1.059279383003064723e+01
-1.288038644789544129e+01
-1.228618991697596563e+01
-2.213596636965443309e+01
-4.778434665341019638e+01
-4.393431802096463201e+01
-6.447082968371085521e+00
-1.496582262017726883e+01
-2.679960576265781569e+01
-2.014734491645304004e+01
-4.909533530558380932e+01
-4.615945468981443867e+01
-9.568812765901549611e+00
-2.033648220673829332e+00
-1.854968464547306439e+01
-7.151893229669681773e+01
-6.440197046747776710e+00
-7.743860485701860696e+00
-1.473312530860037484e+01
-5.394722204305649527e+00
-7.332674918543933984e+01
-4.056575963100554816e+01
-2.994529550092977033e+01
-3.043781489540880258e+01
-6.510336733817054267e+01
-2.749054751325262913e+01
-5.794049622596931570e+00
-3.560603011368403514e+00
-1.950853443088386641e+01
-5.074458339969403653e+00
-1.130658855942959384e+01
-1.612320937524433617e+00
-5.833212395009837081e+01
-1.272594420212797139e+01
-1.137145748113549359e+01
-1.096678059262458405e+01
-2.456896009027211747e+01
-6.641360571801482315e+00
-6.753015530488734441e+01
-8.296836631101663784e+01
-2.786042612058576040e+01
-2.178716477060632783e+01
-7.549905647927579011e+00
-2.281495657286092182e+01
-1.565482582518150068e+01
-1.883178898384739952e+01
-2.328491263412879420e+01
-4.903984517922673092e+00
-5.798529116329507360e+01
-2.327483816344882328e+00
-2.460318494388111787e+00
-6.551354778720532579e+01
-5.419048646753144283e+01
-1.095862467640026239e+01
-3.258273375642396275e+01
-3.827400537974938288e+01
-1.384111009838015782e+01
-1.612320937524433617e+00
-3.364260048344296195e+01
-4.541549469470851363e+00
-1.166638052756314359e+01
-8.147649958871369336e+00
-2.473362196536805158e+01
-2.741464545716452861e+01
-1.019001533763901968e+01
-4.341390245566762474e+01
-1.614112574176380477e+01
-1.204226555130020593e+01
-1.241740702289176390e+01
-1.787539785047686181e+01
-2.852238012303613246e+01
-3.902726766597073293e+01
-5.489003429375696186e+00
-7.799051286751058853e+00
-2.589856130119562749e+01
-2.142973352039804169e+01
-4.755072932803381036e+01
-2.807189322837398038e+01
-2.262316372497002348e+01
-9.998651280971492383e+01
-8.334083132281563167e+01
-2.842312345957014230e+01
-6.974947370955389303e+00
-1.561406710516914131e+01
-5.083605918477962149e+01
-9.342012041988516557e+01
-2.651904288992783876e+01
-2.852238012303613246e+01
-1.712282108126006719e+01
-1.798038151325236811e+01
-1.483385622231356571e+01
-3.500000000000001776e+00
-6.352934576453050397e+01
-3.465875350784527598e+01
-1.680712221046180233e+01
-2.480464355389023545e+00
-2.711912343991255270e+01
-1.509274156457941451e+01
-8.572062880932868723e+01
-1.438972266457863647e+01
-1.190025140947564637e+02
-6.010591725485457459e+01
-2.812560777569732196e+01
-2.346543837962102685e+01
-1.095976411649951743e+01
-6.858180422129025011e+00
-1.664218750034661198e+01
-2.039218975738029016e+01
-2.182169011626184840e+01
-5.445474963392848089e+00
-6.850367999810131892e+01
-2.190043299776941410e+01
-1.180781632014955562e+01
-2.603576407782509605e+01
-5.747144624519219747e+01
-3.004087153559212808e+01
-1.443640049501641798e+01
-5.403368231886859974e+01
-3.526510167712011867e+00
-4.110470256869480465e+01
-3.467590698083498069e+01
-6.969843508476015081e+00
-2.852238012303613246e+01
-5.806013871321713538e+01
-3.712837125860672671e+01
-4.797512817063061163e+01
-4.061221205506633680e+01
-6.707238689325686209e+01
-9.948423326109963938e+00
-2.440823167990493037e+00
-3.823934708007368499e+01
-3.240567514393474013e+00
-7.723164790121363588e+00
-2.700000000000000622e+00
-2.300842130106818217e+01
-6.909329823478916666e+00
-3.255004491946135659e+01
-4.633314585856108181e+01
-1.300836511529773354e+01
-6.415348439461934049e+01
-1.765469186024867909e+01
-2.682287570245038566e+01
-2.060076639601048853e+01
-7.819802538578207418e+01
-8.296836631101663784e+01
-1.035013860127251206e+01
-5.714446597309276399e+01
-2.916227584485313074e+01
-8.882086147332405091e+00
-9.380053809506977203e+00
-1.305697818676632949e+01
-5.174788399120616589e+01
-4.489468485320047364e+01
-1.621767722443207660e+01
-2.184438685316678530e+01
-5.596794883371659779e+01
-2.096420771628973512e+01
-8.050328017963405358e+00
-3.620225407916765725e+00
-7.480931308673017099e+01
-9.483649742341023980e+00
-8.153327870089556839e+00
-7.408904614839657121e+00
-1.268213737520012252e+01
-1.814846774238263194e+01
-8.122539021068133991e+01
-1.781708728044175061e+01
-3.798135939909983883e+00
-3.754853638518552827e+01
-1.906585362733172673e+01
-2.108487052129262196e+01
-2.123407008202778457e+01
-2.067587882499267948e+01
-1.335548432193697899e+01
-9.984465990973644622e+00
-4.123028685455661702e+01
-1.735006325601444388e+01
-1.018371926230182112e+01
-1.418759209596417037e+01
-8.128185091961078967e+00
-7.963492004435358318e+00
-2.983797132263629415e+00
-1.008259850868035379e+01
-3.867777590244406838e+01
-1.020812224494183518e+01
-2.814367300744746814e+01
-1.013528396331290260e+01
-2.657890556817000061e+01
-5.068572836618120192e+01
-2.326493189355385738e+01
-2.092035653995805333e+01
-6.622778333881407775e+01
-3.794488825972963042e+01
-5.129320633519640893e+01
-1.394037580981804858e+01
-5.394722204305648638e+00
-6.052650129087910003e+00
-4.909533530558380932e+01
-1.143616152275345144e+01
-6.794216849028296146e+00
-5.999126938750978688e+00
-2.524056101800086438e+01
-1.239778668663563366e+01
-1.024403460478464289e+01
-2.950931651107305242e+01
-1.288872842657579731e+01
-5.534969493857356326e+01
-9.721705090262744875e+00
-3.451073095587808837e+01
-9.285929948123865074e+00
-2.019464400975261853e+01
-1.066942203408665613e+01
-2.487987767903192982e+00
-8.986856762568642409e+00
-5.682144416301395751e+01
-3.934832890124427252e+01
-3.834118605958113335e+01
-8.386789447625382365e+01
-5.818780832270018522e+00
-1.280864061035246237e+01
-1.190579730961946803e+00
-1.697588788385294833e+01
-9.991585605104980061e+00
-2.264393542093722900e+01
-4.909533530558380932e+01
-1.082622104229997895e+01
-8.292062683485848851e+00
-6.254444526722826581e+00
-1.327219661331533018e+01
-1.683527827737107785e+01
-3.030071108896217069e+01
-2.130931535277589361e+01
-2.895662673120223474e+01
-8.885892289953778445e+00
-8.793276141611908514e+00
-1.314539975708190767e+01
-1.228564678948021793e+01
-1.306995878109850828e+01
-6.095973941575673649e+01
-9.332421890006825649e+00
-1.036336389456189622e+01
-3.038770488805842973e+01
-1.354129938587994175e+01
-2.063968190486319543e+01
-4.817667241702486081e+01
-1.511120618520755343e+01
-5.750993157174532655e+01
-2.828208629651827977e+01
-2.304260061819598349e+01
-1.608661351536564155e+01
-1.836750688385885866e+01
-3.390081283259214473e+01
-1.326214237971488252e+01
-4.445461748917406908e+01
-1.058682489353576095e+01
-1.565221700871648736e+01
-3.904995182140532251e+01
-9.495809614508053187e+01
-5.715114558524031274e+00
-4.751597452317402315e+01
-6.482243187567540588e+01
-3.726510167712011601e+00
-3.552540858619496333e+01
-5.000000000000000000e-01
-4.960303055651037596e+01
-1.846972266984618471e+01
-4.268114388288793748e+01
-3.057750054369227755e+01
-2.298011385392145911e+01
-3.958345804798218381e+01
-2.246808835025312590e+01
-6.781951054312196803e+00
-2.181772158510250748e+01
-1.901448072842746129e+01
-6.270273920676079626e+01
-1.117067776837255799e+01
-3.684341236299766109e+01
-1.491330866223957408e+01
-1.034339015930607886e+01
-1.293825037788604071e+01
-5.285917318917100260e+01
-7.813562988464154202e+00
-3.565655205631894376e+01
-1.241009938706289439e+01
-3.614351620237232510e+01
-3.983020572338737075e+00
-1.510443934237493657e+01
-4.567871701597676193e+00
-6.608733855617448860e+00
-5.041532110775246878e+01
-8.341526989209180343e+00
-7.809555869981901211e+00
-1.806726459097320969e+01
-5.907979825038113475e+00
-7.999999999999999334e-01
-3.090040551706867333e+01
-1.146536654792759080e+01
-6.010502510019890821e+01
-9.103176453272234880e+01
-8.170792328718100350e+00
-1.944541528364455374e+01
-5.440957638350356618e+00
-3.027101866578074052e+01
-6.381013871514834790e+00
-1.099480329378585886e+01
-7.215826794761570184e+00
-2.096968650813421320e+01
-4.238499946230471238e+01
-2.508509910126449416e+00
-6.337443582559687982e+00
-3.159606196463370154e+01
-1.778451755039846560e+01
-5.365458377432094039e+01
-1.763687769428691965e+01
-8.797650972443895157e+00
-2.090546242324034054e+01
-8.999999999999999112e-01
-6.078327163013377721e+00
-4.663948220604103767e+01
-6.523301104718692045e+01
-6.223462614659239023e+01
-1.918226195845122106e+01
-2.696266469534434762e+01
-7.101962078024999236e+00
-6.292806441799247530e+00
-6.835769529733331851e+00
-8.946859453670975881e+01
-5.082648050990638922e+01
-7.167291363543992588e+01
-9.579076668457605592e+01
-8.358427274302802346e+01
-1.423862958979380267e+01
-4.690659955780584767e+01
-7.067479932424491018e+00
-2.853798365347329735e+01
-3.762286531129342393e+01
-1.297750427178141308e+01
-1.118566875219217494e+01
-3.409643005133899862e+01
-3.337859358104064000e+01
-5.405714428743450206e+00
-4.264647844738174598e+01
-1.064189892430308326e+01
-3.735607356155687064e+00
-1.430646595694435419e+01
-1.793598405774910631e+01
-3.860603011368403781e+00
-1.778121745942877308e+00
-2.338538367899950288e+01
-3.151815142941485348e+01
-5.491914701232783358e+00
-2.282371937225320124e+01
-2.803192436349124250e+01
-1.009345509118468520e+01
-1.135279158922922704e+01
-9.526748242743238393e+01
-7.505125075531019263e+01
-7.722574558683733770e+00
-3.572101249712530091e+01
-3.361276519745668878e+01
-1.350855683709496091e+01
-8.498847780927300732e+01
-2.488848238522307810e+01
-5.057208365869883693e+01
-8.332132659788577200e+00
-2.347325570462198741e+01
-8.074445047981075163e+01
-4.274052373224895973e+01
-1.574098712776559772e+01
-6.126689300430023799e+00
-1.615795388705581459e+01
-5.209841050771736093e+01
-1.977668264685517130e+01
-2.039376118772870683e+01
-6.671134930319190026e+00
-4.764561031101227684e+01
-3.294714673052564535e+01
-2.889282062447485089e+01
-1.916227565290015988e+01
-3.710796268561272626e+01
-1.129427885755853644e+01
-2.954400752007702380e+01
-1.000326566182653920e+01
-5.894433629309467015e+00
-1.692766591804290144e+01
-3.844611177631433918e+01
-2.678132994256581156e+01
-5.406683059996492346e+01
-3.423647836084217300e+00
-9.559696309592672137e+00
-1.914387753186022678e+01
-1.566841143325282992e+01
-5.909994790651171392e+00
-9.451940017811191197e+00
-1.016947323922766877e+01
-4.163148169222213824e+01
-2.814367300744746814e+01
-1.209787892587770486e+01
-2.027207870597279538e+01
-6.649703196019115303e+00
-6.740720090199733505e+00
-1.974680757152106025e+01
-2.888770896169986102e+01
-2.826162037659927151e+01
-2.197272110259746825e+01
-1.138264890799069384e+01
-5.515214508301024665e+00
-4.795252192686966453e+01
-1.298720329792656791e+01
-7.752437554883697146e+01
-9.190511907354458998e+00
-2.665004916491823650e+01
-3.909890902588347483e+00
-7.022180336590063021e+00
-3.326780898501332739e+00
-1.543826584309070604e+01
-7.452468039226745944e+00
-7.952113959861917181e+01
-1.883064273959234569e+01
-6.335309401734211754e+00
-6.603877854475118170e+01
-3.089767986562161539e+01
-5.691156221907073132e+01
-1.469419784591904410e+01
-5.726697041427228463e+00
-2.307922304579619066e+01
-6.991426338165206644e+00
-2.940749880201496680e+01
-3.250477171448935820e+01
-9.999999999999998890e-01
-8.270370846809019127e+00
-2.296738583043095261e+01
-2.407003539985423934e+00
-1.034979282860623329e+02
-4.527575353540580494e+01
-1.690949284212635817e+01
-4.109246639962206871e+01
-1.439762436586262595e+01
-8.299988930492164130e+00
-1.829885118586667758e+01
-7.706389186436753747e+00
-4.260394834215614424e+01
-1.515818650121753208e+01
-2.206764472938944621e+01
-9.857971433124195926e+01
-4.805948251287770745e+01
-8.527941711496585242e+01
-5.992404749818108911e+01
-7.296745167322283976e+01
-3.864078666365748038e+00
-1.180153748344859288e+01
-2.340644344298041801e+01
-1.201153749597503406e+02
-2.090546242324034054e+01
-6.426381675832222307e+00
-5.283922859828398089e+01
-2.232642814915320351e+00
-1.885960634481166665e+01
-5.735042314605189517e+01
-7.452827247936059507e+01
-2.745337068736095532e+01
-1.609935579387818194e+01
-4.681151618709419893e+01
-1.684445345639306524e+01
-6.179556889632831229e+01
-8.551350967705209882e+01
-2.525452597874469518e+01
-5.434717064469347214e+00
-2.593076063595044189e+01
-3.240009079416867621e+01
-5.403069275077422162e+01
-8.424748671851448378e+00
-1.183126878825855499e+01
-2.161638042592965547e+01
-2.314596057084074943e+01
-8.393471569700951207e+00
-6.877860348504098909e+01
-2.858576445505120134e+01
-1.089290659822559348e+01
-1.361104791634459232e+01
-1.853763720120914371e+01
-6.958146422473154757e+01
-1.098653312376934288e+01
-4.332764031871233357e+01
-3.661790121628495598e+01
-3.409371925896699906e+01
-6.385911641347426837e+00
-9.235620133662594711e+00
-2.373423229735147189e+01
-5.144503897202654663e+00
-2.035041466575481195e+01
-1.298313266118305442e+01
-7.642599796600663353e+00
-1.479474487741474498e+01
-1.189166688104736735e+01
-2.189898703930908042e+01
-2.240888807042164288e+01
-1.120729558612092980e+01
-2.292553222345778252e+01
-7.299999999999999822e+00
-8.802504665803153827e+00
-3.242796239692965798e+01
-1.178854367422036553e+01
-1.542791902126908177e+01
-5.425631365030293551e+01
-1.281005348447706460e+01
-5.154351857260985525e+01
-2.519174577795876147e+01
-2.164120690905962263e+01
-2.134592106338426731e+01
-1.516202197523327655e+01
-6.438640659074528116e+01
-5.195325533808344431e+01
-4.443633253732107491e+00
-2.308846228411740142e+01
-8.687677497724692444e+00
-2.571515060927537455e+00
-4.437429454613888424e+01
-9.324684580584229110e+00
-3.905883179788176562e+00
-3.117393606906964987e+00
-3.299370579437606921e+01
-1.554244202849342393e+01
-2.331336341766392550e+01
-2.177878416587334609e+00
-2.061638307712848217e+01
-2.460590813850287617e+01
-3.037340960817697777e+01
-2.656817040126189511e+01
-1.348993973468765262e+02
-2.535133630251509285e+00
-3.740538860455664860e+01
-1.825780492531592714e+01
-8.354843483183702801e+01
-2.623842560464819940e+01
-4.112237858620105868e+01
-5.394312583413341144e+01
-9.688010062978687387e+00
-6.059038349497339482e+01
-4.887083115836655445e+00
-1.756445867673732408e+01
-9.146536451803161327e+00
-1.424456388678799179e+01
-1.193392326467110287e+01
-4.669594910973935953e+01
-1.257266594705363438e+01
-1.018128020599818662e+01
-2.669687527722723885e+01
-1.753941361990671766e+01
-5.298747642894470289e+01
-1.140534369183965602e+01
-2.614745583965942544e+01
-2.225220342207797941e+01
-1.628849302101840379e+01
-1.766980800104398597e+01
-2.669394044748379713e+01
-3.882460746444579769e+01
-3.655360641725539494e+01
-2.059839640881014944e+01
-1.856782572217414184e+01
-7.028428640958132689e+01
-1.952694293390673508e+01
-8.602415917168974246e+00
-2.032286295005833310e+01
-2.358975311092241967e+01
-2.821061349949065189e+01
-1.031456956895323351e+01
-2.728850262063373222e+00
-2.554003499392645438e+01
-1.350736614244771872e+01
-3.027735199806382838e+01
-6.860084203811987358e+00
-2.224777440437017262e+01
-1.792188018551974338e+01
-7.395232603184251730e+01
-9.842684217807102343e+00
-5.350454081276444640e+01
-2.354383419543341915e+01
-9.966912238557000592e+00
-1.096971658767925106e+01
-7.159556517601692427e+00
-2.001113127112680345e+01
-2.969384073558292059e+01
-1.792929205146462124e+01
-1.638341208107997460e+01
-2.756993736965470987e+01
-5.739496056778000010e+00
-3.089893816767769152e+01
-3.588376568140444789e+01
-5.702888939883894892e+00
-3.095708730309466361e+01
-4.401045654834818066e+01
-1.017956277844725719e+02
-1.431974417492027030e+01
-1.893732381212634408e+01
-1.221404556188354817e+01
-2.203491690914133017e+01
-4.537131812628081917e+01
-7.518651882414050469e+00
-5.787454954278729247e+00
-9.251482254318155185e+00
-5.357128223420508562e+01
-1.222101551121345686e+01
-3.759690637377569544e+01
-1.356882906130713984e+01
-1.381498715232143937e+01
-1.324611119140482174e+01
-6.650760123073637509e+00
-3.740007589274581790e+01
-5.169351269861169840e+01
-2.664052836050064244e+01
-1.185990182317321739e+01
-1.786847959812872944e+01
-1.837278197336670971e+01
-4.036410416420133984e+00
-9.907444423649458543e+00
-1.222178838880212481e+01
-2.754626365998496951e+01
-6.760783988517001575e+00
-6.240961245369389232e+00
-1.146305187656220248e+01
-2.063182906687766760e+01
-2.365866754341431744e+01
-1.063074329511197647e+01
-1.270451226918823906e+01
-3.534960823170151478e+00
-1.163519545740029848e+01
-2.956642222837922418e+01
-3.627238306577311278e+01
-1.071583311508922236e+02
-2.900000000000000799e+00
-2.321625499911674240e+01
-1.033825238051464908e+02
-5.746980806811536446e+00
-1.786847959812872944e+01
-9.755729333426728545e+00
-1.877234376341544220e+01
-6.260357307242771618e+00
-1.525763774745612800e+01
-1.134938633947064179e+00
-1.487748361989884316e+01
-3.217352286160954122e+01
-7.725673588766839828e+01
-3.762055029205902912e+01
-6.342740462235339827e+00
-5.144248597578337723e+01
-1.259564693278986880e+01
-5.855550401233389124e+01
-3.088641722968950987e+01
-4.594874491472640443e+01
-2.022063402729454751e+01
-1.107419606346696526e+02
-7.970291248360685188e+01
-3.314453704283053526e+01
-1.214226555130020735e+01
-1.416689823256076686e+01
-5.008566612994981426e+01
-2.786002551981741249e+01
-1.015951308938429598e+01
-2.060210290391424692e+01
-2.354086272869572127e+01
-2.800000000000000266e+00
-2.406664077543863911e+01
-5.281716648632690969e+00
-3.750007589274581932e+01
-2.900000000000001243e+00
-5.879827186293213437e+00
-4.115028955690688406e+01
-8.582619100314836658e+00
-6.739821454939743717e+01
-1.970295193799590905e+01
-2.361278847590470775e+01
-1.173609340634639686e+01
-2.714160004518141633e+01
-2.087006277748307070e+01
-2.522885939630349839e+01
-1.655149574151123559e+01
-2.119445136673761354e+01
-4.879707672465539758e+01
-6.817899255042530626e+01
-2.814367300744746814e+01
-8.985876837760070401e+00
-2.311448816486023006e+01
-2.414644924102193002e+01
-2.942822702093350173e+00
-5.360566067621400066e+01
-1.174131415466789150e+02
-4.021127422081681502e+00
-2.238299557644539917e+00
-2.138656690145266737e+01
-5.098691570840196619e+01
-1.367634830337052243e+01
-1.802352447185262108e+01
-9.739931202184955339e+00
-6.364814908055326015e+00
-6.849220938007839266e+01
-4.095330628394104622e+01
-4.426203947344791345e+01
-9.692767919034831436e+01
-2.430819359088837217e+01
-2.814367300744746814e+01
-7.497562065650097196e+00
-3.755427712042460087e+01
-2.140368695305041058e+01
-8.413720445113037272e+01
-2.187579745683940402e+01
-3.432327990956566310e+01
-1.308699483193139912e+01
-7.557970991511060888e+00
-2.051846710947342700e+01
-2.307033608922978374e+01
-1.159016567227911665e+01
-2.135407169756421553e+01
-1.289945252269897757e+01
-2.695209604471667930e+01
-4.516345370391881886e+01
-2.657581929095236006e+01
-6.699999999999999289e+00
-3.740007589274581790e+01
-8.185344318486353643e+01
-1.176086476067547615e+01
-2.402517071937057480e+01
-1.024621627503101564e+02
-5.043878446791546821e+01
-2.266779275861773613e+01
-1.523193322856870502e+01
-2.876517365983604080e+01
-1.286526063984926260e+01
-2.848542091821009148e+00
-1.733132088894538470e+01
-6.641498440570069661e+00
-7.190611604809336654e+01
-6.188010017722943346e+00
-1.235414049414163351e+01
-1.375930843029948925e+01
-6.714398836534744675e+00
-4.772662768903240504e+01
-5.531664831548567918e+00
-1.399860330819833543e+01
-1.248575519172818460e+01
-8.721723576608420103e+01
-7.418023051915960231e+00
-3.627530982889580002e+01
-2.261526071706921215e+01
-1.425440980013814496e+01
-2.319952532691027614e+01
-2.625596111695092461e+01
-1.203732464482173157e+02
-8.158722404627749825e+01
-1.227842271046702507e+02
-1.390579730961946758e+00
-4.458222055245503412e+01
-1.118562022024612013e+01
-9.168122494726427263e+00
-9.654229124513328486e+00
-6.742426930091787618e+00
-8.710168388988472898e+00
-9.866712545967974535e+00
-1.123349104938592191e+01
-2.333677437072518046e+01
-1.021727860276916999e+01
-1.177303347860979166e+01
-1.618992666569892336e+01
-1.196136359289466000e+01
-1.290588413232643461e+01
-2.902868569414901501e+01
-1.354588676343566434e+01
-2.307942787730144829e+01
-2.905930286601424939e+01
-2.888037585942606000e+01
-1.800183745802391400e+01
-8.605947309462344208e+00
-2.313487183848546636e+01
-3.608575487551732408e+01
-6.376291157177760738e+01
-7.862904952194710972e+01
-8.281304730540128389e+00
-2.343164100291105711e+01
-6.321140891650297533e+01
-5.068083176216435248e+01
-4.324663278136746669e+01
-8.411987973775650573e+01
-7.005277924373575615e+01
-2.236929906978529203e+01
-3.006153269853119259e+00
-3.314327495342158159e+01
-3.137542412115634782e+00
-9.169734790534215918e+00
-2.028891004937861098e+01
-3.996937569003977675e+00
-2.942369849669740844e+01
-2.203291525992587907e+01
-8.989123849786784248e+00
-2.576754099109185958e+01
-1.503460348648820677e+01
-3.099521221442252283e+01
-7.086911826817074100e+00
-2.228717125408740074e+01
-2.032282382787553132e+01
-1.896215839720050056e+01
-1.668167157561843084e+01
-1.178509520681798861e+01
-1.630819250579682489e+01
-2.568182473053116510e+01
-1.766318530375788498e+01
-5.212890061463541258e+01
-5.039792553249483831e+01
-5.675922065979480635e+01
-4.349869125553649951e+01
-7.517304825228771747e+00
-5.935891888122512228e+01
-1.079257122855733009e+01
-1.907711017524852437e+01
-1.265335570646605490e+01
-1.782904535569280569e+01
-1.416857719033897212e+01
-9.428904922884491668e+00
-1.866184742121643225e+01
-5.238370325824052998e+01
-7.709087060455665608e+01
-9.338422562489899548e+00
-1.087052313564752026e+01
-7.345028059145393584e+00
-3.909201344785260801e+01
-5.893747766889687512e+01
-1.717255969974623042e+01
-2.458077830706838540e+01
-5.060575590002401469e+01
-2.001586054400965864e+01
-1.569500657262133636e+01
-8.986558031049668216e+00
-3.607663068307424226e+00
-2.537669023683972469e+01
-2.799079337827291170e+01
-3.015864233578048115e+01
-1.610502243706043402e+01
-2.000966156475485747e+01
-7.519887096311225605e+01
-3.213156148265851897e+01
-1.442811706230016178e+01
-1.050122328436792607e+01
-7.806218309980700987e+00
-1.977878416587334431e+00
-3.160372195966441211e+01
-5.703697112015366599e+01
-2.782193174111009171e+01
-5.114867795678256357e+01
-1.909576046319109821e+01
-7.708645360554709391e+00
-7.114291742906985405e+00
-4.109988256847382893e+00
-4.050294580299176772e+01
-2.758090912368986736e+01
-4.116750938717748198e+01
-2.313487183848546636e+01
-5.316693087277873531e+01
-6.208723453954179661e+01
-6.371579464543993154e+00
-8.937134915634565857e+00
-5.311252625020779305e+01
-9.962169982822292269e+00
-5.433025587917703092e+01
-1.869763937940555820e+01
-2.754309518389485234e+01
-5.205622469725421197e+00
-2.689372953233111829e+01
-1.258828320200389861e+01
-3.112773053693431891e+01
-5.153898431975224526e+01
-3.206309414021454529e+01
-2.199417290925112312e+01
-1.044898853185354248e+01
-2.734532786007603988e+01
-1.229649573976546328e+01
-1.891645266249658519e+01
-2.713007776681886440e+01
-1.284698295235678778e+01
-2.779011493460584603e+01
-1.782982618460102131e+01
-8.485081305506997751e+01
-8.977763068065019070e+01
-8.503221137479005165e+01
-8.642164784514434928e+00
-1.215943590987562573e+01
-3.545867168894272936e+01
-1.306997075610443559e+01
-1.288402956454746828e+01
-3.491082929984435168e+01
-1.123791228649307250e+01
-4.702368302353395535e+00
-1.119085076258524225e+01
-1.649487547838781154e+01
-6.688900590674055735e+00
-1.409849952405676277e+01
-1.268291739994090506e+01
-1.253849624566862708e+01
-1.701564746312913101e+01
-2.449230480219739547e+01
-3.200633829599921398e+01
-1.404692522786704600e+01
-8.499517054974578656e+00
-5.305635947294664589e+01
-2.814367300744746814e+01
-1.049405361689011329e+01
-1.228091003738325249e+01
-1.193760389016599355e+01
-4.357150902962054317e+01
-8.509996198035862491e+00
-1.288566313961641718e+01
-1.921202099479170400e+01
-2.637352892647815139e+00
-2.765722292414230310e+01
-4.153527548623971910e+01
-1.227162875443062262e+01
-5.907201556956599120e+01
-4.017326163915860349e+01
-4.254459259086003442e+01
-5.456677369825663959e+01
-5.163692158215570593e+00
-2.937542412115634605e+00
-4.713829646703035081e+01
-2.650311622829421410e+01
-4.760385569695840502e+01
-1.014859510796247299e+01
-1.209430243649151571e+01
-1.196521347054188134e+01
-3.331437301594542788e+01
-5.883769811819553830e+00
-1.654801335785865390e+01
-2.313487183848546636e+01
-4.389792796123638929e+00
-9.748217909435057038e+01
-1.458633599318637231e+01
-1.046019916178487996e+01
-2.333902058876368457e+01
-2.849101024707074714e+00
-9.443489715806059337e+01
-2.277878416587334254e+00
-2.344546384790687199e+01
-2.711521055671903824e+01
-9.133704078598155363e+00
-9.631741038841784786e+00
-2.533340647050575001e+01
-7.415679254466649439e+00
-1.758496890250554046e+01
-4.364358237599624601e+01
-4.189766750438063525e+01
-7.612125781993192675e+01
-3.418563357836997341e+01
-3.633533087940180195e+01
-4.258150757652486185e+00
-1.268432004801935342e+01
-7.748547417538591731e+01
-4.480681134885070094e+01
-2.945314676270437104e+01
-4.211105077954168330e+00
-3.546748884027343252e+01
-4.400050374751475601e+01
-1.808651034843735772e+01
-9.505959830457857862e+00
-6.576964649904678772e+00
-3.160649952519159811e+01
-9.777820531783220304e+00
-9.047594924640188552e+00
-8.774134645021064216e+00
-2.816580414729547499e+01
-9.826656341188392929e+00
-7.516712880325675528e+00
-5.188528569914998911e+01
-9.957808240011334533e+01
-4.920638145667015095e+01
-2.617328428595662615e+01
-3.191695076038358891e+01
-2.161638042592965547e+01
-2.250796982048512973e+01
-1.243131550222208404e+02
-1.266855203344372249e+01
-4.096021770342315449e+01
-1.238412356913530665e+01
-1.098872072497272079e+01
-1.245326668976362186e+02
-1.627718242753613964e+01
-1.612198100061347006e+01
-2.439246480665454087e+01
-2.243087910911076932e+01
-1.654000247709305782e+01
-2.463522220217289060e+01
-1.036722347497289398e+01
-3.160079752959796373e+00
-5.896629750587029406e+01
-1.970713090564616010e+01
-4.049845934595614239e+01
-2.987693679017857917e+01
-4.869718527327006541e+01
-2.936891714470750614e+01
-3.941565001784070432e+01
-2.006764687847571693e+01
-3.714308760306986557e+01
-1.304845499556654431e+01
-8.807531458824180959e+01
-3.556464404666817813e+01
-7.828705223374468503e+00
-1.291559594631234553e+01
-1.670685265412740605e+01
-2.305456395016777904e+01
-7.313521236311594009e+01
-1.376737339806088301e+01
-2.474886308711376870e+01
-3.701300867904941327e+01
-5.493026884780420005e+01
-3.765808342294307920e+01
-8.344851829016144862e+00
-1.462157813604999212e+01
-4.949046056699161866e+00
-6.585949866572780032e+00
-1.199229739634144387e+01
-4.842909470654983295e+01
-1.412803009824302336e+01
-1.739721354480825966e+01
-2.955562909273012551e+01
-2.742619064637638715e+01
-3.620827203417176676e+00
-1.701352602068282138e+01
-2.933698968370078042e+00
-7.050888232129996602e+00
-1.203778153908119606e+02
-4.618334421573938897e+01
-6.796097551634852607e+01
-3.308623428709547909e+01
-2.965716217139478417e+01
-8.731260673650773185e+00
-4.692307486485459123e+01
-6.014287261805269935e+01
-2.494805462941254248e+01
-1.425447430710229391e+01
-6.689466210010944991e+00
-6.390460485142206437e+01
-1.564409290194431357e+01
-5.309430733811039005e+01
-1.192786664331065261e+01
-7.971951917928867815e+00
-1.251764632458786508e+01
-4.948161844337671056e+01
