-6.310869272549216191e+01
-5.362612727249246092e+01
-3.594557855534988988e+01
-1.008524816055076627e+02
-3.554813837481776062e+01
-8.187010691921159378e+01
-1.024951837916565900e+01
-8.057168362907914627e+01
-7.968865755408656071e+01
-1.220965044151379857e+02
-1.018190184358963890e+01
-1.542587383047801453e+01
-3.379029805477240700e+01
-5.217384833935282984e+01
-9.000000000000001776e+00
-5.096126609460511503e+01
-4.720674120344514790e+01
-8.169060987244500893e+01
-1.324051808824667731e+01
-7.212115920395314106e+01
-4.449138363851435685e+01
-7.597604669816860223e+01
-2.296562002765666577e+01
-3.387968847363717373e+01
-8.527433415976599917e+01
-2.445148120980720563e+01
-5.250295724120923779e+01
-6.802647371715140423e+01
-6.787391503291081563e+01
-5.001587361233578122e+01
-7.958849894929059587e+01
-1.217645978719101834e+02
-1.204768546122093476e+01
-8.347111985302703374e+01
-7.895301539846860805e+01
-4.704595737260773092e+01
-1.035739184554555870e+01
-4.282527388234448296e+01
-5.890092014556035593e+01
-1.493827379155241601e+02
-1.768484827722521047e+01
-1.371947716009169049e+01
-3.058127611659128675e+01
-1.478432830011341181e+01
-1.158000627203695565e+01
-1.029345026126815128e+02
-7.200000000000000178e+00
-5.942686872433007750e+01
-6.803652545602423274e+00
-5.969974046012676183e+01
-2.603250399244939928e+01
-5.719655733193177127e+01
-2.389391855422221411e+01
-1.361398552475754187e+01
-1.226462237221195011e+02
-2.283089907638787963e+01
-1.944387664909399049e+01
-5.193517286736275196e+01
-4.572915231454911122e+01
-6.934400025688523783e+01
-1.819484229542831244e+01
-1.931537941675646408e+01
-6.777277245315593746e+01
-2.841922232892641631e+01
-7.992943524942592148e+01
-4.638081357652868775e+01
-6.625613246849391658e+01
-5.964211636157934748e+01
-7.622517533898238185e+01
-2.865098651135998864e+01
-9.779227232132612357e+01
-3.245239197655850916e+01
-3.447755923177555104e+01
-4.229326516750189313e+01
-1.445589604068590290e+02
-5.004283137651164282e+01
-8.420092960790067593e+01
-3.069407289824355445e+01
-6.114079211670076575e+01
-5.613653036688981857e+00
-6.689974422704256085e+01
-5.510173124851532833e+01
-1.862482310227055393e+01
-6.698885910872219185e+00
-1.657265521944900399e+01
-8.778362089836095095e+01
-1.671093694991259682e+01
-7.737385406699024770e+01
-6.934421734715026275e+01
-5.930563255899576802e+01
-8.069955250211316766e+00
-1.001548007115560779e+01
-3.514797989986921323e+01
-2.481024978171294393e+01
-2.382890972166482513e+01
-6.851188307082681206e+01
-8.318509746854709874e+01
-2.913447157207108873e+01
-8.878399868715023047e+01
-1.322357562730483380e+02
-3.829625086102097953e+01
-9.122453073193103279e+00
-7.453292005460718883e+01
-4.361657144734518710e+01
-7.959552408978163385e+01
-3.303926551034270176e+01
-7.891363421638967424e+00
-8.651643358890713387e+01
-4.980552218398761255e+01
-3.010454326233197264e+01
-5.104057387902930287e+01
-7.489715974571247159e+01
-8.822749607881986478e+00
-1.623252752602166993e+01
-3.772872284651072761e+01
-7.415741879241048196e+01
-7.738472357852684169e+00
-1.502302533022944608e+01
-8.061709377773902929e+01
-1.296522647834104092e+01
-7.792579819173016631e+01
-4.240328753975733633e+01
-3.280733125520190896e+01
-2.611288523219515056e+01
-1.836713724275105619e+01
-3.759703988063886015e+01
-2.100119466613158892e+01
-3.963867588544441389e+01
-1.299565905593651109e+02
-1.687838343002148278e+01
-6.608676849640620965e+00
-4.110797672345950104e+01
-3.709266919590841383e+01
-7.084750841637941221e+01
-1.859677460426530615e+01
-3.234422081170686880e+01
-1.100051238765786366e+02
-9.306194105106730774e+01
-7.023841063013198038e+01
-2.995557513006010097e+01
-1.058691393200378883e+02
-6.994657278827882685e+00
-9.228414183819151617e+01
-5.170657323678525330e+01
-3.528784511930863488e+01
-6.204708812336318147e+01
-7.331075862769323237e+01
-1.608484819809860369e+02
-1.428304583129510519e+01
-5.120870636506631968e+01
-2.438102677201504420e+01
-9.551274004677664209e+01
-7.565741665046618891e+01
-3.553157169040279229e+01
-8.378773912867320917e+01
-3.466885655572839653e+01
-9.903832990867599051e+00
-4.272488072236662049e+01
-6.503965122928471487e+01
-5.621333283280828397e+01
-2.900019388472547277e+01
-2.940490575046653987e+01
-2.035900578975807207e+01
-9.795997746273947371e+01
-8.092364698209151186e+01
-8.919678138037463100e+01
-1.139467556490266631e+01
-7.799999999999998934e+00
-6.389281558605703459e+00
-1.983408883133451894e+01
-8.718033351321212265e+00
-3.794995607537567395e+01
-7.457931524990111427e+01
-8.941738537225141670e+00
-4.312503043637678779e+00
-9.834050497647119471e+01
-1.491667572605081205e+01
-1.383037974275133664e+01
-6.120460018130342661e+01
-8.398109478572123976e+00
-8.615212937056963227e+00
-3.134014311034932021e+01
-5.605516456077560861e+01
-2.871897620099734283e+01
-5.776113524153334566e+01
-2.061255863313533609e+01
-2.427577450555327943e+01
-3.408802373588571299e+01
-1.007351445818980373e+01
-5.417204314970037160e+01
-7.399999999999998579e+00
-3.651655733220368205e+01
-5.808965649837332279e+01
-3.675224872044836388e+01
-1.023661818745174124e+01
-7.844373591262184675e+01
-4.856164738703672157e+01
-9.682859822113474024e+01
-6.030316888110702322e+00
-1.712815804389791907e+01
-8.996075824481738437e+01
-4.030222595336779534e+01
-5.702898542247187663e+01
-5.583794602060959278e+01
-3.819119390254741120e+01
-3.521974785477546277e+01
-3.641422726999270054e+01
-1.200401439383070823e+01
-7.107650567281604026e+01
-3.456891394027823594e+01
-4.504774370300537356e+01
-9.860194991928740649e+01
-8.509658314626122433e+00
-6.288721896001390199e+00
-2.968096581110215126e+01
-4.155634645416540707e+01
-4.269758068886520874e+01
-8.062001209483321418e+01
-8.174382291395694722e+01
-6.994270684137836724e+01
-8.673778696531245558e+00
-1.777298822521078137e+01
-4.435641154153408650e+01
-5.199736112002804589e+01
-1.795914282350379665e+01
-8.351406426421361573e+01
-2.312415497114962548e+01
-9.419614452065752985e+00
-8.450706569070156604e+00
-4.559432667450030152e+01
-7.038472357852683992e+00
-2.557746116270826064e+01
-4.303840294549575418e+01
-1.752517505172976442e+01
-6.458416689778214703e+00
-7.697070741885653433e+01
-3.010047744703316752e+01
-6.338472357852682926e+00
-3.961247260088165945e+01
-2.232300846553045304e+01
-4.624974431116400808e+01
-1.973881571176236349e+01
-1.308356087687905500e+01
-9.062814515759693279e+01
-1.239003683065481027e+02
-6.515964451880132913e+01
-1.140110252062780738e+01
-9.816328891217186481e+01
-6.357239362705118424e+01
-3.738806251428137273e+01
-3.427556392356673598e+01
-4.020609824761789497e+01
-2.713368836214594637e+01
-1.459558346539832385e+01
-1.311798861552375968e+02
-3.367925588999837316e+01
-6.254007950123753545e+00
-4.676754554523274976e+01
-1.448546128811131695e+01
-1.898517818341497332e+01
-1.176793964580352991e+01
-2.893170262001455484e+01
-6.940314987723087370e+01
-1.923977779953644784e+01
-4.797907634894707840e+00
-5.925001249174120943e+01
-5.400723667475503476e+01
-3.475333672113468708e+01
-8.112282935772796577e+00
-6.498747041076377684e+01
-1.489911337357370158e+01
-8.368178169035466851e+01
-4.289657923307210297e+01
-4.824284013248185232e+01
-1.834806586457505873e+01
-3.295225130697708238e+01
-9.563007721990194554e+00
-1.118442137681146846e+02
-9.264739173043261999e+00
-1.311188262148912145e+02
-5.029785517152115659e+01
-1.746448048380345952e+01
-8.155972073097704111e+00
-5.122678937392101517e+01
-3.165192146205373547e+01
-1.666162039010767870e+01
-2.614959824752887840e+01
-4.117625772713282828e+01
-9.712326138355702909e+00
-9.404508287540119227e+01
-3.276057431326394465e+01
-9.734965066660045352e+01
-4.789746297601819691e+01
-2.405108117542165047e+01
-4.327834598750497719e+01
-9.856903594477292074e+01
-1.168290564901025341e+01
-7.726118495540400311e+00
-1.223862018435177248e+02
-4.339720894164506149e+01
-9.968666611378702669e+01
-3.501602777727077154e+01
-2.189925854482231316e+01
-1.664224903995703286e+01
-8.365592423789497900e+01
-4.088521592661201964e+01
-3.741691232343915630e+01
-3.200713847585122096e+01
-4.327613437664300022e+01
-2.944228367196785712e+01
-4.707299768491888869e+01
-4.535737737387093205e+01
-4.692118960403136896e+01
-1.936594936171308490e+01
-9.556405427795806418e+01
-2.149939511490215338e+01
-3.436633378742172340e+01
-2.193926574875406743e+01
-1.228855511101736298e+01
-7.046640781426066980e+00
-5.067018201125378596e+00
-6.499999999999999112e+00
-9.844669813367212896e+01
-1.456792086976886225e+01
-8.906809352859244200e+01
-1.709055171056361289e+01
-1.153095121265611134e+01
-5.332155660740306757e+01
-5.931016540210958254e+01
-1.958638150083413976e+01
-5.498319165781242646e+01
-5.791896979013561264e+01
-8.987597808648754949e+01
-7.374870996511725707e+01
-7.646022812487866815e+01
-1.241943214936672213e+01
-8.928373569054880221e+00
-8.181793094014103929e+01
-3.665153873867016898e+01
-7.400072394706658940e+01
-5.824881962124594281e+01
-5.589426317455537685e+01
-3.578269588907301113e+01
-1.213663509764510806e+01
-4.768483826528286329e+01
-1.016896410863252527e+02
-4.777258939834108986e+01
-1.354975585205900757e+01
-4.208777226595618970e+01
-3.942861297329253034e+01
-6.160208067365915952e+01
-1.254584099219480322e+02
-6.271398826722553821e+01
-1.449512642369524542e+02
-7.500696569870541452e+00
-4.169869311502673526e+01
-8.999673125412078889e+01
-1.101429794397045754e+02
-3.729575664801258483e+01
-8.637681062803267196e+01
-5.184683426154618502e+01
-1.196990756213429563e+01
-1.683569052818188183e+01
-2.659640458710561006e+01
-3.711805251439530906e+01
-5.955620415061628137e+01
-1.113539898922573883e+02
-3.409671009575955480e+01
-9.279170760872979429e+00
-8.845754286953777523e+00
-4.909132237610678828e+01
-5.165600568723063191e+01
-2.731477713768703097e+01
-9.213647638242933624e+01
-3.268391188493834676e+01
-6.052172577426483002e+01
-1.289216537281448893e+02
-5.929664726648112172e+00
-6.720272342183581316e+01
-7.506062615685974215e+00
-2.356586903945442657e+01
-5.251851693331475701e+01
-6.599614450890938144e+01
-8.109697423664771065e+01
-7.083254656951451977e+01
-9.116440975019072468e+00
-2.084276159799543748e+01
-6.932835996577203730e+01
-1.411247507447239435e+01
-6.180813443689464037e+01
-8.189456091991398523e+01
-7.728335916675534634e+01
-1.375623459487347411e+01
-6.404805136661613574e+01
-1.613744998738501124e+01
-3.758094797245403385e+01
-7.312844357701688125e+01
-8.348827104152066170e+01
-1.046939069772038877e+01
-3.583515556794181123e+01
-1.254774030721376832e+01
-9.098458884717108219e+01
-2.342438481853578125e+01
-3.207248727748883255e+01
-1.420312804722877686e+01
-3.512752021684153902e+01
-9.580791793701821746e+01
-2.652916015661368121e+01
-9.564407473312400043e+00
-1.037947121119839977e+01
-8.342439734843230781e+01
-1.627472895814754139e+01
-5.199312684127215789e+01
-9.866291042124737487e+01
-2.998874300919500868e+01
-4.043686752443522892e+01
-4.809839876066813247e+01
-9.796909551967534924e+01
-3.859768219947571311e+01
-1.075653009838660523e+02
-8.528682875950944720e+01
-1.388356253237653171e+01
-6.628553953084144723e+01
-3.128152014556579630e+01
-1.647698050977858841e+01
-8.028978144529691008e+01
-3.450668804249089305e+01
-6.130640246901019452e+01
-8.455191170759164265e+01
-5.845798947463572404e+01
-1.977265419150497294e+01
-9.742185252127606887e+00
-3.005079391152225554e+01
-5.589723335415590100e+01
-8.327885622435728408e+01
-6.509125062450483767e+01
-5.472622327656934260e+01
-5.390532362059297355e+01
-1.607672046943741861e+01
-3.988780609064836113e+01
-1.034418383996302850e+02
-2.876254145079436597e+01
-1.175207651763647476e+01
-1.533766939352002723e+01
-3.505972613178343522e+01
-7.452452637230805088e+00
-4.342358999820315368e+00
-5.099582084776025681e+01
-5.192216679760936415e+01
-4.715897466673251159e+01
-1.087167647084521178e+02
-1.887546224311692455e+01
-8.427131804658144176e+01
-5.625785258990031679e+01
-1.878592321157441347e+01
-4.491101334913832233e+01
-6.922125213959802181e+01
-3.392923647872566306e+01
-1.276158711889710240e+01
-3.903337644843848864e+01
-6.001689689916781845e+01
-6.601377897796466243e+01
-7.185532856176295979e+01
-2.760220148340207658e+01
-4.299375780386422718e+01
-1.248937025726730496e+02
-7.998727988865745431e+01
-1.602975499952895078e+01
-7.042449584579532029e+01
-2.655130136749559000e+01
-4.416755044460467161e+01
-9.136820917350139837e+01
-8.803442786687098476e+01
-1.441464296077208118e+01
-1.987439092921561823e+01
-5.361957515325016743e+01
-8.906866186550634268e+01
-4.192949906547257655e+01
-1.019221163925542939e+01
-5.631492213897629995e+01
-1.022847492769102331e+02
-8.675933822881336255e+01
-1.107110976539826197e+01
-7.807865576399228402e+00
-6.796400385882006390e+01
-1.777967290153533497e+01
-3.417123066430033873e+01
-6.277925322705912237e+01
-1.618849138108507191e+01
-3.971059836314904601e+01
-1.001799796329943462e+02
-9.201609985473781705e+01
-8.301504794753700622e+00
-7.267540617501958877e+01
-9.191072561537946228e+01
-5.003915335160422728e+01
-5.121012712124620947e+01
-4.823258648285887773e+01
-2.154742227659831499e+01
-5.810028644460844660e+00
-2.084712404730600710e+01
-2.454564908960881553e+01
-7.601374222997276320e+01
-1.512386498917391719e+01
-8.598895155411689473e+01
-4.115208428510880623e+01
-1.264036012013743573e+02
-2.377369863070360623e+01
-7.540803307762092800e+01
-1.967663393543306327e+01
-1.058946445189872634e+02
-1.674116986608394697e+01
-4.878919531178998170e+01
-1.338973569098281473e+02
-3.240252888936462483e+01
-1.268621735323259792e+01
-7.997482403611523516e+00
-2.977549920175512099e+01
-2.622796206118409046e+01
-1.374583805961909775e+02
-1.200650637895117079e+01
-2.320840412137041398e+01
-2.212509555718677134e+01
-9.751506168126144303e+01
-4.748498096786316580e+01
-5.171261860414116995e+01
-9.887480240436875789e+00
-1.538724517869814434e+01
-6.182690471433842561e+01
-3.118143502799552280e+01
-4.226561518086379010e+01
-6.002644841460772085e+01
-1.656325530530966361e+01
-1.724010703684053425e+01
-1.525574102296871182e+01
-8.117533109379670009e+01
-3.181272600170145282e+01
-8.713174172751111257e+01
-1.309088725544356748e+02
-5.530747395897829222e+01
-9.190025941289664502e+01
-3.046769947113979526e+01
-5.057159026195716933e+01
-1.101322836476500378e+01
-3.128642430279282038e+01
-3.459032217547689214e+01
-7.530684560789252657e+01
-5.517855316021681489e+01
-1.007352633881174455e+02
-3.535480063426535224e+01
-1.031459709024141915e+02
-1.047376087372360161e+02
-1.885144209544504079e+01
-9.176077719883923578e+01
-1.706206888299030311e+01
-1.116748253646452049e+01
-1.217896750858499288e+01
-8.364081909785306834e+01
-1.159200475289167365e+01
-6.950806931329813310e+00
-3.719980413035328581e+01
-1.012220062682335886e+01
-1.883197752005567338e+01
-8.173785424100201169e+01
-7.447252243179959486e+00
-3.722947304567126992e+01
-9.391950519045938961e+01
-5.090327195615604694e+01
-8.572933146483576650e+01
-2.156831522483795993e+01
-2.895593611858032190e+01
-2.941498506536354540e+01
-1.163479088241742687e+02
-9.227515944123476643e+00
-1.499670750768363270e+01
-2.967154824973745875e+01
-2.647092849146889293e+01
-3.092490012189005100e+01
-9.820292548749240780e+01
-6.163691556164091168e+01
-6.777458237151336107e+01
-1.510629979407813828e+01
-1.377400851442134488e+01
-1.054058084414570295e+01
-2.231540357524345097e+01
-4.860742113281231269e+01
-1.111097935348979782e+01
-2.257583859337112031e+01
-5.718881978588051851e+01
-5.062545938385454036e+01
-1.703684759134662485e+01
-1.302810567516144324e+01
-5.372621787927536730e+01
-3.613605089013441329e+01
-7.010293221345989423e+01
-2.147420476200650086e+01
-1.105446807539454852e+02
-6.212719114597165060e+01
-1.351234308071385044e+02
-5.234782409201466891e+01
-1.510726152090373731e+01
-1.078743910761697400e+01
-5.003379857121912266e+01
-1.331075283747756544e+01
-9.439188018426317228e+01
-9.403509975151390421e+00
-1.044615086358853873e+01
-3.266740718098568408e+01
-9.354180656337187827e+01
-1.397311989475286254e+01
-8.541412029281994833e+00
-6.866879317839038777e+01
-4.884238883765161177e+01
-1.467865775687330299e+01
-3.091686208987243134e+01
-8.270233920478125356e+01
-3.138622336391092205e+01
-1.396533837609889162e+01
-2.323140916788251786e+01
-1.206863986494112737e+02
-9.003116894401706816e+00
-3.008932913148311172e+01
-1.174252172855166521e+01
-1.320922069653734532e+01
-1.085603525159721805e+01
-1.392722531287776810e+01
-6.754189059678344620e+01
-9.534198706336246332e+00
-2.953766148825670612e+01
-2.635506792134597021e+01
-5.631979559965347448e+01
-2.933111723969005524e+01
-3.626708106610784910e+01
-6.948555173925251438e+01
-1.691370246814026146e+01
-2.417337761560784060e+01
-1.756498331766799836e+01
-9.142020732031080854e+01
-3.334410893238866436e+01
-1.183233579838346401e+02
-2.636407799962293197e+01
-4.565909703099650585e+01
-3.703623916508205838e+01
-7.576739432429175736e+01
-1.321879780297073808e+02
-4.237969228384029208e+01
-7.275057204876588912e+01
-3.143017655175156122e+01
-2.421912365365151842e+01
-7.035085822396881383e+01
-3.190929703885174717e+01
-1.020514197917264738e+02
-6.273141373436838819e+01
-7.324511085740079253e+00
-3.588992149773068974e+01
-3.500616627497349498e+01
-3.370759655728119952e+01
-1.426118676397320328e+01
-4.900656215467152776e+01
-7.267354016182410703e+01
-3.296782764001682153e+01
-1.306058652839065282e+01
-2.270243748089773561e+01
-5.081637857591999818e+01
-5.460912254128655263e+01
-2.156814136018398997e+01
-3.668413669593559234e+01
-9.600000000000003197e+00
-1.323493749607970393e+01
-5.436375579254202961e+01
-2.815817204071115754e+01
-9.309146777301124942e+00
-6.230647498086511860e+01
-2.491979154630540449e+01
-8.951527310810776328e+01
-2.703849828710990977e+01
-4.522808547235691634e+01
-7.329569139218794760e+01
-4.444394566799048363e+01
-1.252033886041652622e+01
-1.247139307958873289e+01
-6.443989765434923811e+01
-1.126652594614878069e+02
-4.805225824926380795e+01
-4.148162819828456804e+01
-1.039313733967377473e+01
-1.183705919032387577e+01
-2.431511637420230443e+01
-1.446165112452773727e+01
-1.116077586357864071e+01
-6.915887607156911976e+00
-7.069520807123302575e+01
-1.204841294204507562e+01
-6.774009425041717236e+01
-2.946250145173717883e+01
-2.577387012328122751e+01
-6.893148534076526346e+01
-7.157707545508014846e+01
-1.058275851648293724e+02
-1.139058478012020004e+01
-9.471652069037797617e+01
-7.083456206196255778e+01
-1.211425495978392490e+02
-2.232505294850447441e+01
-6.255272182451033558e+01
-6.447301704079235662e+01
-8.615653356303680255e+01
-2.495486546535750705e+01
-4.102271366225274107e+01
-8.210030217511901185e+01
-9.473822107658672564e+01
-1.675094342283654214e+01
-9.471566449703387036e+01
-5.918001867623907231e+01
-3.051521470594821750e+01
-3.582851187226768275e+01
-2.212683272480818175e+01
-1.733669845454913272e+01
-2.079572050955949081e+01
-8.127498539519420717e+01
-9.481382483286787988e+01
-4.533446913092826236e+01
-4.721183408552565908e+01
-3.797734584008025394e+01
-1.785219350928280946e+01
-1.039916720824385976e+02
-2.615577430139238047e+01
-7.081299114192989919e+01
-1.215618902161514292e+01
-3.491979739475474531e+01
-1.126758545311453332e+02
-2.291598870126110654e+01
-8.950897921283822711e+01
-3.685755843772187035e+01
-4.352840020506398844e+01
-9.286066754701082004e+01
-9.581920952445738493e+00
-4.283447217607959345e+01
-5.045320034772014139e+01
-8.872685394710416062e+01
-2.645987164165457273e+01
-6.158508534171101445e+01
-1.375732774775651421e+02
-1.978244632437103334e+01
-2.843995252883476610e+01
-1.084615086358853731e+01
-1.165153195243730444e+01
-8.338736949353519279e+00
-1.075359919049485313e+01
-2.727818336138433608e+01
-3.953944605598078965e+01
-8.431806527835986387e+00
-8.769293167576075021e+00
-4.737510560605489474e+00
-1.592151628256307561e+01
-2.911202511556745520e+01
-9.074881649338454537e+00
-4.916336513249990503e+01
-2.046171358900468817e+01
-2.224756951521986892e+01
-1.478145432143714544e+01
-1.010000000000000142e+01
-4.502822512968238300e+01
-4.934704562042770704e+01
-2.307434203219435176e+01
-1.632584831815225002e+01
-1.386177945436856085e+01
-6.615431231801072620e+00
-2.906191103112907825e+01
-1.009332387532406585e+02
-7.296903871152375132e+01
-2.593665001345343413e+01
-1.684764443042539739e+01
-2.852917091032915309e+01
-3.796013781496355932e+01
-7.076713682985221965e+01
-1.330411425085415722e+01
-5.497612008375720194e+01
-9.809922630650281405e+01
-1.252559484049061744e+01
-7.906867283229817467e+00
-1.798184974354002463e+01
-2.575834032436847920e+01
-5.198680761390500749e+01
-4.380701337118612315e+01
-9.591641883580342665e+01
-5.578033013072499102e+01
-2.080063872657793311e+01
-3.071651844418722632e+01
-3.215216246222788499e+01
-7.884357574236827304e+01
-1.220992258528563035e+01
-2.343526326808801130e+01
-1.217824202711237191e+01
-5.753585399774246412e+01
-5.026302291027194968e+01
-1.010000000000000320e+01
-1.779477012670180969e+01
-1.353659503953816845e+01
-1.791751941190794639e+01
-6.561056157624894070e+01
-1.911633820849882071e+01
-1.126465410051763527e+01
-4.849509931447389022e+01
-2.167745349982551062e+01
-3.352240969437759333e+01
-9.800560071924909522e+00
-5.443046865957141023e+01
-4.604418809832147019e+01
-1.814143271094732057e+01
-1.659903297620110507e+01
-2.677824511228315885e+01
-7.480417719875482874e+00
-8.882272110733131498e+00
-5.360052682142287495e+01
-2.863231353100371734e+01
-1.535183734065214978e+01
-2.468640343972387186e+01
-2.825943564229691063e+01
-2.381560859976036681e+01
-1.571198714486459949e+02
-1.520581730646623875e+01
-2.723341037581396762e+01
-8.270921054260905692e+01
-4.834844512044472964e+01
-1.929756929244444663e+01
-1.010465249709071998e+02
-1.170000000000000107e+01
-5.425879570233949067e+01
-3.805565949857914632e+01
-1.463978576275860277e+01
-3.754994754078069263e+01
-3.385733354512451143e+01
-4.778527844031165728e+01
-2.773587426242012555e+01
-3.826523901730660526e+01
-2.954012364214413111e+01
-9.625834510696358848e+01
-5.184006157443856466e+01
-4.500835375690185458e+01
-9.588007458295884078e+00
-5.529664726648112705e+00
-4.211807348773665183e+01
-5.937946735544944232e+00
-6.818086695192229740e+01
-6.158588196736707943e+01
-1.438951640332635407e+01
-6.210890413139939170e+00
-1.258880015017071230e+01
-5.196278025304939518e+01
-4.944383398463291002e+01
-2.000504510266013014e+01
-1.240096786126215100e+01
-4.673994524154955599e+01
-1.721510488313684206e+01
-4.198910067813135782e+01
-1.046977387059250830e+01
-1.430862922198795140e+01
-3.974956533695206851e+00
-4.564564612715431480e+01
-3.141509324292888294e+01
-1.420034567795265446e+01
-3.315416903312806340e+01
-8.263631776231628479e+00
-2.492648602594988461e+01
-2.137430849533555133e+01
-6.111914065725784440e+01
-5.477958715694514069e+01
-9.560863072311016708e+01
-2.895297512165679521e+01
-3.541412435825780847e+01
-9.899597172896719144e+00
-1.221720180642069842e+01
-1.075556888714539205e+01
-9.567198645055128736e+01
-1.149440389063692614e+01
-6.834461878476993490e+01
-2.941196068621353632e+01
-3.791536769044324018e+01
-2.619664126833109918e+01
-2.488441861129191324e+01
-3.491983183534893698e+01
-7.385452007206413327e+01
-3.293635056289443241e+01
-2.166853305704141519e+01
-1.998354661883885086e+01
-1.319150409742660202e+01
-6.192176361939981177e+01
-4.843923610814741210e+01
-1.275928271017805748e+01
-1.693903915741549682e+01
-2.447593926253083652e+01
-1.901313332825021263e+01
-1.004131247769408120e+01
-6.535548971523617467e+01
-5.729664726648114659e+00
-6.421511360907891230e+01
-4.462350924100790373e+00
-3.432944197102385431e+01
-1.129329978790076616e+01
-7.570226384454190338e+01
-2.247721998251769548e+01
-2.293115784849084804e+01
-2.349427065967583061e+01
-2.038769524828339996e+01
-7.081466448468556329e+00
-2.540453323332209123e+01
-3.275914277932341800e+00
-1.258076277162260581e+01
-8.590379625818928844e+01
-1.865952753722810087e+01
-6.016511307783124352e+01
-3.235829225106817830e+01
-3.276887240929771394e+01
-6.397153331448453883e+01
-1.558327151212638206e+01
-4.605873241254704453e+01
-2.799804749113526370e+01
-2.322753471950085924e+01
-1.255327739488346310e+02
-1.349208276437321707e+01
-1.161123449121454243e+01
-6.882473477704205322e+01
-3.710782693497048967e+01
-1.962813007900595608e+01
-8.709026799040246658e+01
-9.767295524088719105e+01
-2.470396172104925725e+01
-2.348363787157233062e+01
-3.569844172375577784e+01
-3.346744218049862241e+01
-4.289082231885980434e+01
-1.611658045560973207e+01
-7.287471518792544956e+00
-6.042880216150200567e+01
-7.251409087818831267e+01
-2.196297030605458644e+01
-1.144565811741853345e+01
-1.304401445150841710e+02
-4.776827842717990791e+01
-1.245996557952142147e+01
-1.158671545747648146e+01
-1.870352473427916706e+01
-5.767801823800591166e+01
-1.363148490130555679e+01
-1.532521838598320940e+01
-9.505044475431444084e+01
-1.347153044810656120e+01
-1.196465410051763278e+01
-4.179124751530533644e+01
-3.306327157839907471e+01
-4.777944643125286461e+01
-2.447408433248324400e+01
-3.405715911496568538e+01
-1.364575172125192637e+01
-1.841119163685612392e+01
-3.632091290651155191e+01
-1.637632257360358423e+01
-5.638624540604625679e+01
-9.045095208087585092e+01
-2.666625227881170801e+01
-1.279265950998356871e+01
-2.922434816290486026e+01
-8.099999999999997868e+00
-2.124682314322296506e+01
-2.147062030674550215e+01
-2.384167001616269133e+01
-1.839402931910279548e+01
-2.535586119529321181e+01
-4.885753362140054890e+01
-1.326949532233197360e+01
-1.763276911747089315e+01
-2.310351116691784057e+01
-3.003719415935417913e+01
-4.122355826454418093e+01
-5.315341583294291183e+01
-5.376800229991391689e+01
-4.990140163342113055e+01
-1.240222280392822540e+01
-9.904039995275722319e+00
-1.759576509420299217e+01
-2.343911601532888866e+01
-6.298064861133426007e+01
-3.409836309844079238e+01
-2.283971897028943587e+01
-1.278737482005320913e+02
-1.293195671625849030e+01
-1.140892214935087878e+01
-7.972184955809603935e+01
-1.319999999999999929e+01
-1.475385341440175502e+01
-4.981996487596506995e+01
-1.300000000000000000e+01
-4.007156910673437267e+01
-7.899250215865521341e+00
-5.483969353953551717e+01
-7.516261355010621514e+01
-2.723224122020014448e+01
-1.734066532198181676e+01
-1.427092588835099107e+01
-8.379508771869828010e+00
-1.305722698451835129e+01
-3.924876563724915712e+01
-3.164095604252419136e+01
-1.226927325907005084e+01
-1.187439312020718951e+01
-1.322615932633181757e+01
-1.308682236940363808e+01
-5.913832443573814146e+01
-2.075361001768995806e+01
-1.725024399257873142e+01
-2.868573249759997523e+01
-1.733438728700949838e+01
-2.119141294115891583e+01
-6.100501671743940335e+01
-1.446016238331996107e+01
-2.439995327952014748e+01
-3.555800250380119110e+01
-1.385246979014346813e+01
-1.758215681389589591e+01
-7.916823217744611441e+01
-2.262506325891301984e+01
-1.197175995959075721e+02
-7.650798234791020036e+01
-9.864741092136961598e+00
-5.478870736211744230e+01
-8.918975386619766255e+01
-5.636185807704902118e+01
-7.920516356852543538e+01
-1.568169339232173165e+01
-6.784405131790643395e+01
-2.844297900762705922e+01
-3.340816856911732202e+01
-1.103593309665960476e+01
-6.889170418795856676e+01
-7.206090805473908745e+01
-6.819783178781058552e+01
-1.022816299675148031e+02
-3.493447454228557092e+01
-1.771317848977382425e+01
-6.702858883093026066e+01
-2.870519872307159659e+01
-3.010633285549194937e+01
-5.017950698260995601e+00
-1.369609308685909355e+01
-3.047447116220530816e+01
-1.147769771425070928e+01
-6.511654758924204600e+01
-4.432054356272698215e+01
-1.706222082658922901e+01
-1.350000000000000000e+01
-5.298542868862428179e+01
-3.641102885247625665e+01
-5.117857095130109712e+01
-1.230145176721620004e+01
-2.742244859820863567e+01
-1.087607397780625007e+01
-9.799993550516046525e+01
-2.889387511966624800e+01
-1.939783722493753615e+01
-5.715744216356722518e+01
-5.871877988584132879e+01
-3.332028068353930195e+01
-7.539910081823923527e+00
-5.260950139866346120e+01
-1.066727921150613412e+02
-7.564961363448048814e+01
-2.375745182283192491e+01
-2.869512664236568966e+01
-1.193389176506597380e+02
-5.689444888394735500e+01
-1.327977024644512483e+01
-1.070681483331529193e+02
-7.545479114741303306e+01
-9.693341068676916805e+00
-1.426670495896632040e+01
-5.240576011069430251e+01
-1.514883840579643959e+01
-3.343007971576541593e+01
-9.625834510696358848e+01
-2.433456025375053144e+01
-1.289602574317628303e+01
-2.582912256580173960e+01
-3.748991242369751831e+01
-1.182056949554298342e+01
-3.720110978425692849e+01
-2.589351528393991231e+01
-1.214849783575755993e+01
-2.538041707023025850e+01
-1.329441031226463643e+01
-5.692618846000036115e+01
-1.363130468110278137e+01
-6.780379244829929064e+01
-1.163738585722409269e+01
-7.234422485304720851e+01
-1.047557962720600244e+01
-4.902049413372249376e+01
-2.133714661520833289e+01
-1.153525626034398854e+01
-1.514181462804502942e+01
-3.226040097069567025e+01
-2.268184991076394752e+01
-2.588091759688444782e+01
-2.306289250046011929e+01
-3.027030096826958072e+01
-1.636089242072455718e+01
-6.017363899771002167e+01
-1.161986040268938503e+01
-2.744338165312260003e+01
-1.404872864414019062e+01
-1.807796954217254992e+01
-5.474998398680823186e+01
-1.157435316262591485e+01
-9.936497640323675995e+00
-5.985291417057553076e+01
-1.466844112214382534e+01
-2.916316343069020078e+01
-7.111289059864486717e+01
-4.843923610814741210e+01
-1.415816127749808651e+01
-5.823395646552624783e+01
-1.680718426504571639e+01
-9.351566539911499376e+01
-6.393984943402062981e+01
-3.579262607163977350e+01
-1.312563302239511032e+01
-6.473789962260642028e+01
-7.096730061578243465e+01
-3.890545724818269946e+01
-6.105541317379188371e+01
-3.418949561527175973e+01
-1.368598872603172545e+01
-3.163500130896752083e+01
-1.168375184430692215e+01
-2.453786516243319227e+01
-9.042452550289791446e+00
-1.658819911714078899e+01
-1.665569352629049860e+01
-3.727202282783873954e+01
-2.355976889857855738e+01
-1.352088685768154974e+01
-2.384039628798260324e+01
-6.013467733147023608e+01
-1.904381427116921799e+01
-1.203438874519640578e+01
-2.232073095230191129e+01
-1.954942453606807007e+01
-1.092965992000225128e+01
-2.303010148804003876e+01
-4.055517662962611070e+01
-2.643517241466869194e+01
-2.245198209546088819e+01
-1.320139890361602930e+01
-1.306385305513844131e+01
-2.517923370336690070e+01
-2.397470354016450855e+01
-5.010078554884302804e+01
-6.245058698153400201e+01
-1.578457191227085943e+01
-1.042225743204525301e+01
-3.894117822361617698e+01
-5.417305634731083330e+01
-1.550244184516383328e+01
-1.047596827019471810e+01
-1.505771010945258936e+01
-9.291697086272650097e+01
-2.855181682540863974e+01
-6.380464010106662442e+01
-5.479481316845355821e+01
-1.503290326036294644e+01
-6.617033348150897609e+01
-2.944436032211096688e+01
-3.852878326530517228e+01
-2.686487245270512858e+01
-2.812510805557705851e+01
-1.073917817217258630e+01
-3.491535742781225338e+01
-3.186435953677482047e+01
-1.707348494135909434e+01
-1.128421224563463277e+01
-1.246499959777236199e+01
-2.854162173445320150e+01
-5.872806886327504117e+01
-1.048781069195622706e+02
-3.806343580305646412e+01
-5.751274351224954984e+01
-3.025492912528290645e+01
-1.456445150498544372e+01
-1.616535280826520804e+01
-6.379616401779811952e+01
-3.630354736796537196e+01
-1.654850902194701945e+01
-5.905438756678070433e+01
-2.245198209546088819e+01
-4.846189177454094477e+01
-3.153583688091856629e+01
-1.838172446292684015e+01
-8.543075410608317100e+00
-5.333432849259259001e+01
-1.455122425111338913e+01
-5.899242153955997026e+01
-1.451255393493899426e+01
-1.216714750628712771e+01
-1.882799762001281607e+01
-2.147487576421106681e+01
-1.419655789131668477e+01
-1.339699477584326637e+01
-6.289790995170799448e+01
-4.510016281235603230e+01
-2.982843611003583462e+01
-5.267795781780252184e+01
-1.523424438902726230e+01
-2.075762248698342560e+01
-1.470794716003928393e+01
-5.115083434748279956e+01
-5.409754475809987184e+01
-8.743561213859656789e+01
-5.597659374454115522e+01
-5.691066110799753375e+01
-2.226980753528681589e+01
-1.329377163170407528e+01
-6.029436462135128494e+01
-1.430531745430249124e+01
-2.150371917472148553e+01
-2.982843611003583462e+01
-2.100658109391274309e+01
-2.194084103722639512e+01
-2.462739350590078402e+01
-3.379686249649330954e+00
-6.384487377140077768e+01
-1.652710879582885184e+01
-3.513582911574921752e+01
-2.671015616077323784e+01
-1.812133958590548488e+01
-1.276700697462892542e+01
-1.968946927621265530e+01
-9.069347426412284108e+01
-6.006313307307091520e+01
-6.793339016531264463e+01
-6.642138687185332913e+01
-1.429465374181020465e+01
-2.917982818347123697e+01
-3.123032923756836965e+01
-5.992589543672490748e+00
-9.242972152784577133e+01
-2.328978466337343534e+01
-2.895934298956904485e+01
-1.560355392745893255e+01
-1.582677922799484804e+01
-9.804916351988526912e+01
-6.351887607605654296e+01
-1.278341653333897199e+01
-1.108054402001198468e+01
-1.266424477463458942e+01
-4.003820505014495978e+01
-9.685460528617777953e+00
-2.138174178762582045e+01
-8.959866974858737620e+00
-2.012884980220914244e+01
-5.294406541192665827e+01
-2.490087583915908453e+01
-1.578196609672649409e+01
-6.719737366007261414e+01
-5.305970532872163403e+01
-6.782910215149341582e+01
-5.362367675246383669e+01
-2.401136007482563173e+01
-2.399295502370304334e+01
-4.795515224163688117e+01
-7.195465192907038343e+00
-3.333285334817433210e+01
-2.010162668260940677e+01
-1.304125570253762945e+01
-2.710853831544075021e+01
-2.834668217048628236e+01
-4.916064062487159703e+01
-2.376722133169897333e+01
-1.557999408707353339e+01
-3.297012709301422717e+01
-3.886404691515267018e+01
-1.537140959925095451e+01
-3.008877356841831485e+01
-1.916861800745868649e+01
-1.288151591571156906e+01
-1.557566321814846333e+01
-2.865178425841884646e+01
-1.343032928589084563e+01
-2.008894738040532246e+01
-2.733559330955562316e+01
-2.732631715863063349e+01
-5.396514811950849833e+01
-1.217602631360986720e+01
-1.608819911714079254e+01
-2.120515614580443042e+01
-3.220427871293829014e+01
-2.753297326354212515e+01
-8.777365180522467369e+01
-1.133863174768159787e+01
-8.439590821590090286e+01
-1.525805833496240638e+01
-3.429546767455437362e+01
-5.003439967448150583e+01
-8.343533513134380186e+00
-5.337226496643131668e+01
-1.350847739375599410e+01
-1.377929452538527144e+01
-4.580256555129065532e+01
-2.597988604450437577e+01
-3.094989606636737989e+01
-1.317185182484515593e+01
-5.557148971345647226e+01
-4.909486372979066005e+01
-2.225654436706604855e+01
-1.794440611256227669e+01
-5.653206031270526921e+01
-1.280479687920639620e+01
-2.939810992792279976e+01
-2.235418651161034731e+01
-1.096501307802802749e+01
-4.831333721200118703e+01
-4.901975753114403744e+01
-2.097240834465183923e+01
-6.516544482760713208e+01
-5.690770648650560304e+01
-1.887875340160602278e+01
-2.928548728094244780e+01
-1.823268449448871209e+01
-1.259506805331493418e+01
-2.127896003597074781e+01
-2.435797925453592683e+01
-6.785060763566480091e+01
-1.550821108628108469e+01
-1.618012697031911529e+01
-1.225288442543880763e+01
-7.770357421374119156e+01
-3.820255654916439880e+01
-2.124785716427866689e+01
-6.921377688669262795e+01
-2.257465000166004643e+01
-4.977470623754367551e+01
-1.038260331437586004e+01
-4.492375216517163494e+01
-1.310430327171818732e+01
-2.466120885300651722e+01
-2.138120532380266781e+01
-1.346084395785826970e+01
-3.710747363909898411e+01
-1.325384537948478503e+01
-9.589394620617481380e+00
-4.779364133361518441e+01
-6.113405914718887857e+01
-1.873257906639434367e+01
-1.704334300167133875e+01
-2.005362001109700643e+01
-1.365674174660530760e+01
-4.937255424614112087e+01
-1.270479687920639655e+01
-1.587595508557912360e+01
-1.352210759156479014e+01
-2.702280326058183491e+01
-8.439590821590090286e+01
-6.484351757800759231e+00
-4.209163666743360466e+01
-9.940971524462925757e+00
-7.220430408173518799e+01
-4.844900819097122024e+01
-3.048590341218930178e+01
-5.987195130505672580e+01
-1.234192394269846282e+01
-2.140552102617408536e+01
-9.396107157763362139e+00
-1.251919966171747944e+01
-1.035408369761136953e+02
-1.478800359971887879e+01
-8.910759139727897349e+00
-9.588426038696908904e+00
-9.817613912339994897e+01
-4.880062821381813620e+01
-1.271049852407361413e+01
-1.094168292635404214e+02
-1.792003558598142021e+01
-2.348213995124664422e+01
-1.229971415374746080e+01
-4.796710460767383921e+01
-6.436092544175858166e+01
-9.364692721308321666e+01
-3.671725100956543919e+00
-2.491264411514889332e+01
-5.352087984411963362e+01
-6.406790845840579607e+01
-4.432272728094942238e+01
-4.852372726281431881e+01
-6.195878453009257214e+01
-1.809183238013239503e+01
-1.708149817820379113e+01
-2.183021848705440959e+01
-1.970655169164685461e+01
-5.593198715524064824e+01
-1.293248670027467107e+01
-1.290000000000000213e+01
-1.538903355594392508e+01
-1.331861120551630151e+01
-9.268962751699419300e+00
-4.017218695733811273e+01
-8.791771019956806654e+00
-1.268755122077792663e+01
-1.583408110556828063e+01
-4.962518855598982270e+01
-7.200000000000000178e+00
-6.104723073664224131e+01
-9.964107863775312879e+00
-5.223613697967605418e+01
-8.347908231814774638e+01
-2.071906100010762941e+01
-1.036077514469280025e+01
-1.426531354687847575e+01
-5.140230284998857968e+01
-1.421735816881098735e+01
-2.599946486321035621e+01
-3.097983830931171312e+01
-1.317165610599518821e+01
-1.848791990862251211e+01
-3.613755419188117912e+01
-1.259257440403857231e+01
-5.912493619735376171e+01
-4.328438609171301010e+01
-1.770039525226289001e+01
-1.723603600577871831e+01
-2.422629760306065450e+01
-1.768029941885899348e+01
-1.502557264016716587e+01
-1.346541110055272128e+01
-5.194159368415970590e+01
-1.011394456971866447e+02
-8.239354407729559071e+00
-4.159331775925766550e+01
-2.638339466185234983e+01
-7.100000000000002309e+00
-3.908930026255379886e+01
-7.233647179003171779e+00
-8.693470504002335986e+01
-1.590166881265041354e+01
-1.750002840185448605e+01
-3.793573738500541026e+01
-4.120575517286131628e+01
-5.094544049712864364e+01
-1.317531008094538336e+01
-7.674768952338737904e+00
-1.725032675849504216e+01
-3.725709031839880225e+01
-1.288260835567763785e+01
-6.828340325907665154e+00
-1.923705330074766451e+01
-2.995325517087421119e+01
-1.689990267395850410e+01
-9.350813220739217613e+00
-4.963473395105161501e+01
-1.998702326484839631e+01
-2.665602312042312505e+01
-1.171047509074921145e+01
-2.240950219829930390e+01
-1.977502000741887755e+01
-6.618585353304331420e+01
-5.593565512394103223e+01
-2.547926191956330300e+01
-1.066077514469279741e+01
-1.833798347662279227e+01
-4.164540365456601734e+01
-1.917544837825793991e+01
-2.076045381939353973e+01
-1.797440434979776924e+01
-2.740133953721955251e+01
-1.363163531427679587e+01
-2.407753226460917162e+01
-1.762961087665039273e+01
-1.365041839059466433e+01
-1.911206395915462863e+01
-2.991115384053396298e+01
-5.442854202236429018e+01
-3.731512297813632273e+01
-1.309680594296162148e+01
-2.596190012895121058e+01
-2.245364685571283303e+01
-9.110733331905085208e+01
-1.541138796549061318e+01
-3.764117982332263068e+01
-3.856326449916815591e+01
-2.095364335097841391e+01
-3.593044619386559191e+01
-5.888510692445538552e+01
-2.219877892232663186e+01
-5.762962433780297289e+01
-2.128481139222313345e+01
-7.649606144461592372e+00
-5.986444002073802295e+01
-1.403367925378197256e+01
-8.521677582418655561e+01
-4.414746754515401506e+01
-1.146190256191468926e+01
-1.414902486113582647e+01
-9.629328421672644467e+00
-7.855441005219818251e+00
-1.542449481416516299e+01
-1.612365552260302692e+01
-4.655168598114835987e+01
-1.199506133104749850e+01
-1.128588202869468127e+01
-8.343436141563921637e+01
-1.294195757345603859e+01
-1.959065551533599248e+01
-3.200464712540251355e+01
-1.416308300357524885e+01
-1.565485644898036455e+01
-4.125747166875701311e+01
-6.114802537309199693e+01
-4.851693277366601365e+01
-4.693757021221811243e+01
-1.212414345668798710e+01
-6.692033883355547630e+01
-2.504098968022697136e+01
-9.880245167307577958e+00
-6.319809722840881250e+01
-1.281457352166444785e+01
-8.748847634813002117e+01
-3.790843505856356188e+01
-2.698546126665507927e+01
-9.817971610269279381e+01
-7.199999999999998401e+00
-3.430108946060010311e+01
-2.531681227919070665e+01
-2.472981127750231423e+01
-2.257898182879936044e+01
-5.902482907608738572e+01
-4.094573000163660481e+01
-1.233916083215619963e+01
-9.018235521321257409e+01
-1.427693570485936903e+01
-2.876389381618803753e+01
-1.240000000000000213e+01
-2.037062030674548652e+01
-2.404273260676024293e+01
-9.542204289417766461e+01
-4.749721897791202707e+01
-2.668509047482036678e+01
-2.500827963365925655e+01
-9.601391658612230628e+01
-4.967459577968004680e+01
-1.633744815919395421e+01
-2.199123531451576596e+01
-2.747425142868648251e+01
-8.611731076608241153e+01
-4.272160195734260668e+01
-2.216733592789423568e+01
-2.551534180623642811e+01
-2.282039470144543358e+01
-3.893064746020280520e+00
-2.824494484433529706e+01
-4.314563269258706413e+01
-3.311333102367600389e+01
-7.755343003562859217e+00
-2.647169041894289876e+01
-1.024866163368664473e+01
-1.185958018561014704e+01
-1.331426485748111155e+01
-7.618247617114256798e+01
-3.490619919493783385e+01
-2.716940002583885772e+01
-4.162968882542467242e+01
-2.277262281295131885e+01
-2.041304474964660187e+01
-3.038281107680474236e+01
-3.098411113233915515e+01
-2.552056691669774224e+01
-8.895354476011057443e+00
-6.589658858398765062e+01
-4.475390185266077125e+00
-1.350132775654249428e+01
-2.063681001997641928e+01
-1.942286384895646378e+01
-5.000329781737359269e+01
-5.556226645129335395e+01
-3.893064746020280520e+00
-9.038314432918337360e+00
-3.778820994836927127e+01
-8.031822953805502152e+01
-5.791597468278196459e+01
-4.564266766741443604e+01
-4.439275885300732227e+01
-4.759262990423708928e+00
-3.587109465928220686e+01
-2.361509782954768610e+01
-1.481334253484127927e+01
-2.088167131174730784e+01
-1.937065751078181464e+01
-1.050000000000000355e+01
-5.642466866982186247e+01
-6.983667551850692234e+01
-6.795033666890415702e+01
-1.086465410051763314e+01
-5.048839560099913371e+01
-2.223584537720603294e+01
-1.103851334467850336e+02
-4.541294968566744927e+01
-2.245291640357262253e+01
-5.640258404012842419e+01
-2.287604282310835302e+01
-1.105382279119872990e+01
-4.651500428050632507e+01
-1.173211178792915987e+01
-1.669807267510798354e+01
-6.185471021121566082e+01
-9.713014362122038392e+01
-1.185202404255634079e+01
-4.297537400714875844e+01
-1.996426629323989133e+01
-3.249601086778336168e+01
-3.719407924927008224e+00
-2.735152208060817713e+01
-1.593319800281624588e+01
-6.669783452952551706e+00
-4.465540068749569969e+01
-2.174694048361077137e+01
-1.415027694781951517e+01
-2.241101395296132992e+01
-1.848866340053869450e+01
-5.861271729984497370e+01
-4.405101939394400290e+01
-2.391724817412991300e+01
-1.458714121258766561e+01
-2.424511921661882496e+01
-4.369971557219509251e+00
-7.515388522210335509e+01
-1.246102562280137107e+02
-1.119248773567002431e+01
-1.872213032895348306e+01
-2.769967962402751382e+01
-5.945056017790795266e+01
-5.551827494626959236e+01
-4.181826405572305561e+01
-1.759776108734142852e+01
-8.059317060205644978e+00
-2.895236830676932627e+01
-1.471517892013432949e+01
-4.847456025695267101e+01
-3.103879872191810207e+01
-3.939526199876552681e+01
-4.895756107531725831e+01
-4.237302505801999075e+01
-8.199999999999999289e+00
-2.797415507165593240e+01
-1.205286390381675510e+01
-2.618482348897888556e+01
-7.940729123064649286e+00
-5.010378925006111217e+01
-1.686376825931160894e+01
-1.576304271918710143e+01
-2.196617305688686272e+01
-2.026555220237554167e+01
-1.720209296946202571e+01
-9.387779646907991093e+01
-5.128464910492166240e+01
-1.036677195614645086e+01
-9.990044617546125494e+00
-1.205416169864123965e+01
-9.642997508737508383e+01
-1.534954185140491845e+01
-1.327242722231478211e+01
-1.538218943651944848e+01
-6.309621937116751234e+00
-1.493645809001084501e+01
-1.434636511369175160e+01
-1.287172488883794585e+01
-4.496221020274845870e+01
-3.431927168771921544e+01
-6.733202275403536419e+01
-4.055073040936659368e+01
-6.476695856025870945e+00
-9.013768518664512897e+00
-1.461220416217844331e+01
-2.086803744390475401e+01
-2.548919683161855332e+01
-1.786368483517867389e+01
-1.436137752752490826e+01
-4.516820975020593210e+00
-1.536986331471797840e+01
-4.715923253422504047e+01
-5.617125204258853444e+01
-6.169815302545841007e+01
-1.165488128917928812e+01
-1.170103654804879341e+02
-1.883505375014859240e+01
-1.140857116049786235e+01
-4.645411358817771941e+01
-3.815513966401497470e+01
-7.223845012460823511e+01
-6.873652984602592220e+00
-1.721097942094191779e+01
-1.096940433890830668e+01
-3.559510856056374450e+01
-5.156907485490236098e+01
-3.028173063341485260e+01
-5.153315476534601913e+01
-3.178214214204577459e+01
-2.044085235626460673e+01
-1.318081787136421035e+01
-2.602706283738748283e+01
-1.252836402656376791e+01
-2.155309465469707675e+01
-1.045118580389265759e+02
-4.965822001282494824e+01
-4.817461750058384951e+01
-1.960639221439216584e+01
-3.472022904847828784e+01
-5.835898671898815593e+01
-1.164074539334088954e+01
-2.337107361663688820e+01
-4.579665621475400172e+01
-1.092825346954048804e+01
-2.242869486662834788e+01
-4.293185978618883070e+01
-3.738686791341407911e+01
-1.175040233154552816e+01
-4.687146794001101568e+01
-2.975207275905099635e+01
-2.907233168651217170e+01
-3.965878369987915875e+01
-4.507268767480739768e+01
-3.287353190301347183e+01
-1.953057303268277067e+01
-1.167771135458193577e+01
-1.188172697014861257e+02
-2.321019870809456265e+01
-6.595311281623347099e+01
-3.939789873340860993e+01
-4.118235765099021251e+01
-2.756638760719649284e+01
-5.499214192838181958e+01
-1.735527648650293742e+01
-1.706987440614305029e+01
-6.091530006694311794e+01
-1.309092132285577570e+01
-1.138150596941869530e+01
-3.262625348360331401e+01
-8.049264982605288665e+00
-2.652088368722366596e+01
-1.743434569109946253e+01
-4.866532358210174181e+01
-1.402964781798768534e+01
-5.391881475594590967e+01
-1.767445519461230674e+01
-8.642674102756949139e+00
-2.395524690592497663e+01
-2.602228650405005794e+01
-6.838091369220848037e+01
-4.967164681126971715e+01
-9.090299912108459068e+01
-1.090000000000000213e+01
-2.272867285618654520e+01
-1.680931193212828134e+01
-1.562117660772013750e+01
-1.145470784470837167e+01
-5.763782455092080426e+00
-1.626033723231179806e+01
-2.736324551909739711e+01
-9.535261422486436800e+01
-9.390008082620799001e+00
-3.466297237483652083e+01
-1.135615983842499510e+01
-5.071927730157781156e+01
-6.414126665321057885e+01
-8.194059017956007551e+00
-6.321476801048505934e+01
-1.514682899699133323e+01
-3.137222209899966785e+01
-2.493508430403627329e+01
-6.742174161782807573e+01
-1.663259301447561711e+01
-5.205051311085202137e+00
-1.404410210192637365e+01
-1.244886271280211787e+01
-2.002710347726383233e+01
-1.461220416217844331e+01
-4.899351076040642283e+01
-4.757608362135937341e+01
-5.569753290475740215e+01
-1.062729777496213579e+01
-4.772447719899135876e+01
-3.861287084195561903e+01
-1.216550804719283718e+02
-5.891662624618260935e+01
-2.282039470144543358e+01
-1.392222430482760664e+01
-1.066077514469279741e+01
-1.089331804414833371e+01
-1.621048813012056300e+01
-5.529863584835242563e+01
-4.304191962108428982e+01
-8.356718336324929552e+00
-4.028099092698933958e+01
-1.415273384396008716e+01
-6.904510857741972707e+00
-2.439969201246305275e+01
-3.645451332898419849e+01
-1.396046628269239420e+01
-5.722919689050932845e+01
-1.398571756285281609e+01
-5.096003336320531218e+01
-9.727142977718607142e+00
-1.338973867215329783e+01
-8.951980241048614673e+00
-5.537152324076146925e+01
-1.800947027586512306e+01
-6.404673195778353545e+01
-6.717271259576970976e+01
-1.128662731202123304e+01
-1.056415894497004047e+02
-6.472897309897403773e+01
-4.146934358767307316e+01
-2.117592472240449553e+01
-2.811295835952027744e+01
-1.201124092659007658e+01
-5.505530710838399955e+00
-2.023764503602692955e+01
-4.367930595404771132e+00
-2.424355366618661733e+01
-4.986102833063395678e+01
-2.041618222861978182e+01
-5.081405910062580489e+01
-2.627670709751762956e+01
-3.779961704215226348e+01
-3.867930595404771132e+00
-1.588313505432825146e+01
-6.665898787444133333e+00
-4.967164681126971715e+01
-1.054155620803440883e+02
-3.335961949085402978e+01
-5.408682324093383897e+01
-6.185644759834728035e+01
-1.865350121951884788e+01
-1.820321698944660582e+01
-1.214412648206095291e+01
-6.702842932115265739e+01
-4.758161112445877450e+01
-2.643877659618860321e+01
-1.413847169961354666e+01
-1.517017695990370640e+01
-7.700463240601884252e+00
-3.986475853742530262e+01
-3.926104580153892698e+01
-2.597497156579457567e+01
-4.318751968056850643e+01
-2.561804635568586264e+01
-1.895010432607235629e+01
-6.130759666717597867e+00
-2.404943851087984186e+01
-1.456627141766144184e+01
-1.616313825392237646e+01
-9.487202896230193971e+00
-5.433030614147833859e+01
-2.399795928098092901e+01
-8.129022947556137524e+00
-7.665879420229899210e+01
-1.430759319575841282e+01
-2.032792455993051917e+01
-1.887388203867895697e+01
-1.292371797059115046e+01
-8.440248498434133495e+00
-2.714756792707009225e+01
-9.093768520377734887e+01
-2.792309751652176431e+01
-2.866906673469648226e+01
-5.961734580726373522e+00
-3.830120893215746491e+01
-1.044919444225917715e+01
-1.228561420151832451e+01
-1.021839006279853201e+01
-3.719407924927008224e+00
-1.444821915289304748e+01
-1.426502125175482405e+01
-1.301263246291086872e+01
-4.933024242630242640e+01
-9.602913426675634412e+00
-6.334100890510593551e+00
-2.002281866164505075e+01
-4.365243107598917760e+01
-7.630403627075778239e+00
-2.185623515163759834e+01
-9.773487253008406128e+01
-5.444794199989753736e+01
-1.328200254868095165e+01
-1.046066758513934580e+01
-4.513892713248440458e+01
-3.879883958160051094e+01
-2.366074536794641858e+01
-1.939006730171378834e+01
-1.121864213445127412e+01
-1.119089104731032158e+01
-2.198703726631338995e+01
-1.734235065519875363e+01
-4.434971535956313460e+01
-1.506036991537845715e+01
-1.676542299381109657e+01
-3.793855414840405160e+01
-2.297719433068359507e+01
-3.222913138036781788e+01
-2.437613580646505440e+01
-9.815606934019886154e+00
-8.480562386221406257e+01
-1.129641213571319369e+01
-2.045491859421456127e+01
-5.338775460012634966e+01
-6.851744088378913133e+00
-2.294778430564830529e+01
-9.927422478298574049e+00
-5.513508263850792446e+01
-6.303992640161206396e+01
-7.131398489995728340e+00
-8.201437582058202835e+00
-6.845159922920559836e+01
-7.719634817606547017e+01
-5.235127552768290116e+01
-1.461220416217844331e+01
-4.169826144219913289e+01
-5.043154191410839360e+01
-1.868355278526884078e+01
-1.803798975633285906e+01
-4.771525436497925909e+01
-1.573509014052816646e+01
-1.131984350235619452e+01
-5.491893861443301006e+01
-1.323517727508474096e+01
-1.438710734352626730e+01
-5.284503453679815976e+01
-6.089768496950579646e+01
-1.760983895540331545e+01
-2.456491704880651383e+01
-1.427014844662748416e+01
-3.265732236659442123e+01
-3.824743001959198097e+01
-7.711067638053607709e+01
-2.402646268204462743e+01
-1.238303450048140952e+01
-5.691741019803536084e+00
-1.178770981372468363e+01
-6.886071905822547023e+01
-4.392438698213027948e+01
-5.999528811402273121e+00
-2.230510126211496313e+01
-2.747612314989921600e+01
-4.258670371220441098e+01
-3.151459029508194831e+01
-6.215861052541023213e+01
-5.362654287707829326e+01
-9.440820235134746952e+01
-3.846698026701015038e+01
-2.691416165253595238e+01
-1.171448539082861373e+01
-6.406440853708082273e+01
-2.547351843874648125e+01
-1.342680552781553871e+01
-4.208499999436875783e+01
-1.461106787531696583e+01
-5.405212962880153782e+01
-6.151070334381503102e+01
-3.912303874127608339e+01
-3.223476860992526127e+01
-4.556183497200811061e+00
-2.705274566939539227e+01
-8.659894636166574955e+00
-4.327974286457937581e+01
-2.329380676231742342e+01
-2.600024569446732770e+01
-2.024421558424345591e+01
-1.982557216655856536e+01
-1.603220747937488966e+01
-9.226411736758931781e+00
-4.262364755997550247e+01
-2.326159112205927215e+01
-3.572157673677399892e+00
-9.309313829446612942e+01
-2.662675959556372973e+01
-7.988496005018378199e+00
-2.577995297589447787e+01
-8.841472110290838771e+01
-1.839022463019651710e+01
-1.020736131383453937e+01
-6.819752322023250990e+00
-2.047211924661620586e+01
-7.530896607065977300e+00
-2.324206120559360045e+01
-1.815502921638666223e+01
-1.394219448306655806e+01
-1.904273570786654091e+01
-1.014393445104620071e+02
-5.693769182405994655e+01
-1.188055146211852815e+02
-6.204622366852542648e+00
-8.540896425468578457e+01
-1.601144498119100845e+01
-7.266797205029654094e+01
-5.207948730811607874e+01
-1.025199884682521301e+01
-6.453056931195467882e+01
-2.283214202838804496e+01
-2.202017108484805874e+01
-3.338130944908686359e+01
-2.142665013303717814e+01
-5.237840342838128826e+00
-6.053039151617766400e+00
-5.379608552199795390e+00
-1.281603650005775918e+01
-2.041957717177405840e+01
-1.659258809646512134e+01
-1.339654954458638159e+01
-5.267991830918663254e+01
-2.424868094801744789e+01
-1.512815450414055540e+01
-6.414171556957091624e+00
-3.067644521871371310e+01
-5.918276052395961528e+01
-1.440759113327841412e+01
-5.614853813632682034e+01
-9.517993447287749120e+01
-3.209923869447282385e+01
-5.023834104674619994e+01
-1.762863726257912234e+01
-4.048103873472135916e+01
-3.310944969775753322e+01
-8.463323755063895248e+01
-6.688257641269441933e+01
-9.126441753430540871e+01
-3.808104287887732653e+01
-1.241224152177170836e+01
-5.741061638469300732e+01
-1.886689130959520000e+01
-4.098004118512386995e+00
-3.179654408010710753e+01
-3.282387597419418768e+01
-1.003880333047628426e+01
-3.739790353547660828e+01
-1.066599050540158977e+01
-2.253440343329471318e+01
-1.151636657696533383e+01
-4.808833041870369840e+01
-2.602257373978804722e+01
-1.530755383107119805e+01
-1.660751718226241280e+01
-3.105172958261801952e+01
-8.915620900070354793e+00
-2.282283822476321689e+01
-2.367776734942426842e+01
-1.954282047233840203e+01
-1.932000615154944967e+01
-3.363197523828203916e+00
-8.316590200619270234e+00
-5.546099368704234678e+01
-4.604703469934003834e+01
-2.385021642287922816e+01
-1.069118183051325488e+01
-5.893048839817543438e+01
-5.979497584701952917e+01
-1.381235646676616824e+01
-1.068964253839392242e+01
-6.296845474240708285e+01
-1.920792616792587992e+01
-3.069745033723588890e+01
-5.781486878928863149e+01
-6.621677074753741010e+00
-5.524267373804036652e+01
-1.186186099259855453e+01
-5.231893170014765815e+01
-1.286046196330360303e+01
-6.319809722840881250e+01
-2.222035694124879157e+01
-1.316417792996607439e+01
-3.391898142543459471e+01
-2.535572016789065941e+01
-6.152032505181249888e+00
-9.100168862860530794e+01
-2.223610519410070196e+01
-1.231265934595029599e+01
-1.997294268188972310e+01
-3.857967721963201058e+01
-9.877268315518522357e+00
-2.594545796981280716e+01
-6.890977421358241095e+00
-1.851324940625479343e+01
-9.239002396588722377e+01
-5.013820221632158791e+01
-4.314013525080852673e+01
-1.189912155632708668e+01
-5.474980240796528363e+01
-1.377804283728545443e+01
-5.539541604171953537e+01
-9.790653646224343731e+01
-2.952718214403721575e+01
-9.677101121635526937e+00
-1.634354556225221700e+01
-4.912575052930698405e+01
-1.282451608299792056e+01
-2.062263813407147239e+01
-2.342500751514937107e+01
-2.635871384349132995e+01
-4.709851936395916994e+01
-1.023653249325884573e+01
-9.107239094492291542e+01
-4.230432671431024083e+00
-4.977320736380909949e+01
-1.805127880475835411e+01
-4.676303969714194864e+01
-8.684907937671088263e+00
-9.842290469949873000e+00
-4.928218705062663929e+01
-4.991733521141563301e+01
-1.052316510902212698e+01
-1.951159591842470675e+01
-2.001069119978660993e+01
-5.156585503698785544e+01
-5.751091309843761223e+01
-4.695436352004993097e+01
-2.103725774289835471e+01
-3.552073330885135505e+01
-2.201238947444710448e+01
-1.890546386876430773e+01
-8.988287187496645458e+01
-4.040165905433843818e+01
-3.585394378069968724e+01
-1.662651530727751137e+01
-2.224251012622003643e+01
-2.198567897197857945e+01
-8.604147921125989029e+00
-3.449665013666324143e+01
-1.163747410936574411e+01
-1.521585505741251687e+01
-1.078707330740952983e+02
-4.012065649981328086e+00
-2.383290660625568336e+01
-2.609155798187394382e+01
-5.705357507238677783e+01
-5.448886921618197476e+01
-1.291886810584258427e+01
-9.079222274163591067e+01
-3.187613996292201080e+01
-2.575021455783510760e+01
-5.071610940998228045e+01
-1.433780984075568732e+01
-2.234462690578774513e+01
-1.169588073386313809e+01
-1.396419745664301892e+01
-1.084354211847878702e+01
-9.273880711289093526e+00
-1.336700660692169329e+01
-6.493844496711166414e+01
-1.151691508508081938e+02
-2.897996397321512418e+01
-5.140242895670015244e+00
-1.209108853987310184e+01
-4.862009925417272171e+01
-3.314447665261588583e+01
-1.546989791856006136e+01
-1.005634329525451420e+01
-2.201323500766848440e+01
-7.025302986493652924e+00
-2.900542942717159534e+01
-6.865890810014872159e+01
-9.741705634608891273e+01
-4.949945363446578206e+00
-2.335148135332016750e+01
-4.363438891956938193e+01
-2.210246545083813885e+01
-4.630833867068096055e+01
-5.485858613955642227e+01
-1.779418823102406222e+01
-1.540266279995655552e+01
-3.167995761565412494e+01
-8.245037327238364355e+00
-9.636727392653753554e+00
-5.940547093835868253e+01
-9.931675346286773731e+00
-1.183288820577642042e+01
-2.463991182501617061e+01
-2.490708265053780224e+01
-2.901427997125216152e+01
-1.317257074485089774e+01
-1.062017744802384840e+02
-4.613925963987954759e+01
-2.424868094801744789e+01
-1.239527398197671815e+01
-6.753423419032789532e+00
-7.814229148411419601e+01
-3.045704780462404315e+01
-6.223955021877408456e+01
-1.602875009631612713e+01
-4.935519165779540529e+00
-2.678113790613884859e+01
-4.201673359880039271e+01
-1.067670685717972212e+01
-1.698621927817167432e+01
-3.155190162230623585e+01
-9.528241991510290632e+01
-5.343663438476195182e+00
-2.201338432757327368e+01
-9.407628750963429809e+01
-3.549482318610009202e+01
-1.215237571475199374e+01
-1.183222943986567799e+01
-8.911193348995666952e+00
-7.209358691380158390e+00
-8.479827751849835948e+00
-1.155417140228526662e+01
-2.481836008508645008e+01
-2.621827932146484841e+01
-3.331303658742734797e+01
-3.516072302929268290e+01
-3.937354335266432770e+01
-5.124082051581895314e+01
-2.559654561865352207e+01
-2.124399100590349576e+01
-1.177173035449037464e+01
-7.222154093606259551e+01
-5.298537933002246092e+01
-2.109660879888629026e+01
-1.242109937808637987e+01
-1.362710134254995076e+01
-1.600967655967043157e+01
-1.458739908093932769e+01
-9.165643305608826097e+01
-1.368533909084068689e+01
-1.461220416217844331e+01
-1.757589869245493830e+01
-1.027362605513402549e+01
-1.871511920315749222e+01
-1.932924525443362640e+01
-3.661455272773262237e+01
-3.096393853143531416e+01
-8.002886775357527682e+00
-6.904438609743451138e+01
-4.017052209925022765e+01
-8.928657423120178294e+00
-1.202874222538362758e+01
-5.956435997865084175e+01
-2.444868094801744718e+01
-4.918480806289972307e+00
-6.386932811725460368e+01
-5.763517865529512108e+01
-2.479439232569359319e+01
-1.271696016092692716e+01
-1.363657534056367027e+01
-7.808938732327446175e+00
-3.923923135121612660e+01
-1.602823176348900347e+01
-7.977536946452472932e+01
-1.082439311224214507e+01
-2.177014350670449616e+01
-9.471561905277833660e+01
-3.572157673677399892e+00
-4.313010592746455529e+01
-3.270618183550585911e+01
-5.933446749581082713e+01
-3.008648368120109140e+01
-3.380298028790125642e+01
-7.736541472961007138e+00
-5.376785647311918126e+01
-1.438477673109654376e+01
-2.653769656629381757e+01
-1.896067886539627523e+01
-3.675285447383377146e+01
-8.336037480178614345e+00
-6.099520573875911111e+01
-6.310486378118484119e+00
-2.802144157508727673e+01
-1.170176318195542287e+01
-1.004366705935757409e+01
-8.404492119457852795e+00
-5.301380425861017898e+01
-4.806931228418569901e+01
-1.340227160825266317e+01
-5.477329250689295748e+01
-1.176441457852733308e+01
-5.087519428936978727e+01
-3.239430458368963883e+01
-1.204080246153859335e+01
-1.603044521420169133e+01
-2.358527918959711300e+01
-1.991018704264319439e+01
-1.379923466892533490e+01
-2.736239783017066785e+01
-1.878653469593923830e+01
-2.356259988280979911e+01
-2.503681904811220349e+01
-1.028237288386329773e+01
-3.001911513892056504e+01
-7.742771270664982275e+00
-1.308327767957867138e+01
-1.198876996273001083e+01
-7.490361858578649112e+00
-3.956975191404190184e+01
-4.820183369933263862e+01
-1.831706511865816012e+01
-7.893306703273903047e+00
-4.250667113246485940e+01
-3.419537322960092496e+01
-1.252332560094875902e+01
-3.866737583735664430e+01
-2.901925518899754763e+01
-2.735759931649580778e+01
-8.733990296968940470e+00
-1.477458804998951791e+01
-1.730379617877986931e+01
-7.945197964404738578e+00
-2.256015088653665757e+01
-1.818322380974790420e+01
-2.177087256793243952e+01
-2.386574140046353065e+01
-5.721602179169097724e+01
-1.506032738794217707e+01
-2.327728236939172746e+01
-2.107054978191897376e+01
-2.609243927760809356e+01
-5.139532333090528482e+01
-2.514319869585482081e+01
-1.395147002583491336e+01
-1.040912299663960283e+01
-6.069950395322151415e+00
-1.489096218105174252e+01
-4.617118139549451428e+01
-1.771290511327006101e+01
-1.369680349960514754e+01
-1.529683243457978037e+01
-5.558752900278284415e+01
-2.606391121298901936e+01
-4.758678244030608084e+01
-5.452916955998665216e+00
-1.803077109155907465e+01
-8.319402861440849506e+00
-9.525516272753643321e+00
-3.274623419245981637e+01
-9.021704129590534649e+01
-1.493232405434121723e+01
-4.566446549893731799e+01
-1.429871752793763129e+01
-1.830639984749854676e+01
-1.630642689909699072e+01
-6.795559773505123857e+00
-2.005723163707673251e+01
-2.237472595275158938e+01
-1.375322551780220337e+01
-3.079646353070067732e+01
-1.753219638108635436e+01
-1.302537537432581516e+01
-2.154485547368327047e+01
-8.778902930255664216e+01
-1.776587602068530458e+01
-9.223164355162757033e+01
-5.168973215562794365e+01
-1.277507260376808418e+01
-3.036666250656527311e+01
-4.016123650681548440e+01
-1.117930122399245185e+01
-1.086854929647996038e+01
-7.945881322639761990e+00
-5.043154191410839360e+01
-1.145290628451335522e+02
-5.826187689951829185e+01
-7.836768253407250029e+00
-7.199250215865518499e+00
-1.975943865675989741e+01
-1.958060520977343799e+01
-1.989633168996469692e+01
-1.235926337261679286e+01
-2.283214202838804496e+01
-2.857677317639631198e+01
-2.842844121071880181e+01
-8.611157417289600602e+00
-1.279125732837106177e+01
-4.480279217358141608e+00
-2.320141806156813047e+01
-1.620596452198389414e+01
-1.075142644139215165e+01
-7.446575199557404545e+00
-1.400207353559881263e+01
-1.112408579256378260e+01
-2.885328355008361356e+01
-5.966962709087306393e+01
-6.888353320203033547e+01
-1.787792719936528130e+01
-9.539465695045113591e+01
-2.062173481249082485e+01
-5.000329781737359269e+01
-2.964846538346881744e+01
-8.787297188553843341e+01
-5.015518197088988472e+01
-7.461510366791435978e+00
-5.163778224008871121e+01
-3.358470782124629750e+01
-3.658384697964363141e+01
-2.418149414019245214e+01
-2.146136070697239973e+01
-1.022550831913830116e+01
-9.910321079934996646e+01
-1.913521749247587422e+01
-2.886925273743127818e+01
-5.776935198676989103e+01
-2.088974298120342254e+01
-7.171818023247746510e+01
-6.944559327462033593e+01
-1.145797997292461012e+01
-3.560122193604773599e+01
-3.942691717304096954e+01
-3.451520855361215467e+01
-4.406095061387554779e+01
-3.090399681183279412e+01
-9.592445982401931914e+00
-3.270670103610640922e+01
-4.986221815007286295e+01
-7.017884740138680577e+00
-5.863636968707565700e+01
-4.176262754804869815e+01
-2.073411473668444671e+01
-2.098374724431165106e+01
-2.073678941420099875e+01
-6.674181235646542198e+00
-1.985834710542077630e+01
-1.672580299575197671e+01
-5.111281687169358889e+01
-1.648883732784666023e+01
-2.608925279343205617e+01
-1.818682250283820778e+01
-5.354167921819284715e+01
-1.110422279549004827e+02
-1.170443104058611894e+01
-9.159890589239145342e+00
-2.397211248416315144e+01
-5.844324291014543604e+01
-4.578719275341985195e+01
-1.658635575756010283e+01
-5.297142094688622649e+01
-1.976212505594495283e+01
-2.345511434363233505e+01
-3.743058993268974177e+01
-1.445444539574252829e+01
-3.049845326588081562e+01
-3.721235601912086111e+01
-1.962680738199483343e+01
-5.223740574162193440e+01
-6.674181235646542198e+00
-1.750900937575266880e+01
-2.635907177660491385e+01
-2.510147419650607503e+01
-4.933813488697650484e+01
-1.366127548047097306e+01
-7.180305104945887251e+00
-1.046699595321388720e+01
-9.211103308911045673e+00
-2.149180527650090511e+01
-1.783731105753689405e+01
-1.501220416217844367e+01
-2.446930640084833541e+01
-1.777524087591870483e+01
-7.153359435972623714e+01
-2.511726838370596582e+01
-7.564664510415308030e+01
-3.068723646671063676e+01
-2.289170472064892436e+01
-8.872640003517243201e+01
-2.957215973132039011e+01
-4.567125748216933090e+01
-3.051479431957163513e+01
-1.242908655824944297e+01
-3.436998848534631179e+01
-1.403298420428024862e+01
-4.339014772353787919e+01
-6.674181235646542198e+00
-1.167081936314174229e+01
-1.046075207827755449e+01
-1.593783949499200503e+01
-5.007543291454386036e+01
-1.438759464680298628e+01
-1.090263715340747552e+01
-3.276013074564172456e+01
-8.716306282946261774e+01
-2.484175395778633799e+01
-1.088824506889402777e+01
-5.477460405768127316e+01
-1.059204198347851822e+01
-6.537442819054078313e+01
-2.006069925038292823e+01
-8.384637584859211401e+00
-1.903073137133385373e+01
-1.501258552116505207e+01
-1.095360928349198204e+01
-1.637602116021860965e+01
-2.555893858110966832e+01
-5.312546777599460768e+01
-3.004150310044757788e+01
-3.004887515539133602e+01
-5.201207085833124211e+01
-8.199229726163865806e+00
-2.458526385349203380e+01
-4.823597537970415061e+01
-2.726244251532397911e+01
-3.084374245474279519e+01
-5.147003176541227987e+01
-1.907838256479915273e+01
-3.111216111213274971e+01
-2.361263170406635581e+01
-2.677241195963968323e+01
-4.649346068561682443e+01
-5.814998376844329897e+01
-2.587279275825920877e+01
-3.295790448970718245e+01
-8.361964231635340639e+00
-6.898908317214351271e+00
-2.927840798546925072e+01
-8.145404097259012488e+00
-2.669574274465990626e+01
-1.746362496867556757e+01
-2.927088985464272497e+01
-4.151543488190726094e+01
-3.398247849157892375e+01
-1.987507023823095054e+01
-1.259976980773378941e+01
-3.062619726196683345e+01
-2.709220648275675458e+01
-8.168936266322843665e+01
-1.208849897407881713e+01
-5.024261805885953436e+01
-5.178821887705985461e+01
-2.016275267379817748e+01
-1.633620487081993744e+01
-5.451369149748742871e+01
-7.870969314583215137e+00
-2.285915125868104880e+01
-4.820343524227016729e+01
-2.072731930962349622e+01
-1.809931736557088300e+01
-2.576344915433938354e+01
-1.365575798473995306e+01
-1.654756947358178110e+01
-5.790347419051620648e+01
-6.518662613988911403e+01
-6.941538768010652838e+00
-2.746188031509947436e+01
-2.844016303847153182e+01
-8.596437626666892484e+00
-2.339338718032585973e+01
-7.141124333342385455e+01
-1.166019308330276800e+02
-5.023710443608958798e+01
-8.401776349558680579e+00
-1.372182484265297653e+01
-8.517533314326909988e+01
-1.243895223960185525e+01
-4.691838043027808425e+01
-1.154728240722762145e+01
-4.767046368087962804e+01
-2.147513819208094077e+01
-1.449033664090921114e+01
-2.439012314604554632e+01
-6.481334125832100312e+01
-1.231993129015445554e+01
-1.439333070763064626e+01
-1.603172599071042015e+01
-3.012730479402777917e+01
-1.491220416217844402e+01
-4.735365014304382925e+01
-8.469575669681212560e+00
-6.042184832127681915e+01
-1.529445684934334793e+01
-1.669046666193036543e+01
-9.056396086241271348e+01
-4.304739649296389103e+01
-1.269936724883211454e+01
-2.240661223226021548e+01
-3.108773643178801294e+01
-2.483081761251893127e+01
-1.431710594506322565e+01
-3.049015998454875032e+01
-3.236095592507454910e+01
-4.048712569161271091e+01
-4.473709369813769143e+01
-2.714266620507606120e+01
-1.313616591724758642e+01
-4.290181991272007878e+01
-2.408453442177123804e+01
-2.467238719161956340e+01
-1.830951658448537600e+01
-2.089079210003459153e+01
-3.577206938054098373e+01
-3.874511120726680247e+01
-3.253032564786961700e+01
-1.972818513641109561e+01
-2.997941176405435826e+01
-2.651873052003400133e+01
-1.300555134782132249e+01
-3.103324887020988498e+01
-7.403932100414228046e+01
-3.014706601672157760e+01
-3.325279023650787025e+01
-1.903259430644850525e+01
-5.415731075192456956e+01
-5.222345704841105629e+01
-1.630484177664440892e+01
-2.076617754442441566e+01
-4.916447040291981807e+01
-1.546224735182413923e+01
-3.874230753369002400e+01
-2.904790555700443377e+01
-3.236095592507454910e+01
-2.460603725979603240e+01
-1.024223284167078774e+01
-2.019279432793944196e+01
-2.673084737691581481e+01
-2.393269994767281972e+01
-1.654538937116565123e+01
-3.443041126082243153e+01
-1.120489260738430204e+02
-5.092183467572833244e+00
-1.171428570124745328e+01
-3.699515491567503744e+01
-3.016563345815738728e+01
-1.217788647691204140e+01
-4.759973041009890693e+01
-6.204945378029231406e+00
-3.353912101376106136e+01
-1.045857906889459485e+02
-1.598069384217207123e+01
-3.039299979650227002e+01
-5.534321248536460303e+01
-1.936954137100243756e+01
-1.965540883346270462e+01
-6.386863188813570069e+00
-3.417391996386189135e+01
-2.332250942922365766e+01
-3.765080272493536739e+01
-4.239075679189490842e+01
-1.111164392085210473e+01
-9.517757806837586543e+00
-2.325107331237775554e+01
-2.374661088455950164e+01
-1.592959544589208143e+01
-3.236095592507454910e+01
-9.873954813230801619e+01
-1.251845549830557935e+01
-2.549381184477922702e+01
-1.973653102157644312e+01
-1.148367611635607410e+01
-5.739466141085061679e+01
-1.321214337553131912e+01
-5.564834911701422016e+01
-1.001098080637170007e+01
-3.452046170932156599e+01
-2.448142120067821281e+01
-2.471912028038612519e+01
-4.279086534379760565e+01
-1.439559578962589903e+01
-3.035013893917935945e+01
-4.411361632675403932e+00
-3.679405573458292622e+01
-3.131610826877557585e+01
-2.217618470130419794e+01
-2.871642909008956579e+01
-4.133089216616237849e+01
-1.485546932366538897e+01
-3.844023550328400773e+01
-4.533685089135553881e+01
-4.248700717609342803e+01
-3.264234820091706268e+01
-4.239976023334872224e+01
-3.955553283525206609e+01
-2.576945455714774624e+01
-6.869777689012670407e+01
-7.426577976685133820e+01
-2.088745615441466441e+01
-1.442383267137959990e+01
-9.657036875780384833e+00
-6.776527212108028664e+00
-2.087625503022993456e+01
-1.590108727912632247e+01
-3.991493037082771167e+01
-4.477303054868942667e+01
-3.226599948981775867e+01
-4.186373753120140151e+00
-2.809011292112155544e+01
-2.326256414833782316e+01
-9.580148060184813019e+00
-4.381956900413759826e+01
-3.236095592507454910e+01
-3.915494940092560228e+01
-1.552931348728632166e+01
-3.538163698436218141e+01
-5.291013330263370307e+01
-1.759212741072077790e+01
-5.250878986690386085e+01
-1.147938674600000653e+01
-2.034321848707781299e+01
-9.575377107963509715e+00
-8.042925301829959039e+01
-1.978642707932129952e+01
-3.433600592004154350e+01
-2.588939540233526770e+01
-2.268817131617296567e+01
-1.030059057750181495e+01
-4.022001443078883653e+01
-2.153597766177267303e+01
-3.032240080738468890e+01
-8.018344891167107136e+00
-3.627985246568190547e+01
-2.775466664413594131e+01
-1.991666969514125185e+01
-5.272185314519370891e+00
-7.055944126224713386e+01
-3.203722850433886293e+01
-3.577185070109440090e+01
-3.522627597544890676e+01
-1.001129973465677523e+02
-2.365422853848546225e+01
-1.610921926705550788e+01
-3.555809422815031695e+01
-3.534826387509193069e+01
-2.093507960315851335e+01
-1.095899072962064480e+01
-1.301656674454087081e+01
-4.620834784935087924e+00
-2.477454338096600495e+01
-3.176379825117002653e+01
-1.847191403151567002e+01
-2.252420824767105856e+01
-6.494889787733296949e+00
-3.445519549479410415e+01
-4.013191776330209848e+01
-1.311478922913403267e+01
-1.388753071000057915e+01
-5.599256967449498035e+01
-3.827800430871246817e+01
-1.842078933545397490e+01
-3.207492659381934885e+01
-1.970871086549099971e+01
-1.939019405685130337e+01
-8.963664638050761369e+01
-2.786422399112987947e+01
-2.936207419515096007e+01
-3.854986021776493743e+01
-2.071803861907868693e+01
-3.133125628046659017e+01
-1.852861072134325937e+01
-4.567930595404771310e+00
-2.705663261485393534e+01
-1.138925128447964141e+01
-2.744930634245463708e+01
-8.068017527245160636e+01
-4.732368349393627938e+00
-4.921281099487175936e+01
-4.859089337320325086e+01
-3.571498516740840046e+01
-3.764715920170485219e+01
-2.892366970080483668e+01
-2.817153131440088387e+01
-1.471220416217844296e+01
-1.574636611386574891e+01
-3.119759497988999541e+01
-2.230595342910473988e+01
-8.140583980460367286e+01
-3.397141085729063370e+00
-7.119408666728954671e+00
-6.126697781620843841e+01
-1.133486250607847445e+01
-7.688271773106148999e+01
-2.195999361689795037e+01
-5.000329781737359269e+01
-7.852237167642616100e+01
-1.036923671923203116e+01
-1.161615915348643924e+01
-3.174743584737797164e+01
-2.151908737432586349e+01
-2.903599507851550499e+01
-3.372953676922102062e+01
-9.756482541009985354e+00
-1.971344624510425092e+01
-5.477460405768127316e+01
-2.298176267639823678e+01
-6.638105523565766219e+00
-3.321275540786695757e+01
-4.548686280502539603e+01
-7.895061577316094770e+01
-5.629563833489469005e+01
-2.264876497219074025e+01
-2.917356426641212863e+01
-1.011669399667344571e+01
-3.459871139373689175e+01
-7.928226677926478771e+01
-2.088799141127675796e+01
-1.593524351475668510e+01
-1.229648956542257743e+01
-1.863311497890392943e+01
-3.103765609922490043e+01
-2.372549127725397256e+01
-7.136334423068045396e+01
-1.285697087801954197e+01
-4.073811620135839462e+01
-3.570896246521113682e+01
-5.130720634280947934e+01
-1.996025677700035672e+01
-2.802318144424065949e+01
-1.384843457693844293e+01
-4.957219727335021986e+01
-3.129740640555509401e+01
-8.884179403339564018e+00
-1.198562457481329524e+01
-2.911972518896231321e+01
-3.053433860846637415e+01
-8.834051700114882522e+01
-2.628000304307348145e+01
-4.079512578776154186e+01
-1.142366361186154222e+02
-2.327728236939172746e+01
-4.345482508952279233e+01
-1.121283162121028631e+01
-1.232356600392837436e+02
-1.110742736941435460e+01
-1.200992258528563816e+01
-1.293804793367156414e+01
-9.828644883551323375e+00
-5.221401881936484557e+01
-6.810388738504154560e+01
-2.850912305688819615e+01
-2.215940179015372280e+01
-7.038238919674379090e+00
-5.937572631477894447e+01
-4.251894528044944366e+01
-1.241648539515678529e+01
-1.316250982486771903e+01
-7.595546031430928657e+00
-3.009228714082171763e+01
-1.254766158868756953e+01
-1.079897732107304620e+02
-2.384998211135603441e+01
-8.687069077328158073e+01
-2.442426441642841439e+01
-2.782940489721604393e+01
-5.688204507469752258e+00
-1.606355211072350997e+01
-2.063128262804338675e+01
-1.990696543469994495e+01
-2.808110045215135742e+01
-1.622396900125103514e+01
-1.019131574502358006e+01
-2.671787338741852125e+01
-5.146979420038051956e+01
-1.560918874965361169e+01
-1.643310802595173925e+01
-1.147104063615750036e+01
-9.756210263453931830e+00
-2.246599416648252756e+01
-6.150858246011138419e+01
-6.555002746815496550e+00
-4.867930595404771132e+00
-3.649159760585848744e+01
-1.549405602285547268e+01
-1.037946494233727357e+01
-3.419669798617120904e+01
-2.865021010890140474e+01
-1.001422448072213811e+01
-9.649715197350024809e+00
-5.477460405768127316e+01
-3.947296499898847344e+01
-5.081080959253317531e+01
-6.601418183100949477e+01
-5.444843066847618474e+01
-7.386965651787559040e+00
-3.977670468134888893e+01
-1.218210519128873415e+01
-9.403018999598707239e+00
-5.042978178132638334e+01
-2.695464476405587817e+01
-1.666353592361280889e+01
-5.822989889041976852e+01
-3.007908182609665459e+01
-4.518064894353025096e+01
-3.618292920119856149e+00
-1.521220416217844473e+01
-1.105334116910098352e+01
-1.521220416217844473e+01
-1.308006483498543027e+01
-1.324011168557701446e+01
-3.213887989352810592e+01
-3.856566955326290014e+01
-3.689105081357408977e+01
-8.687069077328158073e+01
-2.867100422448699959e+01
-4.500819789825108330e+01
-1.967565540480634212e+01
-8.708285999874629368e+00
-3.404177620808493288e+01
-9.199999999999999289e+00
-1.381643794604481990e+01
-1.325347697507734779e+01
-7.999999999999997335e+00
-1.112499215733399538e+01
-1.718002564196541826e+01
-5.742661097629876821e+01
-2.391084628107066479e+01
-1.951670582247966834e+01
-2.498029104943539025e+01
-3.230118258116928587e+01
-3.825284159168211318e+01
-1.672657627693449811e+01
-3.563572329222731838e+01
-4.357410802580660913e+01
-2.566886751835137659e+01
-8.526717848979382453e+00
-1.969926482479571561e+01
-1.468173021056186478e+01
-3.722799199265997316e+01
-4.346486596527873303e+01
-3.055724364423959472e+01
-1.125784609461959462e+01
-2.149872535312261590e+01
-5.222148265863111050e+01
-1.734215602061898664e+01
-2.881497599928131947e+01
-1.231197768542275526e+02
-5.716249838257361660e+00
-3.207982872076777170e+01
-2.937112444206868389e+01
-1.053525942355463769e+02
-1.558858098071610776e+01
-5.246396779167586288e+01
-2.647588708790562606e+01
-2.660159718064835843e+01
-6.234630252095251990e+01
-3.860512677108614454e+00
-1.837405071238577747e+01
-1.021933503561130863e+01
-1.521220416217844473e+01
-1.113765077709909264e+02
-1.142031112232864842e+01
-2.998957834896713592e+01
-7.043010531508785199e+00
-4.155365017341584633e+01
-7.000407998717506075e+01
-3.263911111844789303e+01
-2.754244506326998376e+01
-1.005550504781643006e+01
-1.288034278085007323e+01
-3.915322866891103537e+00
-1.109746124316881755e+01
-8.684787662947672970e+01
-8.372053023406630601e+00
-3.404399523132799743e+01
-4.714420017026768051e+01
-2.477357875606966786e+01
-4.272026001583467547e+01
-4.524014679816476558e+01
-9.600000000000003197e+00
-7.424991029421245337e+00
-5.312363952495239516e+01
-4.203581384220529316e+01
-3.192784195005063808e+01
-1.988616711978663787e+01
-1.096465410051763811e+01
-8.296284878207714542e+00
-1.490702865913769237e+01
-3.204483020480301292e+01
-4.147097700037233636e+01
-3.168155717875942301e+01
-1.646644748663988977e+01
-9.225914932561846626e+01
-1.152345689079320223e+01
-2.569268174281258510e+01
-2.400019974536484924e+01
-1.666184470628503078e+01
-7.675630705506586438e+00
-3.305410026549392910e+01
-6.322091137221365642e+01
-2.270548221593427840e+01
-2.919276243089873191e+01
-1.541358943375140811e+01
-1.030648564118030919e+01
-7.928226677926478771e+01
-6.888319827529744543e+01
-6.953882589694050864e+01
-8.387843143963088721e+00
-2.491029766329164019e+01
-4.353870689767295232e+01
-4.010071788486786915e+01
-3.932556465610157659e+01
-1.000589255397266797e+01
-4.524014679816476558e+01
-1.395486800543407391e+01
-6.563270427126104778e+01
-5.699764079087654522e+01
-2.003672085546237014e+01
-1.276246120994858302e+01
-2.669088773009339732e+01
-2.364814674386711957e+01
-3.607165184485735665e+01
-7.782470984309064477e+00
-6.239481714729368633e+01
-5.594569797517824128e+01
