-5.197874977510318217e+01
-5.498750253445875558e+01
-1.083421975963190533e+02
-2.075321858633313354e+02
-4.893256332110434670e+01
-5.890219403740375981e+01
-8.846564136929339384e+01
-7.309944385033668368e+01
-5.097321853678262471e+01
-8.980601030075396807e+01
-1.794862266836356071e+02
-9.248225520992281190e+01
-6.300545157562822851e+01
-3.279049106575454431e+01
-4.048210057638686976e+01
-4.622220857812544637e+01
-6.227699037312812891e+01
-3.708320452282822544e+01
-1.706517195102489666e+02
-6.203846730764833239e+01
-4.554018446530628950e+01
-5.337725718676782805e+01
-5.784497715783176375e+01
-4.109269163076804432e+01
-1.059571451011433822e+02
-4.717729882514916540e+01
-8.266243468182335619e+01
-6.235512171959420868e+01
-4.662706052399717294e+01
-7.358001269111338161e+01
-4.140246225327464202e+01
-3.523558608197782860e+01
-1.364998206565413454e+02
-6.869047108503094989e+01
-1.488325282226598176e+02
-7.839298846931407638e+01
-4.548072699896105320e+01
-2.696551995738696306e+01
-3.315180072563232727e+01
-3.467986433398064605e+01
-9.584539099425026620e+01
-3.903529104429135543e+01
-2.548178702944647966e+01
-4.997266335303588392e+01
-1.220489981075017027e+02
-3.499192838899219282e+01
-1.013913082653487834e+02
-4.958310606003909271e+01
-8.736186323598953152e+01
-3.049988106602720350e+01
-6.401521692890631243e+01
-1.129298115018629574e+02
-5.304645824533440646e+01
-3.949653273856979752e+01
-1.628436499026256854e+02
-2.899311269063055363e+01
-6.020288422425667818e+01
-1.996908582558892817e+02
-5.296849820984877510e+01
-2.535418299353743521e+01
-4.395800397901318490e+01
-6.181867415467836935e+01
-5.609967910344612818e+01
-2.603866250152244177e+01
-3.077537894420361297e+01
-4.601687903929858692e+01
-4.877841265965774653e+01
-1.181512043363352689e+02
-4.616103199242014909e+01
-7.745455988523519864e+01
-3.627217742664359434e+01
-6.456793866829625017e+01
-1.809868558703824988e+02
-1.690198969248870853e+01
-7.721356487629859089e+01
-9.684288649378514435e+01
-6.524320237081531104e+01
-3.118526759082880062e+01
-2.858770406634886285e+01
-6.844310577518129435e+01
-1.194063749791570501e+02
-2.021424327643993379e+01
-4.409599374764519553e+01
-1.985412151823788918e+01
-3.445835595974018872e+01
-2.031184354553215030e+02
-5.145057782632729015e+01
-7.032502613596409446e+01
-5.018501404423501100e+01
-1.754304319288630509e+01
-6.911599973799835084e+01
-1.217982325306321201e+01
-1.897993260005483052e+01
-8.180480946796190977e+00
-7.968124824468893053e+01
-1.278608651983908828e+01
-5.817376794826870423e+00
-9.986464999297855627e+01
-4.612802540587596667e+01
-4.137100742212042803e+01
-7.021624016777150246e+01
-1.208395320358725940e+02
-5.463301160878027929e+01
-4.676482720726338727e+01
-8.418037718108134015e+01
-6.430149155342100187e+01
-3.545417410068682784e+01
-4.872403441522511969e+01
-5.024237243060125024e+01
-1.756634856824381785e+01
-1.961132726992587294e+01
-1.341171885177139984e+02
-3.790130090233297722e+01
-6.212142996275500195e+01
-2.241091999454521755e+00
-2.111392959145591064e+01
-1.142980477630790404e+01
-7.994424765494595420e+01
-7.798036062083163245e+01
-2.045748225852337754e+01
-4.846305669622144308e+01
-6.686006951966128042e+01
-3.218489776782330836e+00
-5.291069552551063282e+01
-1.037427382600079966e+02
-1.008790010904979226e+02
-2.671399853539185187e+01
-1.239110351331941118e+01
-5.303394788851451835e+01
-4.686463477954752221e+01
-3.924590685087397191e+01
-5.107394694935740631e+01
-9.770589930746588436e+01
-3.528266146779222368e+01
-1.036063875432847539e+02
-4.268838115574267533e+01
-1.186197065794123873e+01
-8.794098681623725611e+01
-4.801135034344193286e+01
-1.891388245022685055e+01
-3.586035825569661739e+01
-5.190533193422994884e+01
-4.718047222326727308e+01
-9.897652695686574020e+01
-5.024237243060125024e+01
-3.413314012776633888e+01
-3.238860101003193392e+01
-2.836991255353721542e+01
-3.328401075120154928e+01
-6.157730302186102733e+01
-5.105981579973706630e+01
-8.789021765661334484e+01
-4.645054371229739587e+01
-1.650224768458383906e+01
-1.951794045474774464e+01
-1.234082277480036538e+01
-9.210853362532385802e+01
-5.304758481571163031e+01
-1.678894494676625584e+02
-3.103674847423165062e+01
-1.092558767312097103e+02
-3.205699661561514091e+01
-3.869437641878722900e+01
-4.080203125697362054e+01
-7.328222705522533431e+01
-4.934425442991582145e+00
-3.465894576493899137e+01
-4.083931929291111373e-01
-1.291868426460418675e+02
-6.390523682589012822e+01
-5.229649853459473263e+01
-4.040034779898543604e+01
-6.471213799562667646e+01
-6.988987957580040700e+01
-1.404324997730265423e+01
-6.205333758562797897e+00
-2.227900985275012502e+01
-2.027504541829487295e+01
-5.121410248145402733e+01
-1.180237793046969870e+02
-1.355147432529015461e+01
-2.000000000000000000e+00
-1.474956594996923798e+02
-1.052977007024285285e+02
-9.258364078484622439e+01
-3.495705788831279648e+01
-3.358610673055395068e+01
-2.146677208998858788e+01
-7.573171325536462462e+01
-2.375641593019275888e+01
-7.752658972903614654e+01
-9.953228410785746405e+01
-2.307203258388794609e+01
-2.188534350059422806e+01
-1.038541014755325165e+01
-1.905500764289950766e+01
-7.676720239835094617e+01
-1.627670539842110031e+01
-3.740007589274581790e+01
-2.241091999454521755e+00
-8.193031575317255033e+01
-8.352436886267244631e+01
-1.588289856631319310e+02
-5.452367503984174135e+00
-1.282896920820950015e+02
-4.296295499290879150e+01
-1.887678392217736700e+01
-1.183383031752790373e+02
-3.284351766067491951e+01
-1.156307802815487378e+02
-4.572909045188488619e+01
-5.031805900072146898e+01
-4.696930701112903250e+01
-1.479612946234133730e+01
-5.796167158865924307e+01
-3.961855130039710104e+01
-2.185880394880130240e+01
-2.333187542474836818e+01
-2.241091999454521755e+00
-1.038541014755325165e+01
-4.617601433339197570e+01
-2.149056542004111492e+01
-1.655580419613852712e+02
-5.681999090348467973e+01
-6.128979146500651609e+01
-9.121173907429309224e+01
-2.981167165562890631e+01
-1.664533426248041792e+01
-3.532979434935386109e+01
-5.968560228746295593e+01
-1.382333620313054467e+01
-2.216279943625192317e+01
-2.045748225852337754e+01
-1.583356321912644091e+02
-1.877067966394278073e+02
-1.916403779783877894e+02
-6.420232115944568818e+01
-1.353929611079599908e+02
-4.381473442286174702e+01
-4.934425442991582145e+00
-9.806328935017418758e+01
-1.018939901958446654e+02
-4.633694380728833551e+01
-4.193760615663973113e+01
-8.296836631101663784e+01
-6.390001055517284101e+01
-1.087812987356080043e+02
-2.467579444595360982e+01
-1.119908156225006053e+02
-5.536002480348489030e+01
-4.501390536208906923e+01
-5.325322186980909578e+01
-5.741411749653887853e+01
-7.880423377780337546e+01
-9.300594619672867225e+01
-3.862384017426785476e+01
-4.451555607487050281e+01
-5.824311950677257244e+01
-5.093803928079184118e+01
-5.881315455007167259e+01
-1.562206260875046482e+01
-1.479612946234133730e+01
-3.471516433890694486e+01
-6.561754126593281455e+01
-6.192871596203324458e+01
-3.119446388832248829e+01
-1.612320937524433617e+00
-5.039734962418427244e+01
-1.038541014755325165e+01
-1.091585511507061028e+02
-1.842126551457837280e+01
-4.982060672387679290e+01
-1.571207775839666354e+01
-4.596931818044922835e+01
-1.075949109399142145e+02
-2.996444474179916284e+01
-1.047477012383605199e+02
-1.562206260875046482e+01
-3.175204101179205907e+01
-5.973989528930358972e+01
-4.418411416055801055e+01
-7.347104606313145325e+00
-3.303199288774436582e+01
-5.223481258154266982e+01
-6.107979455907623390e+01
-1.021786276860300262e+02
-2.987500267829446798e+01
-3.392489325202369344e+01
-4.934425442991582145e+00
-2.291631713252793645e+01
-6.456018318890902208e+01
-1.037198020653036963e+02
-7.922711279495906922e+01
-2.493422649732018570e+01
-9.028011651859648623e+01
-4.968468886337814183e+01
-2.219466757705139770e+01
-6.871134427350307305e+01
-1.316624931146875355e+01
-8.293202653736321395e+01
-3.488509544980597354e+01
-1.152475459169875904e+01
-2.241091999454521755e+00
-6.201278766531866893e+01
-2.955484629809275887e+01
-9.417727077061898910e+01
-7.421339486042857914e+01
-2.700944306447449605e+01
-4.927715265580611970e+01
-2.814367300744746814e+01
-2.961527552689424780e+01
-9.239799123292343097e+01
-5.305103630188837371e+01
-1.111467655474642129e+02
-1.052441036807858552e+02
-1.988290116104298377e+01
-1.427393768861153234e+01
-1.401674146013077404e+01
-1.567559090064428347e+02
-5.345071885197256734e+00
0.000000000000000000e+00
-2.245748225852337754e+01
-3.166439729297011851e+01
-1.612272420060232392e+01
-3.170513890058078843e+01
-9.369252002587194283e+01
-1.086999299202968672e+02
-4.905807949788406574e+01
-9.294447161600930940e+01
-8.855732336831090379e+01
-5.007297197393710064e+01
-5.855102514645356848e+01
-6.949625305412538978e+01
-1.119506485913550193e+02
-1.075337695000441869e+02
-1.833784261572639451e+01
-2.392339882582935218e+01
-3.394089308431321683e+01
-1.401674146013077404e+01
-3.562950123885995879e+01
-1.068950687262889119e+02
-2.244034129361383734e+01
-5.236689666641515828e+01
-1.553321618373039428e+02
-7.621210531301628066e+01
-5.459542491787449592e+01
-1.240398060767764008e+02
-4.643317446070631149e+01
-8.917317876343184935e+01
-4.026010249108575323e+01
-5.086609540739294744e+01
-1.887678392217736700e+01
-6.849064330214710594e+01
0.000000000000000000e+00
-2.190121186224678240e+01
-2.241091999454521755e+00
-3.380778268000892695e+01
-6.681591877245054434e+01
-2.241091999454521755e+00
-1.999025685413479536e+01
-5.355559231731493952e+01
-2.440458603785497971e+01
-4.493871944415887754e+01
-5.319301495348361897e+01
-1.521353533089486021e+01
-6.387184040934290152e+00
-4.083931929291111373e-01
-1.042647254092745470e+02
-6.087352316848304667e+01
-3.303198623093777542e+01
-1.512149880846725125e+01
-1.077420618581826943e+02
-3.113329139417729507e+01
-2.656244694189494027e+01
-7.083761935193525971e+01
-1.045601377248919590e+02
-1.414723310867337958e+01
-7.735561878813402359e+01
-4.083931929291111373e-01
-1.455335630210908562e+02
-6.757051773720776566e+01
-5.491932182341733437e+01
-5.125050625385623704e+01
-8.649632418081856144e+01
-1.521353533089486021e+01
-2.472752519917955283e+01
-4.375642239758067120e+01
-1.526958184113778216e+01
-6.382181282513906240e+01
-1.618270305302452883e+01
-1.984847463880587526e+01
-4.934425442991582145e+00
-2.500000000000000000e+00
-8.039730668430155447e+01
-6.430149155342100187e+01
-6.286215900883684071e+01
-4.083931929291111373e-01
-1.984847463880587526e+01
-5.491932182341733437e+01
-1.118970601276780457e+02
-4.870483686807434509e+01
-5.057145850958279709e+01
-2.420205375776128776e+01
-1.096165166933304747e+01
-4.462935653127693314e+01
-4.846361623723086609e+01
-4.436999526936142502e+01
-1.644662110614516592e+01
-9.325395711316411962e+01
-3.372098448112848246e+01
-1.782591800333483434e+02
-4.410506905145902579e+01
-4.703111043290441273e+01
-4.597722416599751938e+01
-2.462016225472006070e+01
-4.784902282287438169e+01
-4.387486214191137890e+01
-1.922185436926400826e+02
-1.377399631712023620e+02
-1.441373775005988023e+01
-3.006403965016707858e+01
-3.761363295414869867e+01
-5.728452357959957197e+01
-1.722921188724363972e+01
-6.594143817147565301e+01
-1.521846339379450797e+02
-1.435212881132438056e+01
-2.805847964402358485e+01
-1.606186891558193111e+02
-3.427818764055306389e+01
-3.527593182081012202e+01
-2.045748225852337754e+01
-4.475389110809463489e+01
-2.272250474665811382e+01
-6.575315403585298668e+01
-1.429008457348963930e+02
-5.349513161094825620e+01
-5.459542491787449592e+01
-6.462538845896382611e+01
-5.636827056304204575e+01
-2.912572527230401676e+01
-4.786218654942679507e+01
-6.430149155342100187e+01
-4.469868764379918957e+01
-1.500000000000000000e+00
-4.441253402714173149e+01
-1.571207775839666354e+01
-1.590978279160054285e+02
-7.892602589882137920e+01
-4.434854700460576282e+01
-2.814367300744746814e+01
-1.500000000000000000e+00
-4.750593673875989964e+01
-4.594023713486809868e+01
-9.910915134854101893e+01
-4.689802609128339839e+01
-7.345190615858838612e+01
-4.413468419510021334e+01
-8.762822182032934393e+01
-1.013530747733125850e+02
-5.303720323173968154e+01
-1.352607759667889198e+01
-6.929924001420249624e+01
-1.328219811238226455e+01
-6.127349962494994884e+01
-5.213120671184583443e+01
-1.038541014755325165e+01
-8.726804128153577267e+01
-2.190121186224678240e+01
-7.212753490368609732e+01
-9.782712733519154824e+01
-1.971260439352401477e+02
0.000000000000000000e+00
-1.307904723726295515e+01
-4.882983980799367885e+01
-8.493479996340190041e+01
-4.581419963831206843e+01
-4.441517045268618347e+01
-1.478192548834395836e+01
-8.203307672331715139e+01
-6.530463725185407498e+01
-9.782712733519154824e+01
-3.740007589274581790e+01
-4.506539415498517087e+01
-1.075922331065367104e+02
-1.657929026561313606e+02
-3.545867168894272936e+01
-4.474430964792038168e+01
-6.343900066327003628e+01
-9.822471138889136455e+01
-1.439609507173373970e+02
-3.961855130039710104e+01
-1.612320937524433617e+00
-2.360055170823211412e+01
-7.839343490281247284e+01
-9.076130916124998294e+01
-1.320101968933547099e+01
-7.735561878813402359e+01
-4.329686860941593096e+01
-7.556074231446250167e+01
-4.934425442991582145e+00
-3.557682387728320350e+01
-4.909533530558380932e+01
-4.083931929291111373e-01
-9.830323591778443415e+01
-1.545480111593709580e+02
-2.333187542474836818e+01
-8.710382006677650679e+01
-5.182525222604167681e+01
-1.365769909873501931e+01
-3.740007589274581790e+01
-1.823181039764633482e+01
-7.595353822296206658e+01
-1.791250753481645219e+01
-6.179823596395230112e+01
-3.852484202194129637e+01
-2.449829157758079390e+01
-3.419766694790556016e+01
-6.430149155342100187e+01
-1.095183878183222532e+02
-5.112364458895531527e+01
-4.337855936467114759e+01
-1.717785596194653763e+01
-5.266916434032233951e+01
-7.783374977230722891e+01
-1.106195860683585153e+02
-6.106450202978541597e+01
-2.054441466752425782e+01
-5.941305598725658399e+01
-9.394948254582087088e+01
-1.328219811238226455e+01
-2.333187542474836818e+01
-2.505237984894064596e+01
-4.083931929291111373e-01
-1.306939029531809737e+01
-1.479612946234133730e+01
-4.804460422730119262e+01
-3.852484202194129637e+01
-8.540788300108035003e+01
-1.503077910281404002e+02
-4.075538271584049710e+01
-1.307904723726295515e+01
-4.342685875919592320e+01
-4.083931929291111373e-01
-1.772900802468300299e+02
-1.448930515974993227e+02
-3.833420483836547987e+01
-6.098818908269117856e+01
-6.554431275315761241e+01
-6.177023012034383953e+01
-3.379456201638126345e+01
-1.128828524908812057e+02
-1.328219811238226455e+01
-5.388718096272511104e+01
-2.023570460585236219e+01
-6.618111367277921886e+01
-5.796167158865924307e+01
-1.307904723726295515e+01
-1.571207775839666354e+01
-5.837558828904571584e+01
-1.112472187065371685e+02
-4.612375107730656509e+01
-1.351168471636326984e+01
-5.459542491787449592e+01
-5.293079742353496187e+01
-1.479612946234133730e+01
-1.510155542488069784e+02
-3.545867168894272936e+01
-5.141336592259970928e+01
-3.820094511639844370e+01
-2.623855003635210892e+01
-9.382221011554253209e+01
-1.678200638356655716e+01
-4.054476429834843998e+01
-7.324066072282106177e+01
-1.038541014755325165e+01
-6.884466416293304292e+01
-6.993343781426499106e+01
-6.561754126593281455e+01
-3.545867168894272936e+01
-5.459542491787449592e+01
-1.307904723726295515e+01
-5.339506803047882499e+01
-7.612276922191608719e+01
-1.479612946234133730e+01
-8.536069749930305761e+01
-5.871506825554433817e+01
-8.845070088428045096e+01
-4.458016823543583484e+01
-5.796167158865924307e+01
-3.893737632450707764e+01
-1.787663163162683944e+01
-9.456087153752798713e+01
-3.577448879373529422e+01
-4.680250739545452632e+01
-1.426792806545599888e+02
-4.909533530558380932e+01
-1.898351851005098112e+01
-1.331132030488356293e+02
-2.408068913231214481e+01
-1.196198279390675339e+02
-1.612320937524433617e+00
-4.262682200390294440e+01
-3.846266012153881775e+01
-9.352990781308446344e+01
-5.635826256065529094e+01
-6.068751373340236199e+01
-2.333187542474836818e+01
-1.828243598686467308e+01
-6.855741776977221491e+01
-6.137083696516607745e+01
-2.045748225852337754e+01
-1.612320937524433617e+00
-4.440632086928013678e+01
-2.520728275842608568e+01
-1.365769909873501931e+01
-2.241091999454521755e+00
-2.196906464870610520e+01
-3.545867168894272936e+01
-2.644587065762810951e+01
-5.645243475001896627e+01
-8.794300659471829817e+01
-2.032059337332680116e+01
-8.575687683527013405e+01
-6.561754126593281455e+01
-1.571207775839666354e+01
-9.137875845810921760e+01
-6.601016391039823361e+01
-4.982760407186513874e+01
-5.472523818360232184e+01
-6.561754126593281455e+01
-7.495506355617609984e+01
-3.818491534443097635e+01
-7.452385767707949071e+01
-1.038541014755325165e+01
-3.914221540486053641e+01
-1.260346431125168465e+02
-5.830773263066581080e+01
-1.103108385437314780e+02
-4.267813533213044508e+01
-4.341281408398348418e+01
-2.623855003635210892e+01
-1.365769909873501931e+01
-2.333187542474836818e+01
-1.955856005911030948e+01
-4.583629385525402000e+01
-1.360618803287559331e+01
-8.034146731346592674e+01
-2.561792920063174606e+01
-1.094702317662241313e+02
-3.914221540486053641e+01
-6.578971542695771291e+01
-5.688328524275397058e+01
-5.530657426038526125e+01
-4.909533530558380932e+01
-3.970046795025828601e+01
-1.704224518819031005e+02
-6.212997243881883946e+01
-1.307904723726295515e+01
-4.590688104274923376e+01
-5.336632303442124226e+01
-9.271641124768964914e+01
-4.442041274237755033e+01
-8.108887770753585755e+01
-4.558624020946402311e+01
-1.423558760505797807e+02
-2.261160038023665919e+01
-3.545867168894272936e+01
-9.592750011169960089e+01
-4.079336285604526324e+00
-1.122817824969703508e+02
-5.109242733467372233e+01
-6.164402908409627457e+01
-1.534773625773694405e+01
-4.083931929291111373e-01
-1.448127960914642358e+02
-4.083931929291111373e-01
-1.097526612704415925e+02
-1.083706522934023297e+02
-6.561754126593281455e+01
-7.288041354261713423e+01
-4.649479385717781099e+01
-5.159763656770742557e+01
-8.223993324212845835e+01
-1.709782348835912202e+01
-1.571207775839666354e+01
-3.914221540486053641e+01
-4.909533530558380932e+01
-7.872202315717174770e+01
-2.644587065762810951e+01
-4.299737432964607109e+01
-3.740007589274581790e+01
-1.295030736720529490e+02
-1.401450963110314660e+02
-4.789306099483258805e+01
-1.339997087318782221e+01
-3.820094511639844370e+01
-1.365769909873501931e+01
-1.791250753481645219e+01
-2.076956509363076009e+01
-5.658207863213122835e+01
-7.499716990761609736e+01
-2.045748225852337754e+01
-4.375035790809552338e+01
-1.276443602055758362e+02
-5.796167158865924307e+01
-1.518140298300637880e+02
-5.712721913218987879e+01
-1.466596968366531826e+02
-3.545867168894272936e+01
-2.095104829505313049e+01
-5.482416647623446693e+01
-1.966713596074352211e+01
-8.983906313430196633e+01
-4.760545765247496774e+01
-1.264814141774636056e+02
-6.502051805733162837e+01
-5.784088648835962942e+01
-1.304385597588507153e+02
-6.490460293987410978e+01
-1.208545220737836416e+02
-5.733986085362916185e+01
-1.479612946234133730e+01
-1.051449025926764946e+01
-1.751667291475816057e+01
-2.273390915323853889e+01
-6.815259070731272573e+01
-1.878284065659602575e+01
-2.146677208998858788e+01
-3.430737042374634882e+01
-3.545867168894272936e+01
-4.489976374498462519e+01
-1.985059920124334809e+01
-7.664603199891595864e+01
-1.678200638356655716e+01
-1.339997087318782221e+01
-1.479612946234133730e+01
-1.887678392217736700e+01
-1.367104076282394374e+02
-4.442041274237755033e+01
-1.583050116194227996e+01
-5.682363968381059749e+01
-1.308141764919008097e+02
0.000000000000000000e+00
-5.796167158865924307e+01
-4.811711523210982477e+01
-8.978734684401969446e+01
-6.730825848647195642e+01
-1.933795560326051088e+01
-1.986439897608921257e+01
-1.880993286367900552e+01
-1.009323104005417235e+02
-5.743019310350387485e+01
-2.814367300744746814e+01
-4.230025192905640097e+01
-3.200394881779757128e+01
-7.126810240418414821e+00
-3.231976592259013614e+01
-2.408650507413224773e+01
-1.074051645611800012e+02
-1.038541014755325165e+01
-1.038447393858135541e+02
-7.221257608763831115e+01
-2.271201939372740242e+01
-5.422857242078052309e+01
-6.179865441377077673e+01
-6.691464412537180806e+01
-9.782712733519154824e+01
-4.514850171654956057e+01
-6.617364529149713803e+01
-3.740007589274581790e+01
-4.903973715366534236e+01
-5.212890510633471308e+01
-1.630711645089642161e+02
-4.925276735309337539e+01
-5.063357336816658716e+01
-2.081613163616651718e+01
-1.081875329506607954e+02
-1.359988267302983331e+02
-8.459679093856401266e+01
-6.902215349082962348e+01
-4.943256598747350949e+01
-8.153637888845689474e+01
-1.023800321345031961e+02
-4.788154164543055913e+01
-3.624073821272904894e+01
-6.110809276923099986e+01
-1.007555743667132333e+02
-1.479612946234133730e+01
-1.381668113759533867e+02
-1.307904723726295515e+01
-5.555207626665602305e+01
-5.933477486454204097e+01
-4.111264883371555356e+01
-8.502000812275397834e+01
-1.038541014755325165e+01
-3.583038776569510730e+01
-6.469283191937941524e+01
-2.520728275842608568e+01
-8.730288857391954593e+01
-5.598452292087302595e+01
-6.641270937333244717e+01
-3.500239073306111237e+01
-7.735838048583646298e+01
-1.678200638356655716e+01
-4.632737099841040163e+01
-1.038541014755325165e+01
-4.934425442991582145e+00
-3.837469928258344254e+01
-4.788154164543055913e+01
-4.901318259277307732e+01
-9.368888108868731024e+01
-5.369029754799210252e+01
-1.611971163666384044e+01
-1.204814049256360988e+02
-5.321725271490274167e+01
-2.139293429162464122e+01
-5.796167158865924307e+01
-1.328219811238226455e+01
-4.997492579996727358e+01
-1.418675895673549689e+02
-7.189041147617612637e+01
-4.932615280105132172e+01
-5.856570874596332743e+01
-5.574188519081326376e+01
-5.207734867185701688e+01
-8.280200960499573171e+01
-8.858374534980278270e+00
-1.365769909873501931e+01
-4.729107681973800936e+01
-2.602061914001668086e+01
-1.707710569211605787e+02
-9.782712733519154824e+01
-1.791250753481645219e+01
-9.782712733519154824e+01
-2.877310556815156062e+01
-1.821135671674783651e+01
-1.392026334799814151e+02
-2.045748225852337754e+01
-6.459138462345433140e+01
-7.646575825856315589e+01
-1.038541014755325165e+01
-7.814707384242262833e+01
-2.149056542004111492e+01
-9.768111295281985917e+01
-2.108780839765596937e+01
-4.482453997160732229e+01
-1.040509100855544631e+02
-1.175331017445011810e+02
-8.529138638629572711e+01
-4.723827477660942975e+01
-4.102730907134746019e+01
-2.221029239936754962e+01
0.000000000000000000e+00
-5.407160995090774236e+01
-1.583234859641904890e+01
-6.615934400148806560e+01
-1.491478936756761442e+01
-1.116397360480506507e+02
-5.245305857594362919e+01
-1.935807645452009851e+01
-2.538693051470959006e+01
-1.612320937524433617e+00
-2.777832017165921386e+01
-6.478084255602809094e+01
-8.280200960499573171e+01
-2.644587065762810951e+01
-1.493246853821096209e+01
-5.517090559577926001e+01
-2.149056542004111492e+01
-6.752049235238989411e+01
-3.690579730961946581e+00
-1.791250753481645219e+01
-1.678200638356655716e+01
-1.328219811238226455e+01
-1.479612946234133730e+01
-1.114899952404246903e+02
-3.419766694790556016e+01
-3.914221540486053641e+01
-6.473739900582600626e+01
-4.909533530558380932e+01
-2.241091999454521755e+00
-1.611971163666384044e+01
-1.734248216141352827e+01
-3.240481331067948645e+01
-1.318803750712189071e+01
-4.420912533301343217e+01
-1.421550214865246176e+01
-4.794131364253493643e+01
-4.568570793019146947e+01
-4.909533530558380932e+01
-6.106979594003438194e+01
-9.416945751822908051e+01
-4.505217387733046053e+01
-6.979764503575513857e+01
-1.328219811238226455e+01
-3.545867168894272936e+01
-5.505870705111891539e+01
-1.098950314884099413e+02
-1.748691166657092566e+00
-8.402930143169194821e+01
-3.010598564992619686e+01
-4.054476429834843998e+01
-4.575360546020631602e+01
-1.636736663921426498e+02
-1.749465701487590152e+01
-2.059266510893282742e+01
-1.809491997160910870e+01
-4.450820991124280823e+01
-1.879926013280072539e+01
-1.682851999469895787e+01
-3.139498481136585539e+01
-1.274521321031457006e+02
-8.565709886610939350e+01
-6.833124808909434478e+01
-1.887678392217736700e+01
-1.243218293937911412e+01
-4.011252418332271219e+01
-1.038541014755325165e+01
-5.334649876126204049e+01
-4.194093441061279748e+01
-8.296836631101663784e+01
-9.728461824846964134e+01
-6.530463725185407498e+01
-4.934425442991582145e+00
-3.613689955922463781e+00
-3.545867168894272936e+01
-1.615337671204694914e+02
-4.214786939497125928e+01
-1.571207775839666354e+01
-4.410196640696208448e+01
-4.269734857227784630e+01
-6.613087424748050580e+01
-1.038541014755325165e+01
-6.755682154941479212e+01
-4.513729257819070995e+01
-8.014218051457839920e+01
-9.797879159760191214e+01
-2.626532620364764981e+01
-6.320860923887012461e+01
-1.571207775839666354e+01
-4.916799824034320920e+00
-8.151310271586514489e+01
-1.007567629543495826e+02
-1.221554202402356992e+01
-6.317788413305792972e+01
-3.333561280975911245e+01
-4.908606337612830828e+01
-6.329661327231877976e+01
-6.766212648713808164e+01
-4.509756065094172328e+01
-1.428705678657839684e+01
-8.541270924210945736e+01
-4.083931929291111373e-01
-7.885230239452400269e+01
-2.171708276650437597e+01
-4.908606337612830828e+01
-8.942999459586579292e+01
-5.126992701364373772e+01
-5.906111670597313434e+01
-4.732384572804968315e+01
-7.385438431833627249e+01
-4.909533530558380932e+01
-1.254883215479902390e+02
-8.997062639500936143e+01
-1.902623209030908313e+01
-1.351300951205233858e+01
-6.692952204612221578e+01
-2.241091999454521755e+00
-8.806413302516715191e+01
-6.748782055769666499e+01
-1.349413764424689646e+02
-3.614349647887672745e+01
-4.554405550418482562e+01
-1.375750005525098061e+02
-6.411486951766255515e+01
-5.148756335773039439e+01
-9.734407562099276845e+01
-1.153616588860455181e+02
-1.262195910839811575e+02
-1.122275239292891911e+02
-1.586718173500944218e+01
-8.897707779643289427e+01
-2.149056542004111492e+01
-7.985093086926926276e+01
-1.113365426990337141e+02
-1.916142156781575068e+01
-5.002187843999701755e+01
-4.970396820116899050e+01
-1.887678392217736700e+01
-1.063032497168244532e+02
-5.287172174268726366e+01
-1.759027862566485823e+01
-1.703441689839909046e+01
-4.908606337612830828e+01
-3.824407935490685162e+01
-2.075943973870007397e+01
-7.224978116925085203e+01
-9.060231125881118430e+01
-5.796167158865924307e+01
-1.403931875353089822e+02
-1.887678392217736700e+01
-5.237757095783382510e+01
-1.442852801933417481e+02
-1.019198470016888081e+01
-5.806374529017095654e+01
-1.544259670687039545e+02
-3.201941090622052144e+01
-1.670026135361251818e+02
-4.362738767774484216e+01
-4.390612795474334007e+01
-8.042923401360741309e+01
-8.047064828477049048e+01
-4.788154164543055913e+01
-3.545867168894272936e+01
-2.625488239908156984e+01
-1.479612946234133730e+01
-1.401081189388751014e+01
-5.796167158865924307e+01
-2.045748225852337754e+01
-9.354266553206122126e+01
-3.740007589274581790e+01
-3.419766694790556016e+01
-1.328669004116028987e+02
-3.760236896946729956e+01
-2.814367300744746814e+01
-8.187479312383919705e+01
-9.631475602016183757e+01
-2.180466353561347503e+01
-2.306248671998581656e+01
-6.120980596655883232e+01
-1.100689740775642207e+02
-4.620515626075316362e+01
-5.144169829325179677e+01
-7.499716990761609736e+01
-4.109434649942956241e+01
-5.831360400843262681e+01
-8.919356739831991376e+01
-8.161562180930138766e+01
-2.363783990954251735e+01
-4.912883037224489158e+01
-2.519262924230282152e+01
-1.402786213572094027e+02
-4.908606337612830828e+01
-1.479612946234133730e+01
-4.934425442991582145e+00
-5.796167158865924307e+01
-9.004765310751503193e+01
-8.052894014981310988e+01
-6.686049637159140957e+01
-1.711203137760901782e+01
-4.788154164543055913e+01
-2.032784474877187719e+01
-3.879072670072374507e+01
-6.644091846818299985e+01
-6.157389290201101772e+01
-2.777832017165921386e+01
-2.770880585478128566e+01
-4.285450984385466455e+01
-2.996968003902622613e+01
-4.740593596585247127e+01
-1.351300951205233858e+01
-1.138355629508136957e+02
-4.590170119591245879e+01
-9.981371393313617091e+01
-5.201381294848744119e+01
-2.081085807184330960e+01
-6.339228644325022799e+01
-4.788154164543055913e+01
-2.095104829505313049e+01
-1.118277519430220934e+02
-6.399967715653868083e+01
-1.186587937420182470e+02
-1.460920700833775072e+02
-7.212982351188300356e+01
-1.571207775839666354e+01
-7.789763162032704713e+01
-3.914221540486053641e+01
-9.855922376805958152e+01
-6.453706514010022488e+01
-2.447788980712011409e+01
-7.499716990761609736e+01
-1.051623375664064781e+02
-2.149056542004111492e+01
-1.326765244826075900e+02
-4.637705601746900896e+01
-5.399980395495265384e+01
-9.122043418054498432e+01
-1.280200857779300350e+01
-2.777832017165921386e+01
-1.287742594510498861e+02
-1.006682621279180125e+02
-1.051834570234799173e+02
-6.050587664582465663e+01
-7.339272232780565730e+01
-3.586810971169583695e+01
-6.976959803575308428e+00
-1.810978397815961927e+01
-1.289127929532797907e+02
-4.579847371820375201e+01
-1.571207775839666354e+01
-9.810603953604422145e+01
-1.513154765764265335e+02
-6.561754126593281455e+01
-4.457832129477380789e+01
-1.691045526491436135e+01
-1.887678392217736700e+01
-7.036109126343598064e+01
-4.789935220249795833e+01
-2.932238012303613317e+01
-3.641737369415689329e+01
-4.507311542566952056e+01
-3.062384883865856722e+00
-1.181876337510622363e+02
-6.636552945024639882e+01
-5.160793847300011095e+01
-3.847698894924716484e+01
-1.391853480342331295e+01
-1.439680217955345825e+02
-6.371559902511151563e+01
-5.848618495293796116e+01
-3.267345420482757135e+01
-1.365769909873501931e+01
-3.043369222911244876e+01
-1.975258577325595866e+01
-3.202613044322986013e+01
-2.138310350737189225e+01
-1.365769909873501931e+01
-3.581316365594369699e+01
-4.743287023817963188e+01
-1.103064612643134410e+02
-7.263276923382568384e+01
-9.279487484859288315e+01
-3.545867168894272936e+01
-2.777832017165921386e+01
-2.520728275842608568e+01
-3.689672469676396815e+01
-5.963797133648265714e+01
-7.032347835135126957e+01
-3.820094511639844370e+01
-7.978275345621560177e+01
-5.261138362777603561e+01
-1.188914612693098860e+02
-8.280200960499573171e+01
-5.083952329075410148e+01
-1.204716749684309605e+02
-4.578893529860957301e+01
-5.796167158865924307e+01
-8.649089302971131588e+01
-4.511221534430991653e+01
-3.711774034373716802e+01
-2.719356747465372237e+01
-1.328219811238226455e+01
-1.339997087318782221e+01
-5.086626487849170530e+01
-8.296836631101663784e+01
-4.034672527085112392e+01
-5.090338273241954425e+01
-5.796167158865924307e+01
-3.661378696363757967e+01
-2.520728275842608568e+01
-5.337253677875182944e+01
-1.403479436902574307e+01
-3.843651870307770224e+01
-5.093320827658736505e+01
-5.796167158865924307e+01
-2.269408106000716074e+01
-2.132075770761689526e+01
-8.008652149016863575e+01
-1.591597363172247128e+02
-6.031023390167964493e+01
-8.251294643557247355e+01
-1.091422379894058992e+02
-1.696969313193812567e+01
-1.784308919482979405e+01
-6.331902094524237157e+01
-7.587905489922340507e+01
-8.724362689944038607e+01
-1.479612946234133730e+01
-2.177926175741597703e+01
-1.992381034435338094e+01
-4.475278062460687067e+01
-4.061053636811023893e+01
-2.643922208504308102e+01
-5.922712824091074424e+01
-5.805839557450890709e+01
-8.548930515932450191e+01
-2.655207556253772339e+01
-1.986439897608921257e+01
-1.433430239646366999e+01
-7.051960469730431669e+01
-5.108549242410242641e+01
-4.012951484690589155e+01
-1.133627923314081443e+02
-3.427764546225366615e+01
-8.889658518412757360e+01
-1.307904723726295515e+01
-8.296836631101663784e+01
-4.457832129477380789e+01
-4.909533530558380932e+01
-5.489345281490800943e+01
-1.880341342275857741e+01
-5.723775962950381313e+01
-5.479185778896946601e+01
-3.914221540486053641e+01
-6.659713184519083029e+01
-4.853905214370762167e+01
-1.114880017696336836e+02
-4.054476429834843998e+01
-8.188096962174225268e+01
-3.567348331437984399e+01
-1.612320937524433617e+00
-1.125884589094830801e+02
-8.136422694140746614e+01
-4.497867645254383007e+01
-4.884698006719135321e+01
-1.947811593558415666e+01
-3.097953426024504608e+01
-1.067051777906949539e+01
-8.731377529086105937e+01
-6.137225596007327511e+01
-7.580117261487147573e+01
-4.508664530536957216e+01
-1.594851083968606176e+01
-3.111489664853999670e+01
-5.931387777757356616e+01
-4.067762174470749414e+01
-6.077045946916712182e+01
-2.793622872405545721e+01
-9.163829570504606181e+01
-5.704362102997930606e+01
-4.908606337612830828e+01
-4.777000380553700865e+01
-1.032596939925495505e+01
-8.913790070413048738e+01
-3.790007589274581790e+01
-6.046754394435631497e+01
-2.546850645315193162e+01
-1.322199273482699056e+01
-3.384251028604852962e+01
-3.775390862781590329e+01
-7.878026804317521226e+01
-2.972963411640086662e+01
0.000000000000000000e+00
-2.623855003635210892e+01
-1.880341342275857741e+01
-4.949670981833396866e+01
-3.653704093718400259e+01
-6.578500445003766117e+01
-5.325322186980909578e+01
-5.217581348888209902e+01
-2.148193177922077624e+01
-5.489032705854842220e+01
-4.263032778091374553e+01
-4.738512543191972526e+01
-1.579060228728977577e+01
-2.258362668584494060e+01
-3.914221540486053641e+01
-3.140378689857995553e+01
-3.419766694790556016e+01
-1.011836391002362490e+02
-4.400565175427246345e+01
-3.609030589852784487e+01
-2.483187542474836818e+01
-1.479612946234133730e+01
-1.780581042255253266e+01
-4.543419397294020712e+01
-2.693095375470808506e+01
-3.330060318899057847e+01
-2.178235754488412113e+01
-2.647643710309647958e+01
-2.652439518652124306e+01
-8.239924999330352762e+01
-1.237950510634378105e+02
-2.777832017165921386e+01
-3.545867168894272936e+01
-6.172743646152531483e+01
-2.169387071055083638e+01
-5.249650024329591247e+01
-4.056611015264167719e+01
-4.371053494374302772e+01
-2.644587065762810951e+01
-1.176061446320369441e+01
-7.153387745140129539e+01
-2.520728275842608568e+01
-3.873418893229018778e+01
-1.302939253084820450e+02
-8.246969313863125706e+01
-1.802235163500369808e+01
-1.479612946234133730e+01
-7.850644817224218741e+01
-3.575297236780151877e+01
-5.776347895543830191e+01
-4.832304841124926753e+01
-1.003870468866166021e+02
-1.320742902013086848e+02
-1.306147955590563470e+01
-4.908127259418247945e+01
-1.015815404185974415e+02
-4.417749305102559276e+01
-9.240114361129116105e+01
-5.222962786549026504e+01
-1.130412941952011039e+02
-4.694726741776052137e+01
-6.561754126593281455e+01
-4.835910421347852406e+01
-4.016606654706588841e+01
-4.104372066529563767e+01
-6.057484920697957875e+01
-6.202608438434525340e+01
-7.044127043858009074e+01
-5.373685008112969541e+01
-8.067325014125403015e+01
-4.688906125640619393e+01
-2.814367300744746814e+01
-5.944207164906728735e+01
-1.171611692708236347e+02
-4.603049084322474016e+01
-1.479612946234133730e+01
-1.001152651142547256e+02
-2.121518542321271283e+01
-7.827405523643720642e+01
-4.397264297525802590e+01
-2.245748225852337754e+01
-1.351300951205233858e+01
-6.120522902167379442e+01
-8.296836631101663784e+01
-4.699231177662557002e+01
-6.337348316839162976e+01
-2.070504064423147739e+01
-8.265713904348459096e+01
-1.564476625197374560e+01
-7.844011875129667999e+01
-1.673692455948566860e+01
-6.555045318371332996e+01
-6.590150449118124243e+01
-2.066332967871122150e+01
-2.086051634539598254e+01
-1.009985106014731713e+02
-8.165682877167506604e+01
-3.960694438484441804e+00
-1.902429614167278515e+01
-7.073246321232770129e+01
-4.724661431476397411e+01
-6.652287085102938136e+01
-6.174937860801358624e+01
-1.642605880367299420e+01
-6.691702705077589997e+01
-4.541513222119238691e+00
-7.172422286356280097e+01
-6.485207277029843453e+01
-4.271753410105002757e+01
-4.442041274237755033e+01
-3.775371578918205984e+01
-4.908606337612830828e+01
-7.481052177288272276e+01
-3.993921130533669839e+01
-5.217248556551426475e+01
-2.343394685329812432e+01
-4.450495079535500054e+01
-4.929476744546676770e+01
-4.810282834902412219e+01
-6.345199932825485689e+01
-8.222973699631107536e+01
-1.038541014755325165e+01
-1.038541014755325165e+01
-1.328219811238226455e+01
-3.570050004511465147e+01
-1.529605034025627930e+01
-2.485133517853251561e+01
-6.015001115408290389e+01
-4.019567305396331847e+01
-3.039391926780724518e+01
-4.184699236842577363e+01
-4.934425442991582145e+00
-1.351300951205233858e+01
-4.412039061796771477e+01
-5.082766357437621707e+01
-5.291833153993932370e+01
-6.613452177377021712e+01
-4.008053604706782380e+01
-4.808204644555637230e+01
-2.102872894287344607e+01
-5.054871094453374525e+01
-4.909533530558380932e+01
-5.938554727667874289e+01
-1.351300951205233858e+01
-5.241518074193844257e+01
-3.606826548451727632e+01
-1.328219811238226455e+01
-1.328219811238226455e+01
-1.015624186493926828e+02
-1.964077257042282909e+01
-2.333187542474836818e+01
-7.595800987507067248e+01
-1.214077381965757638e+02
-5.842148691083473011e+00
-1.359153404094541173e+01
-4.688523390115835809e+01
-5.755718327402920664e+00
-6.754238904541010413e+01
-9.490230852976893061e+01
-9.907917154835945439e+01
-9.285987905740442727e+01
-6.679247777561937482e+01
-5.264889412313043238e+01
-7.647385602230161794e+01
-5.298858779624269744e+01
-8.633557296145940541e+01
-1.109788371235661373e+02
-6.547952458237473650e+01
-6.561754126593281455e+01
0.000000000000000000e+00
-5.496281159031543950e+01
-5.755718327402920664e+00
-4.606222776195352253e+01
-9.283693393325258114e+00
-2.149056542004111492e+01
-9.999589449167714861e+00
-5.158552128031661255e+01
-5.863560189490481633e+01
-2.644587065762810951e+01
-2.723717123820374297e+01
-1.578955741283475334e+01
-1.479612946234133730e+01
-1.479612946234133730e+01
-6.320362266831853049e+01
-4.696595173738447926e+01
-6.416157455359578421e+01
-2.068800112884029474e+01
-7.578614304210924502e+01
-6.856837654391212311e+01
-1.234756342899901966e+02
-1.041520567724355573e+02
-7.432996517812156867e+01
-3.242972213571586337e+01
-4.418554631278192346e+01
-5.824611710830209432e+01
-1.571207775839666354e+01
-2.045748225852337754e+01
-9.568244263170922181e+01
-7.589764708856844777e+01
-1.612320937524433617e+00
-4.890415318932686972e+01
-2.031454690421493936e+01
-6.263047177466231119e+01
-6.287738346612727014e+01
-2.149056542004111492e+01
-9.402975800199807566e+01
-9.691114611136235624e+00
-4.397904457386982813e+01
-6.336894600879512041e+01
-9.932663445352298481e+01
-4.323568746820335207e+01
-3.984890588494934605e+01
-3.914221540486053641e+01
-7.485197087834262675e+01
-7.066550863886718048e+01
-8.948024276250508535e+01
-2.145748225852337754e+01
-4.721429932181570166e+01
-4.252680287061410525e+01
-3.616722344015563806e+01
-1.086046872379847485e+02
-9.043297064156206488e+00
-1.887678392217736700e+01
-7.553520181878272410e+01
-1.070946133942464584e+01
-9.265571597460684927e+00
-4.649397281725844522e+01
-1.305912295180370819e+01
-4.381473442286174702e+01
-2.408068913231214481e+01
-7.185692631592763746e+01
-1.239637643430481688e+02
-4.024228562426077360e+01
-6.819376586960457587e+01
-2.519138049255167644e+01
-1.006429942053026423e+02
-4.313644499457089410e+01
-1.980532431507815971e+01
-2.575046773030416958e+01
-6.024009579366067157e+01
-3.987270467829831944e+01
-5.984753861917471340e+01
-2.009033700177963411e+01
-4.184288762585070742e+01
-3.380778268000892695e+01
-5.327636326233702846e+01
-4.022421708551821951e+01
-6.504898943378756826e+01
-6.347367168037881413e+01
-7.119554043159718049e+01
0.000000000000000000e+00
-5.086895015660495289e+01
-4.190163367226847413e+01
-1.154928323221550244e+02
-8.312487487790650675e+01
-3.914221540486053641e+01
-4.852683900718677990e+01
-2.520728275842608568e+01
-3.551529472278690491e+01
-3.738441465446005196e+01
-3.419766694790556016e+01
-4.460427718484309878e+01
-2.294555425597844334e+01
-6.561754126593281455e+01
-3.545867168894272936e+01
-1.589922510394417898e+01
-2.644587065762810951e+01
-6.785158202319846055e+01
-1.328219811238226455e+01
-8.655930337010408948e+01
-2.623855003635210892e+01
-2.814367300744746814e+01
-1.363640395447714582e+01
-5.205878728717296156e+01
-7.540670820338014835e+01
-7.172843660138576638e+01
-2.266834216842303107e+01
-1.352187361368580198e+01
-5.213526775155017390e+01
-4.083931929291111373e-01
-7.592397050201201125e+01
-6.310526486333482410e+01
-7.275476103541379302e+01
-1.479612946234133730e+01
-4.909533530558380932e+01
-1.351300951205233858e+01
-2.181886432280190746e+00
-6.425451890094565499e+01
-7.002023762428518694e+01
-3.914221540486053641e+01
-8.403923052805295413e+01
-4.066359448733356885e+01
-4.323921999951381423e+01
-4.424755113990939037e+01
-4.466431333320637265e+01
-6.128798491766725220e+01
-4.345398882664220253e+01
-4.335753999730664532e+01
-4.083931929291111373e-01
-8.767170064000013951e+01
-4.318830464285888127e+01
-1.660057349607289012e+00
-4.806858277640047561e+01
-9.331840050708439094e+01
-9.470246492629208035e+01
-4.473622984717009388e+01
-2.117474332524515646e+01
-7.312723236886361633e+01
-5.807611783396577465e+01
-1.571207775839666354e+01
-6.235219828607437620e+01
-2.749621413943976123e+01
-3.218629147220753595e+01
-6.567273948091876434e+01
-2.814367300744746814e+01
-2.506126837605440372e+01
-9.651271178317358590e+01
-1.612320937524433617e+00
-2.720013577680522232e+01
-4.167505956866673955e+01
-5.005521667911693839e+01
-3.659585364522020257e+01
-5.790187159823251051e+01
-3.071192220172535414e+01
-3.189989952754650560e+01
-4.262225447769931463e+01
-2.693095375470808506e+01
-4.398381052881676112e+01
-9.866373806580316597e+00
-3.268924934389925596e+00
-3.569862024862185024e+01
-6.705559427375408177e+01
-7.780730547256223417e+01
-1.262851365635640093e+02
0.000000000000000000e+00
-2.266183314406288218e+01
-1.865739904038682084e+01
-3.672282897932791457e+01
-7.027285544837107523e+01
-4.796566428885688538e+01
-4.701227316078603025e+01
-5.755718327402920664e+00
-6.401513492297618768e+01
-3.914221540486053641e+01
-3.914221540486053641e+01
-1.684153403519165337e+01
-2.339207064745207632e+01
-4.704797908839456966e+01
-5.432700139408344597e+01
-9.529622744703756609e+01
-6.561754126593281455e+01
-2.333187542474836818e+01
-6.561754126593281455e+01
-2.932238012303613317e+01
-1.014040191293190389e+02
-6.113336552408875946e+01
-8.659627490415807927e+01
-4.934425442991582145e+00
-1.571207775839666354e+01
-2.744901791754318765e+01
-6.150580625024311132e+01
-9.798942194504795111e+01
-6.660957629718188855e+01
-2.520728275842608568e+01
-5.267879816887709410e+01
-4.910488524909249008e+01
-8.411538003219318682e+01
-1.339997087318782221e+01
-2.814367300744746814e+01
-6.447269778470194979e+01
-1.328219811238226455e+01
-4.493987692419723601e+01
-7.161191436094171081e+01
-5.000000000000000000e-01
-2.814367300744746814e+01
-4.656847622837567258e+01
-5.096049116444180527e+01
-1.152401881109939907e+01
-2.777832017165921386e+01
0.000000000000000000e+00
-5.146050985416395918e+01
-6.400573953300708752e+01
-7.387717242188494993e+01
-1.328219811238226455e+01
-5.770279052592265856e+01
-4.908606337612830828e+01
-1.632303358279354555e+01
-5.583302868787086481e+01
-2.623855003635210892e+01
-6.382370935760586406e+01
-4.909533530558380932e+01
-5.641607177471399837e+01
-5.754465036811357237e+01
-8.818468529944928491e+01
-6.226120787579813509e+01
-1.678200638356655716e+01
-3.710081507031458159e+01
-4.488038726561946845e+01
-5.681463840357480422e+01
-2.520728275842608568e+01
-1.351300951205233858e+01
-4.367947967498367490e+01
-4.227911516623400701e+01
-6.078183943805310463e+01
-9.074946330008712891e+01
-9.267509101389384796e+01
-6.321136333577366884e+01
-2.059955959091638178e+01
-8.837660711346624964e+01
-4.131019497365331716e+01
-3.795012389653594198e+01
-4.411264481182021058e+01
-3.201055683272693386e+01
-2.695722472587264207e+01
-5.788963469047399713e+01
-4.428592773759964984e+01
-1.571207775839666354e+01
-9.952121110795638970e+01
-1.138601196989268516e+01
-4.279809885669617131e+01
-6.144555455250069542e+01
-2.523849568086274786e+01
0.000000000000000000e+00
-6.086878541612296090e+01
-7.033695094251983448e+01
-6.183711177008638060e+01
-3.599219721153575335e+01
-7.180070506918103490e+01
-5.161841968050132579e+01
-6.491453151200386174e+01
-5.330380392232601139e+01
-5.765811401965051175e+01
-5.461976594983652689e+01
-2.400797851920553327e+01
-1.065654384383850015e+02
-9.401066424014445033e+01
-2.383187542474836818e+01
-3.384171936801193681e+01
-7.708229293265749504e+01
-1.328219811238226455e+01
-6.953394088988446242e+01
-5.794986553731244783e+01
-7.971177556327758396e+01
-5.272950323029378694e+01
-6.577749829462911180e+01
-1.403356762003840288e+02
-1.571207775839666354e+01
-8.099874364601221544e+01
-6.466185931939625675e+01
-7.056516579582408610e+01
-6.980893906149120198e+01
-4.255911630812900626e+01
-4.374136392344292545e+01
-5.415426954078697008e+01
-6.814959130906538576e+01
-3.347818215241737505e+01
-5.867072010133807680e+01
-6.791414557789211415e+01
-2.241091999454521755e+00
-5.888870006726979511e+01
-3.771537202615556339e+01
-9.330549056498944083e+01
-3.040930372398611681e+01
-4.180268028634154120e+01
-2.045748225852337754e+01
-1.612320937524433617e+00
-5.419316305376268161e+01
-4.616433810991362918e+01
-2.145748225852337754e+01
-4.640056025371808346e+01
-4.837420338349176063e+01
-5.594488630265657036e+01
-6.360978015467731694e+01
-5.459123914884276019e+01
-4.934425442991582145e+00
-4.808411325959703220e+01
-9.800103243478581305e+00
-7.552367287290032039e+01
-1.365769909873501931e+01
-4.662905902777574596e+01
-2.594147308913623107e+01
-6.128795027930148365e+01
-9.397061708290996762e+01
-6.502596681174981086e+01
-5.695897644001792770e+01
-3.924657397280054028e+01
-4.250677201432895913e+01
-3.913628790947633718e+01
-8.296836631101663784e+01
-1.735332527887225496e+01
-4.360242754190915093e+01
-5.932551940030256787e+01
-6.875870564104295113e+01
-1.642906230803638579e+01
-4.971618634495231959e+01
-1.342859818036722785e+01
-9.754327903681394218e+01
-1.836792884394384728e+01
-1.248736977189134123e+01
-2.373334670626057274e+01
-4.764240908529056640e+01
-4.891433849702847425e+01
-1.986439897608921257e+01
-5.260032497501472903e+01
-1.922410062183993773e+01
-9.796469099825449689e+01
-6.520299890315675384e+01
-5.721652422947131100e+01
-4.838786811678764366e+01
-8.296836631101663784e+01
-2.809646994056475222e+00
-4.482957750974030375e+01
-4.083931929291111373e-01
-1.664900975066210620e+01
-2.333187542474836818e+01
-2.241091999454521755e+00
-5.859843510727172600e+01
0.000000000000000000e+00
-1.361783476221090439e+01
-1.978308494902639936e+01
-2.710180611155387354e+01
-9.774324145154048438e+01
-2.146677208998858788e+01
-3.677588168289108239e+01
-3.504264427080243394e+01
-1.289346813285214353e+02
-7.725224841935462905e+01
-1.643246853821096209e+01
-1.351300951205233858e+01
-4.780924779244081435e+01
-4.979385656958885420e+01
-2.777832017165921386e+01
-7.911674065664593059e+01
-2.623855003635210892e+01
-4.838502327128644254e+01
-7.104518207650052375e+00
-1.018234093221994954e+02
-1.329646829960116960e+01
-5.162557585573638619e+01
-5.796167158865924307e+01
-7.132158397667278393e+01
-3.914221540486053641e+01
-5.253337845269889783e+01
-4.370851758259055231e+01
-4.426421553501266715e+01
-7.957168584612628592e+01
-1.290701055144312193e+02
-5.313159233734160125e+01
-2.113907671590443016e+01
-4.877494633259640011e+01
-7.132795851497452588e+01
-3.879374411895531694e+01
-7.198251398051202443e+01
-2.146677208998858788e+01
-1.546850700604407081e+01
-1.992030444568390379e+01
-2.338546263252276347e+01
-4.294288223437845886e+01
-2.146677208998858788e+01
-3.264183604968920349e+01
-2.333187542474836818e+01
-6.695156026340467292e+01
-5.900292733798869449e+01
-2.967484551012164218e+01
-1.061629462052369206e+02
-2.495741575440796822e+01
-4.305563028826826155e+01
-5.346205446516601256e+01
-1.886129117778395425e+01
-1.339997087318782221e+01
-2.069925596771150822e+01
-5.156263368128904290e+01
-3.914221540486053641e+01
-4.286067784190858276e+01
-3.740007589274581790e+01
-2.245748225852337754e+01
-4.418357970501227072e+01
-3.046196304732917781e+01
-1.612320937524433617e+00
-1.571207775839666354e+01
-5.195984281870303789e+01
-1.887678392217736700e+01
-1.441373775005988023e+01
-3.612080802569667526e+01
-4.932717219724993640e+01
-7.322322293258714865e+01
-6.281630719704193666e+01
-7.985446873887791241e+01
-5.817534192953647221e+01
-2.260294685931289393e+01
-1.612320937524433617e+00
-2.477420033352378681e+01
-2.374238552750983899e+01
-6.934209877775722930e+01
-5.163995496019501275e+01
-4.393435148520067202e+01
-7.237309309971342941e+01
-2.333187542474836818e+01
-3.159296795899581767e+01
-1.449332582233296307e+00
-6.277366506406690405e+01
-1.002976041654309824e+01
-1.612320937524433617e+00
-5.777022734166406792e+01
-6.264574653573268392e+01
-2.803579275640450774e+01
-3.645812760307489953e+01
-1.856926241304045178e+01
-3.848293181033605492e+01
-5.544371774083202098e+01
-5.724861589221745817e+01
-2.379219835462460608e+01
-5.052280198502617026e+01
-4.397347704991754824e+01
-1.351300951205233858e+01
-3.067399695781846702e+01
-2.149056542004111492e+01
-5.822213332971142563e+01
-7.204662371784177566e+00
-2.189427644011351859e+01
-8.461930580950540559e+01
-1.776649315244473470e+01
-6.010422710897583443e+01
-4.509756065094172328e+01
-7.095130535133223759e+01
-2.908769240947792056e+01
-2.149056542004111492e+01
-4.188103133818107437e+01
-7.567364811547579961e+01
-1.115371153108652322e+02
-1.612320937524433617e+00
-4.909533530558380932e+01
-3.200394881779757128e+01
-5.796167158865924307e+01
-1.362239430084028413e+01
-4.309379564191867473e+01
-1.185685194827958711e+01
-1.578294939790539786e+01
-6.128983590303591455e+01
-7.098540966342187630e+01
-4.867881431088861177e+00
-7.974483176134543783e+01
-4.263560957067161894e+01
-4.527209382174062569e+01
-1.593246853821096209e+01
-5.656338672563847325e+01
-8.353823767049213700e+01
-3.503810196344089434e+01
-7.326561886005690383e+01
-5.166753851891934346e+01
-2.149056542004111492e+01
-4.615991412782339864e+01
-2.777832017165921386e+01
-5.368937230999520693e+01
-6.225938356891099090e+01
-5.477587504086740466e+01
-1.397373883962594334e+02
-3.647290803662430392e+01
-1.592896378027710114e+01
-1.612320937524433617e+00
-8.713584403173474868e+01
-1.209559642218381370e+01
-1.292762718687643897e+01
-4.754198776310143870e+01
-5.246125983455596753e+01
-3.740007589274581790e+01
-1.029642288840871061e+02
-4.187599232632823032e+01
-9.607370535496851005e+01
-2.623855003635210892e+01
-3.740007589274581790e+01
-6.356583755222085586e+01
-8.032302099725727373e+01
-3.659592104545918545e+01
-1.339997087318782221e+01
-7.275689401505928799e+01
-3.859383608612874639e+01
-7.182307806954045759e+01
-4.083931929291111373e-01
-7.187330163913006231e+01
-1.791250753481645219e+01
-1.365883804991790385e+01
-4.842387371513008532e+01
-4.925375777144066802e+01
-3.972425915194273216e+01
-1.328219811238226455e+01
-2.623855003635210892e+01
-2.814367300744746814e+01
-5.796167158865924307e+01
-1.152932967356975880e+01
-5.266120685218341180e+01
-4.930362990441516047e+01
-6.510333272471791588e+01
-2.357913523315947302e+01
-7.339553653869010930e+00
-5.522495921342350300e+01
-3.843453391537572372e+01
-7.066603936133890329e+01
-5.231000135457810529e+01
-4.934425442991582145e+00
-6.029841822358073955e+01
-4.083931929291111373e-01
-5.135005831009188171e+01
-5.754556991712508562e+01
-2.049868888509127629e+01
-1.331801214086126350e+01
-3.066738894288908313e+01
-2.333187542474836818e+01
-5.215077574623116163e+01
-5.058627400923234774e+01
-4.449292904980441676e+01
-1.351300951205233858e+01
-3.244474523368772623e+01
-4.264067484290998067e+01
-9.465393619696257588e+01
-2.408068913231214481e+01
-6.957412177503280759e+01
-4.149364986156656698e+01
-5.336667003614566340e+01
-3.545867168894272936e+01
-5.977976664284311425e+01
-5.001538046218740163e+01
-4.909533530558380932e+01
-4.049108024848052167e+01
-2.534383733087360824e+01
-3.330946881838774232e+01
-1.155491075609146989e+01
-6.538746248813302486e+01
-1.529605034025627930e+01
-6.400230386817609940e+01
-6.163385749882373688e+01
-1.365769909873501931e+01
-6.961716360464407671e+01
-1.520110877303523367e+01
-8.454469589128311213e+01
-6.243364494824529487e+01
-2.149056542004111492e+01
-4.825697622160663514e+01
-5.234516129645949434e+01
-1.336592550049176396e+02
-4.261672097279493698e+01
-3.059599581093662479e+01
-7.136860981384278091e+01
-4.555731200178895790e+01
-1.351300951205233858e+01
-7.134719747285272717e+01
-7.157456837183272569e+01
-5.850512940231123338e+01
-8.159175978235819571e+01
-8.296836631101663784e+01
-5.166953382238756376e+01
-4.083931929291111373e-01
-5.913021430699873804e+01
-6.738522471359087262e+01
-5.089849145838206823e+01
-4.199835751025162267e+01
-5.145889575047286257e+01
-8.515475410671052714e+01
-8.296836631101663784e+01
-4.626091554859229404e+01
-1.375161779832038533e+01
-1.059922179901816435e+02
-1.504979261704151838e+01
-1.331801214086126350e+01
-1.358432859931621550e+01
-1.255209155033752779e+02
-5.097211594208972940e+01
-1.329646829960116960e+01
-5.741697275884096996e+01
-3.951171434334969490e+01
-4.395863792994180841e+01
-8.236857469769910267e+01
-4.557478289919548331e+01
-4.239499064234779269e+01
-7.487855629645778777e+01
-1.571207775839666354e+01
-2.498903359672578972e+01
-1.612320937524433617e+00
-1.180652822682823597e+02
-8.118461279094529459e+01
-4.270717738581151934e+01
-6.202726134137624570e+01
-2.873302656524180065e+01
-1.791250753481645219e+01
-3.995067578408662712e+01
-4.109305836113799870e+01
-4.083931929291111373e-01
-6.213059255659445057e+01
-1.791250753481645219e+01
-1.313959188157472227e+02
-1.791250753481645219e+01
-4.176700256568398117e+01
-5.048512249533119700e+01
-5.455626570480917792e+01
-4.931827451472933177e+01
-2.814367300744746814e+01
-1.489070506918410786e+02
-1.329084660164109977e+01
-6.750591923209736933e+01
-6.850412569958055542e+01
-4.934425442991582145e+00
-1.476640799258817083e+01
-2.651738441660189238e+00
-1.012287439380356346e+02
-5.717610533564149478e+01
-4.509756065094172328e+01
-4.933538627773775431e+01
-5.106225919703486937e+00
-4.409224224821764437e+01
-3.097572784372827570e+01
-5.062222414556268291e+01
-4.267670836541104507e+01
-2.149056542004111492e+01
-1.365769909873501931e+01
-5.875984756700727729e+01
-8.166389309889186165e+01
-4.728937357633498095e+01
-3.999624455266371115e+01
-2.384512359966138106e+01
-8.296836631101663784e+01
-1.058142276028561781e+02
-2.236713317548684898e+01
-4.545838670292733497e+01
-5.495950013135683321e+01
-1.027926912269811766e+01
-2.480142234233035481e+01
-3.934200604429780412e+01
-1.216204985965159722e+02
-3.722747425550790012e+01
-2.112320937524433617e+00
-5.218712253422487635e+01
-7.738937558945444550e+01
-7.006770637821540504e+01
-7.669802199292104206e+01
-1.887678392217736700e+01
-9.248193158499640276e+01
-4.653914314613852810e+01
-2.651738441660189238e+00
-1.830392893703095325e+01
-3.000000000000000000e+00
-9.314485992614430643e+01
-1.419458477514986328e+00
-3.740007589274581790e+01
-4.178377225320639354e+01
-5.828620308851563436e+01
-1.571207775839666354e+01
-1.038518111404388975e+02
-7.323045973308285284e+01
-4.934425442991582145e+00
-7.057556814310993332e+01
-5.419525693070110606e+01
-1.339997087318782221e+01
-5.791393654428003401e+01
-6.822173667014682508e+01
-4.071186581980986574e+01
-2.333187542474836818e+01
-1.977347728970353913e+01
-1.329931591261471979e+01
-1.989852616014310982e+01
-1.389604720323941649e+02
-5.140917565825910174e+01
-1.612320937524433617e+00
-6.921592860867363584e+01
-2.235554058626682661e+01
-4.573316642440322966e+01
-6.012823128505335291e+01
-8.992875201461011159e+01
-1.479612946234133730e+01
-2.333187542474836818e+01
-6.825547347019005429e+01
-3.730672942189631414e+01
-4.956601779965626520e+01
-1.365769909873501931e+01
-6.313932296287595136e+01
-2.351642485710200248e+01
-3.740007589274581790e+01
-7.399051908825957469e+01
-4.239965001906045927e+01
-7.692617497513725766e+01
-4.480855787065007689e+01
-4.599797043044124223e+01
-4.083931929291111373e-01
-6.328411420067646276e+01
-3.954410148939368241e+01
-4.690787176266052683e+01
-5.711849783199277653e+01
-3.826702082536020555e+01
-1.339731400820074896e+02
-3.735649687025726706e+01
-5.738815180938239280e+01
-3.524345496061125260e+01
-4.083931929291111373e-01
-4.135782573465569101e+01
-4.171913741724143421e+00
-3.476732908002870204e+01
-6.273840406880457010e+01
-1.479612946234133730e+01
-1.300807546138157988e+01
-2.918004492059946386e+00
-1.328219811238226455e+01
-3.087606879573104024e+01
-2.571682322497717266e+01
-2.196171259339961068e+01
-4.909533530558380932e+01
-1.286617069424192650e+01
-5.852758872952154690e+01
-4.934425442991582145e+00
-7.782311305935616019e+01
-4.977550708657075518e+01
-4.706481709609898445e+01
-2.812294844268300409e+01
-5.284204288308536235e+01
-6.376631428941629309e+01
-7.232122090361072253e+01
-4.108131108874806614e+01
-4.221933544741968802e+01
-1.479612946234133730e+01
-4.333362776993492105e+01
-3.286744567389234106e+01
-6.539194100391981124e+01
-5.083376854328609085e+01
-9.408049793256465421e+01
-2.149056542004111492e+01
-6.072827827658722555e+01
-1.644393063407689937e+01
-1.769596632236528322e+01
-6.036233262141058731e+01
-1.843933554258171625e+01
-3.716846949002376732e+01
-7.836293308081913267e+01
-5.609353419344332536e+01
-3.740007589274581790e+01
-3.874464085112101941e+01
-1.410349099679359952e+01
-1.038541014755325165e+01
-1.038541014755325165e+01
-6.404533819836761666e+01
-1.351300951205233858e+01
-2.654159646632198033e+01
-4.042418479973338918e+01
-8.329421625984336686e+01
-4.263757547403264425e+01
-6.185213655105359010e+01
-7.016693865796023033e+01
-5.736363661358860355e+01
-2.390470719598748772e+01
-3.740007589274581790e+01
-5.642275756868264125e+01
-3.771368194703963184e+01
-7.227687979057552070e+01
-6.757316520402699211e+01
-6.688411795848418251e+01
-4.259905740196469281e+01
-2.502080722412082636e+01
-2.149056542004111492e+01
-4.573686781290099646e+01
-8.181460778028160519e+01
-9.406519130227987802e+00
-5.424730269292696505e+01
-4.815661118029670718e+01
-3.344971993541696520e+01
-2.801864943173067246e+01
-8.057060610098079678e+01
-1.900936091598473254e+01
-1.166938520113816935e+01
-8.283017871343922423e+01
-4.788588972086266438e+01
-4.057019918210514220e+01
-1.351300951205233858e+01
-2.825205906567424563e+01
-1.328219811238226455e+01
-1.318941913481567596e+01
-7.389643868088190004e+01
-7.544559034260481667e+01
-1.015083635531005797e+02
-1.351095809989748631e+01
-2.473262714334574852e+01
-4.083931929291111373e-01
-3.989274402923045670e+01
-8.898888559088402417e+01
-8.153242999364505295e+01
-5.036205387687665080e+01
-1.339997087318782221e+01
-4.211134592101628016e+01
-3.656754497469332676e+01
-5.247760752784360250e+01
-1.634840252446715425e+01
-3.844600594018791639e+01
-1.365769909873501931e+01
-1.986439897608921257e+01
-1.280266103863052152e+01
-5.910768597103098898e+01
-2.916136120809843746e+01
-7.394848803079744926e+01
-4.815835104791185728e+01
-4.953199839756112510e+01
-1.613238274621317458e+01
-8.659418902444842558e+01
-2.874177249272178614e+01
-6.566052540546181149e+01
-2.618982675875766120e+01
-6.524517967028428700e+01
-8.682941838859007078e+01
-5.538156812060336875e+01
-1.365769909873501931e+01
-5.625761001511449422e+01
-1.479612946234133730e+01
-4.843075204934332589e+01
-5.855102514645356848e+01
-3.045875061745331536e+01
-2.651738441660189238e+00
-6.024700289054969460e+01
-2.816636820641199535e+01
-1.249873856210341359e+02
-4.586012902844796457e+01
-9.068521636714466183e+01
-2.045748225852337754e+01
-5.663758806863857842e+01
-4.969353229220546098e+01
-2.676976756317095507e+01
-2.461999866138792470e+01
-4.825306653588646810e+01
-5.791695140611861348e+01
-3.630949186228063041e+01
-7.983417701024227142e+01
-1.307904723726295515e+01
-4.083931929291111373e-01
-8.294917585011174310e+01
-1.665787842538858143e+01
-1.328219811238226455e+01
-5.112115174663915695e+01
-1.264935735612353938e+02
-4.909533530558380932e+01
-3.597734990705971114e+01
-2.814367300744746814e+01
-1.003514933238756868e+02
-6.936933359177312752e+01
-2.520728275842608568e+01
-1.103982560343105206e+02
-6.404312792387896991e+01
-5.837694799383526600e+01
-4.802950581973854582e+01
-7.058886593964544431e+01
-1.403593425210002010e+02
-5.411250432089367735e+01
-5.166727297189128620e+01
-2.566985284945473822e+01
-2.045748225852337754e+01
-6.585683915165347457e+01
-1.951423859421780094e+01
-1.557922983093441189e+02
-2.199786081131908233e+01
-5.091365098978852188e+01
-4.083931929291111373e-01
-7.249486200905778333e+01
-2.933109331565032818e+01
-1.198506053788775603e+02
-2.408421657491001966e+01
-1.571207775839666354e+01
-1.799063959104215016e+01
-8.627846944290126885e+01
-4.909533530558380932e+01
-1.571207775839666354e+01
-4.321180074445015862e+01
-6.881474620953916599e+01
-1.351300951205233858e+01
-3.159095267108345695e+01
-2.816636820641199535e+01
-8.554397626122511156e+01
-4.089874602763987355e+01
-3.549669317781884104e+01
-4.442041274237755033e+01
-3.516619224069060579e+01
-6.214876611308332599e+01
-9.383761545873302623e+01
-1.479612946234133730e+01
-2.149056542004111492e+01
-2.718067382289503087e+01
-3.276850230592037860e+01
-2.377373396649978332e+01
-3.172636336034915772e+01
-1.479612946234133730e+01
-6.975434514894590166e+01
-1.339997087318782221e+01
-6.623696013540833860e+01
-7.128812989827339663e+01
-2.241091999454521755e+00
-3.924958167816396326e+01
-1.678200638356655716e+01
-2.408068913231214481e+01
-2.527091117273582199e+01
-1.643051767942971964e+01
-1.791250753481645219e+01
-2.461999866138792470e+01
-2.560274460864360080e+01
-4.364956751098696941e+01
-1.055276902440088236e+02
0.000000000000000000e+00
-3.464644722517024888e+01
-6.341453719277036782e+01
0.000000000000000000e+00
-3.578618808425437692e+01
-1.661941629994259984e+00
-1.328219811238226455e+01
-3.998511235940424058e+01
-4.586564556488389144e+01
-4.280682750371020973e+01
-2.777832017165921386e+01
-2.211959287962373111e+01
-5.939445374736621375e+01
-3.825938448423185889e+01
-7.319203720882040898e+01
-2.241091999454521755e+00
-1.351300951205233858e+01
-4.757191279639035741e+01
-2.676660880396997655e+01
-8.970359851890020764e+01
-3.740007589274581790e+01
-5.937063731005767409e+01
-4.870158538052585584e+01
-1.328219811238226455e+01
-8.512279766882107879e+01
-8.837422558994403232e+01
-1.090934776738162881e+01
-9.704576459551812206e+01
-1.328219811238226455e+01
-5.573934429636420873e+01
-1.791250753481645219e+01
-6.559282226133095151e+01
-4.934425442991582145e+00
-2.744200720736539978e+00
-1.791250753481645219e+01
-5.422590822152449164e+01
-5.362516254111790204e+01
-1.791250753481645219e+01
-2.689078494803953134e+01
-4.809450384849190385e+01
-7.085690611036586972e+01
-6.991578150953067450e+01
-1.614550499272825590e+01
-4.885355476837996491e+01
-7.098893613035716044e+01
-3.893704420360627694e+01
-4.758480659631145215e+01
-3.545867168894272936e+01
-4.248327439294818930e+01
-4.083931929291111373e-01
-2.809417773607012236e+01
-4.894545933291904305e+01
-6.422411016222417857e+01
-5.502169386680935048e+01
-9.528238317963490545e+01
-3.638185594694756020e+01
0.000000000000000000e+00
-5.403028201409335907e+01
-3.841736667827333918e+01
-6.545742388327221306e+01
-2.061372948669919580e+01
-1.328219811238226455e+01
-2.105074467184822495e+01
-7.503218410341148115e+01
-2.241091999454521755e+00
-1.339997087318782221e+01
-6.755892760919796558e+01
-6.336193240728109544e+01
-4.934425442991582145e+00
-6.464145699426960334e+01
-5.941774734040525630e+01
-7.632117249717043705e+01
-6.610842211206912111e+01
-4.921014732840399120e+01
-1.612320937524433617e+00
-2.099404555102300307e+01
-2.193586054495238713e+01
-6.470239883350626542e+01
-5.301988693575150791e+01
-4.065332573186636722e+01
-2.077136590965620400e+01
-5.296352027697933806e+01
-6.295122157336561486e+01
-7.870247156650282250e+01
-1.675750330530325982e+01
-2.333187542474836818e+01
-1.082741901433375062e+02
-2.520728275842608568e+01
-6.254002847898027539e+01
-4.752693951304323150e+01
-1.594796574720621152e+01
-6.415813088175306689e+01
-5.332979420133627002e+01
-1.571207775839666354e+01
-1.632299659678719905e+01
-3.114305971092688097e+01
-4.933322720755002422e+01
-6.718003777271471222e+01
-5.274989166737870505e+01
-2.618974484319765850e+01
-4.789309153272998998e+01
-5.362135846757418278e+01
-2.623855003635210892e+01
-1.986439897608921257e+01
-8.762264765741296912e+01
-5.650910310355639155e+01
-7.031754803578469648e+01
-5.796167158865924307e+01
-9.125857245850826871e+01
-8.857865878935223236e+01
-4.934425442991582145e+00
-2.169804580999646859e+01
-2.282427022059424360e+01
-1.500000000000000000e+00
-4.340691636408991627e+01
-8.103217406932384392e+01
-8.258857888660206470e+01
-1.259094349851395407e+02
-8.518718175771623180e+01
-2.488694762438604613e+01
-5.788411703845501677e+01
-1.416062963437665445e+01
-6.487094589680029344e+01
-7.860526227463662963e+01
-9.575161211617138690e+01
-7.184867671694155433e+01
-1.534841631927415051e+01
-4.337610129457628716e+01
-3.765638461114490809e+01
-4.531984194708977043e+01
-1.445418501467022452e+02
-4.423697694525461088e+01
-4.593411814903033985e+01
-4.222179213909976880e+01
-7.229117442092703527e+01
-8.118711793091958384e+01
-6.488700751998994321e+00
-1.612320937524433617e+00
-2.814367300744746814e+01
-4.805500692823109432e+01
-5.651497651869660643e+01
-6.608710397379827839e+01
-2.788795813025219772e+01
-4.672110460079397853e+01
-1.092572177372287001e+02
-6.952516818213777583e+01
-4.086975383368736203e+01
-8.978626085241833721e+01
-8.789277206494888617e+01
-3.740007589274581790e+01
-1.339997087318782221e+01
-4.192756391574704367e+00
-2.045748225852337754e+01
-2.831656458083706340e+01
-4.510723519673958037e+01
-7.199707748916003425e+01
-2.874193108753742720e+01
-6.609844317013671855e+01
-8.296836631101663784e+01
-6.511766799712086140e+01
-5.184198877351593637e+01
-6.613465506345121980e+01
-1.038541014755325165e+01
-4.881522456910413155e+01
-2.474790284288866360e+01
-9.149438571020137090e+01
-7.283960851884135934e+01
-2.047548436626893675e+01
-6.549940303564851263e+01
-5.039901688284979286e+01
-4.498153976048046587e+01
-3.400645581899608771e+01
-4.982875269837057886e+01
-6.948094019937848032e+00
-9.726462669109218950e+01
-5.753375548832051578e+01
-1.570640994397516010e+01
-2.182782331199080517e+01
-4.007995871917971442e+01
-2.683187542474836818e+01
-4.845208711109796695e+01
-4.706863181365654469e+01
-4.243111353491669036e+01
-5.432604551667258619e+01
-5.830996719553481000e+01
-4.142712392799111853e+01
-4.669752264749185855e+01
-5.306452382556227576e+01
-1.038541014755325165e+01
-7.633711462544785320e+01
-3.616092290306627888e+01
-3.622431412565043729e+01
-5.003788128593380691e+01
-2.633187542474836818e+01
-4.046853012262209859e+01
-4.013017843733034340e+01
0.000000000000000000e+00
-3.605883232449420461e+01
-4.635921452972803536e+01
-7.881489275112578241e+01
-2.146677208998858788e+01
-6.086490815509818475e+01
-9.362072786460015550e+01
-4.496057553960335440e+01
-2.520728275842608568e+01
-5.311975908582193284e+01
-5.156065645615159099e+01
-3.269457199823695248e+01
-2.891334564832957099e+01
-1.038541014755325165e+01
-4.209437342632440959e+01
-3.460130326615562524e+01
-1.591585875356937407e+00
-8.776409475181038999e+01
-2.814367300744746814e+01
-5.742082083034184592e+01
-5.444868391903690963e+01
-3.915532283928592960e+01
-3.778162686875211307e+01
-6.734030764576743877e+01
-3.892647702035688440e+01
-4.509649317109003874e+01
-5.193557562807738748e+01
-3.545867168894272936e+01
-8.796109638374146300e+01
-5.917162921798765751e+01
-4.988683584798017989e+01
-7.496434665743163350e+01
-3.797233919288144222e+01
-2.795597539647060614e+01
-7.994401325583289974e+01
-4.592393779235739970e+01
-1.887678392217736700e+01
-8.493487233858330399e+01
-6.819000061895985709e+01
-2.858104079484310489e+01
-1.392802098136015161e+02
-2.228673608378433002e+01
-4.208602927401862814e+01
-6.225140098757164253e+01
-1.339997087318782221e+01
-1.458069370546372312e+01
-4.260986871746222704e+01
-5.124428660155518855e+01
-4.934425442991582145e+00
-8.980378602244317676e+01
-2.519778840320705982e+01
-1.397840643009692201e+02
-5.614922507279025155e+01
-4.953823394570258642e+01
-5.459542491787449592e+01
-2.842611398274488721e+01
-7.106767945886872440e+01
-4.863177468717280760e+01
-9.557412514488558486e+01
-9.068815094470292593e+01
-4.948347796757591510e+01
-4.628473029480306877e+01
-1.938586374757022668e+01
-1.475191810535571335e+01
-2.149056542004111492e+01
-3.545867168894272936e+01
-3.514885716078838129e+01
-4.967200874081935069e+01
-5.751033588278480124e+01
-5.330126847528846668e+01
-2.045748225852337754e+01
-5.351809840762617654e+01
-2.777832017165921386e+01
-8.184448546102223077e+01
-2.333187542474836818e+01
-1.351300951205233858e+01
-3.740007589274581790e+01
-1.479612946234133730e+01
-7.592805075462021591e+01
-1.587521599743649503e+01
-5.253734889644610462e+01
-2.254730197694521721e+01
-6.487296436283426715e+01
-4.468769521529216604e+01
-1.986439897608921257e+01
-4.934425442991582145e+00
-3.834299177709979745e+01
-5.875964263383759345e+01
-3.192484584143233306e+01
-4.934425442991582145e+00
-4.909533530558380932e+01
-3.116649133013607198e+01
-5.132704258199453307e+01
-2.374828503268806301e+01
-1.791250753481645219e+01
-2.814367300744746814e+01
-3.200394881779757128e+01
-5.539796863760869172e+01
-5.796167158865924307e+01
-4.524430164977928115e+01
-4.266296922169389916e+01
-5.441665437389765714e+01
-2.777832017165921386e+01
-1.306499458503602185e+01
-1.339997087318782221e+01
-8.490339858626487057e+01
-1.479612946234133730e+01
-1.353136302689194395e+02
-1.612320937524433617e+00
-5.372243041488511750e+01
-5.653295544266656236e+01
-8.296836631101663784e+01
-1.435176070866321822e+02
-8.626184800379679984e+01
-4.298999427104737947e+01
-4.533287245275382560e+01
-2.737232594875368008e+01
-2.149056542004111492e+01
-2.424360623895929834e+01
-2.711310289417656350e+01
-8.296836631101663784e+01
-2.045748225852337754e+01
-4.099890308120406246e+01
-1.571207775839666354e+01
-3.674139092552234587e+01
-3.535451730862972397e+01
-1.924588503680055496e+01
-2.333187542474836818e+01
-1.612320937524433617e+00
-6.514510512406039311e+01
-5.206380990788039043e+01
-1.011291315495288217e+02
-5.138257610543590914e+01
-2.927309947359341891e+01
-5.149261101011450137e+01
-5.260029003591961327e+01
-1.543246853821096209e+01
-5.471200876184868633e+01
-5.123512206231312405e+01
-5.555200540041700208e+01
-3.926704830490137255e+01
-2.883646963464977730e+01
-3.569097902858047888e+01
-2.814367300744746814e+01
-5.900989721089437978e+01
-4.844668684023093164e+01
-9.486929634520767252e+01
-1.045844458434206388e+02
-8.766858772589198878e+00
-4.131405951810705801e+01
-3.545867168894272936e+01
-5.534047895625927538e+01
-4.823163560885343770e+01
-5.796167158865924307e+01
-5.035185151606491161e+01
-2.333187542474836818e+01
-2.408068913231214481e+01
-3.382704763133821757e+01
-3.847798765585635294e+01
-3.054495803187613134e+01
-1.612320937524433617e+00
-2.989889349267642515e+01
-6.233150940583449540e+01
-5.764315126644982001e+01
-1.224000673037590303e+01
-1.273846790265207289e+02
-3.613089588936112762e+01
-3.814173789544456383e+01
-5.234287456743642508e+01
-1.318734039448112583e+02
-5.246508843030807867e+01
-3.725500095919262122e+01
-6.205802202033797244e+01
-2.398664426502833180e+01
-9.895620723905146576e+01
-2.408068913231214481e+01
-3.519326562287818660e+01
-5.452805339050566857e+01
-4.398409380015871761e+01
-2.241091999454521755e+00
-1.646426832003112750e+01
-3.531422466672076155e+01
-6.562521948482367407e+01
-1.699038937468447230e+01
-1.085920905941366641e+02
-8.833062447788257998e+01
-7.115658141306180084e+01
-4.400349539736647841e+01
-3.938228869740037652e+01
0.000000000000000000e+00
-5.787182820192944632e+01
-3.430243642397468307e+01
-1.506369631839719503e+01
-3.249975572090282583e+01
-7.733159762843982321e+00
-1.678200638356655716e+01
-5.981422426542469850e+01
-5.874975468707113180e+01
-8.866070332668857645e+01
-8.296836631101663784e+01
-4.002186736468482309e+01
-1.904212857561917716e+01
-1.408559419641078136e+02
-2.479543397829000639e+01
-3.348138627183358551e+01
-3.635822226930216772e+01
-1.171275244247570981e+02
-2.752143590528516626e+01
-8.455887939920637564e+01
-4.454513641524754064e+01
-1.678200638356655716e+01
-5.709415375573858142e+01
-5.181667584690924855e+01
-2.757625360233540945e+01
-5.202427496688567032e+01
-1.932952751823577131e+01
-1.682018940009822217e+01
-4.285061381745303066e+01
-1.845780536456200593e+01
-4.262082046000170976e+01
-5.076531042849956066e+01
-1.678200638356655716e+01
-3.293845001002990358e+01
-1.479612946234133730e+01
-1.861631672166804918e+01
-1.774214918777051508e+01
-8.140644907856651002e+01
-3.388855800966611298e+01
-1.654561851451892096e+01
-2.280823657821598260e+01
-1.005149427930522705e+02
0.000000000000000000e+00
-3.059289939228449029e+01
-5.625672432132593315e+01
-8.347337799130326630e+01
-5.853400404938794566e+01
-2.083942601818455742e+01
-2.850022746316697919e+01
-5.407160995090774236e+01
-1.612320937524433617e+00
-1.307904723726295515e+01
-7.450056714152836435e+01
-4.782892347124956700e+01
-1.653337064280799851e+01
-3.547437627417765782e+01
-5.215606706261073811e+01
-2.408068913231214481e+01
-2.623855003635210892e+01
-2.748736526433886596e+01
-4.083931929291111373e-01
-1.929437360268620694e+01
-4.803979939660229093e+01
-4.891293600788530682e+01
-3.537516514810000956e+01
-4.524430164977928115e+01
-4.524430164977928115e+01
-5.186096665598871880e+01
-4.909533530558380932e+01
-3.430422953193094315e+01
-5.305720113912099833e+01
-6.051532406423999078e+01
-4.542171993862088186e+01
-9.531079403550958062e+00
-3.714276049594351292e+01
-4.903651874056744475e+01
-3.723173089998931573e+01
-3.506047619145249428e+01
-5.812546655521435923e+01
-6.392396676194640293e+01
-2.241091999454521755e+00
-3.736711158555532819e+01
-1.309206438029356789e+01
-9.558226286546701544e+01
-4.711428143009208469e+01
-5.165740164430195591e+01
-8.492657135931753487e+01
-1.678200638356655716e+01
-2.045748225852337754e+01
-5.649347998844137919e+01
-1.791250753481645219e+01
-5.163499093095921211e+01
-1.808026652215615115e+01
-6.247124913103314015e+01
-1.400150549961728075e+01
-1.016889554679212750e+02
-7.359458777617665248e+01
-5.199939117624514040e+01
-5.592889255040033447e+01
-9.308770446886047978e+01
-7.096169275945422328e+01
-1.556160586628340425e+01
-6.212647718920475626e+01
-5.091253734475100146e+01
-4.902495327237443234e+01
-5.301877656950379958e+01
-1.285633770419840261e+01
-6.805025793096329778e+01
-9.349042350306471860e+01
-2.814367300744746814e+01
-2.520728275842608568e+01
-3.545867168894272936e+01
-5.524871804688517329e+01
-5.633397097959576882e+00
-1.371931886732708250e+01
-5.389620371257420572e+01
-8.735744782704831835e+01
-5.651002566787413173e+01
-3.740007589274581790e+01
-1.571103288394168729e+01
-8.753031330319539904e+01
-5.994002911715713822e+01
-5.726437645577492219e+01
-5.195506293448386259e+01
-3.152464946053118666e+01
-3.740007589274581790e+01
-1.090934776738162881e+01
-3.740007589274581790e+01
-3.231637949425115153e+01
-1.906114035556131014e+01
-3.108341636102960948e+01
-2.814367300744746814e+01
-4.452451334682869799e+01
-1.070136774243838431e+02
-9.418904119986471812e+00
-6.755700059621523224e+01
-2.241091999454521755e+00
-2.774188255784996571e+01
-2.319769193005819830e+01
-2.814367300744746814e+01
-4.719292506023607814e+01
-4.991343292983205515e+01
-6.690225053720510573e+01
-5.744203973662951057e+01
-4.113879029377640251e+01
-2.777832017165921386e+01
-2.151950577722199398e+01
-3.170526412867505073e+01
-1.791250753481645219e+01
-8.998220896166428417e+01
-5.399970302467819749e+01
-6.461022667732601121e+01
-7.155545588789152589e+01
-2.370656935068907245e+01
-5.965239893522451098e+01
-1.993555799367189607e+01
-4.714390017182108750e+01
-3.653406907836280482e+01
-1.307904723726295515e+01
-5.606284274438677073e+01
-5.796167158865924307e+01
-3.814116074374739185e+01
-6.988049689129333331e+00
-2.642869825998563371e+01
-7.550031896585034019e+01
-8.054420898862895228e+01
-2.244009404464851087e+00
-4.179333841512342929e+01
-4.753401533190425710e+01
-5.725545820782122064e+01
-6.271119478916315160e+00
-2.717772840738506446e+01
-4.508725477138500537e+01
-4.083931929291111373e-01
-6.830385312569248413e+00
-4.920810897585211308e+01
-4.059672417721431259e+01
-5.475650582115750353e+01
-8.893293113515515103e+00
-4.547197998908666250e+01
-4.503086740683482958e+01
-4.211842284662640878e+01
-1.218562466364602415e+02
-4.906350919513423037e+01
-1.970225243529156955e+01
-6.953631629954463733e+01
-2.234110723831168244e+01
-4.963892686000410492e+01
-5.015241568499379810e+01
-2.333187542474836818e+01
-3.779673196717352823e+01
-2.249100748630363000e+01
-6.308117269388161219e+01
-4.965574229007009421e+01
-6.125714603680704329e+01
-7.497017621502850204e+01
-1.735825338679864061e+01
-9.254049157179809981e+01
-3.876656442547832171e+01
-8.344360650546212810e+01
-5.072583757654756198e+01
-7.330814544673013700e+01
-2.255818104106711530e+01
-4.213148984338312175e+01
-3.332594896527326966e+01
-6.557344344713858675e+01
-4.053501591622253386e+01
-2.071301455378582546e+01
-3.327283733863288262e+01
-1.650357384701115038e+01
-4.213601420228092564e+01
-1.632430006399502531e+01
-2.145949987113823099e+01
-3.422356069236343501e+01
-3.478151473185451437e+01
-8.233056936901365930e+01
-3.968927172542701243e+01
-3.197776345025641120e+01
-5.713801850325175735e+01
-1.315205441615915447e+02
-6.968988174292461224e+01
-9.820579280829787194e+01
-2.149056542004111492e+01
-3.918004492059946386e+00
-2.082772235528377536e+00
-4.750669109221252029e+01
-3.518909733057810030e+01
-8.198900044823270150e+01
-3.051419326881323713e+01
-1.365769909873501931e+01
-1.351300951205233858e+01
-4.758145185975146063e+01
-3.471136145807503937e+01
-3.416196611883183465e+01
-4.937394238257628842e+01
-2.448105045276643210e+01
-3.250826665467445764e+01
-2.933322935508817153e+01
-6.123765846516921840e+01
-4.128981543014073452e+01
-1.479612946234133730e+01
-3.665562927298937268e+01
-4.584334964869777451e+01
-4.614100897230787268e+01
-5.697239718129912234e+01
-7.001581010903390734e+01
-3.187297367680225690e+01
-8.081569805711238530e+01
-1.491949342528510059e+01
-3.008217316117491080e+01
-2.623855003635210892e+01
-1.328219811238226455e+01
-3.103403281408601799e+01
-3.048482712717653698e+01
-4.849999236662494440e+01
-2.208644387923959940e+01
-4.062067789313776700e+01
-4.083931929291111373e-01
-1.186804977259579275e+01
-4.924100055199892267e+01
-8.025220777285196050e+01
-5.098833588346838042e+01
-4.023806931895219918e+01
-5.743882161880815573e+00
-4.813405341891515832e+01
-6.790215252804759416e+01
-4.909533530558380932e+01
-6.434337353600025722e+01
-5.725641696662117397e+01
-1.791250753481645219e+01
-2.045748225852337754e+01
-4.917352227447607760e+01
-2.394122531095678497e+01
-7.672308404985624009e+01
-3.108479837999388806e+01
