-3.466376459987461089e+01
-5.141454301703947749e+01
-1.028300516048703059e+02
-7.467336622357672127e+01
-2.575906712599030612e+01
-2.298873750533482152e+01
-1.960692535787280377e+01
-8.340912800958599860e+01
-1.783727485651485622e+01
-2.691992558953914383e+01
-5.569634039099337741e+01
-1.140019070712099705e+02
-1.665609881943040449e+01
-6.176316771472509970e+01
-2.406797885748882848e+01
-6.318789828625810401e+01
-1.149486515773757560e+02
-8.697991365846326062e+01
-2.234988358685543375e+01
-7.555408224358185976e+01
-1.158246857600298938e+02
-4.987381380691275723e+01
-5.107324308585705808e+01
-2.250992430798609334e+01
-7.841656232296541873e+01
-4.575139606760541255e+01
-1.415763501350014586e+01
-2.321269068556421900e+01
-9.226018516775378941e+01
-3.237603860599065086e+01
-1.760076955853459424e+01
-2.906182260796761341e+01
-2.009437026118115455e+01
-1.351228919245168214e+01
-3.976210529757548073e+01
-1.990512379980046376e+01
-1.064263586779692901e+02
-6.785902706930419015e+01
-9.014411949615075059e+01
-6.354464889162607477e+01
-4.256985628886297945e+01
-8.055654660693693359e+01
-7.909041498060010156e+01
-3.540589244571090433e+01
-9.044339172987898223e+01
-6.555567380770975205e+01
-1.188169043646046319e+01
-2.144546605313227872e+01
-1.690583858968354747e+01
-2.418115203579089112e+01
-2.905771218847669246e+01
-1.545331402753426175e+01
-1.828763767439580334e+01
-1.344321697298884466e+01
-1.940680370274410294e+01
-1.655141971040964322e+01
-3.850123803527810651e+01
-6.181007155447429824e+01
-1.705283548932588999e+01
-7.669283614015172645e+01
-1.118038026703422183e+01
-8.553969753756655336e+01
-3.643725374041614629e+01
-1.042220400948654202e+01
-9.103839818384170712e+01
-5.100927515799450873e+01
-1.726324674699804973e+01
-1.919724187958302863e+01
-2.872555547033984880e+01
-7.530661668365890904e+00
-7.478972694475547911e+00
-6.138669800828941092e+00
-8.776508797209966417e+01
-2.349309685093608735e+01
-1.575949169794567695e+01
-2.224579435088110735e+00
-9.426374013352989323e+01
-1.982411465648914017e+01
-7.959924272375790366e+00
-6.225906066477536172e+01
-1.127241777975702917e+02
-1.485514165848789681e+01
-6.005944896615574180e+00
-2.075656633753027336e+01
-1.059102407496720666e+01
-3.097137123478768927e+01
-2.579209258871764376e+01
-1.365750777422170614e+01
-4.019248296111167207e+01
-8.428179226908476096e+00
-1.887080945549549327e+01
-2.759991780202080847e+01
-2.828518083861538912e+01
-1.492957659080882991e+02
-2.122705612407560594e+01
-1.351042523279501779e+02
-7.599108242234945010e+01
-5.058484457363250897e+01
-7.947079544927267136e+01
-8.618419944625939877e+01
-7.184412054724550956e+01
-4.294637774154093535e+01
-6.759532342553605133e+01
-3.878785102519751149e+01
-9.752191555134176681e+00
-3.550154196244706384e+01
-7.037715402212586469e+01
-2.091100847454305978e+01
-3.609732302756061983e+01
-4.546004772750504230e+01
-7.301609941950337657e+01
-1.714486974964231791e+01
-4.059312463769150270e+01
-1.077190666716085232e+01
-7.777705173196963528e+01
-1.029501268365556399e+02
-1.030799357441317312e+02
-1.827814438842377953e+01
-2.936327768144329653e+01
-3.929554324632349704e+01
-4.666444197729791910e+01
-1.674789401079031492e+01
-1.188285224225193559e+01
-2.918578583145188787e+01
-1.014005102927934701e+02
-3.685960258232076114e+01
-5.971191445588441837e+01
-7.718924569021471882e+01
-1.371285270556978553e+01
-5.862213499032969821e+01
-4.791646540134452437e+01
-4.672231462679248892e+01
-3.352481461640892491e+01
-6.791524745865970658e+01
-7.951067572278861917e+01
-3.139506983899657655e+01
-2.211478640560849129e+01
-1.887909103602894234e+01
-1.302416719429382219e+01
-7.354620714724937613e+00
-1.552406095207679648e+01
-3.400168146606262543e+00
-2.921538472974591727e+01
-1.890187971897796970e+01
-5.605887540256662049e+01
-1.326530726792849890e+01
-5.431905270085943727e+01
-6.248615202946913172e+01
-1.115233504543023102e+01
-1.678104135726436752e+01
-1.857326375830247400e+01
-6.226837194483389126e+00
-5.153588692958228279e+01
-5.461525735651301261e+01
-2.260974292089784043e+01
-4.507352882058484767e+01
-1.803027121447534142e+01
-4.104359408582732271e+01
-8.944719128164248900e+01
-4.418878227146586113e+01
-1.491370484647995909e+01
-6.831808163053520389e+01
-1.726478178745318459e+01
-7.485769168484924130e+00
-9.117152287541674127e+01
-2.279920595383575943e+01
-2.732735466725119977e+01
-1.068625966114356629e+01
-8.065955957003970056e+00
-2.316603708766005099e+01
-3.869087044647729812e+01
-6.133964617285377230e+00
-9.481911333982139922e+01
-3.343834315401157653e+01
-4.140436328017752032e+01
-5.979564192590029847e+01
-1.164649026740569404e+01
-7.290443301096438233e+01
-1.168416232512376212e+02
-1.432035824945165103e+01
-8.871478425879566032e+01
-1.163650955860920106e+02
-1.352532797814636467e+01
-1.129621874693441441e+01
-2.107556306043300509e+01
-2.876799707489204039e+01
-7.607276881637622523e+01
-5.247800634427559174e+01
-1.315894531826158165e+01
-7.445347896119643849e+01
-4.431772946607416053e+00
-1.694699706113467386e+01
-7.144498203567927419e+01
-2.522755748023633871e+01
-1.388759258528794938e+01
-3.517239208869866474e+01
-7.468288776442666688e+01
-2.041654379463476587e+01
-4.645800558760900145e+00
-1.221069053347720512e+01
-8.784695240089622814e+01
-6.913448416160088073e+01
-1.241861317076674531e+01
-8.184848566534521197e+00
-1.386532132462733813e+01
-4.530465801522614555e+01
-1.406862467647522053e+01
-1.474963349188738526e+01
-3.360123364400593715e+01
-1.881828717462976641e+01
-2.389207582627400583e+01
-4.099820108579108080e+01
-3.311233279703687060e+01
-1.701315434959196438e+01
-6.872329828426321008e+00
-3.286973970529643907e+00
-7.767107589923323019e+01
-6.155509714451550707e+01
-8.466257734186500272e+01
-1.655503386132142296e+01
-4.434594368787696794e+01
-6.908506054207109059e+01
-2.079770707790185824e+01
-6.787146606435356944e+01
-9.044827987063956698e+01
-8.922661605112772065e+00
-2.641205357800687636e+01
-2.631027113371197501e+01
-7.992024332362146488e+00
-9.186516361594641467e+01
-1.204327096230939809e+01
-1.842279998904735194e+01
-1.351680202246425821e+01
-7.697411325270195448e+00
-9.388517884086792264e+01
-3.021784571230553951e+01
-8.209750894041414782e+00
-1.002281466769152374e+01
-2.599780616746823370e+01
-6.870790040946248212e+01
-6.877300372046632049e+01
-5.741027542249324433e+00
-9.105743232199556303e+01
-1.561899369609884758e+01
-4.509820583312574627e+00
-8.756965601985537972e+00
-1.170768877363743243e+01
-2.836486754968988322e+01
-4.247671902814235523e+01
-8.779187391402996354e+01
-2.535675483941792407e+01
-3.094373088321321319e+01
-2.108895358500924289e+01
-9.656305235892190808e+01
-7.428118426605529123e+01
-1.013630665694643440e+01
-3.547679977686028963e+01
-1.383294053148312841e+01
-2.928147798806089597e+01
-3.594703987924274458e+01
-1.377767906486662142e+01
-6.063822181161368974e+01
-4.852522644129823703e+01
-9.663375907677066223e+00
-1.611979500500988749e+01
-5.223650144830672915e+00
-5.044759812214862649e+01
-2.756829542732481375e+00
-2.365350798135444066e+01
-2.743424805426220559e+01
-1.381201551904189806e+01
-1.497143808136572396e+01
-3.264400462415358106e+01
-1.587468865980763510e+01
-4.299304166798689764e+00
-3.212629656096112996e+01
-1.059517897970917666e+01
-1.768541408845115370e+01
-1.848891064356753944e+01
-4.355593720239529176e+01
-5.282448307642241936e+00
-1.919453492897153524e+01
-2.221495591305187034e+01
-1.938486568565660306e+01
-1.893537067183059008e+01
-7.641129606351725556e+00
-1.716206215964060888e+01
-2.579438452660295411e+01
-9.261643813471857811e+01
-1.008770060532065003e+02
-1.085432501134408412e+01
-1.839154987498935867e+01
-9.151804434377669395e+01
-2.386662424937913940e+01
-1.476616497104479642e+01
-9.063894284676237589e+00
-2.312894908340039279e+01
-1.880303632192648777e+01
-3.219347521891002373e+01
-3.670090541258531402e+01
-4.485761208085264684e+01
-1.783083856388750021e+01
-8.715445256822417264e+01
-2.083981138905501851e+01
-1.388028404399772953e+01
-2.377620682984567324e+01
-5.270412657391193356e+00
-1.132355072123610995e+01
-1.056583301965870270e+01
-1.110485214107628593e+01
-1.918007504355196957e+01
-2.323288220033242268e+01
-7.736931635838331545e+01
-1.871439003253534850e+01
-8.468643248791809697e+01
-3.280326675691423333e+00
-7.157977842280747893e+01
-1.282277613284357898e+01
-5.953180188215582369e+00
-2.217035844223173680e+00
-2.776085869166739073e+01
-4.853831713642732382e+01
-1.846037243696621033e+01
-8.768811086732171134e+01
-2.476217150636526654e+01
-1.648349108962097986e+01
-2.154939737051440574e+01
-4.863248221493284973e+01
-3.527552179296843349e+01
-3.164855634235721382e+01
-1.525320037682420704e+01
-6.613317551314254672e+01
-1.509003573620387861e+01
-2.031280578053938157e+01
-1.828567779409622318e+01
-2.454363240699795057e+01
-8.964014631532043609e+01
-2.702924810527295918e+01
-2.916136092011991110e+01
-6.964958716163967267e+01
-6.053914557958658627e+00
-1.265541816748109127e+01
-5.634880530603890492e+00
-2.378203135451605021e+01
-3.382820294946061068e+01
-1.068008664682623277e+01
-1.956357718781707078e+01
-1.931582178517462722e+01
-1.933443301139477555e+01
-1.783489893919333014e+01
-7.136568048775581019e+01
-1.387190411541623902e+01
-6.878922905895868212e+01
-1.010547774635825924e+01
-3.566211842317918723e+01
-1.582121071346728236e+01
-1.928915985839319092e+01
-1.620767809144207305e+01
-5.556186467996703016e+01
-9.094125832729478276e+00
-1.123421698964982163e+01
-1.575972005364920214e+01
-6.078533520986587035e+01
-2.158113198919835796e+01
-3.122772217440774867e+01
-1.892623387739788399e+01
-1.657286276065379127e+01
-2.013315005092551502e+01
-2.973164484044938050e+01
-2.022266173483867036e+01
-1.178315359614121149e+01
-1.445911482781173163e+01
-2.323608308720177718e+01
-3.065808302167972954e+01
-1.740444161509473986e+01
-2.619829013431987264e+01
-5.872745719221348537e+01
-1.022955065201953140e+01
-2.779408147495211878e+01
-2.432685192784445150e+01
-1.574834704770610294e+01
-1.296972368008126608e+01
-1.890085947365493624e+01
-1.456317875546009866e+01
-1.290586631876326607e+01
-2.108899963219305462e+01
-1.426264415567668742e+01
-1.972843306591854784e+01
-2.948820035706145859e+01
-1.100367391674236828e+01
-9.352534299690124442e+01
-5.996393223831488228e+01
-2.023591467610216199e+01
-1.321607115542611588e+01
-5.418253236506402892e+00
-4.396540770061302794e+01
-1.705658232244356753e+01
-3.387071132620840697e+00
-9.180814285316460044e+00
-1.473120366003027648e+01
-3.560727124489653050e+01
-1.884594907833102795e+01
-3.654550183127900453e+01
-3.693455745481365682e+01
-8.487816709332651044e+01
-2.330517259029602073e+01
-7.137997079848921089e+01
-1.856439063596581818e+01
-9.738166382175522884e+00
-4.859452044093564638e+01
-2.119039559351566737e+00
-1.676390116899437643e+01
-5.410576053986035028e+00
-5.531263980122986368e+01
-5.531263980122986368e+01
-1.740239370793343809e+01
-1.240457800719759085e+01
-3.389874156106543523e+01
-5.662463245212899210e+01
-7.703641767415571273e+00
-1.745981550118145265e+01
-3.000225306706157014e+01
-1.659110647618866352e+01
-8.510618635863055204e+01
-1.392850421332978428e+01
-1.745436069465084117e+01
-1.212682146199496458e+01
-1.978694803940845404e+01
-1.089223513306878566e+01
-1.244527027910382877e+01
-7.793407561794016658e+01
-6.936203593591437766e+01
-3.850896202913121869e+01
-1.277275296481553468e+01
-4.051358951970382094e+01
-9.292925459419260292e+00
-8.510618635863055204e+01
-2.374031877520046052e+01
-2.397326638217205286e+01
-1.660546569150518792e+01
-1.869558983147721065e+01
-6.878922905895868212e+01
-4.219879464936130375e+01
-1.399841201385523526e+01
-5.325252601221124849e+01
-7.600599709547290672e+01
-5.206157613168618070e+01
-3.847201452991032333e+00
-1.566682762544963126e+01
-5.394668490395829252e+01
-1.154880483977535022e+01
-1.800056045074128264e+01
-1.414143103151983993e+01
-1.380424162682909461e+01
-1.544613639968364716e+01
-2.001062821294101823e+01
-7.866796795937987952e+01
-8.510618635863055204e+01
-1.182162334870034570e+01
-1.669258679401462331e+01
-2.242018346434971932e+01
-9.310023703867489075e+01
-3.360857283606766543e+01
-6.448200874460910725e+00
-6.186793119990282719e+01
-1.212971402013510769e+01
-2.554200054372632067e+01
-4.580262120488416855e+01
-1.419587758596630067e+01
-3.230388604048939527e+01
-2.931346803874685136e+01
-3.986743125361206452e+00
-6.797873721558981686e+01
-8.510618635863055204e+01
-1.783483457472479117e+01
-5.929984017750156511e+01
-1.566652160153675588e+01
-9.581058364312163178e+00
-1.826511640077750798e+01
-5.486468352889416167e+01
-8.637019305805614522e+01
-3.285246108437885226e+01
-3.160653047751740630e+01
-2.327918492154779884e+01
-5.882471064386480819e+00
-1.903490587077261154e+01
-4.256809286669605008e+00
-9.576222307926502708e+01
-6.762925048939159467e+00
-2.867267183899086547e+01
-2.369339836410629374e+01
-8.360079652876681422e+00
-6.032408487855243351e+01
-2.252907832140665789e+01
-5.530909635176089800e+00
-2.667436323840931323e+00
-1.269557321146259632e+01
-1.140767790849163887e+01
-1.644997128094803429e+01
-1.614112069549688044e+01
-1.260211632142810068e+01
-1.738654372025911954e+01
-1.169541948655382768e+01
-3.082716411592870642e+01
-1.082865769235352360e+01
-3.418698734611485435e+01
-5.095412321084566543e+01
-4.284974691006279102e+01
-3.381023513140059578e+01
-2.598407925976027855e+01
-6.824548844680364823e+01
-8.765478450460338422e+01
-7.259555920836467635e+01
-4.193095757104956078e+01
-2.732428043397483819e+01
-1.115426503169073946e+01
-2.265420635706335784e+00
-2.528808398175474181e+01
-5.990427268893403046e+00
-4.699743978928984234e+01
-8.182064697151839994e+01
-1.021667564633743552e+01
-4.804193676042356742e+01
-1.889899183570526375e+01
-4.053828273840277063e+01
-2.587855182633882123e+01
-3.563904798431341447e+01
-2.286524305674696578e+01
-9.049822979814142343e+01
-9.506890550575580079e+00
-4.079315523934952381e+01
-2.102595756624348056e+01
-1.130496280121623087e+01
-7.724448285968379935e+01
-2.494324180001594016e+01
-1.340839051507896507e+01
-5.693349191972504286e+01
-8.773833146076023581e+01
-1.873287636312532456e+01
-1.741266033162613880e+01
-1.831863610638304962e+01
-2.687983127843931541e+01
-7.680097054075125662e+00
-3.026864298959437960e+01
-1.668776586463236455e+01
-1.510477178756159589e+01
-2.305480384482505585e+01
-8.571665774550183414e+00
-2.103965922035477121e+01
-5.403658736016032194e+00
-8.471125497218878309e+01
-2.186839959983105430e+01
-1.677372829899621465e+01
-6.172805097367664473e+00
-3.600006941042727249e+01
-5.195412321084566543e+01
-3.517364913255422465e+01
-2.232492639292069825e+01
-5.598328209716211745e+01
-7.376187400191140497e+00
-1.150201116143412605e+01
-6.172549970528862673e+01
-1.560124599285289015e+01
-4.269427916553733837e+01
-1.560566402335501124e+01
-1.597348072627443472e+01
-1.792821521728440715e+01
-1.862377164105279448e+01
-7.275074633736031160e+01
-1.915914115602218715e+01
-8.521854934642152557e+01
-1.676370224051457569e+01
-1.537470115244514091e+01
-3.338689462570108191e+01
-6.828767485408418736e+01
-7.536413228482354398e+00
-2.241971318120595669e+01
-1.343231008277808414e+01
-8.627511639841668512e+01
-4.874831178581305835e+01
-6.527339453665011781e+00
-3.594217161208319311e+01
-5.483135143028958680e+01
-4.258212396569135194e+01
-5.865727056807262585e+01
-1.427979946048368909e+01
-7.190485995907000216e+00
-1.392502091486249327e+01
-2.267224355358368015e+01
-7.990444677521765904e+00
-9.172989872448650317e+01
-8.759565325435991667e+01
-1.396121964240058411e+01
-1.103001784761807791e+01
-1.751675942098207273e+01
-8.806805455056272081e+01
-6.315086963385257235e+01
-2.437898894929593752e+01
-9.097704185597287108e+00
-2.134707257600972241e+01
-1.116324049260883378e+01
-1.585914613722167310e+01
-5.095412321084566543e+01
-1.234719102508158350e+01
-2.362081802226700589e+01
-1.872746793038650992e+00
-1.020959303373120086e+01
-9.792147832625529347e+00
-7.587997453038194351e+01
-3.894996044452922490e+01
-3.473276272012913068e+01
-9.633639857673367501e+00
-2.162941457223672614e+01
-2.576858980527860865e+01
-3.118126256472633973e+00
-2.522493916069590014e+01
-8.636180471594516916e+01
-3.623415200440033512e+00
-1.051079158891154108e+01
-4.652710331651262265e+01
-1.873287636312532456e+01
-4.050945934370439261e+01
-9.182946101011673079e+00
-3.401107865766272909e+01
-2.616366347061123143e+00
-1.054218076469830478e+01
-6.804517798029728226e+01
-7.005584842832168135e+01
-3.189580557942140615e+01
-1.096376211933622713e+01
-1.304163806081685983e+01
-1.965076360980382120e+01
-3.084517400970682743e+01
-7.694829087477345730e+00
-4.406784705317377160e+01
-6.764635113158821156e+00
-5.453412780573121665e+01
-1.944567598833703670e+01
-1.601055916949835733e+01
-1.973587441673355514e+01
-1.774053322968547519e+01
-8.384585057606519953e+00
-3.132403906403308724e+01
-1.968061422998116683e+01
-1.129296609158323506e+01
-8.182064697151839994e+01
-1.701235670381249676e+01
-5.567874639068207188e+01
-3.162824782138861934e+01
-6.455425749050155559e+01
-3.740782514988930529e+01
-2.647963418661484170e+01
-3.588405094247539040e+01
-1.005990900637852370e+01
-1.772962930418574956e+01
-6.916977816069201701e+00
-2.468779337009270236e+01
-1.615520288410444039e+01
-2.158440138786291485e+01
-1.063351019181232360e+01
-1.159931380849697646e+01
-1.253389475603234260e+01
-2.565973741813655096e+01
-3.870795906744177017e+01
-2.318026784692928999e+00
-8.559761318138954778e+01
-7.275074633736031160e+01
-4.128877908973782951e+01
-1.124821000452017294e+01
-9.019001576254740371e+01
-8.936012063133635763e+01
-5.111409859470635197e+00
-8.147293625068932954e+00
-6.485449075623253634e+01
-1.417470115244513806e+01
-2.097578593082069531e+01
-1.709934258170496690e+01
-9.879065899384617211e+00
-1.599809866550757853e+01
-2.767902369354796477e+01
-1.364072077793615279e+01
-3.522740000249417847e+01
-6.982920762561809624e+01
-1.755096747871380103e+01
-3.357552566447478171e+01
-3.854876706655444707e+01
-7.460004418583583430e+00
-2.297658727204782281e+01
-1.085724497458030058e+01
-1.313618815556029062e+01
-1.117254179565999905e+01
-7.566766107419996956e+01
-1.661654548710688406e+00
-5.775529414468621781e+00
-4.941712391108406877e+00
-3.526500138977404220e+01
-1.206289814842095964e+01
-8.068210589700104407e+00
-9.168921843114040016e+00
-2.364278289286166057e+01
-6.919635970772284850e+01
-3.579203301795234893e+01
-1.435707116591474097e+01
-7.073180935439652650e+00
-7.008114983289779332e+00
-1.811663321760042678e+01
-2.156771395302681782e+01
-1.188673758435720806e+01
-1.570456274771181171e+01
-1.809081452539178514e+01
-1.417470115244513806e+01
-1.144406581852716442e+01
-5.487423466213907375e+01
-4.891782368944200243e+01
-4.051162349514254579e+00
-2.139417462097938838e+01
-3.263677999435607546e+01
-5.947342632129247875e+01
-3.839312532623472407e+01
-8.089934530987241246e+00
-1.032930251602119931e+01
-1.804006897367816720e+01
-2.107474036414871321e+01
-5.889346050899182217e+01
-3.390302400405651895e+01
-1.067761743123170106e+02
-7.620760837979601021e+00
-2.121032050560314985e+01
-3.752825454571704000e+01
-3.960787485030185451e+01
-6.016343997287777512e+01
-1.571875259705509187e+01
-1.848962895536207895e+01
-5.760453984502794356e+01
-8.510618635863055204e+01
-9.113856318344488727e+00
-4.804943007870711824e+01
-1.883196032513627216e+00
-2.939651059612604911e+01
-8.153268112954489055e+00
-4.826139198057200019e+01
-8.478628398296112323e+01
-2.435698922138187683e+01
-2.630707465708001891e+01
-1.727718884936587784e+01
-3.770492868201719716e+01
-3.588821422270701333e+01
-8.479024971033047109e+01
-4.151925699927488722e+01
-5.609057613844721146e+01
-8.619955944053283758e+01
-3.020645307461921725e+00
-9.032712060007224153e+00
-5.266090350393781705e+01
-2.026321642121486022e+01
-1.873287636312532456e+01
-2.162544553513818002e+01
-3.607167745103037504e+00
-1.170721864233260057e+01
-6.703546254345182831e+01
-1.265052368618529854e+01
-1.826382779987055471e+01
-8.716035251458752242e+00
-2.925777243634765767e+01
-1.007104186721878492e+01
-4.383460118212988021e+01
-6.290157561193796454e+01
-1.471015484145670804e+01
-6.396170949028398667e+01
-1.813163522291418417e+01
-2.037321908103711721e+01
-6.229218742611708848e+01
-1.148303011686476083e+01
-1.509329652334489680e+01
-1.949696056996215177e+01
-1.021379373755680575e+01
-8.510618635863055204e+01
-1.713912137798929436e+01
-1.560566402335501124e+01
-1.781547532616735197e+01
-1.207003298341192910e+01
-1.258629009621162353e+01
-2.362643508839193718e+00
-9.693289207230305848e+00
-1.026679520300688431e+01
-3.339578363112995163e+01
-2.630707465708001891e+01
-2.042630781250542427e+01
-1.366163659100497441e+01
-3.660939048446802246e+01
-2.590992118407043066e+01
-3.033761627712810593e+01
-6.754825635128879568e+00
-5.221750427356511892e+01
-8.768811086732171134e+01
-1.634571230825577004e+01
-9.937462803830767299e+00
-8.421193908987213206e+01
-9.396932779103363487e+01
-7.069312635401090894e+00
-5.453412780573121665e+01
-5.064294650953199550e+01
-4.479949723412568474e+00
-9.391480923139252468e+01
-1.187600468483190674e+01
-1.400270216715990301e+01
-2.999910217368774390e+00
-5.315425044407567157e+01
-1.440550154389541859e+01
-1.553638032780635214e+01
-6.538611948622469860e+00
-1.983670263270046874e+01
-9.259448515365333776e+01
-8.907530146937009619e+00
-2.712293618642500626e+00
-7.121325185949299907e+01
-1.753226203642299552e+01
-1.768658318028676746e+01
-2.909825741093481000e+01
-1.162527530382810248e+01
-1.366954254246714484e+01
-8.241966234666440627e+00
-1.321668629134454065e+01
-1.212562851370768513e+01
-2.292656624788383368e+01
-2.077606709492296844e+01
-1.310117378544214617e+01
-9.394969258188289984e+00
-1.508857743694132303e+01
-5.213951839126661270e+01
-1.514633584864461824e+01
-2.182112933412434685e+01
-6.700847497945900066e+00
-3.336609033428014470e+01
-5.065880875189697008e+01
-4.330467093458224781e+01
-1.396284975110727800e+01
-8.494044253312375758e+01
-8.396495113964591894e+01
-1.393929694493972526e+01
-2.797521524110837987e+01
-2.285080903392056939e+00
-4.095314660008168062e+01
-2.848883152177609013e+00
-8.547824497652260334e+01
-4.473690907343986112e+00
-5.843450643230718811e+01
-8.982071586362241788e+00
-3.087652156239386159e+01
-1.343038754570362059e+01
-5.202295520139310270e+01
-2.333960101603592818e+01
-5.163431296054226038e+01
-1.436095846182169566e+01
-9.405466714761418601e+00
-1.039398845335626298e+01
-8.840240561041948553e+00
-3.701475606523931816e+01
-1.204910137377216550e+01
-1.201051642800218744e+01
-1.917721546686093248e+01
-8.566569051998989437e+00
-2.660707465708001962e+01
-1.117026435516009641e+01
-6.348596362240218127e+01
-1.313268113239549884e+01
-3.028802702004322445e+00
-1.626016089337162640e+01
-3.541023372070847586e+01
-1.263952103272433547e+01
-7.888175706149073818e+00
-6.498372737214963024e+01
-2.118636199630313044e+01
-4.998622614497547545e+01
-7.143878498813595002e+01
-6.544007822567196797e+01
-2.204044750824204613e+01
-1.237833833261449890e+01
-1.172114793314480607e+01
-1.606582450496851777e+01
-1.889899183570526375e+01
-9.404360345536172616e+00
-4.982785545843783126e+01
-1.560566402335501124e+01
-1.781506001591640853e+00
-2.131848844076176164e+01
-4.732572650727369989e+01
-3.365522322002219369e+01
-7.963283884179055860e+00
-7.655612792142705736e+00
-5.612105386172681953e+00
-4.681041894163826811e+01
-5.395775839309914446e+00
-1.873288954769368075e+00
-1.417470115244513806e+01
-9.089598534497572047e+00
-3.204118862049507044e+01
-1.054631661838165790e+01
-7.949802793697408276e+00
-1.135444707741091896e+01
-2.403252158168572450e+01
-7.325425415139466168e+01
-5.086980860177654762e+01
-1.345664481452035233e+01
-1.173407470684129450e+01
-1.353056777450926802e+02
-8.522645477963832761e+00
-1.632552287468669094e+00
-6.431391460844725572e+00
-5.589183049370721967e+00
-2.098471704967568741e+01
-1.417470115244513806e+01
-8.518200100044583678e+01
-1.169667468718589376e+01
-1.321680604293728756e+01
-1.613481290835659365e+01
-7.365413025430651572e+00
-1.873287636312532456e+01
-7.149102924461455189e+01
-5.719795925006012993e+01
-9.497655612998056540e+01
-2.989932986780705448e+01
-2.242138180401347824e+01
-4.831473842437328159e+01
-1.570582835118585052e+01
-1.724648927583743685e+01
-6.773327955069700579e+01
-2.060474748609929918e+01
-9.165213517094274565e+00
-9.997542732671021781e+00
-6.023113048578990458e+01
-2.729542167271155506e+00
-7.002349566887491505e+01
-2.134707257600972241e+01
-1.151930275387084812e+01
-3.065796843284326556e+01
-2.520582984202291144e+01
-2.134707257600972241e+01
-1.351197494212264338e+01
-9.017161391673564452e+00
-7.864232978322671386e+01
-7.278237327128216805e+01
-5.522900069421869063e+01
-2.317935669745525473e+01
-3.732529207939933968e+01
-1.367139818765660664e+01
-3.050271161520675633e+01
-1.850686512800600170e+01
-1.405723059710016365e+01
-4.530055188712449166e+00
-2.799450971171108193e+01
-2.339730054026627215e+01
-1.860871337027897088e+00
-2.041641120891249628e+01
-1.510303210474076963e+01
-9.008866200904380506e+00
-5.556230949340162795e+01
-2.118512852938077984e+01
-1.557939463207396003e+01
-1.611281648607415207e+01
-1.262356059172184786e+01
-1.427190411541623938e+01
-1.356641231347870402e+01
-3.517364913255422465e+01
-9.146484083340803650e+00
-5.854456198266397138e+01
-2.162941457223672614e+01
-8.507765834066972843e+01
-1.873287636312532456e+01
-1.387190411541623902e+01
-2.757571252459083055e+01
-9.805106528207000238e+00
-9.947439177142353373e+00
-1.290366663004175329e+01
-9.142751883413323455e+00
-8.728951734602229351e+01
-3.778652962611010580e+00
-1.008116852585465466e+02
-2.022773016829039960e+01
-1.032889136659169260e+01
-2.164122604782281911e+01
-1.231120429457575938e+01
-1.340424765227173509e+01
-2.594301023527280847e+01
-1.215469554165874477e+01
-2.259257445439226331e+01
-1.363893623207963124e+01
-2.638484097775529502e+00
-6.560142459630269229e+01
-1.121120324904953769e+01
-1.685533152706553039e+01
-2.137336282693421552e+01
-2.608809980785021665e+01
-1.206788846810675508e+01
-7.179809779403557002e+01
-8.137528516548202973e+00
-1.434781556751209664e+01
-1.569045472778174677e+01
-1.216890016681029074e+01
-6.983467102267196580e+00
-3.635575440617357490e+00
-2.080719770196402507e+01
-1.551567854979261796e+01
-1.065374538998337961e+01
-2.235329795563005817e+01
-2.265078141837561887e+01
-5.835293201270991048e+00
-1.001457701532205036e+01
-1.452592957404219653e+01
-4.388520708134667814e+01
-2.228877929860773222e+01
-8.523863172367768470e+00
-5.093960855079080119e+01
-4.544539968444140499e+01
-3.654336320530770621e+01
-1.768900946702737187e+01
-2.372603520196519433e+00
-3.589810893051275542e+01
-2.875802080586452547e+01
-9.865822242186457203e+00
-2.367603268294272212e+01
-1.882805314055392287e+01
-6.604987995137271639e+00
-5.581628851711782602e+01
-8.086578328130588034e+01
-6.131866198639801269e+01
-9.467934452245389210e+00
-4.935414794719771514e+00
-8.979082863606517861e+00
-1.733643440279831793e+01
-1.187334608794488666e+01
-2.321007706469369580e+01
-1.486240254160193608e+01
-1.329537437404615652e+01
-9.620815666751738604e+00
-9.672744335316527042e+01
-1.628295186958828822e+01
-2.720707465708002104e+01
-8.431974203168522308e+01
-2.040915803690583985e+01
-7.004212586526942630e+01
-5.288041283015535043e+01
-3.134407225941363340e+00
-1.735633577628498969e+01
-1.771075780595805682e+01
-6.696518577924030069e+01
-1.742591124994203966e+01
-1.460058432339429224e+01
-1.757360270250648782e+01
-2.393762812138910334e+01
-4.185460485973503175e+00
-1.736762694077472347e+01
-1.301541280889012597e+01
-2.053855088871177870e+01
-1.017077049958637147e+01
-3.627598291233886840e+01
-1.017091386371141581e+01
-2.063036499139040458e+01
-1.277336200581687464e+01
-1.699598147214020472e+01
-2.118882494962687346e+01
-1.253567830071731670e+01
-6.008322069986061820e+01
-9.166050729918184814e+00
-5.968115803732398916e+00
-7.269554992639383428e+00
-6.851962557564681333e+01
-3.567776377246657304e+00
-2.560862406210069864e+01
-1.898197050186429635e+01
-3.720573221432869726e+00
-6.337919983424967540e+00
-6.142463959203807633e+01
-9.087910734128136880e+00
-7.674367024139618465e+00
-1.889981542039611995e+01
-3.237055352763850635e+01
-1.382136142788403177e+01
-4.811555719754420579e+01
-1.197778560835012129e+01
-1.146218436494735187e+02
-1.403274586169982996e+01
-2.906430676185104289e+01
-7.837522333000890740e+00
-5.235115191482128338e+00
-6.346055871983760710e+01
-2.140122333179628100e+01
-2.402496624268653136e+01
-7.429096438834628202e+01
-3.022468552249716467e+01
-6.922649216294076702e+00
-3.165960459319613118e+00
-1.625360789031597619e+01
-2.326032680337913305e+01
-9.030283033764241907e+01
-6.176422438138671644e+00
-1.757464397397852807e+01
-1.608523621044479057e+01
-9.727277500427629064e+00
-1.841220252155273940e+01
-2.024830503875157817e+01
-3.601525783973439587e+01
-1.469669161750035702e+00
-4.689932001270614492e+00
-1.090187124473722236e+01
-6.252899021541304947e+00
-1.088664320646193850e+01
-1.215852494973183084e+01
-9.149715215761808906e+00
-1.880449598536365130e+01
-2.728479218061523781e+01
-1.653745979601977822e+01
-1.867333835891404803e+01
-6.724831696147744253e+01
-7.303521087629842867e+00
-5.578572638155568697e+00
-2.371404601619930830e+01
-3.179289600692225548e+00
-1.636497903045946956e+01
-2.189521665112775395e+01
-6.731802519308219246e+01
-1.553402444917226788e+01
-5.314012111241884995e+00
-1.559561796247198018e+01
-2.168240271427264787e+01
-1.008735930246016181e+02
-5.135412321084566400e+01
-3.503513955889792975e+00
-1.006909883470527376e+02
-2.753914889975777669e+01
-1.795711088627669838e+01
-1.699242573865098649e+01
-2.063206824094517167e+00
-7.034316800353872523e+00
-6.893661813060628418e+00
-2.903686889938859750e+01
-1.968997562183974992e+01
-1.951556999110374235e+01
-1.569923126673369218e+01
-1.054596603858728443e+01
-9.971375771010798417e+00
-4.831473842437328159e+01
-1.096637446088420376e+01
-1.841666213304623767e+01
-7.659067459224698560e+00
-5.440615210530575396e+00
-8.219655988433302696e+00
-3.549810893051274974e+01
-5.130984448804592546e+01
-2.327865283073980507e+01
-8.898224794353559730e+00
-1.265211607924802095e+01
-3.600074607074109423e+01
-1.271545198721191205e+01
-6.399485715270275321e+00
-3.507357944874333100e+01
-1.695683733359804179e+01
-2.501469580566267581e+01
-1.462062308210918005e+01
-1.508074191084834581e+01
-1.732608586125555661e+01
-1.168056102793527629e+01
-2.633134783615864194e+01
-5.510028450894909469e+01
-1.185157281387040484e+01
-1.304066770235933426e+01
-1.212483723695178810e+02
-6.506627166861910005e+00
-5.559325195067972203e+01
-1.610597344235124595e+01
-5.999178278149956078e+00
-5.497204877201168216e+01
-9.490290004772807819e+00
-2.723695761744620825e+01
-8.280829932183605635e+00
-5.653224973091618466e+01
-1.446035896168478807e+01
-5.270412657391193356e+00
-8.478628398296112323e+01
-1.608523621044479057e+01
-2.267512813478180789e+01
-2.520699286715299792e+01
-8.510618635863055204e+01
-8.173387394023176000e+01
-9.013754341970130923e+00
-6.832556372996819505e+01
-1.835623913784523253e+01
-8.423554540835228366e+00
-2.057952389716787067e+01
-1.523220921565557973e+01
-9.351708782938295883e+00
-3.192386762741638151e+01
-1.017423958516352300e+01
-7.271644455643486538e+01
-2.995297569455842801e+00
-4.388112305692152937e+00
-3.517364913255422465e+01
-1.384074869538223140e+01
-1.137743097166365658e+01
-9.706526350718291951e+00
-1.018362372872961004e+02
-1.446035896168478807e+01
-9.623620804539348228e+01
-6.667712370795497634e+01
-3.491171006132424282e+01
-3.698403558045500006e+01
-1.640170400396305794e+01
-5.215412321084565406e+01
-1.855522575955152931e+01
-1.429465113659861331e+01
-1.010568150499244489e+01
-7.393129423942912126e+01
-8.762852061528963077e+01
-5.105412321084566685e+01
-6.252696872666573036e+00
-6.885751186702682602e+00
-5.038488946509713173e+01
-1.456586850925950571e+01
-9.489631198450531713e+00
-6.909046555106930043e+01
-8.610280862518255418e+00
-1.134244379777977940e+01
-5.545879547744712923e+00
-2.271782599013139858e+01
-2.528907083487520424e+01
-2.341723467623961596e+01
-8.655833871818289893e+00
-4.267659953575684995e+01
-6.997330284338131889e+01
-8.788284022533931150e+00
-1.618838980348231615e+01
-1.221180330000992953e+01
-1.126175175416935126e+01
-6.684829125788894544e+01
-1.801184598795519420e+01
-7.450920069302991777e+00
-2.433512688553979686e+01
-5.400654769640391351e+01
-8.362824690722961307e+00
-1.241745795667134544e+01
-9.079517948621447232e+00
-5.235058281150280379e+00
-6.664081132093505389e+00
-6.513839931350483425e+01
-5.168826681640043219e+00
-9.804642695661155471e+01
-3.600074607074109423e+01
-9.263131798443703602e+00
-7.371656665503996564e+00
-1.864456822951935067e+01
-1.069650221982079330e+01
-6.509553716162712078e+01
-2.151345903231489842e+01
-8.995159079757018006e+00
-1.610887031596728747e+01
-2.861677067312092593e+00
-1.088664320646193850e+01
-6.479950344777744675e+00
-2.335909811812147652e+01
-4.854893697982027589e+01
-3.380821759653992586e+01
-7.211724805700495011e+00
-9.701530819106036319e+00
-2.316896614719136593e+01
-3.830990706456994843e+01
-7.529751741381905106e+01
-5.741512091777447147e+00
-1.697255474247013396e+01
-4.011357824664933958e+01
-4.062968042986609163e+01
-3.068245960623969992e+01
-9.265409178581007765e+00
-1.596489258714774273e+01
-1.023347487035639070e+01
-9.315484751261585927e+00
-1.333068909515770706e+01
-8.707560948866962747e+00
-4.308603957367219017e+00
-1.819272293284273445e+01
-3.022022909681287928e+01
-8.316276492328931624e+01
-1.128652008796749868e+02
-1.785736439386700170e+01
-1.352966005998282384e+01
-7.820046237093191799e+00
-2.475441168009766457e+01
-3.704878192918638291e+01
-3.539810893051275542e+01
-1.352966005998282384e+01
-2.691745578368547953e+01
-1.522031058413148941e+01
-2.023226571887384040e+01
-8.236139481713147248e+00
-1.126100347710706195e+01
-7.302579355637951153e+01
-8.147255591831931554e+01
-2.258799432751401781e+01
-1.339746794442589639e+01
-5.175957477797602735e+00
-7.549637086777481443e+01
-6.084516061505011209e+01
-6.518804919909963758e+01
-8.680025999346153753e+01
-9.588243637650782247e+00
-2.672535958069813944e+01
-9.768914149736776409e+00
-8.353364601577709436e+00
-5.733489259070204014e+01
-8.980783798105194649e+01
-5.667993863381559549e+01
-7.008647912673215785e+01
-2.006445103884749770e+01
-5.847617044012962673e+00
-2.084043891466383691e+00
-1.249142192120180539e+01
-2.348144382930308183e+01
-3.539640939462344704e+01
-7.672338097333356188e+01
-6.660370882436596673e+01
-1.643466855288284023e+01
-3.606586258847092274e+00
-2.636822126515418674e+01
-5.007605178034941673e+01
-1.222312779817015382e+01
-2.412496624268653278e+01
-2.301624850186096083e+01
-2.620430823571929579e+01
-2.657184986827516582e+01
-2.286272900277169384e+01
-9.914298872082110137e+00
-6.277801336130674059e+01
-6.800548790660381826e+01
-8.516518554123672757e+00
-5.508476566163348309e+01
-2.650707465708001820e+01
-1.181866856470264615e+01
-7.215986543408302367e+00
-7.147464681266529851e+01
-9.981722663720825395e+00
-8.787440633482378871e+01
-7.704553607006253912e+01
-1.004034381378222740e+01
-1.012688140356205793e+02
-2.739243129661373288e+01
-8.824042287507641902e+01
-2.643144965004974267e+01
-2.317277238229258884e+01
-3.560964986565176904e+00
-7.169216219213552677e+01
-2.101975449149053077e+01
-9.743694837757619354e+00
-6.870790040946248212e+01
-7.174688305467998362e+01
-8.849129781096225145e+01
-1.835916787738839417e+01
-9.797324559779180930e+00
-5.480749057664728241e+01
-3.397602978223136461e+01
-7.598685476074702017e+00
-8.920979565995826022e+01
-3.485933554053668360e+01
-5.913539040164908300e+01
-8.827032893291367088e+00
-1.560566402335501124e+01
-2.376298957905531584e+00
-1.170317343095352491e+01
-3.230836525950417837e+01
-2.134260703186502184e+01
-8.882885581363045446e+01
-2.810621744089369756e+01
-4.290911118506762989e+01
-2.791785049840327204e+01
-4.006183730614035454e+01
-2.640707465708002033e+01
-2.494428666254538030e+01
-7.115353540138731780e+00
-7.376011393141241967e+01
-3.063041368564217493e+00
-1.428504964276331535e+01
-2.691745578368547953e+01
-1.873287636312532456e+01
-7.259887396078758215e+00
-1.341660005470723505e+01
-7.383900297238771060e+00
-1.414278429301994677e+01
-1.544231925956516882e+01
-1.365209567504216714e+01
-9.616433326041692098e+00
-2.126595527570503208e+01
-2.013496245080054337e+01
-7.175674892196468591e+01
-5.449738387111062110e+01
-8.191140364328434842e+00
-5.796038494741808478e+01
-3.412491314409670196e+01
-7.582255441373810356e+01
-2.727835628842275284e+01
-8.585988940520927315e+01
-8.697914443907498239e+00
-5.476140861730200982e+01
-1.414278429301994677e+01
-1.135756900791056623e+01
-5.901354271739069191e+01
-2.654449706070823112e+01
-6.165269668575281514e+01
-2.565263566359799086e+01
-1.132846419716957875e+01
-7.127046443605779658e+00
-1.437058801906081307e+01
-1.080569351920703447e+01
-1.492420298746561969e+01
-1.393614666213191100e+01
-1.434171653807882052e+01
-3.823681270745085214e+01
-1.165652202028675077e+01
-4.170026719995912856e+01
-5.667919427693733070e+01
-1.172409339767146008e+01
-1.140437903176119683e+01
-1.833590581198217606e+01
-2.386630573991667248e+01
-6.806877714102469668e+01
-1.314332241211665853e+01
-6.168274722507246821e+01
-1.204784014624936894e+01
-1.807109820778876497e+01
-9.114688672908350497e+01
-2.607236598878201050e+01
-1.884114840320291151e+01
-8.252033532808138006e+00
-3.095886748082984852e+01
-2.527565936123364310e+01
-2.323016234030834681e+00
-6.159978984306132332e+00
-5.736203978583658625e+01
-6.937486912656089544e+01
-2.870514420890028262e+01
-7.179528815520022533e+01
-4.622075315931321171e+01
-1.634183928762766413e+01
-7.892290018813717722e+00
-6.909099782484018704e+01
-4.253992110147745365e+00
-1.106317627458725994e+01
-1.854789919647525664e+01
-2.411327768228036206e+01
-1.569980410632792456e+01
-2.419830132492355013e+00
-5.678047465799539850e+01
-9.483924791693860712e+00
-6.054240339290036133e+00
-2.091300746035092573e+01
-2.208881271338423602e+01
-5.496818777137254131e+01
-7.011472743196812907e+00
-2.469654397221168551e+01
-1.181640722180099345e+01
-1.417470115244513806e+01
-7.483096735849150605e+01
-4.580564268139238493e+01
-1.855710375316704486e+01
-4.849579162372466357e+01
-4.441545078463863661e+01
-2.094502058724949478e+01
-2.612704292959348606e+01
-5.488565867602665094e+01
-2.726076486552613432e+01
-2.373386642810315195e+01
-1.259874818103564387e+01
-1.199428464027355901e+01
-2.458214095454594883e+01
-1.113250502748170057e+01
-6.551308343889569841e+00
-6.063304322125111057e+00
-1.017998989931895970e+01
-5.543346459723222353e+01
-6.265817409734095733e+00
-1.939692719064802162e+01
-3.517364913255422465e+01
-2.643346151440005443e+01
-4.831473842437328159e+01
-6.155139803598284232e+01
-3.391770539756830516e+00
-6.141886702030251399e+01
-3.922162320924601886e+01
-1.835166575160356217e+01
-6.877973912186520522e+01
-2.477149658407727628e+01
-1.816377785901505959e+01
-8.658991854841215030e+00
-2.421806157471724319e+01
-1.665665414351400386e+01
-1.048969330065459538e+01
-1.587563504218012689e+01
-4.401199779036126358e+01
-9.568845365782294721e+00
-2.134707257600972241e+01
-3.462340267998335719e+00
-7.026485536133565191e+00
-5.849071982055289709e+01
-2.595969497126086623e+01
-7.310885319112639991e+01
-2.089351449727621812e+01
-3.838059994172353218e+00
-1.037589402425503948e+01
-1.676254497925832609e+01
-1.098992529907918758e+01
-1.420678424386528071e+01
-1.161307042149307378e+01
-7.142700722727772344e+00
-1.185351639616526143e+01
-8.719553820898864771e+00
-6.091257818358601384e+01
-6.497335744000451996e+01
-3.134377639153148820e+01
-2.295509191699997587e+01
-9.580921443766378331e+00
-1.213197473266655635e+01
-7.336847412311290562e+00
-8.692762869299254902e+00
-9.483576735876846442e+01
-1.282493811842869746e+01
-8.494179000710943228e+00
-8.803688819845559621e+00
-6.497552941971036944e+01
-5.559296222807269316e+00
-9.838551571650034688e+00
-7.127716991338674291e+01
-2.408629763142164038e+01
-6.953267586378389353e+01
-9.395547413308230844e+00
-3.942575072169534511e+00
-1.417470115244513806e+01
-2.676046712193065602e+01
-1.632263391190399204e+01
-8.430779536287249698e+01
-8.359252838898605376e+00
-1.265562147472988030e+01
-3.960976970505977590e+01
-6.843861610112355720e+01
-5.277019941394267022e+01
-5.815738105412737724e+01
-2.989223298832283504e+01
-1.957734123263976000e+00
-6.670048483366837644e+00
-2.241107589227065233e+01
-2.431750599111711608e+01
-7.167538052798865067e+01
-6.704812381201927352e+00
-5.927311575592428383e+00
-7.679725301868651854e+01
-1.417470115244513806e+01
-1.613466855288283952e+01
-1.574170604258431183e+01
-3.512512982434273567e+01
-1.637145459077816056e+01
-6.650066020017379564e+00
-1.220937413409670924e+01
-7.671865622228160930e+01
-3.960101375210258823e+01
-1.285234896525919623e+01
-6.397333497669365876e+00
-7.789172479726704523e+01
-1.061060038696905572e+01
-7.277405149272142637e+01
-1.994889236051861658e+01
-7.874082505070544968e+00
-8.914418581258509278e+01
-7.924115126992921887e+01
-9.295499019277558617e+00
-6.131769642943677212e+00
-4.851534402955905101e+00
-6.925188721729982433e+01
-2.150983055495637331e+01
-1.185375713743063919e+01
-1.063425365338907369e+01
-6.740552100458036477e+01
-6.232075122346218166e+01
-4.292389355899257453e+01
-5.215651563661200640e+00
-9.466220919693499880e+00
-5.658547350200209536e+01
-2.329017814823994215e+01
-7.808993499748950740e+01
-1.175470195593304190e+01
-7.504417132270198465e+01
-8.107671575844673129e+00
-9.261359487162181381e+00
-2.630707465708001891e+01
-2.317277238229258884e+01
-3.522740000249417847e+01
-1.045596773491548603e+01
-7.679945024188645775e+00
-7.155786844586568662e+00
-7.582255441373810356e+01
-2.055217193042435042e+01
-6.961727834534971748e+01
-8.715018269136995954e+00
-2.869465410948726714e+01
-1.550218605423395068e+01
-1.756603186533497052e+01
-1.405271661623621604e+01
-4.935298291945367311e+01
-6.353431564048507596e+01
-1.243541941660620331e+01
-1.560566402335501124e+01
-7.006939886493213976e+01
-1.092076837527020672e+01
-7.229130977629328925e+01
-2.267233806838624943e+01
-1.153537405260418502e+01
-5.305868709914042469e+00
-2.578918349653671171e+01
-4.412253616955547741e+00
-6.822574119105162538e+01
-7.247452740108204239e+01
-6.797812012286176753e+01
-1.669750296313299387e+01
-1.680173290613800319e+01
-1.917927466349038923e+01
-3.233435579544094907e+01
-1.065097965139152336e+01
-1.203681178709318011e+01
-6.090043978231853572e+01
-2.096093585371186663e+01
-9.157210609611167840e+00
-1.240465558989621542e+01
-5.889346050899182217e+01
-9.081235136347499903e+00
-1.414278429301994677e+01
-2.587246479719060943e+01
-2.687258556376951546e+01
-5.991816744608408740e+00
-1.054596603858728443e+01
-1.218020107692769471e+01
-1.880449598536365130e+01
-1.082967624205010004e+01
-3.167725930061228379e+00
-7.144944781244059584e+01
-8.646521595926581938e+01
-2.825625131782389232e+01
-5.436751711628783568e+01
-2.848132918480678910e+01
-4.098019411047619798e+01
-2.524870774439101595e+01
-1.490935312192954498e+01
-3.347569491073396364e+01
-9.084944660316716636e+01
-1.233465745156581406e+01
-8.277024584884141944e+00
-2.260855931796467644e+01
-1.014628935907606611e+01
-4.740313537940572530e+00
-9.577923345692910928e+00
-1.837219015758396168e+01
-2.486312768821436592e+01
-3.330245155860305317e+01
-6.316059099720300196e+01
-9.109589185340479389e+01
-6.619168991361799925e+00
-3.266915944943264094e+01
-1.833590581198217606e+01
-2.456184663707355220e+00
-5.725936846763147514e+00
-7.546957507689015188e+00
-1.083122915478087833e+01
-6.073519269688312683e+00
-1.461759191472122588e+01
-2.134707257600972241e+01
-5.953439813025017457e+00
-9.133733965109742670e+00
-5.392857243067226136e+01
-8.965753633794886213e+00
-1.090187124473722236e+01
-4.083340508929848056e+01
-7.543640053889795638e+00
-5.001390583349402164e+01
-1.004756406043414501e+02
-2.435318418673689678e+01
-1.308588364239077073e+01
-1.967438698981582412e+00
-2.071764877292410745e+01
-6.371296744101582199e+00
-1.985338511203332956e+01
-5.097499892979453762e+01
-4.559938580583104795e+01
-6.870790040946248212e+01
-4.767817808751585673e+00
-2.202595485776379647e+01
-6.974504304812634814e+01
-2.122223552514551859e+00
-7.369571459849629491e+01
-4.985765675961257415e+00
-6.268367385041585749e+01
-8.606257578200144920e+00
-8.758991854841214675e+00
-1.763582036477860981e+01
-1.151172919007660944e+01
-5.564992025842333589e+01
-1.586617929554832074e+01
-7.526820803442892327e+01
-7.248586125167547323e+01
-5.095412321084566543e+01
-8.510618635863055204e+01
-7.683433073156781035e+00
-2.050894886103388259e+01
-2.395318418673689820e+01
-3.014977882480279803e+01
-1.870185259561389657e+01
-6.899560644307850055e+01
-1.135008489269536547e+01
-1.728063154921384381e+01
-2.450103571018617643e+01
-5.979947399317925516e+01
-1.459376379714887584e+01
-1.297407052535728766e+01
-3.901071429419918246e+01
-5.670262181061688267e+01
-9.728109018900215688e+01
-2.670707465708001749e+01
-4.827789730185689621e+01
-9.916334811488084711e+00
-8.947103065865340099e+00
-2.046388168605708913e+01
-3.451661631031925026e+01
-5.196443098762041757e+01
-5.589183049370721967e+00
-1.289119608030036979e+01
-8.966640929924811587e+01
-7.166193554428694767e+01
-1.284066770235933497e+01
-4.163292601050238062e+01
-1.144708835597448982e+01
-1.676021519282697625e+01
-8.839198418676074809e+00
-4.786287152052175742e+01
-4.545185067199198237e+00
-1.491766339621083226e+01
-1.366487253913108724e+01
-1.171886304811362756e+01
-7.393684740546517276e+01
-5.891851346324594729e+00
-6.872757063824113288e+01
-5.425014449715852294e+01
-9.294727710111603258e+00
-1.280897288407765622e+01
-1.197776953776321029e+01
-2.489192837926107060e+01
-1.075097965139152301e+01
-1.105186525148891086e+01
-1.733317858451643900e+01
-9.133240072851840807e+00
-2.263587205319396034e+01
-7.060571231265005565e+01
-4.875886701510198407e+01
-3.983608148712407626e+01
-9.459643302697669753e+01
-1.721569467373922535e+01
-1.478941191197842642e+01
-5.527559386896146343e+00
-5.655770757417469596e+00
-3.528922201753363197e+01
-2.239142140827165051e+01
-1.194342712630617775e+01
-6.820727157063871005e+01
-8.519676438665204188e+00
-3.961650763563627464e+01
-3.130441149332738604e+01
-1.869846022955761811e+01
-2.111810236931213680e+01
-6.329781390494198234e+01
-1.095865972561823476e+01
-2.730005007142100482e+00
-2.982623508313554339e+01
-2.415806853940007670e+01
-3.582489020037757044e+00
-2.321922643625910965e+01
-2.016835862584060735e+01
-6.731376405421097786e+01
-2.627039073541387992e+01
-1.221696847131115859e+01
-5.256489396578535889e+01
-2.284164761336299065e+01
-6.399638641819681339e+01
-9.010783760373692530e+01
-2.187577613565906276e+01
-2.357596221034071604e+01
-1.065602230551455065e+01
-8.452926077398787541e+00
-6.738503635082430776e+01
-1.427470115244513771e+01
-2.692573563247580637e+01
-7.498838771891479382e+01
-1.843530087277723695e+01
-5.075041045204293511e+01
-6.491082029678794640e+01
-5.892893506838183981e+01
-9.193016640732702172e+01
-1.185747259314036839e+01
-3.918443518350711230e+01
-1.151363785964226594e+01
-7.112041171442538712e+01
-2.221206140231243520e+00
-3.549265992342234721e+00
-3.449836213482788683e+00
-2.223502408134103803e+01
-2.661122292601695527e+00
-6.830629502988513480e+01
-1.864569924462783135e+01
-1.107350936340793979e+01
-9.553485150100701873e+00
-5.786623408437029603e+00
-2.161417642163696229e+01
-1.242415314823933237e+01
-7.663609244634564277e+00
-8.646706696922871416e+00
-3.646607156404570560e+01
-4.446769180161860291e+00
-1.038571221702318681e+01
-2.257353018621565965e+01
-7.167372834485938426e+01
-4.193292601050237067e+01
-2.976175533764367032e+01
-4.923180830156784538e+01
-5.438970033474911503e+01
-1.026899637257977282e+01
-4.965701822656562570e+00
-6.253791078603417475e+01
-1.011727538647821589e+01
-5.986079020532328876e+00
-1.177653089727457925e+01
-2.020191915533172455e+00
-8.536973069591778085e+01
-2.929059057896243345e+01
-1.104782524475932703e+01
-5.972755320524977662e+01
-6.844351366093695788e+01
-1.590725044945421551e+01
-2.098471704967568741e+01
-1.583763237677863778e+01
-1.191920923335066007e+01
-4.526867340104529092e+01
-2.311162176400949875e+01
-1.930241041958937842e+01
-3.960976970505977590e+01
-1.387190411541623902e+01
-4.412253616955547741e+00
-5.960188551418261760e+00
-3.947933263737439091e+01
-3.585389503083033702e+01
-2.208881271338423602e+01
-1.037077049958637076e+01
-7.027402462114104686e+00
-2.222160628189036302e+01
-5.623740382101971136e+00
-1.397190411541623867e+01
-9.996148535270895863e+00
-1.378849406626026664e+01
-6.242372369056849379e+01
-2.000602197724360654e+00
-1.017077049958637147e+01
-2.581598868482897657e+00
-1.260027623146659259e+01
-1.253428737381280200e+01
-4.201615953139698156e+00
-5.820380575420130498e+01
-1.025459265810667020e+01
-8.212621530018932248e+00
-1.433538411914833510e+01
-5.947805570963487298e+01
-6.356993437847731343e+01
-4.011821477170065009e+01
-1.304112109333138392e+01
-2.735139649846697552e+00
-7.374715822934154730e+00
-2.106828562677882388e+01
-2.058167485766981741e+01
-2.607566060922074769e+01
-9.033275596170881272e+01
-3.131249052736894356e+01
-1.231458702943920791e+01
-8.129064868896897167e+00
-1.016662878023646321e+01
-2.334701577715391352e+01
-5.889346050899182217e+01
-1.301790887588241930e+01
-4.831473842437328159e+01
-8.611156876501350155e+01
-2.377029329183418582e+01
-2.215677951881747987e+00
-2.595969497126086623e+01
-4.831473842437328159e+01
-7.954156251632458208e+00
-3.181079255956544927e+01
-1.327043301734918934e+01
-1.140968444896985190e+01
-1.052461384605126149e+01
-5.956695185398327652e+01
-2.663640819828998030e+00
-8.916589182612432296e+01
-8.702608743864205465e+00
-1.213532372529565606e+01
-2.020334074401553437e+01
-3.000441512997017668e+00
-2.789770800072909651e+01
-3.748101246860228031e+01
-5.056700533699469702e+01
-3.832503576490031350e+01
-5.436573655385497261e+01
-1.338695196534173526e+01
-2.034438422843883032e+01
-8.775236485239160444e+00
-1.802265352886569971e+01
-1.978502854404652922e+01
-2.004594322817942498e+01
-4.912725956225265378e+01
-2.734688142455033955e+01
-1.215095961875248776e+01
-1.963912233592416001e+01
-7.638973657916521631e+01
-2.197979603833447371e+01
-1.089576187947494823e+01
-2.708215902082559978e+01
-6.601124952394740397e+00
-1.220697266658864955e+01
-2.747638419133867060e+01
-1.592202650074467485e+01
-3.517090155900996251e+01
-1.330710183646018052e+01
-2.876093844767389385e+01
-9.740392784877903054e+00
-1.888955966091648619e+01
-1.481548111655677502e+01
-6.204069704542578023e+01
-2.031178895120013372e+00
-4.153292601050236499e+01
-6.733967548447112961e+01
-1.457470115244513664e+01
-3.055985264549033520e+00
-1.457470115244513664e+01
-1.416956023956075406e+01
-2.682854142422062438e+00
-5.553158819288064052e+01
-1.148095082477064999e+01
-2.654078809309965337e+01
-1.387190411541623902e+01
-1.496146269576142629e+01
-2.640707465708002033e+01
-5.229565080478559835e+00
-1.115775425849536049e+02
-1.257215042633192326e+01
-2.426453535547999962e+01
-2.185172283834599583e+01
-4.243833443007494566e+01
-3.339803080402189295e+01
-8.885419756365479316e+00
-2.299308310803746735e+01
-7.369238884715238669e+01
-1.826364517752012162e+01
-1.374211040245061000e+01
-5.483633033923774036e+01
-5.436573655385497261e+01
-6.763985198164414214e+01
-1.666111739323882546e+01
-2.559405016228535246e+01
-1.187095122466662822e+01
-6.754732106871929886e+01
-1.601055916949835733e+01
-5.064449504848192873e+01
-2.696199696588928330e+00
-2.035818396530729757e+01
-1.472513268650211060e+01
-6.000652453119396768e+00
-4.831473842437328159e+01
-6.719081059098050979e+00
-2.629485957436390819e+01
-1.709670559227383180e+01
-1.994594322817942356e+01
-1.692232020145605631e+01
-2.450692643576525853e+01
-2.940339380262118496e+00
-1.642334976709781813e+01
-2.229899487008414738e+01
-7.975740158780473266e+00
-1.119549154844810701e+01
-6.121300214722410260e+01
-2.337951567573443157e+01
-2.218519404820104768e+01
-1.123273524534337220e+01
-1.258602715898504343e+01
-5.868492084433430733e+01
-6.014311133261627873e+01
-2.177965015754632816e+01
-3.934197218823983633e+01
-2.400147753153762498e+00
-2.200644692306810413e+01
-8.522009904030781513e+01
-1.808871349926001670e+01
-2.406743534099557991e+01
-3.161948592338221786e+00
-4.935513919279122774e+01
-1.188490244530519924e+01
-1.275429539621493902e+01
-6.577435187324364563e+01
-5.429355118233452515e+01
-2.168039047816430198e+01
-5.302259479557606170e+01
-3.093031353345195811e+01
-3.179531653020418069e+00
-4.094803272743144618e+01
-1.514704653358346498e+01
-1.223449656475999348e+01
-8.519776133232321058e+01
-6.903770116625251774e+01
-1.826257272746176241e+01
-1.073891279365995466e+01
-6.761072024052390361e+01
-1.842369535386993107e+01
-1.613466855288283952e+01
-6.647681406848022334e+01
-5.381770772243307732e+01
-3.921111105331800673e+01
-1.855719609046746044e+01
-6.677587776951231291e+00
-1.041839095272120375e+01
-2.486459718802997543e+00
-1.239901017121522564e+01
-2.828223808793200789e+01
-3.958168706128807202e+01
-3.389420375571181410e+01
-4.386336870283704314e+01
-5.813549917224619179e+01
-1.184642327151065722e+01
-2.173344087673233105e+01
-1.799137261194505655e+01
-2.399593259938269441e+01
-1.160106153050962341e+01
-1.412770575937374318e+01
-3.059700534324153054e+01
-2.433880150864420955e+01
-4.831473842437328159e+01
-2.069999097240582486e+01
-6.631094515490346453e+01
-2.315420445247260872e+01
-2.466479994884026805e+00
-7.112041171442538712e+01
-5.517965840452144732e+01
-6.491845799661154714e+00
-3.577052183486514281e+01
-2.437233969086153351e+01
-7.165346824834583117e+01
-2.083035832362182660e+01
-1.687035304771331568e+01
-2.236171251843567731e+01
-1.287399528014578465e+01
-5.430512524302806554e+01
-9.626009163571483285e+00
-2.117044833847846519e+01
-2.640707465708002033e+01
-1.902764593623809475e+01
-5.115412321084566827e+01
-1.885780209914435446e+01
-1.469585047754294393e+01
-3.154483568082177314e+01
-2.230329551852488024e+01
-1.163700133927020985e+01
-5.483633033923774036e+01
-6.983435726746449745e+00
-5.476140861730200982e+01
-2.763161515305638716e+01
-3.963979195600014549e+01
-6.878922905895868212e+01
-1.072453945835371414e+01
-8.510618635863055204e+01
-1.278963127810408018e+01
-3.855108797567775980e+01
-5.589630275836340445e+01
-4.882029918197093821e+01
-1.116168230632619540e+01
-8.829624361885771577e+01
-2.276298957905531495e+00
-1.662745554570285123e+01
-1.205259713879832439e+01
-7.659600862269568822e+00
-9.846060763094641288e+00
-1.613466855288283952e+01
-1.168182978520203719e+01
-6.938623962145277346e+01
-2.398400808807909712e+01
-6.979134697707718438e+00
-1.317037556929969000e+01
-1.294209869924901568e+01
-1.397190411541623867e+01
-8.448454521052035204e+01
-1.078234922770315762e+01
-8.369736190067992965e+00
-2.530454774525120243e+01
-8.684625968893043080e+01
-2.258215300017446836e+01
-1.613466855288283952e+01
-5.475394317966306090e+01
-2.092881531410362328e+01
-9.386761826689797417e+00
-1.615764011534199796e+01
-3.190127637929453996e+01
-5.463896959465547098e+01
-1.951841778819211726e+01
-7.688467876017408997e+00
-1.269560590335307459e+01
-1.818871349926001457e+01
-3.581743185252273065e+01
-1.416467248472848439e+01
-2.447902636711339852e+01
-1.987310970336165283e+01
-2.807793612826340279e+01
-4.831473842437328159e+01
-6.152760460315758628e+00
-2.566245487611765697e+01
-1.163542349927671538e+01
-9.452299564201954496e+00
-6.673849494801461901e+01
-1.262441182055596656e+01
-6.881644281837628796e+01
-1.109864049846902923e+01
-3.144408089603508483e+00
-1.101012387704351170e+01
-3.868577946385206801e+00
-3.432619242246698832e+01
-1.554983176244407339e+01
-5.785127172662546258e+01
-6.702968556574028014e+01
-8.748368426050335600e+00
-2.688783978287995069e+01
-3.688709301085389569e+01
-8.563321784302228679e+00
-2.433846629447639387e+01
-4.547946295048372889e+00
-4.285522383332673257e+01
-2.501317845835733777e+01
-1.146433039346281113e+01
-1.085097965139152265e+01
-2.633083878975818859e+00
-6.425610939039021474e+00
-1.886755237430977772e+01
-7.250748591751934313e+00
-2.760825082563047062e+01
-2.478101188623192996e+01
-5.406928265099822539e+01
-5.878319987525642176e+01
-1.665221300579458941e+01
-8.510618635863055204e+01
-2.016835862584060735e+01
-3.528123731178023093e+01
-4.833213233257398400e+01
-1.027077049958637112e+01
-1.146701875983102958e+01
-5.429355118233452515e+01
-9.277889671647773895e+00
-8.557671291769221256e+00
-9.766564843648875893e+00
-2.930061497430093809e+01
-2.759111030122769392e+01
-1.086741466318669502e+01
-1.000893138643576918e+01
-2.559823395215259811e+00
-2.820234477692001640e+00
-8.768811086732171134e+01
-2.853976633816623476e+01
-2.462927762167281998e+01
-2.208881271338423602e+01
-1.001051829541495053e+01
-2.523951970359914299e+01
-1.121951132654465155e+01
-4.317725061484786409e+01
-2.904963774732270210e+01
-2.956391880142160478e+00
-5.169869049392869442e+01
-3.312229380342279939e+01
-1.221202627342045588e+01
-3.203083030872607484e+00
-7.668656777536222435e+00
-5.221537782548232087e+00
-8.893620516127592524e+00
-1.835623913784523253e+01
-1.357836540272572279e+00
-5.615821140834903247e+01
-9.685049606892357943e+00
-2.598838864792382353e+01
-1.692966625455536089e+01
-6.329978467665507935e+01
-2.713050150870757093e+01
-1.759642112631656730e+01
-3.875210372747060461e+01
-9.159075375254433382e+00
-8.819973318369749293e+00
-1.633852406815322666e+01
-6.233535777351475105e+01
-2.382556281967486811e+01
-2.700038738072179001e+01
-1.199599296817596183e+01
-1.622542229510322187e+01
-7.623477725185445308e+00
-7.644438937148755109e+00
-1.996837860531334030e+01
-2.972204834562651499e+00
-1.297136305309055615e+01
-2.286732598220243773e+01
-1.359157158530302922e+01
-1.301387213409582166e+01
-5.485528893928089289e+00
-1.258306496482444103e+01
-1.707208378334308208e+01
-1.153831963328783594e+01
-9.488456265931439759e+00
-2.161142171535510315e+01
-1.218361677682154998e+01
-1.542988737795684173e+01
-3.882363213657710332e+01
-1.110227947471408427e+01
-1.373080858351398525e+01
-6.847629423121830428e+01
-1.215184520111760946e+01
-1.310874532352556088e+01
-3.195534830552029959e+01
-5.279311569243779445e+01
-6.110882069691430551e+00
-2.627639757273682264e+01
-1.568483767722347766e+00
-6.780223424881828009e+01
-1.182364898815045429e+01
-3.537424596517193720e+01
-6.759608602190101578e+01
-2.074711771577010211e+01
-3.126101633917192757e+00
-9.651898092319894928e+00
-7.792370352077959694e+01
-9.086849997339919938e+00
-2.063619601343666510e+00
-5.511293946832024204e+01
-1.427334082205459964e+01
-1.415015817326962377e+01
-8.474043176545499989e+01
-2.528327968647732682e+00
-9.712919617678437589e+00
-5.771323310428722486e+00
-1.156722976978630868e+01
-2.995323162280001128e+01
-7.974023429583805722e+00
-8.291268275237777985e+00
-1.180205610598440202e+01
-2.339152775241375437e+01
-1.082967624205010004e+01
-2.109916745940673266e+01
-3.524618460115947727e+01
-7.212405722893282700e+01
-2.016835862584060735e+01
-2.592362101167496746e+01
-9.337640603536378592e+01
-7.540399862247103613e+01
-1.088664320646193850e+01
-1.478036167116158062e+01
-1.148360862130552995e+01
-1.322414956262402086e+01
-2.697983127843931683e+01
-5.516994242134323656e+00
-1.690973278080088793e+00
-2.005568134922092938e+01
-1.612072167746640616e+01
-1.041618507897591606e+01
-1.275729755599815540e+01
-7.111185771446982073e+01
-5.381770772243307732e+01
-3.791928156804166061e+00
-7.260896495856491129e+01
-4.131486026153999624e+00
-5.453042029205281693e+00
-7.144944781244059584e+01
-1.397190411541623867e+01
-1.043788119130830871e+01
-1.915738688154812763e+01
-2.257412570749870895e+00
-2.792196504506983867e+00
-2.625717885058592671e+01
-4.831473842437328159e+01
-2.372786270752134996e+01
-6.281043359654137959e+01
-9.697121963732550753e+00
-8.966005212465466911e+01
-1.417470115244513806e+01
-7.137380322817122646e+01
-2.351160497151942153e+01
-2.208881271338423602e+01
-2.317277238229258884e+01
-8.616987678179559396e+01
-2.255626885377553492e+01
-1.042738449762502739e+01
-2.386720544930497567e+01
-6.721533572556621650e+00
-2.650707465708001820e+01
-2.208881271338423602e+01
-2.956459745190753807e+01
-7.411535349561192731e+01
-4.831473842437328159e+01
-8.235237451829618749e+01
-1.015392574374470236e+01
-1.104246481536285351e+01
-5.032222851893663140e+00
-1.121564645354927947e+01
-2.194037556864754990e+00
-1.201723753503160630e+01
-1.586617929554832074e+01
-1.417470115244513806e+01
-1.789375843214904904e+01
-3.443187296790481078e+00
-1.257941021094308276e+01
-2.081827244728069815e+01
-5.909693361030398506e+01
-6.759722377211306821e+01
-2.047622119681818020e+01
-9.644794115544655710e+00
-1.115004168571923415e+01
-8.243928019647704275e+00
-2.637060239760011982e+01
-5.436573655385497261e+01
-6.541727363877274826e+00
-4.831473842437328159e+01
-5.530465526504562490e+01
-6.068508208761688394e+00
-6.743368624042311410e+01
-7.546957507689015188e+00
-1.329612103108926391e+01
-9.414674889865817420e+01
-5.824288834233929180e+00
-9.623989340367716139e+00
-4.691630152317257796e+01
-9.533890085133930370e+01
-6.582253395481640723e+01
-1.195070259855378580e+01
-9.879065899384617211e+00
-1.960230352763056416e+01
-9.135172633974644185e+00
-9.614428196526428394e+01
-1.519659547595445304e+01
-9.228217956393736188e+01
-4.180217136781112686e+01
-3.159843493836667605e+01
-1.930213476047476107e+01
-3.276009886788848746e+01
-1.437470115244513735e+01
-2.208881271338423602e+01
-2.294337106155282058e+01
-3.119843493836667747e+01
-2.107375793995177560e+01
-8.190757842433619373e+01
-8.503088788537968412e+01
-5.430512524302806554e+01
-7.009061651211754906e+01
-3.004290011741660038e+01
-9.482058711759274061e+00
-7.728429482990156529e+00
-2.392506756471664886e+00
-2.315166754242404323e+01
-1.028393488147057866e+01
-4.212253616955547564e+00
-2.221896575057201773e+01
-1.686873253799609884e+01
-1.807946684993783748e+01
-1.711894973030750577e+01
-1.808871349926001670e+01
-1.790494957931636577e+01
-2.101219697239793405e+01
-2.609127113954816224e+00
-1.328153826877142940e+01
-4.915855351382989014e+00
-2.797813877714995101e+01
-3.068336227643944092e+00
-1.100981746139685491e+01
-3.170175551123772451e+01
-2.260074728655536802e+01
-5.976066019519678640e+00
-1.159844680060462174e+01
-4.191331874298962035e+00
-5.339574635074264108e+00
-1.830314651204655263e+01
-2.098471704967568741e+01
-5.474666722111362560e+01
-7.662474482468365977e+01
-2.585200800349144856e+01
-5.670873747867409165e+00
-2.423115204842020809e+00
-7.394811003468196020e+01
-7.646385238702814391e+00
-2.208881271338423602e+01
-6.630713842531690716e+01
-2.814020709265414055e+01
-5.540059618868642133e+01
-1.929057309763326344e+01
-3.371580689527533536e+00
-2.127657293011444750e+01
-8.093731212302903089e+01
-1.023445431520116777e+01
-1.885860153987498222e+01
-5.715097433763220636e+01
-1.075097965139152301e+01
-2.289446114969685908e+01
-9.879065899384617211e+00
-9.193239924427028598e+01
-2.185818830081562325e+01
-5.429355118233452515e+01
-3.286425873142321308e+01
-9.569188955905037375e+00
-1.446035896168478807e+01
-2.090444677453598032e+01
-6.313685459596739946e+01
-3.866030113719040173e+01
-9.977507982141130327e+00
-3.012568507914525462e+00
-8.960010055129400541e+01
-1.852475814203254245e+01
-1.670819245012947363e+01
-1.822552531692312172e+01
-8.892653399219151211e+00
-1.704437533236336222e+01
-2.937014541070067253e+01
-2.620430823571929579e+01
-2.082757442494992262e+01
-7.869079474814884634e+01
-5.483633033923774036e+01
-3.483007916341541943e+01
-7.137424564339534072e+01
-2.645396105465876957e+01
-6.249398794425166415e+01
-3.263470520653890983e+00
-3.234874982739516724e+01
-9.012757299687191193e+00
-2.096093585371186663e+01
-1.440288494260769347e+01
-8.486754701568075987e+00
-6.778096748921272763e+01
-4.488921806622677479e+00
-1.571210338218372371e+01
-2.644563428352711298e+01
-1.314584374977923531e+01
-4.932208668501209559e+01
-5.453412780573121665e+01
-2.134707257600972241e+01
-3.522740000249417847e+01
-5.527978392881889391e+01
-6.092579091857696483e+01
-3.504742503125344744e+00
-1.437470115244513735e+01
-2.038979281235156549e+01
-1.481044345107523341e+01
-9.512202137373705568e+00
-7.711634344416319209e+01
-4.602257066779316830e+01
-1.134851767324567007e+01
-1.837940885174747407e+01
-8.795814972481661442e+00
-5.483458792512237068e+01
-6.982232931330537440e+01
-1.138397766272700906e+01
-1.829114515220066295e+01
-8.951865284423239189e+01
-7.121377577359093891e+01
-1.200587022220328670e+01
-7.657258249829497743e+01
-1.835623913784523253e+01
-8.449541773550936341e+01
-9.242015324054214886e+00
-1.844904117748051320e+01
-2.070339108404682094e+01
-1.845276214299336814e+01
-6.774900115734574513e+00
-1.925977868880192290e+01
-1.613466855288283952e+01
-1.613466855288283952e+01
-6.859470582649976222e+01
-7.170550243927971223e+01
-1.065428336054816150e+01
-2.509156050882802091e+01
-4.693945068330250336e+01
-2.061643927874713000e+01
-1.429898852635372997e+01
-9.127705169476969971e+00
-1.259069286602776572e+01
-2.086093585371186521e+01
-8.182064697151839994e+01
-5.429442627618405481e+01
-2.423610410727406261e+01
-7.142609367091814931e+01
-5.677602718510585333e+01
-2.690889224009561076e+01
-1.449746519076783180e+01
-9.807578055595811861e+01
-6.857490098802519185e+01
-3.675830437356251679e+01
-2.491941076405665711e+01
-1.181961015117855673e+01
-2.241115324424231758e+01
-4.498357383797932485e+00
-1.051093753933922237e+01
-1.893046531422489664e+01
-4.453090555209674228e+00
-1.713767079459138643e+01
-1.824473688012922423e+00
-2.066546905290701730e+01
-2.547224525826529273e+01
-2.050353146337608834e+01
-3.546029212334259739e+01
-2.862111062370786740e+01
-1.183292224358620714e+01
-1.561500704744358714e+01
-1.633094420460018270e+01
-2.640707465708002033e+01
-1.980197389225107685e+01
-8.271944198237808621e+01
-3.528623524067013051e+01
-1.927164128224983131e+01
-3.374770621120445924e+01
-1.071803698443934039e+01
-1.772949319980665095e+01
-8.743942206972461406e+01
-2.062767748674748347e+01
-8.367577466277392517e+00
-2.268050211498197744e+00
-7.500173922846622432e+00
-2.348164616783310521e+01
-1.880843219523217869e+01
-6.859101776385062976e+01
-1.348999473704130736e+01
-1.855928172021742739e+01
-6.384301880818590291e+00
-7.030380098545848888e+00
-6.702345989621684907e+01
-1.930213476047476107e+01
-8.858991854841214320e+00
-8.477296513223913621e+01
-6.352815321223418721e+01
-5.777858060569553089e+01
-5.625900178778604044e+01
-1.361129116593348520e+01
-1.575732531257632019e+01
-3.113344733248472096e+01
-1.813686322414714525e+01
-1.236403474944764440e+02
-1.916191639566369620e+00
-1.149779246192727022e+01
-1.791684731485517190e+01
-1.940864525287024378e+01
-9.449438172964260474e+00
-1.534565259599790998e+01
-2.630707465708001891e+01
-5.654983327150981509e+00
-1.221964536490454734e+01
-1.130356453559486596e+01
-1.893131335339318966e+01
-2.303917040733647781e+00
-2.207317922481210815e+01
-2.562193439998113664e+00
-2.703532973075230217e+00
-1.830314651204655263e+01
-8.957498136297841640e+00
-8.485769370095967545e+00
-1.398386298003344841e+01
-2.060366328276046843e+01
-1.477789308807277990e+01
-1.261254611257983882e+01
-1.600680078821812913e+01
-8.856843507256826342e+01
-2.223485736646613375e+01
-2.640707465708002033e+01
-2.086093585371186521e+01
-6.733967548447112961e+01
-1.912038062195643917e+01
-1.896362641922091541e+01
-3.508792558490308977e+01
-7.376215799804751327e+01
-9.545593188048147937e+00
-2.473791377338605546e+00
-6.237065367298647800e+01
-8.427177526248195250e+01
-2.305056154741618624e+00
-1.760607484031932657e+01
-1.704180608308264055e+01
-1.394462514663891639e+01
-1.824473688012922423e+00
-7.649914796037839082e+00
-6.029489502336611295e+00
-1.958156595789532872e+01
-7.546957507689015188e+00
-1.792286916823593312e+00
-1.329554178983296175e+01
-8.022077600769577543e+00
-2.678430646828002182e+01
-2.611178560318604180e+00
-1.151110497753708728e+01
-2.897248441565646715e+01
-1.428937035334361383e+01
-5.466022259128923366e+00
-6.427873638373069021e+00
-7.771906061173311286e+00
-2.897248441565646715e+01
-2.650707465708002175e+01
-8.050565589325433535e+00
-2.182989888685051127e+01
-9.454757969953065810e+01
-5.577172658029772023e+00
-9.107516690563490158e+01
-6.530500858337077830e+01
-2.296791850399468871e+01
-9.447472360998496299e+00
-7.208937962134636734e+01
-1.225807870768615615e+01
-6.917959546713423613e+00
-1.818560928979534452e+01
-9.274212830959291054e+00
-6.336160630093711887e+00
-2.910002985421623478e+01
-2.107106460034585282e+01
-3.233741328867876685e+00
-5.115412321084566827e+01
-2.943514728572115935e+00
-6.964610292003141012e+01
-9.348874666603359529e+00
-8.283321759194508971e+00
-3.861972438036532562e+00
-7.136568048775581019e+01
-7.024820565077197898e+01
-8.885419756365479316e+00
-3.954843228913154007e+01
-9.735357056450808955e+00
-1.855928172021742739e+01
-6.647584385614804248e+00
-6.216152915835944981e+01
-6.471903496994815441e+01
-1.156243296337297544e+01
-1.212674544064891968e+01
-6.758282395666063280e+01
-1.374626576968976543e+01
-6.087139605881380788e+01
-2.134707257600972241e+01
-9.305848746091274393e+01
-1.548090412433811069e+00
-2.251231501139742264e+01
-1.048513804918196790e+01
-1.560566402335501124e+01
-6.693296211378377336e+01
-1.672133870750437623e+01
-2.069576517257064907e+01
-5.812264602226122179e+00
-5.442706141906940331e+01
-1.172637639758593053e+01
-8.560262811272767891e+00
-1.384894483544315058e+01
-3.882363213657710332e+01
-3.109843493836667605e+01
-9.254585058012237297e+00
-2.242138180401347824e+01
-5.673959745261789323e+01
-2.034167700802489520e+01
-7.129166115066098541e+01
-1.817384954208248260e+01
-8.556867687318746363e+00
-1.888905688054489573e+01
-1.203281186074739928e+01
-5.229430860088412913e+01
-9.406389025167865015e+00
-1.182125134322428472e+01
-1.926217286509345428e+01
-5.652347803301083928e+01
-1.679909056481657004e+01
-1.435130810352508668e+01
-3.486723901473977349e+01
-1.296266081561661920e+01
-1.623466855288284094e+01
-1.742179221674016532e+01
-1.570199478949199090e+01
-7.625182590924138992e+01
-1.100443128514908864e+01
-1.135246361861727671e+01
-6.739176503986537625e+01
-9.221083515099193662e+00
-1.859590525013765117e+01
-9.459906411264256576e+00
-1.378379961613448579e+01
-5.784587469390028502e+01
-6.582054897499763690e+00
-1.237513066833107978e+01
-1.841853716925538720e+01
-2.134707257600972241e+01
-1.177611478065577089e+01
-7.222247095308013343e+01
-2.134707257600972241e+01
-1.073696450790366086e+01
-3.404490073514054416e+00
-6.786282011697930727e+01
-1.337494046318156471e+01
-6.755007850063351249e+00
-1.221869765450678536e+01
-1.866593169680238873e+01
-1.534886899195798371e+01
-2.111180422141303126e+01
-1.387190411541623902e+01
-1.080066777252650212e+01
-1.397190411541623867e+01
-1.968003174908921071e+00
-9.756292593937219593e+00
-1.078234922770315762e+01
-7.063158607916557230e+01
-1.172420676903033865e+01
-7.550483069527767555e+01
-2.517740799157408205e+01
-1.841938660814286521e+01
-5.453412780573121665e+01
-3.139843493836667676e+01
-3.499271247496968584e+01
-9.649060424109860534e+00
-1.638260571302809865e+01
-6.814896892864848610e+01
-4.361170446870089279e+01
-1.387190411541623902e+01
-1.742603858701487951e+01
-2.101338723516187912e+01
-1.163788137590022487e+01
-7.779437494218395699e+00
-9.971375771010798417e+00
-1.417470115244513806e+01
-2.266172529244832745e+01
-6.161647143989867459e+00
-1.957834506287860421e+01
-1.901249333433002509e+00
-1.086232347586296854e+01
-5.429442627618405481e+01
-9.228396681671558355e+00
-1.873287636312532456e+01
-6.173376765971640623e+01
-1.726227051367772702e+01
-3.373549112114299930e+01
-9.906966491885741277e+01
-2.311271165268600214e+01
-7.022182229660954533e+01
-5.681725102015174400e+01
-1.699319052723683399e+01
-6.324843995888509340e+01
-1.869846022955761811e+01
-1.089728883837980966e+01
-1.417470115244513806e+01
-2.367267856052989217e+01
-8.615530386379033700e+01
-1.649358057518566056e+01
-2.166281080681944360e+01
-1.250415970632417029e+01
-3.560585771143647271e+00
-1.889981542039611995e+01
-2.851220201280994715e+01
-5.928738561722929568e+00
-1.466946725049245615e+01
-2.656590047812724009e+00
-1.264800433704311899e+01
-3.162783989479627422e+01
-1.172748230893826005e+01
-8.481970109921374501e+01
-6.163337829690852310e+00
-1.757344528767433900e+01
-5.469158331731545530e+01
-1.749875120966635222e+01
-1.278860012686379477e+01
-8.848765051038724039e+01
-2.303350221325283886e+00
-3.082110422694414353e+01
-6.244486801805966714e+00
-1.396291254149609529e+01
-1.869846022955761811e+01
-3.173304074581630374e+01
-1.508673575443073389e+01
-5.710680911096017276e+00
-7.142609367091814931e+01
-7.945401323093000734e+00
-1.230450281528909429e+01
-3.574272284226305718e+00
-3.097013389728954991e+01
-1.052434262667235032e+01
-1.573142344029858286e+01
-1.570498846320953490e+01
-2.108671646938458366e+01
-2.479927079157727920e+00
-9.089403176799200068e+00
-1.680470755511908720e+01
-9.971375771010798417e+00
-1.041920865179808153e+01
-1.411845653471966333e+00
-1.560566402335501124e+01
-8.675165462059396759e+00
-7.332285086557558884e+01
-9.779001746762876479e+00
-8.691840099158861577e+00
-1.395828053580791206e+01
-1.387190411541623902e+01
-9.566628537004095989e+00
-1.277319399780480680e+01
-1.615197670125163398e+01
-1.180698058048546351e+01
-1.387190411541623902e+01
-6.882147513914881642e+01
-3.192358053123061978e+00
-9.087910226674297931e+00
-1.116060203877181678e+01
-7.582978622318226058e+00
-9.202167455600255508e+00
-2.340655031664605090e+01
-1.227660451814279874e+01
-2.224980526791552649e+01
-1.151518568990279334e+01
-4.915776448592539261e+00
-1.080726982745312625e+01
-6.695559451071144963e+01
-8.916542804645938247e+01
-1.821900493004603661e+01
-1.613466855288283952e+01
-2.728430226458250729e+01
-1.777279143040049636e+00
-6.066388219351661171e+00
-4.282226812399888338e+00
-2.845802080586452476e+01
-6.085506562273247155e+00
-2.227803379698472419e+00
-2.089244106322615480e+00
-6.609948302461290837e+01
-1.144621738244681275e+01
-1.996454265616463886e+01
-8.699698863479787292e+01
-1.470854043970790137e+01
-9.558040271238933627e+00
-1.073696450790366086e+01
-1.020139558385921532e+02
-7.329627080285767704e+00
-9.587910226674297931e+00
-1.119348258135894625e+01
-1.855928172021742739e+01
-6.053672891435488879e+01
-3.390551498460857971e+01
-1.835623913784523253e+01
-7.296513000307054142e+01
-2.163867315455913598e+01
-1.355583444688336670e+01
-3.503864891550953331e+01
-4.312253616955547209e+00
-8.775739539135280154e+00
-2.496866298504734871e+01
-6.739176503986537625e+01
-9.030613904920153345e+01
-6.818545748579920129e+00
-2.208881271338423602e+01
-1.514595833727440599e+01
-2.179870796801947819e+01
-2.174790613355265734e+01
-2.062316516960467183e+01
-9.393881038126886907e+00
-2.234638176240071772e+01
-1.344874290333970990e+01
-1.902764593623809475e+01
-1.616054585477186478e+01
-5.392857243067226136e+01
-9.252313968715276005e+00
-1.285989846548827309e+01
-9.106175982744552755e+00
-1.174383787458766903e+01
-1.837734657515435543e+01
-2.230238377015848528e+01
-2.212386921050111255e+00
-1.840011398357795258e+01
-2.208881271338423602e+01
-5.015110524425791283e+01
-1.204366769367848988e+01
-1.115097965139152336e+01
-2.511584258141228077e+01
-8.960258623666055300e+00
-1.606812260689066463e+01
-5.467635274677533630e+01
-1.098526414595541745e+01
-2.791597798586234092e+01
-3.525931929312627489e+01
-1.223198584298860858e+01
-1.613466855288283952e+01
-8.204157827745505926e+01
-6.310304800184292517e+00
-1.082967624205010004e+01
-2.208881271338423602e+01
-2.208881271338423602e+01
-6.951042505336981492e+01
-2.208881271338423602e+01
-8.677482258741967769e+00
-7.756043244102746037e+00
-1.480941690769157582e+01
-5.486468352889416167e+01
-1.893120836567912590e+01
-8.965004737691543824e+00
-4.475135329622415270e+01
-1.429031640732773489e+01
-7.186001805678428944e+00
-5.367379847516945190e+00
-2.134707257600972241e+01
-2.119815951946637078e+00
-1.667361354020617625e+01
-3.007709768074505075e+00
-4.917448179251087126e+00
-9.662152039494143807e+00
-5.884924094716816256e+01
-8.854342240496245964e+00
-1.058540926571479801e+01
-4.917448179251087126e+00
-5.115412321084566827e+01
-2.341388636052653638e+01
-6.780862387379217182e+01
-1.218891554163925761e+01
-6.882037363824674969e+01
-7.267302899114802983e+01
-7.329627080285767704e+00
-7.121429470102834891e+00
-3.375368435245322019e+01
-7.985143387200951182e+00
-4.443902680894768764e+01
-5.464143365655758799e+01
-1.387190411541623902e+01
-8.146922734158184909e+00
-3.839392766198304230e+01
-5.690120330632656653e+00
-3.385364595696391632e+01
-2.640707465708002033e+01
-1.354517777680047175e+01
-3.835170174503856444e+00
-8.283999525423706700e+01
-9.044321823021152795e+01
-9.013108049468687000e+01
-7.758982970854322048e+01
-7.572011110610894491e+01
-6.704655072101970426e+00
-7.121429470102834891e+00
-6.387159654019082211e+01
-5.520485313170002684e+01
-2.650707465708002175e+01
-1.026905154017885167e+02
-2.845802080586452476e+01
-9.056704551106381729e+00
-5.777730694081044049e+01
-5.889346050899182217e+01
-5.889346050899182217e+01
-1.387190411541623902e+01
-9.542899705495617724e+00
-8.645087682149412700e+00
-1.129220656035010784e+01
-3.292583471461938416e+01
-2.777319679022792531e+00
-5.416180964130385078e+00
-9.631526675117487457e+01
-5.095412321084566543e+01
-5.775905711303695966e+01
-6.120518102279835659e+01
-1.136904637352383318e+01
-7.098687751171840432e+01
-1.536501438551890963e+01
-1.776442968674913914e+01
-1.804117357284812684e+01
-1.102383672389361635e+01
-1.425367856075676087e+01
-2.562193439998113664e+00
-2.444889438631010847e+01
-5.564339049236372681e+00
-1.152750975729717275e+01
-8.463899976173498985e+00
-1.417470115244513806e+01
-1.271705197336396154e+01
-5.773165038019634920e+01
-6.898907138383633253e+01
-1.613466855288283952e+01
-5.115412321084566827e+01
-1.242263243647288995e+01
-3.462340267998335719e+00
-6.663701134819882554e+01
-1.151708447899268251e+01
-5.466606327483138017e+01
-9.759412682146070495e+00
-1.144443312751855757e+01
-1.221418063453067582e+01
-8.775739539135280154e+00
-1.387190411541623902e+01
-1.077064882183142913e+01
-8.908436221946992362e+00
-5.902182078367207652e+00
-7.198989840538205343e+00
-6.742025071903654521e+01
-1.067077049958636970e+01
-1.203802872396868828e+01
-2.725481854390434577e+01
-2.405519435764384983e+00
-1.479113553520921265e+01
-1.296084585444823567e+01
-1.987884563705196328e+01
-7.982889511205553390e+01
