-4.658577235303184239e+01
-7.790275189681138102e+01
-8.301490013213438601e+01
-1.011164381151152298e+02
-9.486028197322022493e+01
-8.337784328884706042e+01
-7.363467095004980933e+01
-3.538057819692047445e+01
-9.496186285118108117e+01
-7.154621683639363994e+01
-3.439019720201265784e+01
-4.842657445185155041e+01
-6.038174067101336817e+01
-1.142577491676919550e+02
-2.757127523083162401e+01
-1.148942685407481576e+02
-1.292095481196813296e+02
-5.130148907897543609e+01
-5.268966741714555724e+01
-3.365015786203312587e+01
-3.987550910062994092e+01
-7.432471578922427113e+01
-1.017394197651751711e+02
-3.144925075227406452e+01
-5.161754950891440075e+01
-3.922093362675126116e+01
-4.550737755656601990e+01
-4.990122612584017503e+01
-3.398241564640093770e+01
-3.612709173274679131e+01
-3.345467886944924629e+01
-4.390039122372503044e+01
-3.293307332240723895e+01
-5.105669375507465446e+01
-7.250641199965892270e+01
-6.588068669094145946e+01
-2.640463727541352768e+01
-7.233803189668819300e+01
-6.655183716290993345e+01
-3.731427162271082665e+01
-5.553661392440729117e+01
-7.274853525108046881e+01
-3.000126745015680996e+01
-9.471088151920321252e+01
-2.475091707542878439e+01
-1.697222372804188950e+01
-2.079809167046494878e+01
-7.613268836309802623e+01
-3.527715409969964355e+01
-4.811879978064426666e+01
-1.823119128758851559e+01
-4.951644695929292084e+01
-3.042850727410459655e+01
-4.014609115826581842e+01
-1.098334113376591006e+02
-4.330609931576422866e+01
-4.526034439400883969e+01
-4.704272195782530019e+01
-2.465863174414020520e+01
-4.123955407957306818e+01
-2.785216961865486951e+01
-2.614587281770191041e+01
-2.704246943216354993e+01
-2.071184720877905860e+01
-1.587429193665556326e+01
-6.750449349715535163e+01
-1.347596587722057038e+01
-4.219040513717544627e+01
-4.489783846750343344e+01
-3.158578615947551782e+01
-4.334177063435234345e+01
-2.624303747314488433e+01
-6.147950865906275908e+01
-8.267064647014956336e+01
-7.814197692748429347e+01
-3.989166263116702993e+01
-6.184497649760350413e+01
-2.900154995312784578e+01
-3.670264701528918039e+01
-3.485578490685074371e+01
-2.190931795668179305e+01
-1.403710973841193663e+02
-6.620118203746865504e+01
-3.794985495271541964e+01
-1.159724727065971592e+02
-2.063187072097977293e+01
-3.229083957800725813e+01
-3.599586645380917105e+01
-3.045442546967619180e+01
-6.031722543213985688e+01
-3.116821863020424743e+01
-3.361157740922935488e+01
-4.404644382376964984e+01
-4.991254082595622776e+01
-1.198417443306145103e+01
-1.306556440349450838e+02
-2.893264919924434508e+01
-2.722190997096936371e+01
-4.262940069766537476e+01
-6.556251137528784056e+01
-1.056219204522920023e+02
-1.090794891162734643e+02
-2.269182537800680421e+01
-5.142893042460815423e+01
-1.734601000701951534e+01
-4.934310984389316701e+01
-1.325532825273019171e+02
-1.848081231732198049e+01
-5.079920551763410685e+01
-4.554664502766109990e+01
-2.066737353932841970e+01
-1.944128306121955774e+01
-3.673228567474436090e+01
-3.711805511310646466e+01
-2.320369412958277522e+01
-6.059851262207132550e+01
-1.381467421559102959e+01
-6.148556719354614586e+01
-2.540549384234155283e+01
-9.285607591820202344e+01
-5.990991235642469093e+01
-7.609656090278359208e+00
-4.489685360184519425e+01
-2.374407433854700855e+01
-5.280272135289540358e+01
-4.632657146672012516e+01
-8.975774021047583062e+01
-1.183326321268023094e+02
-1.886666136557003881e+01
-3.662767875612072288e+01
-4.570969605038965256e+01
-4.598249671214089318e+01
-2.826219509831197385e+01
-5.634633006008040468e+01
-3.588997440158426855e+01
-3.256505892574934791e+01
-1.069168637028525382e+01
-2.412909859599757567e+01
-8.061470293876672599e+01
-3.037159367425463330e+01
-2.223938129187728663e+01
-8.976205011121327004e+01
-2.255416468370919958e+01
-2.683513220879327932e+01
-2.181285905857383156e+01
-9.020679215558172359e+01
-3.791636047144230304e+01
-3.673101530395105385e+01
-7.781137519875267117e+01
-2.607829361318813000e+01
-5.327263883473465000e+01
-1.967941820478234050e+01
-2.402440019078684585e+01
-2.102860412893609521e+01
-2.409137650213261495e+01
-3.732244172222944201e+01
-7.596668919373064455e+01
-1.443421650661623090e+01
-5.292947699852142307e+01
-3.718389076552789163e+01
-1.128433165626110508e+02
-2.290519437009240278e+01
-6.034235961056614883e+01
-6.786187938522408558e+01
-1.084732009931688737e+02
-1.577425672903952858e+01
-1.916368985834702343e+01
-1.441690885709637655e+02
-1.544364891939298090e+01
-3.398706850846613747e+01
-2.538294969799692780e+01
-2.485503202811950274e+01
-6.250579263695789933e+01
-1.953496302681153907e+01
-2.422384025014284958e+01
-2.266970247582104747e+01
-9.925351838936162352e+00
-2.942159185503552976e+01
-1.911619299525031579e+01
-2.333024694219045259e+01
-4.807819796367996901e+01
-7.306568657456182336e+01
-5.030929641030954258e+01
-2.398347268508239694e+01
-3.380150544388563816e+01
-1.493208067604640554e+01
-1.119267993544136601e+02
-5.265698035210134265e+01
-3.311166435915964001e+01
-5.152266679699837226e+01
-2.310461914806750983e+01
-2.520208992850682961e+01
-3.599242767527914566e+01
-2.637195790828012321e+01
-3.834995657848941875e+01
-6.879496503834241139e+01
-4.406599934282525766e+01
-6.670770188233257159e+01
-1.315152676463585024e+01
-1.620222563118578663e+01
-1.402513484191456428e+01
-5.293446935814316134e+01
-6.501071607201006941e+01
-8.292155419533655447e+01
-1.473340710507434039e+02
-2.471715753661948156e+01
-1.031646032739315189e+01
-6.331219988954597966e+01
-1.020617502516897446e+01
-2.972478987924262572e+00
-4.887388849584524309e+01
-3.536762740749477274e+01
-3.987113539220254665e+01
-4.715475120441804791e+01
-2.033780712454181838e+01
-4.148048448094225904e+01
-2.477340692146955092e+01
-1.790948956221542332e+01
-4.804366394721682809e+01
-2.485217533548171076e+01
-1.998910114534816529e+01
-9.099560693495280361e+01
-9.171243818934046388e+00
-1.618651573617384898e+01
-2.537676768081241363e+01
-5.315175314892044156e+01
-7.140879888572811751e+01
-1.796314694949289503e+01
-1.175013817203981432e+02
-3.655965975279666935e+01
-1.062328021280715440e+01
-7.201082232345076761e+01
-2.265953726420822534e+01
-1.236809987898314844e+01
-7.147904528689993597e+00
-2.128567858332756302e+01
-2.948453502581971009e+01
-4.908544088470403466e+01
-3.674536595253677973e+01
-4.579926166754968619e+01
-1.732696726290495803e+01
-3.642112291616172115e+01
-3.556873092335720798e+01
-9.231420160652956497e+01
-4.129723119656952690e+01
-9.241778883008740308e+01
-2.950277687301446861e+01
-3.111073306798119020e+01
-9.876618483773398793e+00
-1.676836429700604469e+01
-1.641079201727900738e+01
-9.611334094458296562e+00
-5.846235087186649082e+01
-1.029975427532252930e+01
-1.626295445394362460e+01
-1.125305293203359582e+02
-2.689804718928962668e+00
-5.386772098505606010e+00
-6.320979754766579362e+01
-1.211227879054011680e+01
-6.635221343914531644e+01
-3.719231032945864257e+01
-2.689804718928962668e+00
-4.499959858093863829e+01
-5.982055794674410265e+01
-5.252430258443272493e+01
-1.873008217801022468e+01
-3.954478150027716765e+01
-6.401269196978442722e+01
-3.033388631042640782e+01
-5.273800713298741982e+01
-2.458533985761478746e+01
-6.422509722952739253e+01
-3.933134124721355818e+01
-9.558577302683994503e+01
-3.364755434300361969e+01
-1.711013154432359329e+01
-5.162014141922548482e+00
-9.264253676261017745e+01
-3.495063335815385841e+01
-2.965532204043181963e+01
-5.956463195579397052e+01
-4.682546960943815861e+01
-2.530086228111222724e+01
-1.523789820699367326e+01
-3.872607963940885156e+01
-3.065606103423268891e+01
-6.366327200175533818e+01
-1.518972164184281937e+01
-2.152196167143387839e+01
-2.661176782260806206e+01
-3.945303767749749113e+01
-7.894821271596511281e+01
-3.816599656323577960e+01
-6.364515743281381788e+01
-3.536271313899093105e+00
-5.958056203929423589e+01
-1.462884441458821527e+01
-5.171686313211604435e+00
-1.882507732462937255e+01
-3.939473915901437806e+01
-4.756200624029231960e+01
-1.847054900255719190e+01
-5.030531246849371030e+01
-5.608043441330797130e+00
-2.363749599597099404e+01
-9.913375545714279369e+00
-8.428690154398651657e+01
-1.013839205563350454e+01
-3.552673642299072299e+01
-8.389280626317683343e+00
-1.765791982445493247e+01
-4.867259161782563126e+01
-5.476973471226568790e+01
-2.159025790544433931e+01
-1.101833852017266224e+01
-1.879236375807775872e+01
-6.715619518032082347e+00
-2.968665434424012872e+01
-3.753769112403020358e+01
-3.982493032319969473e+01
-3.169965553073796372e+01
-1.134808419938019028e+02
-2.465109906671298035e+00
-7.620477249000256847e+01
-2.517296021058989552e+01
-1.451155741557794698e+01
-1.712857193614762608e+01
-7.952076823546649109e+01
-1.385596500169594769e+01
-2.455160033498425776e+01
-5.235853351867778116e+01
-1.529623677597341747e+01
-2.086863289956005119e+01
-9.229839543901223919e+01
-9.317229309741523480e+01
-1.759889748191231362e+01
-2.158347243900392698e+01
-1.163142736495196345e+02
-3.320821510243895602e+01
-1.469825719682665266e+01
-1.623564449813614985e+01
-6.010567048239537513e+01
-5.231736808772784286e+01
-5.192904607488510038e+01
-2.642707881365210554e+01
-4.681585266874138895e+00
-1.147920232783483812e+02
-7.166663595599199965e+00
-4.837562340657272131e+01
-4.808426321723980124e+01
-3.754798934163975588e+00
-5.126193481587112899e+01
-7.150160631750701157e+00
-2.786576001930570357e+01
-1.291645449652596511e+01
-4.942598257669072837e+01
-8.720912851517610420e+00
-1.817958918958743908e+01
-3.222279214925212187e+01
-9.947255217742398514e+00
-5.761073070404378882e-01
-9.170928594970536096e+01
-3.317236002571996067e+01
-4.411953445660826389e+01
-1.752318797889187252e+01
-1.355695226415139487e+01
-4.787938570056114429e+01
-2.723241332987920416e+01
-2.944885810827397421e+01
-3.870547601259832504e+01
-1.550502479590938565e+00
-9.303815763890956703e+01
-3.805063974757631939e+01
-9.271541459131998408e+01
-1.664143615764787043e+01
-1.358232547128846157e+01
-4.971204579133491563e+01
-3.413341913261643157e+01
-4.879392948812716924e+01
-5.149554569304969220e+01
-5.285051453331283966e+01
-9.064498589499551784e+00
-3.748179056383216334e+01
-7.491923197327484729e+01
-1.132588171508811428e+02
-5.151702020250399983e+01
-6.727007398555957707e+01
-8.543462197747931697e+00
-8.500943316996517751e+01
-5.685896297288943302e+00
-4.068614477153361264e+01
-3.754587895538306697e+01
-1.759057061930718646e+01
-1.653731322739971787e+01
-2.219631063715558028e+01
-1.380808639703971785e+01
-6.741348745310089896e+01
-1.310588855827996468e+01
-2.309993431069720771e+00
-2.389627129344374978e+01
-3.377977620046958407e+01
-3.626504657863078052e+01
-3.040276970121718847e+01
-4.990662942795482593e+01
-5.402320416252952384e+01
-8.234115801777242893e+00
-2.750850172821113659e+00
-4.301687110016350957e+00
-2.443493214589827289e+01
-2.404517993855670355e+01
-5.837874110824319729e+00
-3.510338497242744893e+01
-2.982746029947058020e+01
-4.846773312879614082e+01
-3.425076242862269282e+01
-3.824711815765769529e+01
-1.114370694670264328e+01
-5.761073070404378882e-01
-1.143451983840099118e+01
-6.335744097263629726e+01
-6.363258357340776428e+01
-7.209292918808435147e+00
-2.629194873315549330e+01
-3.036511475671527904e+01
-1.849889748191231220e+01
-1.133201858888911886e+02
-2.409972559768492673e+01
-2.022693978690223915e+01
-1.888750285844633225e+00
-8.818775009917631635e+00
-3.324364553335266237e+01
-5.429006611485459644e+01
-4.028243022090161496e+00
-7.997857979264746398e+00
-4.158686418208341706e+01
-1.147446515803070497e+02
-3.403799809107771068e+01
-3.922109075696670999e+00
-1.766302539193830512e+01
-2.845953963748374349e+01
-2.647685822766919728e+01
-1.447908807255828201e+01
-1.809482771192039507e+01
-6.699297341149757301e+01
-7.893114578223224953e+01
-5.003249620171254719e+01
-4.808427697598226302e+01
-2.401147405706121418e+01
-7.033898989958716541e+00
-4.767256121480284214e+00
-4.819656074708611015e+01
-2.999263007106925372e+01
-7.423604719676887065e+00
-5.218553754670076472e+01
-3.754798934163975588e+00
-2.583437518995910231e+00
-4.971586907466526384e+01
-1.127432944488460436e+02
-7.430125797969195389e+01
-4.656293162398837637e+01
-1.052775511763580774e+01
-2.404351065691129818e+01
-4.430040376307653105e+01
-2.309993431069720771e+00
-2.583437518995910231e+00
-2.489137268928712565e+00
-3.332685573224075881e+01
-1.285380377693488896e+00
-3.036511475671527904e+01
-4.368546237724696368e+01
-1.667599699922543977e+01
-4.300482901601161245e+01
-2.395160033498425634e+01
-4.787938570056114429e+01
-1.474441770186834866e+01
-1.769837061019952174e+01
-3.549236959726486873e+01
-5.688807704200793580e+01
-2.025715632384351750e+01
-5.273242572255313831e+01
-3.844879177412578741e+01
-1.640126286807914369e+01
-9.399113674003159247e+01
-1.834284925869196670e+01
-1.753908147024550601e+01
-3.671772657082953373e+01
-6.414163758039777008e+01
-5.019252192929882561e+00
-5.761073070404378882e-01
-7.178799380820321652e+00
-4.265294786901740309e+01
-4.534914375762839178e+00
-5.051537026500812999e+01
-2.913797669655176747e+01
-9.345043974938919007e+01
-3.879489962197065722e+01
-2.389627129344374978e+01
-1.700551079923371489e+01
-1.612781878015295689e+01
-5.702859449623277399e+00
-2.610314391917023258e+01
-6.742719756888135407e+01
-5.218553754670076472e+01
-1.904448362999119126e+01
-9.250083032785396142e+01
-1.415888278386149146e+01
-3.787826819641300347e+01
-3.256888691171593564e+01
-1.162820848788110339e+01
-2.750850172821113659e+00
-4.472805259161808777e+01
-4.265294786901740309e+01
-5.984665620135533715e+00
-3.316916972865115554e+01
-5.682929281728588577e+00
-2.199972559768492530e+01
-1.384441770186834830e+01
-3.036511475671527904e+01
-3.332685573224075881e+01
-1.700551079923371489e+01
-2.789137268928712388e+00
-1.208079946119939585e+01
-2.467231922298778191e+00
-1.729038302430289420e+01
-1.691866883292094315e+01
-2.806067395381909790e+01
-4.941539738271579552e+00
-2.389627129344374978e+01
-7.150160631750701157e+00
-3.530928834620088708e+01
-3.036511475671527904e+01
-5.620963998293991892e+01
-1.999764327405102193e+01
-1.325289988528959384e+01
-8.678799380820322540e+00
-2.389627129344374978e+01
-2.010109808419417021e+01
-1.388109479413504133e+01
-3.057743994632030748e+01
-5.566179508042764290e+00
-7.517330839466932701e+00
-2.583437518995910231e+00
-8.913924679879166035e+00
-2.180415282877002170e+01
-3.754798934163975588e+00
-7.910846909509150748e+01
-1.960486037818258964e+01
-6.517635874541572605e+01
-7.402689710877370999e+01
-5.019252192929882561e+00
-2.080641636485208323e+01
-4.337451642270812613e+01
-9.429958607020290628e+01
-2.151288289001197640e+01
-2.845953963748374349e+01
-7.517330839466932701e+00
-1.585437469222677009e+01
-1.570836509617332055e+01
-1.620661800910173511e+01
-2.547161646937693291e+01
-1.960486037818258964e+01
-5.178288027916254777e+01
-9.592400885589066206e+01
-7.478799380820321474e+00
-2.571456298808548624e+01
-3.240062118852833351e+01
-5.535854012772684740e+00
-1.488951835055538808e+01
-4.940463868084928833e+01
-7.314313322593241651e+01
-2.750850172821113659e+00
-3.787826819641300347e+01
-1.727895488715990169e+01
-1.044917907502604848e+01
-3.332685573224075881e+01
-2.049388098006260250e+01
-4.333010177914579231e+01
-3.835073907824428829e+01
-4.815282978848732398e+01
-5.084192617708194462e+01
-3.237253904558043871e+01
-2.339376566574999927e+01
-4.787938570056114429e+01
-9.316019475573526165e+01
-1.235330099547157801e+01
-9.234228653849380919e+01
-4.300482901601161245e+01
-7.261190247859202884e+01
-1.670285571511330858e+01
-2.945975884977654857e+01
-7.402689710877370999e+01
-3.768216280464990575e+01
-5.058734583323598599e+01
-9.731388305105438974e+01
-2.309993431069720771e+00
-7.537810563477202663e+01
-1.324497033961045034e+01
-3.332685573224075881e+01
-9.477349158931927775e+01
-2.339376566574999927e+01
-6.878799380820321829e+00
-5.761073070404378882e-01
-2.547161646937693291e+01
-4.762938192792525882e+01
-3.036511475671527904e+01
-1.700653710573830324e+01
-7.556009605028005183e+01
-1.253603156951239939e+01
-5.789388629204503367e+00
-1.354441770186834759e+01
-1.732317949979221794e+01
-3.069167066878909012e+01
-2.083435738009824334e+01
-8.563607258287308355e+01
-3.045874044071034348e+01
-1.409728843525558872e+01
-8.432984893457783926e+01
-3.463580319901726057e+01
-1.906541823069575514e+01
-9.831887602219622124e+01
-4.895727457746509081e+00
-5.308725851060091827e+01
-5.437777444283158346e+00
-2.592949515158464635e+01
-1.289137268928712388e+00
-3.754798934163975588e+00
-8.190798862783222489e+01
-4.274697885741962011e+01
-5.292735420116574829e+00
-3.252743150366900693e+01
-2.166410561961841097e+01
-1.559692265650482845e+01
-3.978871265207071417e+01
-4.787938570056114429e+01
-5.761073070404378882e-01
-4.992633449768273124e+01
-5.030867728621797852e+01
-3.071431053627662422e+01
-7.517330839466932701e+00
-1.347214741938273974e+01
-4.232639195694359557e+01
-3.251294976031900319e+01
-1.123353693072388353e+02
-4.723979008799678070e+01
-7.639243626155432310e+01
-2.993786668821782371e+01
-4.723545575564271104e+01
-2.562949515158464564e+01
-6.019154527611275896e+00
-4.424486611365074396e+01
-9.152195427471522748e+01
-3.192671120911243676e+01
-1.121912852762281432e+01
-8.722940391044666342e+00
-4.297775884171232974e+01
-3.581887516986940057e+01
-9.131283510500070122e+01
-7.367501596177949352e+01
-4.180215636375623234e+01
-1.129673543842926975e+01
-4.726890606297122588e+01
-5.761073070404378882e-01
-5.051537026500812999e+01
-2.395160033498425634e+01
-7.517330839466932701e+00
-3.387563291338549476e+01
-3.484449883929174518e+01
-5.761073070404378882e-01
-1.755239897508608493e+01
-8.234115801777242893e+00
-9.368633568750129825e+01
-1.024768745367737566e+01
-7.449523186863842739e+01
-5.622340788267086609e+00
-4.394895821014085868e+01
-2.802391687874938864e+00
-1.888750285844633225e+00
-1.292464190686503578e+01
-2.898258918326986588e+01
-2.389627129344374978e+01
-4.941539738271579552e+00
-1.341791225807547328e+01
-3.332685573224075881e+01
-1.759889748191231362e+01
-4.643034221083709667e+00
-3.731869208053586817e+01
-2.425160033498425705e+01
-1.384317601414029930e+01
-3.247165379742726543e+01
-5.125780930031790206e+01
-3.740250700035394615e+00
-3.813030666203599139e+01
-1.289868480674482853e+01
-1.759889748191231362e+01
-1.358013931761682969e+01
-7.193346541952401196e+01
-1.804863668109766905e+01
-7.457242093980379138e+01
-9.330715955455832500e+01
-5.535854012772684740e+00
-2.279996433474863693e+01
-2.377006656898510428e+01
-5.211425374077327888e+01
-1.289868480674482853e+01
-7.261190247859202884e+01
-1.146881065593976956e+02
-4.758951028384667836e+01
-3.673139244583482821e+01
-1.129673543842926975e+01
-5.059168675575453733e+01
-6.475945808024241046e+01
-2.997589006233106801e+01
-3.071431053627662422e+01
-1.362393217565360004e+01
-4.232639195694359557e+01
-1.012483027899697241e+01
-1.354441770186834759e+01
-8.051593364425482946e+01
-1.700551079923371489e+01
-7.724413891338560489e+00
-1.789759609413615848e+01
-2.611462150665854764e+01
-3.243117487995481696e+01
-2.339996433474863835e+01
-4.232639195694359557e+01
-2.279996433474863693e+01
-3.008978497980753275e+01
-3.856224891773999275e+01
-1.129673543842926975e+01
-7.517330839466932701e+00
-8.318477469232108490e+01
-2.199972559768492530e+01
-4.643034221083709667e+00
-2.289709492029311377e+01
-7.549096842239293892e+01
-5.271967293521325360e+01
-3.485785373567176748e+01
-5.149503800122957387e+01
-9.597903679665184029e+01
-8.514528589218347321e+00
-5.355608894683610544e+01
-1.114370694670264328e+01
-5.375311519541854821e+00
-4.417319519267961070e+00
-2.279696332141896420e+01
-1.585437469222677009e+01
-1.691866883292094315e+01
-3.530928834620088708e+01
-2.913797669655176747e+01
-5.112627255341729438e+01
-1.778662073031447122e+01
-6.758818330294725740e+01
-1.407490053498928617e+01
-6.758818330294725740e+01
-7.893114578223224953e+01
-3.862262475543037255e+01
-5.535854012772684740e+00
-3.631660211428298624e+01
-3.362685573224075597e+01
-3.186924570820027824e+01
-2.283203889313038104e+01
-1.458947063065041760e+01
-5.160249016281127865e+01
-9.350104260411005441e+01
-1.129673543842926975e+01
-7.402689710877370999e+01
-5.028861029598895271e+01
-5.003249620171254719e+01
-1.285380377693488896e+00
-7.507915355794689383e+00
-4.267466298317278195e+00
-2.652949515158464422e+01
-2.309993431069720771e+00
-9.517573842643304971e+00
-5.019341555348012207e+01
-5.228092722187930264e+01
-5.761073070404378882e-01
-3.189134848747244178e+00
-3.036511475671527904e+01
-1.289137268928712388e+00
-3.839983113734497522e+01
-2.562949515158464564e+01
-1.495662731055042372e+01
-3.510338497242744893e+01
-2.845953963748374349e+01
-2.542355803866228214e+01
-7.402689710877370999e+01
-2.309993431069720771e+00
-2.279996433474863693e+01
-1.759667315665868159e+01
-5.292735420116574829e+00
-4.852610767459279373e+01
-2.309996433474863764e+01
-2.074317347711173909e+01
-2.051920621498299724e+01
-8.678799380820322540e+00
-7.724413891338560489e+00
-7.193346541952401196e+01
-1.585437469222677009e+01
-4.643034221083709667e+00
-3.754798934163975588e+00
-1.114370694670264328e+01
-6.035316089976327625e+00
-9.335039132958016239e+01
-3.316916972865115554e+01
-8.002499669903410506e+01
-6.073794045044618883e+01
-3.332685573224075881e+01
-1.869934899988631472e+01
-5.218553754670076472e+01
-1.196863722481552550e+01
-1.406605184893694727e+01
-3.071431053627662422e+01
-5.164597162015690301e+00
-3.646183281551948596e+01
-2.294174555832299589e+01
-3.754798934163975588e+00
-1.612781878015295689e+01
-8.979646004837961826e+00
-1.960486037818258964e+01
-1.789889748191231433e+01
-3.625346057646997622e+01
-1.285380377693488896e+00
-5.016574666950470629e+01
-1.289137268928712388e+00
-5.170224691792711980e+01
-3.754798934163975588e+00
-2.661085921267012822e+01
-9.941470790029118376e+00
-2.104498284246632878e+01
-5.184436018911562627e+01
-2.435553016222656808e+01
-1.285380377693488896e+00
-8.288380943246599486e+01
-1.354441770186834759e+01
-2.156654578339830053e+01
-4.292938519220300719e+01
-5.160249016281127865e+01
-7.724413891338560489e+00
-1.468243232774191220e+01
-1.691866883292094315e+01
-7.404651274558716523e+01
-2.051920621498299724e+01
-4.780727819652865662e+01
-6.359902301994644347e+00
-3.602071700542684596e+01
-1.383039635207758167e+01
-3.098775462420281457e+01
-3.065464836206258425e+01
-2.395160033498425634e+01
-3.332685573224075881e+01
-2.845953963748374349e+01
-2.309993431069720771e+00
-8.238444055885020489e+00
-1.729038302430289420e+01
-2.279996433474863693e+01
-6.120841722602573753e+00
-2.309993431069720771e+00
-5.841952528506011788e+01
-7.893114578223224953e+01
-1.538632933621188670e+01
-2.162194373770822686e+00
-5.160249016281127865e+01
-2.908644904445475632e+01
-5.155922496540587474e+01
-2.395160033498425634e+01
-2.584117741873236085e+01
-2.573886144472204052e+01
-3.530928834620088708e+01
-1.311141300019727396e+01
-3.049114164048991427e+01
-3.584528637645927773e+01
-1.268427026910183386e+01
-5.292735420116574829e+00
-8.230072530152547472e+01
-3.899810450705675180e+01
-7.193346541952401196e+01
-5.620963998293991892e+01
-7.432812778592710856e+01
-5.188809114771441955e+01
-9.302675018477056312e+01
-2.062482998686024871e+01
-2.058876884834523135e+00
-2.750850172821113659e+00
-3.754798934163975588e+00
-3.071431053627662422e+01
-6.758818330294725740e+01
-1.354441770186834759e+01
-5.160249016281127865e+01
-5.620963998293991892e+01
-9.698732713898057511e+01
-5.761073070404378882e-01
-1.691866883292094315e+01
-3.160015529703862214e+01
-9.941470790029118376e+00
-9.287527563095756022e+01
-3.889625979144121715e+01
-1.289137268928712388e+00
-2.279996433474863693e+01
-3.787826819641300347e+01
-2.934349375833181739e+01
-4.337451642270812613e+01
-9.386659097189124168e+01
-7.334846004970567890e+01
-2.377006656898510428e+01
-1.999764327405102193e+01
-3.488037894405992745e+01
-5.773846257829605477e+00
-2.279996433474863693e+01
-1.114370694670264328e+01
-1.217883091183791890e+02
-5.814298361048555464e+00
-1.620661800910173511e+01
-5.620963998293991892e+01
-8.374100238840908617e+01
-5.246948433856577765e+01
-4.473607468331307757e+01
-1.324452080484716632e+01
-9.513743959223077695e+01
-1.848606212471572263e+01
-2.327729903826052293e+01
-4.643034221083709667e+00
-5.158636746594670797e+01
-5.375311519541854821e+00
-1.563444818921768587e+01
-2.199972559768492530e+01
-1.320583321003381627e+01
-7.451320559304983249e+01
-4.881121620042367226e+01
-5.983864340216548783e+01
-2.395160033498425634e+01
-1.285380377693488896e+00
-1.845001081942504939e+01
-2.199972559768492530e+01
-1.289868480674482853e+01
-3.545008071839681207e+01
-8.706492619893797524e+00
-2.309993431069720771e+00
-2.377006656898510428e+01
-4.396639288937531376e+01
-1.107129972762833603e+02
-5.292735420116574829e+00
-5.713759976423953724e+00
-5.150134732342537802e+01
-3.883153992840836111e+01
-3.000023534848089213e+01
-1.759889748191231362e+01
-4.232639195694359557e+01
-2.395160033498425634e+01
-3.027367943640707892e+01
-1.285380377693488896e+00
-1.181829837936124150e+01
-2.377006656898510428e+01
-2.817357657305870955e+00
-1.501091866333843683e+01
-4.781576497312610030e+01
-7.893114578223224953e+01
-5.620963998293991892e+01
-5.620963998293991892e+01
-7.549937725685938972e+01
-4.513682527982773962e+01
-1.268427026910183386e+01
-3.754798934163975588e+00
-7.447086114527571965e+00
-1.268427026910183386e+01
-2.074317347711173909e+01
-1.196380922262645043e+02
-4.482720126296623420e+01
-1.283796891227108716e+01
-3.639014054922611052e+01
-2.845953963748374349e+01
-5.003249620171254719e+01
-9.115542417722804203e+01
-4.840094864149311604e+01
-3.135021224098672477e+01
-1.439285063911381002e+01
-5.620963998293991892e+01
-2.051920621498299724e+01
-2.395160033498425634e+01
-4.881121620042367226e+01
-5.239553395436438166e+01
-5.535854012772684740e+00
-4.881121620042367226e+01
-1.206806598327129976e+01
-8.433048531967610728e+00
-1.585437469222677009e+01
-1.133234846775407689e+01
-4.788258787797499139e+01
-7.193346541952401196e+01
-1.289137268928712388e+00
-3.839983113734497522e+01
-7.334846004970567890e+01
-9.836642640163374551e+01
-9.941470790029118376e+00
-3.332685573224075881e+01
-2.389627129344374978e+01
-6.514422720466164662e+01
-3.071431053627662422e+01
-9.941470790029118376e+00
-4.881121620042367226e+01
-6.614908607124118767e+00
-4.391514700378237102e+00
-4.941539738271579552e+00
-7.724413891338560489e+00
-8.433048531967610728e+00
-1.317212889467101178e+01
-1.320583321003381627e+01
-9.197274589422468694e+01
-6.878799380820321829e+00
-5.217103583708795611e+01
-6.474430989084767418e+01
-4.500951877123927147e+01
-1.285380377693488896e+00
-1.502760861519205982e+01
-7.820028964829363360e+01
-1.182846500880767593e+02
-1.700551079923371489e+01
-3.237253904558043871e+01
-1.355695226415139487e+01
-1.645272165519068608e+01
-3.217210553260447625e+01
-7.893114578223224953e+01
-3.659209809046218709e+01
-2.885273965471788493e+00
-2.383416918063273116e+01
-1.831843433522156417e+01
-9.924108938089043264e+00
-1.759889748191231362e+01
-1.759889748191231362e+01
-5.308038741153295348e+01
-4.232639195694359557e+01
-4.916478309009895575e+00
-3.009231919785280951e+01
-3.237253904558043871e+01
-3.510338497242744893e+01
-5.003249620171254719e+01
-8.433048531967610728e+00
-7.369287115449506587e+01
-3.323293485740768460e+01
-1.821000428791031212e+01
-4.941539738271579552e+00
-1.285380377693488896e+00
-2.545160033498425634e+01
-3.510338497242744893e+01
-5.692139808925067967e+01
-5.119380732407614687e+01
-5.051537026500812999e+01
-3.071431053627662422e+01
-3.580702752474828543e+01
-7.393015162180398647e+01
-4.643034221083709667e+00
-2.389627129344374978e+01
-2.894205135115475258e+01
-2.395160033498425634e+01
-1.616303552482357020e+01
-2.279996433474863693e+01
-4.371225200151646106e+01
-4.709935884793285510e+00
-4.837562340657272131e+01
-1.700551079923371489e+01
-7.724413891338560489e+00
-2.416971538136993303e+01
-1.289868480674482853e+01
-2.395160033498425634e+01
-5.184436018911562627e+01
-1.719211292084712639e+01
-8.234115801777242893e+00
-3.856224891773999275e+01
-8.433048531967610728e+00
-7.881846681212428507e+01
-1.960486037818258964e+01
-9.019949351781862390e+01
-2.536298218563866502e+00
-3.553754263559437021e+01
-4.787938570056114429e+01
-6.878799380820321829e+00
-7.366786898162582986e+01
-3.844879177412578741e+01
-5.620963998293991892e+01
-5.761073070404378882e-01
-9.300352636482170965e+01
-6.806225212167515792e+01
-4.789524792594156111e+01
-3.844879177412578741e+01
-1.729038302430289420e+01
-1.620661800910173511e+01
-1.388109479413504133e+01
-3.242841909720233673e+01
-4.549066278251081030e+01
-1.888750285844633225e+00
-3.848161555650470689e+01
-6.708903817009320392e+01
-2.845953963748374349e+01
-2.542355803866228214e+01
-2.339996433474863835e+01
-3.264598313350662551e+01
-3.332685573224075881e+01
-2.279996433474863693e+01
-3.520688915685092724e+01
-2.845953963748374349e+01
-3.372592080697781114e+01
-1.283796891227108716e+01
-4.742250484699606261e+01
-1.888750285844633225e+00
-4.742250484699606261e+01
-6.686124833514037391e+01
-5.620963998293991892e+01
-8.698966794386018364e+01
-6.469598508546017968e+01
-2.199972559768492530e+01
-7.163034638830650636e+01
-3.071431053627662422e+01
-8.901473729314503203e+01
-3.458235337839391832e+01
-4.117673130984385921e+01
-2.939335109108014876e+01
-4.293551521028707896e+01
-3.332685573224075881e+01
-4.343558436922563715e+01
-1.496764550736746635e+01
-2.911073923215870352e+01
-4.748717491703509097e+01
-5.878973161068127240e+01
-1.724974389096568217e+01
-1.268427026910183386e+01
-1.960486037818258964e+01
-1.393974016032555951e+01
-1.410384044000376669e+01
-1.202356231848536652e+02
-3.237253904558043871e+01
-7.451320559304983249e+01
-6.695845228995645471e+01
-1.129673543842926975e+01
-4.396639288937531376e+01
-3.754798934163975588e+00
-1.018958964303490333e+01
-2.377006656898510428e+01
-4.643034221083709667e+00
-1.378670576957409022e+00
-1.744023177385291490e+01
-4.794406778792804147e+01
-2.750850172821113659e+00
-4.709935884793285510e+00
-7.724413891338560489e+00
-5.166966433926910440e+01
-3.071431053627662422e+01
-5.761073070404378882e-01
-8.234115801777242893e+00
-3.238740736858422054e+01
-7.451320559304983249e+01
-4.742250484699606261e+01
-2.395160033498425634e+01
-3.160015529703862214e+01
-4.232639195694359557e+01
-4.709935884793285510e+00
-4.232639195694359557e+01
-1.289137268928712388e+00
-5.160249016281127865e+01
-4.232639195694359557e+01
-1.289868480674482853e+01
-5.160249016281127865e+01
-2.389627129344374978e+01
-5.302683462148748816e+01
-1.045495750344592096e+02
-2.597044621451465929e+01
-7.517330839466932701e+00
-8.234115801777242893e+00
-2.162194373770822686e+00
-7.671723572682674686e+00
-2.199972559768492530e+01
-4.709935884793285510e+00
-7.178799380820321652e+00
-4.250907380249588385e+01
-2.309993431069720771e+00
-2.156855314035646565e+00
-6.878799380820321829e+00
-9.123511509080670123e+01
-3.545008071839681207e+01
-7.451320559304983249e+01
-6.525699210665098349e+01
-3.316916972865115554e+01
-9.698732713898057511e+01
-5.292735420116574829e+00
-3.575741763152844044e+01
-1.114370694670264328e+01
-1.354441770186834759e+01
-5.761073070404378882e-01
-1.999764327405102193e+01
-7.724413891338560489e+00
-3.332685573224075881e+01
-7.193346541952401196e+01
-3.530928834620088708e+01
-3.553358343682209863e+01
-1.114370694670264328e+01
-2.199972559768492530e+01
-2.395160033498425634e+01
-1.598180918409950735e+01
-1.889137268928712476e+00
-7.451320559304983249e+01
-1.129673543842926975e+01
-4.643034221083709667e+00
-1.520921996331919246e+01
-3.002793152620384731e+01
-9.941470790029118376e+00
-3.089137268928712210e+00
-8.696075308962935679e+00
-2.378611371723764734e+01
-2.302940482775304787e+01
-3.024294260747303120e+00
-9.109319475782726272e+01
-3.844097916611465848e+01
-6.525699210665098349e+01
-1.700551079923371489e+01
-3.008978497980753275e+01
-3.249583128256130493e+01
-1.317018393992942649e+01
-3.778796780708545100e+01
-1.669768907596523988e+01
-2.279996433474863693e+01
-1.585437469222677009e+01
-2.309993431069720771e+00
-3.530928834620088708e+01
-8.237084858213070504e+01
-1.355695226415139487e+01
-5.051537026500812999e+01
-3.530928834620088708e+01
-1.355695226415139487e+01
-4.742250484699606261e+01
-3.856224891773999275e+01
-5.292735420116574829e+00
-2.080472384274762732e+01
-3.036322906773372665e+01
-7.381362910888026363e+01
-4.799530139065659284e+01
-3.580843811048994496e+01
-9.079501930690844347e+01
-1.691866883292094315e+01
-3.831267635131287363e+01
-1.585437469222677009e+01
-1.779815885898609906e+01
-1.114370694670264328e+01
-3.530928834620088708e+01
-4.787938570056114429e+01
-1.335953185320306602e+01
-4.797943131667787497e+01
-3.160015529703862214e+01
-5.693794279774152756e+01
-1.759889748191231362e+01
-7.498123961007473781e+01
-3.316916972865115554e+01
-4.232639195694359557e+01
-7.968560813355565209e+00
-7.897580562173848762e+01
-8.234115801777242893e+00
-1.553818210361128571e+01
-4.787938570056114429e+01
-4.337451642270812613e+01
-5.620963998293991892e+01
-9.383419729630567474e+01
-8.105188407942712558e+01
-5.160249016281127865e+01
-2.304139189013244504e+01
-1.513340382325735689e+01
-5.051537026500812999e+01
-3.421215183981563257e+01
-9.237047690276506273e+01
-2.290997046525141911e+01
-4.295756002541781982e+01
-4.881121620042367226e+01
-4.216592794840381231e+01
-2.474333209677058321e+01
-4.305469477174538895e+01
-8.103183576497382035e+01
-8.234115801777242893e+00
-6.758818330294725740e+01
-8.035120240373851175e+01
-9.941470790029118376e+00
-1.311141300019727396e+01
-2.279104329876877344e+01
-4.815282978848732398e+01
-3.555866858366113092e+01
-1.503468145345496687e+01
-8.755678742709216422e+00
-8.099227543220956704e+01
-3.856224891773999275e+01
-9.941470790029118376e+00
-7.517330839466932701e+00
-4.881121620042367226e+01
-4.742250484699606261e+01
-3.860001169126041276e+01
-4.062984313399148562e+01
-6.525699210665098349e+01
-1.021756409364719609e+01
-3.008978497980753275e+01
-1.999764327405102193e+01
-8.433048531967610728e+00
-3.754798934163975588e+00
-1.285380377693488896e+00
-6.573297659676489957e+01
-3.008978497980753275e+01
-2.279996433474863693e+01
-4.384513376373570281e+01
-3.583085128713287304e+01
-4.742250484699606261e+01
-4.232639195694359557e+01
-2.389627129344374978e+01
-5.292735420116574829e+00
-3.787826819641300347e+01
-3.545008071839681207e+01
-6.525699210665098349e+01
-2.542355803866228214e+01
-1.888750285844633225e+00
-3.555127131473683733e+01
-7.503456643700268103e+01
-1.620661800910173511e+01
-8.234115801777242893e+00
-2.199972559768492530e+01
-2.199972559768492530e+01
-5.138731877296658013e+01
-4.500951877123927147e+01
-3.899567994997816101e+01
-1.611715648984775484e+01
-1.718933372467713028e+01
-2.894205135115475258e+01
-2.389627129344374978e+01
-2.433881553213555904e+01
-6.878799380820321829e+00
-3.008978497980753275e+01
-3.237253904558043871e+01
-2.750850172821113659e+00
-2.339712616058949735e+01
-8.996648602341505807e+01
-3.036511475671527904e+01
-3.332685573224075881e+01
-3.754798934163975588e+00
-1.354441770186834759e+01
-5.868076211269727338e+00
-2.395160033498425634e+01
-8.433048531967610728e+00
-1.960486037818258964e+01
-6.878799380820321829e+00
-6.758818330294725740e+01
-2.309993431069720771e+00
-1.355695226415139487e+01
-5.160249016281127865e+01
-3.160015529703862214e+01
-2.051920621498299724e+01
-2.431763629715674568e+01
-1.178097642204517825e+01
-2.569700212658846894e+01
-3.297738348673489472e+00
-5.160249016281127865e+01
-1.593264423241933869e+01
-7.193346541952401196e+01
-2.274965216301674076e+01
-4.881121620042367226e+01
-9.237176935783945453e+01
-1.700551079923371489e+01
-2.547161646937693291e+01
-5.051537026500812999e+01
-1.759889748191231362e+01
-3.839983113734497522e+01
-4.881121620042367226e+01
-2.377006656898510428e+01
-1.188901625956425434e+01
-9.206884245056761529e+01
-5.138878051921000178e+01
-4.363261560523883986e+01
-7.321430483661700350e+01
-8.482412684261740665e+00
-2.893238354474613416e+01
-3.036511475671527904e+01
-5.620963998293991892e+01
-2.588780892593720573e+00
-3.892139407827694697e+01
-9.473121540180468259e+00
-3.024294260747303120e+00
-4.356294004274093368e+01
-4.941539738271579552e+00
-3.847593422950708941e+01
-2.279996433474863693e+01
-1.126708906950703977e+02
-8.433048531967610728e+00
-6.878799380820321829e+00
-3.545008071839681207e+01
-5.761073070404378882e-01
-1.515123570586055379e+01
-2.395160033498425634e+01
-3.332685573224075881e+01
-9.249928095725533694e+01
-9.158384752370243120e+01
-8.044180867543541069e+01
-7.517330839466932701e+00
-3.545008071839681207e+01
-3.754798934163975588e+00
-2.514657308021723026e+01
-5.620963998293991892e+01
-2.624389030244084253e+01
-6.878799380820321829e+00
-2.390811322079412093e+01
-2.279104329876877344e+01
-3.454826899130440410e+01
-4.742250484699606261e+01
-3.002073322922114329e+01
-5.620963998293991892e+01
-1.488951835055538808e+01
-5.051537026500812999e+01
-3.332685573224075881e+01
-1.070024542353604744e+02
-4.389607936364010499e+01
-4.028243022090161496e+00
-3.459695956360386759e+01
-2.279996433474863693e+01
-4.726082601280985784e+01
-4.525656482987062645e+01
-7.893114578223224953e+01
-3.775530837650663329e+01
-1.355695226415139487e+01
-2.219871884043396904e+01
-5.160249016281127865e+01
-3.111140200002799716e+01
-3.306079508977971670e+01
-5.051537026500812999e+01
-1.298862445379295316e+01
-3.036511475671527904e+01
-5.051537026500812999e+01
-6.744757793850497762e+01
-1.129673543842926975e+01
-3.510338497242744893e+01
-3.332685573224075881e+01
-4.840094864149311604e+01
-4.725003550069587277e+01
-7.517330839466932701e+00
-2.634496958256359633e+01
-3.985390607747832803e+01
-4.643034221083709667e+00
-1.388475503279380163e+01
-3.468812245471129074e+01
-7.724413891338560489e+00
-2.289928028092904100e+01
-2.547161646937693291e+01
-1.862511477584855157e+01
-3.118356133151228704e+01
-5.172789628921796634e+01
-2.542355803866228214e+01
-1.759889748191231362e+01
-2.229972559768492602e+01
-1.987830446610877999e+01
-1.570836509617332055e+01
-4.232639195694359557e+01
-8.345053645415607946e+01
-1.888750285844633225e+00
-6.878799380820321829e+00
-5.023738747713364461e+01
-5.003249620171254719e+01
-1.114370694670264328e+01
-1.585437469222677009e+01
-9.698732713898057511e+01
-1.780925050028555390e+01
-4.881121620042367226e+01
-1.285380377693488896e+00
-1.129673543842926975e+01
-5.051537026500812999e+01
-5.620963998293991892e+01
-3.529561909098800498e+01
-7.356624497989307088e+01
-8.433048531967610728e+00
-8.790421970820105457e+00
-7.193346541952401196e+01
-1.129673543842926975e+01
-7.484810515056095426e+01
-2.377006656898510428e+01
-5.292735420116574829e+00
-4.881121620042367226e+01
-4.787938570056114429e+01
-3.008978497980753275e+01
-1.289137268928712388e+00
-5.620963998293991892e+01
-2.845953963748374349e+01
-4.881121620042367226e+01
-1.620661800910173511e+01
-1.135649766065806716e+02
-5.620963998293991892e+01
-1.839622919028093762e+01
-3.510338497242744893e+01
-8.190798862783222489e+01
-2.389627129344374978e+01
-3.340958186800628482e+01
-1.960486037818258964e+01
-3.872223586205197421e+01
-1.756382711222908100e+01
-2.162194373770822686e+00
-2.199972559768492530e+01
-1.541304719256925182e+01
-5.218553754670076472e+01
-7.451320559304983249e+01
-7.451320559304983249e+01
-2.389627129344374978e+01
-1.570836509617332055e+01
-4.027879100347329988e+00
-3.229820799292008360e+01
-4.403770819205038123e+01
-5.620963998293991892e+01
-3.530928834620088708e+01
-5.535854012772684740e+00
-1.129673543842926975e+01
-1.987830446610877999e+01
-1.358349911533181498e+01
-6.102734381307177713e+00
-2.026695169215000902e+01
-8.327218667127416651e+00
-8.299372905890596996e+01
-3.754798934163975588e+00
-1.692657376942666048e+01
-5.566179508042764290e+00
-1.795586640353590013e+01
-1.376233866433067021e+01
-4.749447725615574001e+01
-5.490732905250126805e+01
-2.895001910847554782e+01
-3.545008071839681207e+01
-2.459039883276366467e+01
-7.970492895529263322e+00
-1.123684974054574468e+02
-9.941470790029118376e+00
-7.893114578223224953e+01
-3.160015529703862214e+01
-3.584891517548818030e+01
-1.035048147548139497e+01
-3.006800710598962922e+01
-9.698732713898057511e+01
-7.487107681681737859e+01
-6.366555257915190502e+00
-5.292735420116574829e+00
-2.309993431069720771e+00
-5.761073070404378882e-01
-2.123823753907995737e+01
-3.342744041624730755e+01
-2.336060602197680325e+01
-1.128886779945957741e+01
-5.620963998293991892e+01
-5.535854012772684740e+00
-3.404007774760929195e+00
-4.396639288937531376e+01
-1.999764327405102193e+01
-7.193346541952401196e+01
-1.289137268928712388e+00
-2.377006656898510428e+01
-6.515341448077145969e+01
-9.941470790029118376e+00
-1.094719903920921666e+01
-2.723923565025532412e+01
-1.047070641095941745e+01
-3.530928834620088708e+01
-8.433048531967610728e+00
-1.744023177385291490e+01
-7.525873579611055675e+01
-6.526035732231903808e+01
-9.941470790029118376e+00
-7.586492394960330898e+01
-1.533499230699283844e+00
-6.122019689060772762e+00
-1.704081045787560811e+01
-9.941470790029118376e+00
-3.754798934163975588e+00
-4.709935884793285510e+00
-1.063219802240136715e+02
-2.389627129344374978e+01
-2.845953963748374349e+01
-3.008978497980753275e+01
-2.130386897560180159e+01
-5.055405914264451184e+01
-3.316916972865115554e+01
-5.160249016281127865e+01
-1.759889748191231362e+01
-1.150110809994996828e+02
-4.799268699953817219e+00
-5.531914060544772305e+00
-3.332685573224075881e+01
-3.292311511694464343e+01
-2.395160033498425634e+01
-7.517330839466932701e+00
-5.143681984741941449e+01
-6.567113206207812937e+01
-3.911467607250663292e+01
-9.324649972643524620e+01
-1.570836509617332055e+01
-3.244688066059867992e+01
-1.417082035150597541e+01
-1.317212889467101178e+01
-9.698732713898057511e+01
-3.754798934163975588e+00
-5.160249016281127865e+01
-3.160015529703862214e+01
-3.754798934163975588e+00
-4.542853230508569595e+01
-4.500951877123927147e+01
-2.845953963748374349e+01
-1.700551079923371489e+01
-1.700551079923371489e+01
-3.537682906035363573e+01
-3.597164365932878383e+01
-2.309993431069720771e+00
-1.570836509617332055e+01
-5.761073070404378882e-01
-2.895351278960242070e+01
-5.003249620171254719e+01
-9.698732713898057511e+01
-6.534049482507631978e+01
-1.488951835055538808e+01
-7.451320559304983249e+01
-3.944295701920893293e+01
-1.888750285844633225e+00
-3.332685573224075881e+01
-1.129673543842926975e+01
-2.750850172821113659e+00
-2.998854244868661567e+01
-1.114370694670264328e+01
-5.832092686490518929e+01
-2.389627129344374978e+01
-7.193346541952401196e+01
-1.152833324101471959e+02
-1.888750285844633225e+00
-3.008978497980753275e+01
-2.569700212658846894e+01
-1.130112161250387999e+02
-7.334846004970567890e+01
-1.145984067481449102e+02
-1.440383137911037892e+01
-2.279996433474863693e+01
-7.193346541952401196e+01
-5.218553754670076472e+01
-3.242870333147587303e+01
-5.535854012772684740e+00
-1.295771435702802066e+01
-3.631930229914074459e+01
-1.759889748191231362e+01
-9.941470790029118376e+00
-5.761872002050141717e+00
-4.384565761117942628e+01
-1.283381753507548417e+01
-9.698732713898057511e+01
-3.238740736858422054e+01
-3.608238098785824377e+01
-4.770641914494780167e+01
-1.638057875667684726e+01
-3.547801478820545640e+01
-7.150160631750701157e+00
-3.071431053627662422e+01
-3.332685573224075881e+01
-7.193346541952401196e+01
-2.051920621498299724e+01
-4.742250484699606261e+01
-6.765377974084550772e+01
-4.448795583030728551e+01
-2.959952150039997676e+01
-3.160015529703862214e+01
-1.620661800910173511e+01
-8.433048531967610728e+00
-9.941470790029118376e+00
-1.399246115844957927e+01
-2.199972559768492530e+01
-7.689926533647165741e+01
-2.585631833271301971e+01
-4.506016924108006094e+01
-8.078799380820321119e+00
-3.071431053627662422e+01
-5.653619589501372644e+01
-4.643034221083709667e+00
-8.433048531967610728e+00
-5.535854012772684740e+00
-4.371682032294844333e+01
-7.178799380820321652e+00
-4.379169703952889847e+01
-1.648006209702792546e+01
-1.759889748191231362e+01
-3.795149698728423449e+00
-9.989892181402318272e+00
-5.463102679203549528e+00
-2.395160033498425634e+01
-9.941470790029118376e+00
-1.295771435702802066e+01
-1.570836509617332055e+01
-8.678799380820322540e+00
-5.292735420116574829e+00
-5.761073070404378882e-01
-3.889714847525107899e+01
-2.983317935020395950e+01
-3.754798934163975588e+00
-1.759889748191231362e+01
-5.216629420772316905e+01
-1.691866883292094315e+01
-1.160883421998094711e+01
-1.729038302430289420e+01
-3.543739584612866622e+01
-1.692799662128541982e+01
-4.696692517709070103e+01
-1.165789739785812529e+01
-1.127421600361723932e+02
-1.729038302430289420e+01
-5.126295620411551113e+01
-1.141370229018153708e+02
-3.871493239895332295e+01
-3.003155302985869213e+01
-3.649662747410042130e+01
-2.098220210109376183e+01
-8.219276430273076528e+01
-2.404351065691129818e+01
-4.881121620042367226e+01
-5.228798318441133830e+01
-3.240227569158770393e+01
-3.192671120911243676e+01
-4.278083397253278264e+01
-2.309993431069720771e+00
-1.355695226415139487e+01
-5.184436018911562627e+01
-1.289137268928712388e+00
-3.220387143157043397e+01
-4.709935884793285510e+00
-9.513976844439788749e+00
-7.800327950056517246e+00
-1.355695226415139487e+01
-7.402689710877370999e+01
-1.702695027288029905e+01
-1.355695226415139487e+01
-4.709935884793285510e+00
-1.888750285844633225e+00
-7.258657724367164121e+01
-1.354441770186834759e+01
-8.678799380820322540e+00
-4.941539738271579552e+00
-2.389627129344374978e+01
-9.941470790029118376e+00
-1.691866883292094315e+01
-1.414441770186834901e+01
-4.493763708055670492e+01
-5.761073070404378882e-01
-1.700551079923371489e+01
-1.606680930602929891e+01
-6.233455470240480167e+01
-6.525699210665098349e+01
-2.744469291976082559e+01
-3.536875581594647855e+01
-1.289137268928712388e+00
-4.787938570056114429e+01
-3.468812245471129074e+01
-3.071431053627662422e+01
-1.358349911533181498e+01
-7.724413891338560489e+00
-1.744302534397076698e+01
-9.342737276153141579e+01
-8.250878311100750295e+01
-1.488951835055538808e+01
-3.417557509258545423e+01
-7.478664968097602639e+01
-4.438392827866493207e+01
-4.148943148311251150e+01
-1.987830446610877999e+01
-3.933661555713168667e+01
-2.344038644471942234e+01
-8.252965799207733255e+01
-1.660650761639249140e+01
-1.488951835055538808e+01
-9.941470790029118376e+00
-2.300765630080586988e+01
-1.620661800910173511e+01
-8.507559889703433242e+00
-1.585437469222677009e+01
-2.395160033498425634e+01
-9.943790232768274961e+01
-5.319240799072129278e+01
-1.545879252974631335e+01
-2.489288418105372358e+01
-8.581848503053539190e+00
-1.488951835055538808e+01
-9.216057566936152057e+01
-2.455160033498425776e+01
-2.344226130707395228e+01
-3.825126601314028818e+01
-1.289137268928712388e+00
-3.036511475671527904e+01
-7.532694322879544302e+01
-5.687069941332294043e+00
-1.068370232215627880e+01
-4.787938570056114429e+01
-3.756233022340023808e+01
-4.414089366655640845e+01
-1.797795875882254890e+01
-2.116954920097852266e+01
-1.502760861519205982e+01
-8.234115801777242893e+00
-1.960486037818258964e+01
-5.356153481934844507e+01
-1.289868480674482853e+01
-3.754798934163975588e+00
-1.577131411010858386e+01
-4.507543148641620867e+00
-4.809440663338229882e+01
-8.954022320121943324e+01
-2.894205135115475258e+01
-2.309993431069720771e+00
-1.620661800910173511e+01
-1.432813593884656989e+01
-5.160974504498986093e+00
-2.079247192666186095e+01
-6.641758781223335006e+01
-3.240227569158770393e+01
-2.233213983257082091e+01
-1.999764327405102193e+01
-7.517330839466932701e+00
-3.071431053627662422e+01
-1.472146348729995502e+01
-3.332685573224075881e+01
-3.844879177412578741e+01
-9.386177528248913404e+01
-5.761073070404378882e-01
-3.510338497242744893e+01
-3.545008071839681207e+01
-3.754798934163975588e+00
-1.759889748191231362e+01
-7.724413891338560489e+00
-1.620661800910173511e+01
-5.761073070404378882e-01
-3.316916972865115554e+01
-4.742250484699606261e+01
-2.130386897560180159e+01
-6.077156324424223044e+00
-9.157020066771538325e+01
-3.332685573224075881e+01
-6.362783721764441225e+01
-4.881121620042367226e+01
-1.960486037818258964e+01
-5.184436018911562627e+01
-1.355695226415139487e+01
-5.228092722187930264e+01
-3.508392933694479154e+01
-2.542355803866228214e+01
-1.030338396588013836e+02
-2.424134853983075377e+00
-1.273549308795709578e+01
-3.382228155279878479e+01
-4.705903736309250007e+01
-3.795169140651609752e+01
-2.279996433474863693e+01
-1.285380377693488896e+00
-3.725561786511108409e+01
-3.422551430629457059e+01
-8.208253447143633252e+01
-2.199972559768492530e+01
-2.845953963748374349e+01
-9.941470790029118376e+00
-1.987830446610877999e+01
-3.008978497980753275e+01
-1.888750285844633225e+00
-4.709935884793285510e+00
-7.193346541952401196e+01
-5.213464273536454385e+01
-3.602617713964913548e+01
-3.754798934163975588e+00
-3.387533143268117897e+01
-1.113077700752317298e+02
-1.964778370273593211e+01
-2.309993431069720771e+00
-8.291271115234509637e+01
-1.759889748191231362e+01
-1.514563244483176518e+01
-1.636438011390216118e+01
-3.008978497980753275e+01
-8.433048531967610728e+00
-1.358349911533181498e+01
-9.476803350660875935e+01
-7.615975554040669238e+01
-2.389627129344374978e+01
-7.435193887057940287e+01
-9.177405090984963820e+00
-1.355695226415139487e+01
-3.545008071839681207e+01
-1.289137268928712388e+00
-2.869730363313154786e+00
-5.535854012772684740e+00
-2.015174855403496679e+01
-2.894205135115475258e+01
-1.268427026910183386e+01
-6.758818330294725740e+01
-2.750850172821113659e+00
-2.542355803866228214e+01
-1.758667881235852803e+01
-8.433048531967610728e+00
-2.389627129344374978e+01
-3.404316899399148610e+01
-4.385249797189911902e+01
-1.935926137256582180e+01
-3.237253904558043871e+01
-3.575735491488005380e+01
-3.248060937783850299e+00
-2.395160033498425634e+01
-7.150160631750701157e+00
-4.341752629943901098e+01
-2.377006656898510428e+01
-6.748339455687275290e+01
-2.199972559768492530e+01
-2.377006656898510428e+01
-5.829772195437033844e+00
-4.653088226691755835e+01
-1.485841845364327263e+01
-8.215903029379987288e+00
-2.010590672658772959e+01
-2.555416090027664211e+01
-1.704081045787560811e+01
-1.135402850965890451e+02
-7.602773368487575567e+01
-3.692040302375113470e+01
-3.316916972865115554e+01
-5.193596498027363140e+01
-3.872078214863075374e+01
-1.503441574958990445e+00
-7.150160631750701157e+00
-3.556356017707341266e+01
-1.488951835055538808e+01
-2.279996433474863693e+01
-3.071431053627662422e+01
-1.620661800910173511e+01
-4.399026441087463013e+01
-5.670881153350993031e+01
-1.637755939352148005e+01
-3.487071244864439024e+01
-1.370678397005021409e+01
-3.073074093339872448e+01
-7.091562513678146829e+00
-5.620963998293991892e+01
-5.982819783109015077e+01
-6.646260165822873489e+01
-1.595719733786159367e+01
-1.960486037818258964e+01
-8.234115801777242893e+00
-5.293825948861825736e+01
-1.614266010374445059e+01
-2.354053702298649853e+01
-3.404316899399148610e+01
-2.096464073791188198e+01
-2.845953963748374349e+01
-3.370740388113593156e+01
-5.184436018911562627e+01
-3.008978497980753275e+01
-2.389627129344374978e+01
-5.280954612534331005e+01
-3.794964664127168419e+01
-2.395160033498425634e+01
-1.147490133838686859e+02
-1.028409951018085167e+01
-1.659140394822944486e+01
-1.131548159367293351e+02
-4.118070612452051193e+00
-1.759889748191231362e+01
-9.941470790029118376e+00
-5.218553754670076472e+01
-1.888750285844633225e+00
-4.426700720550224233e+00
-2.982080635995435003e+01
-4.643034221083709667e+00
-7.150160631750701157e+00
-1.562773173493803469e+01
-2.199972559768492530e+01
-8.433048531967610728e+00
-5.695041322018004948e+00
-1.169059512255501154e+01
-4.709935884793285510e+00
-1.746555700877331319e+01
-4.787938570056114429e+01
-2.845953963748374349e+01
-6.783630215595303525e+01
-6.528222280161844537e+01
-4.482249777177365502e+01
-4.643034221083709667e+00
-5.727491444565934842e+01
-8.339146181338062291e+00
-2.845953963748374349e+01
-2.395160033498425634e+01
-2.861405232447471647e+01
-1.289137268928712388e+00
-9.236031523702143886e+01
-3.316916972865115554e+01
-2.015174855403496679e+01
-4.842627387641351078e+01
-6.122460714575579388e+00
-1.741881456730050459e+01
-1.987830446610877999e+01
-3.237253904558043871e+01
-1.569024662219036337e+01
-1.285380377693488896e+00
-7.943762644171258103e+01
-6.526035732231903808e+01
-4.643034221083709667e+00
-5.296054909699314805e+00
-9.247681793249748239e+01
-8.311570640680673705e+01
-7.150160631750701157e+00
-1.618728239628460130e+01
-2.946361429208672078e+01
-4.709935884793285510e+00
-5.218553754670076472e+01
-3.008978497980753275e+01
-3.532021423405100791e+01
-4.359722679134577561e+01
-7.724413891338560489e+00
-5.307092012882253407e+00
-5.761073070404378882e-01
-3.506432154499611897e+01
-1.354441770186834759e+01
-3.577547890394590269e+01
-3.754798934163975588e+00
-1.783727120015526779e+01
-3.063667315565990990e+01
-1.384931826333688143e+01
-7.302870228174923817e+00
-2.168203462810600257e+01
-9.141238689184224597e+01
-4.962932939553635237e+01
-2.290626416778926355e+01
-2.371997406524708474e+00
-2.297185639514692568e+01
-2.278058948083509350e+01
-2.364669872701664133e+01
-1.240597376068004998e+01
-3.316916972865115554e+01
-4.765984124555129853e+01
-5.535854012772684740e+00
-8.433048531967610728e+00
-2.199972559768492530e+01
-6.308760177902517086e+00
-5.220732406601549513e+01
-8.433048531967610728e+00
-5.292735420116574829e+00
-6.341464519197929306e+00
-7.822750032315378022e+00
-9.145943772531782656e+01
-7.334846004970567890e+01
-6.758818330294725740e+01
-1.398455514401104871e+01
-1.162949846713377156e+02
-6.506885447220876983e+01
-1.593219449142522848e+01
-3.604985010075112939e+01
-1.097335124907404520e+02
-8.201746047046518129e+01
-1.729038302430289420e+01
-3.992946935737092673e+01
-3.863959521915919026e+01
-8.018191103575833978e+00
-3.653254942684962003e+01
-3.316916972865115554e+01
-1.999764327405102193e+01
-1.144279875493327658e+01
-3.553325560832963959e+01
-1.323115844495420568e+01
-5.761073070404378882e-01
-6.519149667301372020e+00
-5.686160102947667383e+00
-1.289137268928712388e+00
-6.758818330294725740e+01
-2.431695474483748143e+01
-1.488951835055538808e+01
-2.750850172821113659e+00
-7.268553089526649558e+01
-2.395160033498425634e+01
-2.211527424220465221e+01
-8.169134922737605109e+00
-3.754798934163975588e+00
-3.638988123386783258e+01
-1.285380377693488896e+00
-1.585437469222677009e+01
-2.111391956337337206e+01
-2.845953963748374349e+01
-5.163844867065999722e+01
-3.160015529703862214e+01
-5.003249620171254719e+01
-9.157317709357042190e+01
-3.012258145529674280e+01
-3.286871805435585259e+01
-5.045286467570063849e+01
-2.379972559768492957e+01
-5.292735420116574829e+00
-8.627576561965017987e+00
-5.325935738449936707e+01
-3.771499926393609314e+01
-5.384236688645894731e+01
-9.317947385675664407e+01
-5.218553754670076472e+01
-2.530070625943814377e+01
-3.776833241616165537e+01
-1.900841124825732464e+01
-1.051570860975195956e+02
-5.256824060645664431e+00
-8.234115801777242893e+00
-4.466626276060019052e+01
-1.285380377693488896e+00
-3.245332225119813785e+01
-8.315150393370866766e+01
-4.693985198274069859e+01
-2.309993431069720771e+00
-1.759889748191231362e+01
-1.920284649547398814e+01
-2.375073882945743264e+01
-1.344557298259720390e+01
-2.931876167708581171e+00
-3.296103992703044128e+01
-7.451320559304983249e+01
-7.231889158857364919e+01
-7.724413891338560489e+00
-3.844879177412578741e+01
-6.082742188625063662e+00
-7.451320559304983249e+01
-8.234115801777242893e+00
-9.292300526504722313e+01
-3.791550579323900649e+01
-5.159478762268828689e+01
-5.167232628749382428e+01
-3.942155285598133219e+01
-1.412727133557029724e+01
-4.407498075463952603e+01
-1.889137268928712476e+00
-4.419210687749598776e+01
-9.574917320462320802e+00
-1.801825097559570921e+01
-9.840738376048699365e+01
-3.754798934163975588e+00
-2.896171190847477206e+01
-6.009922831500540852e+00
-2.389627129344374978e+01
-1.035898438215563289e+01
-2.130386897560180159e+01
-3.008978497980753275e+01
-1.268427026910183386e+01
-1.759889748191231362e+01
-2.371997406524708474e+00
-8.106091271254837238e+01
-4.881121620042367226e+01
-4.742250484699606261e+01
-1.122995482892813701e+00
-2.280954569032524404e+01
-2.022422617353161556e+01
-4.941539738271579552e+00
-1.289137268928712388e+00
-1.529778458558279297e+01
-2.279996433474863693e+01
-3.316916972865115554e+01
-4.704475060067720449e+01
-1.165105159997911244e+02
-3.697814042085580866e+01
-4.812303776089446927e+01
-1.759889748191231362e+01
-5.809298100698870648e+00
-8.495513949666240183e-01
-5.062523734351126592e+01
-2.044778278415281392e+01
-5.193596498027363140e+01
-2.098407180354720580e+01
-3.246819057420178467e+01
-1.270885882848836133e+02
-1.646908276987579001e+01
-4.723852871846710855e+01
-3.126876502588075013e+01
-4.729420203219413565e+01
-3.510338497242744893e+01
-3.527592649288237681e+01
-9.251099279582304291e+01
-6.482928927108653738e+01
-9.235554818087207707e+01
-5.761073070404378882e-01
-7.517330839466932701e+00
-1.585437469222677009e+01
-1.960486037818258964e+01
-5.679419986203658510e+01
-1.143135460678004023e+02
-2.429162950991708314e+01
-9.178578735028322555e+00
-1.374539123746834335e+01
-1.818857265211347940e+00
-3.642513250761079746e+01
-4.983379972719471418e+00
-2.406875731373105154e+01
-8.096625760074378064e+00
-6.683946560366595691e+01
-2.685159199243554440e+01
-1.125749946966448505e+02
-1.790837238051422631e+01
-9.262438200417525991e+01
-7.150160631750701157e+00
-8.495513949666240183e-01
-3.844879177412578741e+01
-7.922178794841586580e+01
-5.407261177132118846e+00
-1.750244120864005737e+01
-2.565555269122383208e+01
-7.724413891338560489e+00
-5.051537026500812999e+01
-5.620963998293991892e+01
-5.084847873001380947e+01
-5.051537026500812999e+01
-5.003249620171254719e+01
-1.632566066652061210e+01
-4.391655507945553438e+01
-1.716208020950096014e+01
-1.722689507652564700e+01
-3.796926734142461157e+01
-2.336376837966054509e+01
-2.309993431069720771e+00
-2.230379178134939799e+00
-1.121286576178950298e+02
-1.234535297763368433e+01
-5.292735420116574829e+00
-9.253380795746172893e+00
-5.407261177132118846e+00
-2.935429024470873394e+00
-2.279996433474863693e+01
-3.746873887150783133e+01
-3.864697874269759126e+01
-3.297738348673489472e+00
-2.425160033498425705e+01
-4.750783183808013632e+01
-2.947258805204536003e+01
-1.354441770186834759e+01
-3.036511475671527904e+01
-1.577986368248182103e+01
-1.417440744288786725e+01
-3.844097916611465848e+01
-6.484585516992596865e+01
-5.620963998293991892e+01
-1.289137268928712388e+00
-1.522418350859850733e+01
-1.585437469222677009e+01
-5.003249620171254719e+01
-2.309993431069720771e+00
-6.758818330294725740e+01
-7.471491104183265008e+01
-6.161553339982470590e+01
-8.177125902524481660e+01
-7.405597326910742595e+01
-1.759889748191231362e+01
-6.476901154241133440e+01
-2.281629029680869181e+01
-3.160015529703862214e+01
-2.894205135115475258e+01
-4.983379972719471418e+00
-8.991746881409602210e+00
-7.893114578223224953e+01
-3.008978497980753275e+01
-1.589137268928712432e+00
-9.941470790029118376e+00
-1.068700099308984264e+01
-6.878799380820321829e+00
-7.150160631750701157e+00
-1.289868480674482853e+01
-5.407261177132118846e+00
-6.736108781912663268e+00
-3.160015529703862214e+01
-4.941539738271579552e+00
-7.893114578223224953e+01
-3.608218326761166139e+01
-3.246819057420178467e+01
-4.881121620042367226e+01
-8.051385926387158065e+01
-5.953367604899206356e+00
-3.857794192503516228e+01
-1.430224534398895386e+01
-3.036511475671527904e+01
-4.742250484699606261e+01
-5.160249016281127865e+01
-7.435193887057940287e+01
-7.150160631750701157e+00
-3.318976157283509565e+01
-8.132867017846605506e+01
-7.193346541952401196e+01
-2.199972559768492530e+01
-1.189861874932369368e+01
-3.316916972865115554e+01
-7.487350181151137463e+01
-5.051537026500812999e+01
-1.888750285844633225e+00
-3.316916972865115554e+01
-3.292608647831075785e+01
-1.640656281274708306e+01
-4.881121620042367226e+01
-3.071431053627662422e+01
-1.801791480372711618e+01
-2.274019420309898720e+01
-9.144872410141915964e+01
-2.979425234213707441e+01
-3.194558140130212820e+01
-1.332499593990432629e+01
-7.617527271210094852e+01
-1.585437469222677009e+01
-2.130386897560180159e+01
-5.325506733094021783e+00
-8.433048531967610728e+00
-3.644339395419772387e+01
-4.367640061440183530e+01
-7.150160631750701157e+00
-1.585437469222677009e+01
-2.959063984695319505e+01
-2.132026721334648656e+01
-1.285380377693488896e+00
-9.698732713898057511e+01
-1.615572681594530025e+01
-2.389627129344374978e+01
-1.585437469222677009e+01
-5.160249016281127865e+01
-4.643034221083709667e+00
-3.872223586205197421e+01
-5.390929081714013194e+00
-3.571182436599675381e+00
-2.381054876475940318e+01
-3.127210553260447767e+01
-4.948965325949169625e+01
-1.960486037818258964e+01
-2.547161646937693291e+01
-9.295274590277250581e+01
-2.389627129344374978e+01
-2.562949515158464564e+01
-3.008978497980753275e+01
-1.729038302430289420e+01
-7.512279430856052898e+01
-2.395160033498425634e+01
-3.727237477952824918e+01
-2.199972559768492530e+01
-1.999764327405102193e+01
-3.160015529703862214e+01
-1.166755500714173799e+01
-4.352480123882492080e+01
-4.512651154160785438e+01
-5.051537026500812999e+01
-9.093077970368412366e+01
-1.912622076180396036e+01
-2.199972559768492530e+01
-5.620963998293991892e+01
-6.815048071542619823e+01
-3.272413113753094294e+00
-4.953335106885835160e+01
-9.366531827571823499e+01
-5.053417084369401380e+01
-8.433048531967610728e+00
-6.878799380820321829e+00
-7.150160631750701157e+00
-1.098602968028218285e+01
-1.355695226415139487e+01
-1.999764327405102193e+01
-5.797150184205178647e+01
-1.360612595718259854e+01
-9.225786370172204442e+01
-2.377006656898510428e+01
-3.510338497242744893e+01
-1.285380377693488896e+00
-1.991912599314413512e+01
-2.267913541315735060e+01
-1.585437469222677009e+01
-1.383039635207758167e+01
-4.610108780679013307e+01
-3.246984507726105562e+01
-2.395160033498425634e+01
-4.705358001121931366e+00
-1.261942808757574319e+01
-3.036511475671527904e+01
-1.174911036956610531e+02
-3.160015529703862214e+01
-4.371682032294844333e+01
-6.074659372278284231e+00
-3.510338497242744893e+01
-6.525699210665098349e+01
-3.508392933694479154e+01
-1.283619825261342129e+01
-4.384565761117942628e+01
-9.941470790029118376e+00
-4.787938570056114429e+01
-3.564003003943766146e+01
-1.524714847505608439e+01
-9.800268971598544709e+00
-6.754776359440074884e+01
-9.941470790029118376e+00
-4.785026972558677016e+01
-4.384565761117942628e+01
-2.389627129344374978e+01
-1.289868480674482853e+01
-5.382164782295200922e+01
-3.550161384134797515e+01
-5.218553754670076472e+01
-8.956072450411055286e+01
-3.969474246213139423e+01
-6.528222280161844537e+01
-3.297738348673489472e+00
-1.390281680300462952e+01
-6.878799380820321829e+00
-1.856142104161234130e+01
-1.396213379496213918e+02
-2.504979920683285144e+01
-4.787938570056114429e+01
-2.279996433474863693e+01
-3.518632852629470165e+01
-3.036511475671527904e+01
-7.517330839466932701e+00
-5.003249620171254719e+01
-4.730123509537077098e+01
-3.071431053627662422e+01
-4.762981313413399675e+01
-5.051537026500812999e+01
-5.169188785829243216e+01
-2.562949515158464564e+01
-4.396639288937531376e+01
-2.562949515158464564e+01
-4.881121620042367226e+01
-5.051537026500812999e+01
-3.844879177412578741e+01
-2.199972559768492530e+01
-1.379424588724785750e+01
-2.395160033498425634e+01
-3.836034580487944368e+01
-5.160249016281127865e+01
-2.279996433474863693e+01
-1.005019176428332628e+02
-3.933339480722677362e+00
-1.127033417813675271e+02
-5.204529511437858957e+01
-7.193346541952401196e+01
-1.268427026910183386e+01
-3.332685573224075881e+01
-1.750244120864005737e+01
-1.289868480674482853e+01
-2.369996433474863906e+01
-3.593165694080301620e+01
-2.279996433474863693e+01
-3.205652689145097867e+01
-5.761073070404378882e-01
-5.193961790688832281e+01
-8.089091981463403158e+01
-9.183185915510247810e+01
-3.071431053627662422e+01
-5.192629717386505916e+01
-3.846454521616691835e+01
-3.746729119960351539e+01
-3.240062118852833351e+01
-1.306193617439982901e+01
-7.150160631750701157e+00
-1.987830446610877999e+01
-7.790774927393118610e+00
-8.593104579625967077e+00
-3.545008071839681207e+01
-5.761073070404378882e-01
-5.189137945905626736e+01
-1.281121791934985055e+01
-3.160015529703862214e+01
-3.450241254467502472e+01
-3.754798934163975588e+00
-3.160015529703862214e+01
-3.754798934163975588e+00
-7.334846004970567890e+01
-1.354441770186834759e+01
-3.332685573224075881e+01
-3.297738348673489472e+00
-1.268427026910183386e+01
-5.620963998293991892e+01
-5.184436018911562627e+01
-3.008978497980753275e+01
-7.150160631750701157e+00
-1.129673543842926975e+01
-2.395160033498425634e+01
-2.071062771562101545e+01
-1.888750285844633225e+00
-4.787938570056114429e+01
-2.520977636729434757e+00
-2.080138297510285383e+01
-3.454826899130440410e+01
-1.112768397352049909e+01
-1.354441770186834759e+01
-6.758818330294725740e+01
-3.844097916611465848e+01
-3.160015529703862214e+01
-5.160249016281127865e+01
-8.238385184569836373e-01
-2.560221933099128933e+01
-1.019846881695506413e+00
-6.745988048814538729e+01
-4.232639195694359557e+01
-5.218553754670076472e+01
-5.051537026500812999e+01
-3.856224891773999275e+01
-7.970492895529263322e+00
-4.478672515315387415e+01
-2.377826568785741301e+01
-9.405809107975406391e+01
-8.286881338753430271e+01
-4.643034221083709667e+00
-5.938569085179249640e+01
-6.864097294874432009e+01
-7.895736832154698348e+00
-7.875435346659038771e+01
-1.711320236805172712e+01
-5.003249620171254719e+01
-2.199972559768492530e+01
-1.129673543842926975e+01
-5.040244365190637232e+00
-2.370891523865768846e+01
-1.268427026910183386e+01
-1.527612369540637971e+01
-5.620963998293991892e+01
-1.888750285844633225e+00
-7.637262956572695316e+01
-1.644336637383622346e+01
-5.171605737431377747e+01
-5.040244365190637232e+00
-1.285380377693488896e+00
-5.381586744680874723e+00
-2.130386897560180159e+01
-1.568984854335371892e+01
-7.334846004970567890e+01
-1.384441770186834830e+01
-7.193346541952401196e+01
-9.542510786447559568e+00
-5.051537026500812999e+01
-1.888750285844633225e+00
-2.563616424596706622e+01
-3.332685573224075881e+01
-1.598180918409950735e+01
-2.922090313350122415e+01
-2.339996433474863835e+01
-2.984724547655682159e+01
-7.150160631750701157e+00
-1.289868480674482853e+01
-4.737320750453051232e+01
-1.421421750792150007e+01
-1.152070270055801515e+01
-1.354441770186834759e+01
-1.289868480674482853e+01
-1.148002273643905937e+02
-2.137553573974582832e+01
-1.633491776937347240e+01
-3.036511475671527904e+01
-1.285380377693488896e+00
-4.643034221083709667e+00
-5.830238814102981060e+00
-8.619830694421921180e+00
-8.458007239834499202e+00
-1.834182888973260361e+01
-1.399423755042786155e+01
-9.463496433636557015e+00
-9.150876148715869363e+01
-2.547161646937693291e+01
-2.012642331911456850e+01
-2.472815623457546153e+01
-2.377006656898510428e+01
-1.321387722064895165e+01
-1.999764327405102193e+01
-2.562949515158464564e+01
-1.117524477783518222e+02
-5.184436018911562627e+01
-1.640656281274708306e+01
-6.702050141913247217e+01
-3.332685573224075881e+01
-4.643034221083709667e+00
-6.878799380820321829e+00
-2.326105258329513603e+01
-8.801725087619738375e+00
-3.316916972865115554e+01
-7.193346541952401196e+01
-2.971887202690505880e+00
-2.845953963748374349e+01
-9.698732713898057511e+01
-1.321904764214608896e+01
-1.625034896770056747e+01
-3.674404949998457681e+01
-1.019846881695506413e+00
-1.645652958227797669e+01
-3.844097916611465848e+01
-4.696813390186908777e+01
-3.296108189801464050e+01
-9.295673863964788097e+01
-2.199972559768492530e+01
-4.881121620042367226e+01
-9.941470790029118376e+00
-1.527612369540637971e+01
-5.179620968210134180e+01
-5.292735420116574829e+00
-9.255064130034773484e+01
-3.036511475671527904e+01
-6.445781600272830758e+00
-2.377006656898510428e+01
-7.603775519437618868e+01
-1.992675378131869124e+01
-1.316861959197741960e+01
-3.558068358001121112e+01
-7.150160631750701157e+00
-1.640656281274708306e+01
-4.389685720585438133e+01
-5.218553754670076472e+01
-1.759889748191231362e+01
-7.980835484265861623e+01
-4.396639288937531376e+01
-4.982017279365273055e+01
-1.205060995363617415e+01
-2.481319245084906910e+01
-1.582301187125875508e+01
-5.218553754670076472e+01
-2.102176578672254692e+01
-3.246819057420178467e+01
-1.285380377693488896e+00
-9.935453066349131745e+01
-3.160015529703862214e+01
-1.691866883292094315e+01
-1.135541774823403216e+01
-2.020628109423434182e+01
-7.150160631750701157e+00
-7.150160631750701157e+00
-5.292735420116574829e+00
-8.433048531967610728e+00
-2.199972559768492530e+01
-2.404351065691129818e+01
-1.384441770186834830e+01
-4.709935884793285510e+00
-5.761073070404378882e-01
-4.416804978823532224e+01
-1.354441770186834759e+01
-3.754798934163975588e+00
-1.624701467490001505e+01
-3.722909132066902771e+00
-3.332685573224075881e+01
-7.948625806329548027e+01
-1.289137268928712388e+00
-5.218553754670076472e+01
-4.941539738271579552e+00
-9.089882687109225401e+01
-5.292735420116574829e+00
-4.881121620042367226e+01
-3.036511475671527904e+01
-5.193596498027363140e+01
-2.486725403387716327e+01
-1.623572366493792174e+01
-2.199972559768492530e+01
-4.643034221083709667e+00
-3.897035471505775917e+01
-1.890477628834658219e+01
-3.300281064010996346e+01
-1.383039635207758167e+01
-4.832981509038138768e+01
-2.002224063066798010e+01
-2.199972559768492530e+01
-1.285380377693488896e+00
-2.309993431069720771e+00
-1.268427026910183386e+01
-1.368473273638148413e+01
-1.448732428686139428e+01
-2.947051840073220674e+01
-9.941470790029118376e+00
-2.377006656898510428e+01
-8.255927847105581918e+00
-1.729038302430289420e+01
-2.279996433474863693e+01
-4.840094864149311604e+01
-1.999764327405102193e+01
-5.418355228853968697e+01
-2.479736701297838763e+01
-7.877123478102609511e+01
-4.787938570056114429e+01
-8.262658748558560262e+01
-6.477667369776932560e+01
-3.316916972865115554e+01
-4.941539738271579552e+00
-1.021756409364719609e+01
-5.172309043749025648e+01
-9.941470790029118376e+00
-3.071431053627662422e+01
-4.941539738271579552e+00
-1.061337257641536702e+01
-9.941470790029118376e+00
-1.543640652640776345e+01
-9.941470790029118376e+00
-2.377006656898510428e+01
-5.337023317631895480e+01
-7.467660577736081962e+01
-2.256352964259686189e+01
-5.535854012772684740e+00
-1.289137268928712388e+00
-8.387612297373608783e+01
-1.268427026910183386e+01
-1.285380377693488896e+00
-3.844879177412578741e+01
-5.552751696726177855e+00
-1.041745528014298117e+01
-1.585437469222677009e+01
-3.019837284507171660e+01
-1.729038302430289420e+01
-5.761073070404378882e-01
-1.354441770186834759e+01
-5.292735420116574829e+00
-1.129673543842926975e+01
-2.554969546072898368e+01
-1.585437469222677009e+01
-3.754798934163975588e+00
-3.753777954288525365e+01
-1.268427026910183386e+01
-6.504160026316388610e+01
-3.241548951153196612e+01
-2.389627129344374978e+01
-8.713863334018093099e+00
-5.757982297550159956e+01
-5.308909068933744635e+01
-5.157299701691611205e+01
-3.316916972865115554e+01
-6.758818330294725740e+01
-5.160249016281127865e+01
-5.535854012772684740e+00
-3.835142953478801786e+01
-7.369470735543751516e+01
-1.700551079923371489e+01
-3.316916972865115554e+01
-3.008978497980753275e+01
-2.562949515158464564e+01
-3.071431053627662422e+01
-1.354441770186834759e+01
-1.759889748191231362e+01
-1.354441770186834759e+01
-7.724413891338560489e+00
-4.837037883657325210e+01
-1.366083386784780984e+01
-7.565046120655000550e+01
-9.941470790029118376e+00
-1.888750285844633225e+00
-7.107944285502887816e+00
-1.436820612571990097e+01
-7.724413891338560489e+00
-1.488951835055538808e+01
-3.071431053627662422e+01
-2.066813115667334699e+01
-3.809305750366874577e+01
-6.711855411501403523e+01
-3.332685573224075881e+01
-4.876630841976856345e+01
-1.285380377693488896e+00
-7.545329292293934031e+01
-6.370669737957409495e+01
-4.638004088111287615e+01
-2.309993431069720771e+00
-3.960230930588861753e+01
-5.323272247424387160e+01
-2.238822691804273290e+01
-1.354441770186834759e+01
-2.453981397913126017e+01
-8.234115801777242893e+00
-5.761073070404378882e-01
-4.762981313413399675e+01
-4.747621889438472920e+01
-9.265467707759614768e+01
-3.627554771632109976e+01
-2.377006656898510428e+01
-7.697173183077553915e+01
-1.744595984121759358e+01
-3.395367847479170820e+01
-4.961921866828781447e+01
-3.597164365932878383e+01
-5.535854012772684740e+00
-1.285380377693488896e+00
-4.071722042659678742e+00
-3.276014691535520740e+01
-5.535854012772684740e+00
-3.856224891773999275e+01
-5.130600743251866191e+01
-5.030041584772143182e+01
-2.455160033498425776e+01
-1.519171811233922398e+01
-7.554537143922804887e+01
-1.888750285844633225e+00
-4.689576502203624386e+01
-2.096464073791188198e+01
-5.535854012772684740e+00
-4.986685964140630745e+01
-9.941470790029118376e+00
-2.551408765757652475e+01
-6.445431381584350561e+01
-1.620661800910173511e+01
-5.761073070404378882e-01
-1.889137268928712476e+00
-8.096625760074378064e+00
-1.172285989410992002e+01
-1.759889748191231362e+01
-3.754798934163975588e+00
-3.036511475671527904e+01
-1.886037739186544471e+01
-1.620661800910173511e+01
-3.316916972865115554e+01
-3.316916972865115554e+01
-3.839206592517815864e+01
-5.726528342392255411e+01
-3.872223586205197421e+01
-1.144003534828509494e+01
-1.552230145490378810e+01
-1.010847622687966485e+01
-9.402664579799430555e+01
-2.465175314768843862e+01
-5.292735420116574829e+00
-1.283796891227108716e+01
-1.648006209702792546e+01
-6.392723627701232481e+00
-1.352980060499077126e+02
-1.707123765992706410e+01
-1.727895488715990169e+01
-5.879799646113918143e+00
-4.305469477174538895e+01
-2.395160033498425634e+01
-1.285380377693488896e+00
-1.289137268928712388e+00
-8.125178293441306820e+00
-2.425983976294521227e+00
-1.747380371625170170e+01
-8.318358243330467872e+01
-1.380145644706309760e+01
-3.556954897008927219e+01
-6.681034962869155436e+01
-3.610284166163791753e+01
-7.193346541952401196e+01
-3.754798934163975588e+00
-2.350612603877861773e+01
-9.432793191331506932e+01
-2.913596130529142414e+01
-8.452549344750005744e+00
-7.150160631750701157e+00
-1.586732559967932055e+01
-2.389627129344374978e+01
-3.467753412973797111e+01
-1.648684730251581954e+01
-3.245497675425750117e+01
-5.425125143408791040e+00
-3.774075075355728615e+01
-1.888750285844633225e+00
-3.611756724804367025e+01
-4.741014136409030577e+00
-3.754798934163975588e+00
-1.268427026910183386e+01
-1.824797141170077808e+01
-5.743885540618371977e+01
-6.082742188625063662e+00
-2.021886830556166714e+01
-1.472146348729995502e+01
-1.691866883292094315e+01
-2.377006656898510428e+01
-1.569084019777703176e+01
-6.786162739087343709e+01
-6.648517013691714439e+00
-6.264721969155666415e+01
-1.302965130676920325e+01
-7.517330839466932701e+00
-6.070438926914945199e+01
-1.205060995363617415e+01
-8.433048531967610728e+00
-1.289137268928712388e+00
-3.546630983772424628e+01
-1.739364411966715807e+01
-4.916478309009895575e+00
-1.367098423639269456e+01
-5.218553754670076472e+01
-3.240227569158770393e+01
-1.289868480674482853e+01
-1.465072861585614206e+01
-5.189922396936085036e+00
-4.947881441774064371e+01
-6.532891432574581358e+01
-6.878799380820321829e+00
-7.724413891338560489e+00
-9.838343253074347672e+01
-5.234236525962690934e+01
-1.289137268928712388e+00
-1.488762311611623623e+01
-4.643034221083709667e+00
-5.761073070404378882e-01
-8.600260265786420177e+01
-2.350612603877861773e+01
-7.618469650600942167e+00
-3.316916972865115554e+01
-6.758818330294725740e+01
-3.638684301329353588e+01
-4.627253200353019480e+01
-1.114681492413347286e+02
-5.292735420116574829e+00
-5.799108020172629097e+01
-3.316916972865115554e+01
-7.790774927393118610e+00
-3.160015529703862214e+01
-5.181524421414115977e+01
-1.291459213168112186e+01
-5.761073070404378882e-01
-4.812750455356692925e+01
-7.334846004970567890e+01
-3.802772433127076113e+01
-4.643034221083709667e+00
-3.744907917481049964e+01
-3.727237477952824918e+01
-1.033786233718336689e+02
-2.437225578355766586e+01
-3.757192060719209792e+01
-2.386950394082258953e+01
-3.332685573224075881e+01
-3.071431053627662422e+01
-1.642956350065117022e+01
-2.166180892153467852e+01
-1.047070641095941745e+01
-2.106609439083537083e+01
-5.360704223937587898e+01
-5.360704223937587898e+01
-3.856224891773999275e+01
-2.596196373367966359e+01
-7.724413891338560489e+00
-6.693262629858945445e+01
-1.129673543842926975e+01
-1.306218287307089909e+01
-2.914197356015923557e+00
-1.180372805506863756e+02
-3.087042236167174636e+01
-6.462894638104926059e+01
-9.941470790029118376e+00
-9.233190921936559903e+01
-3.316916972865115554e+01
-6.202953285242147530e+01
-1.759405365166788826e+01
-3.502176967506451177e+01
-3.856224891773999275e+01
-2.449267165909042632e+01
-9.103471889928863447e+01
-3.658285370561563354e+01
-4.747169956023000026e+01
-3.641728103427045937e+01
-5.080790240270364677e+01
-3.921747202117838782e+01
-2.547233349996037788e+01
-2.094972267248440190e+01
-3.626100135696106008e+01
-2.058247722105724264e+01
-3.555799815567264943e+01
-3.428373907372868956e+01
-1.872038349190521345e+01
-1.872038349190521345e+01
-1.712020003174097127e+01
-9.277363821504421537e+01
-6.468919804019685671e+01
-3.071431053627662422e+01
-9.349894389032728270e+01
-3.071431053627662422e+01
-6.758818330294725740e+01
-6.482319141096347437e+00
-1.759889748191231362e+01
-4.523960321615069091e+01
-1.890333394190018623e+01
-7.412857414410295576e+01
-1.130602841285645610e+01
-5.184436018911562627e+01
-2.498900296872657023e+01
-1.285380377693488896e+00
-3.754581886745443597e+01
-2.057021033566002544e+01
-2.312988034064939669e+01
-1.129953138349621895e+02
-6.465087469487698968e+01
-2.631942708717728507e+01
-3.844879177412578741e+01
-2.640611436459407457e+01
-8.684588705039648460e+01
-3.681085459974318042e+01
-1.570836509617332055e+01
-2.450269013442617094e+01
-5.761073070404378882e-01
-2.377500154181849723e+01
-5.168268135492952808e+01
-5.130042806356491525e+01
-4.709935884793285510e+00
-1.400836848338586904e+01
-8.353169667577574842e+00
-8.573335609482509767e+01
-2.389627129344374978e+01
-3.782179959082591836e+01
-2.615511742201096723e+01
-2.944706848430522328e+01
-9.941470790029118376e+00
-1.759889748191231362e+01
-7.517330839466932701e+00
-1.510860156542821686e+00
-9.941470790029118376e+00
-1.307485808365744795e+01
-7.671723572682674686e+00
-1.117115810750816536e+02
-2.802949515158464777e+01
-4.941539738271579552e+00
-1.528939799908034125e+01
-3.160015529703862214e+01
-5.171619143564830523e+01
-4.897661558821197758e+01
-2.894745904557503735e+01
-4.787938570056114429e+01
-1.681375155671192800e+01
-6.316291059265953578e+00
-5.920637512566689686e+00
-2.477533618990330755e+00
-7.552441176048358784e+01
-6.765377974084550772e+01
-5.003249620171254719e+01
