-1.012609143617071794e+02
-6.483653491970324012e+01
-1.314077877969356507e+02
-9.062187923539770651e+00
-1.366631888667895964e+02
-1.318386319870968215e+01
-3.029800617124289985e+01
-7.785739148517983210e+01
-6.314328315626537602e+01
-1.258056539849586919e+01
-9.914906853702593992e+01
-2.018427870133600521e+01
-9.756292564711387172e+01
-1.140655665664481120e+02
-6.154759156270579723e+01
-4.552489936715672059e+01
-7.580973331461215992e+01
-4.019758982376161782e+01
-8.411353766933476095e+01
-5.300537640323790356e+01
-7.874833838449247025e+01
-5.789429509547676389e+01
-3.992763331416175276e+01
-6.775783976996720526e+01
-4.477693358100555088e+01
-1.826957062541276144e+01
-1.041070622213687926e+02
-1.262523613380175505e+02
-9.948426031841150063e+01
-2.406732355901236531e+01
-3.561463380568883963e+01
-2.528817188115557357e+01
-1.010762115294092780e+02
-9.808342040804140183e+00
-1.200701386574308174e+02
-1.129397002646240793e+02
-1.678715866361720543e+01
-2.716323089031197213e+01
-3.025447548069399417e+01
-4.175149904689698133e+01
-9.348903968245062757e+00
-1.386119877978583474e+02
-4.257791525847247982e+01
-9.110197337624610370e+00
-1.876951088684293012e+01
-7.994034032850422022e+00
-3.523243553239336734e+01
-4.378964259101172019e+01
-9.666440685409673961e+01
-6.657386146893328771e+01
-2.332667528243599975e+01
-1.143658981432785282e+01
-1.526025054682670259e+02
-1.476081375441062278e+02
-7.198568291125383212e+01
-5.216549607027940993e+01
-6.299277375022487035e+01
-3.566932734593488163e+01
-1.697375174889352323e+01
-1.029289258516156309e+02
-1.233652156557676349e+01
-6.938812609961172484e+01
-8.888453191773203699e+00
-8.286664334843358404e+01
-5.655239916491622409e+01
-3.400742290491889719e+01
-3.556983748731907014e+01
-5.291835599140588897e+01
-8.009272789794913194e+01
-5.844904441149790841e+01
-1.538881209231332292e+01
-1.037530703068684659e+02
-1.155507347668278157e+02
-1.813696356605658266e+01
-6.819009460486689989e+01
-1.895300262900910582e+01
-2.339941914841059400e+01
-5.456548208082746498e+01
-1.749545155190945707e+02
-2.012628084029277176e+00
-4.383277523413944721e+01
-3.058781429963066145e+01
-3.152759556647826145e+01
-2.348210374139632606e+01
-3.054087056945256506e+01
-2.238692533316666555e+01
-2.620337137162831809e+01
-1.586686286070129093e+01
-6.639206565365994095e+01
-5.659743921797398514e+01
-1.486360569533873743e+01
-2.322097004973708323e+01
-4.303243077843356446e+01
-6.208242163845290662e+01
-1.923111374483313796e+01
-1.868225297342609394e+02
-3.076305020626597653e+01
-2.045233872011655762e+01
-4.076897271920677213e+01
-4.838722588734968610e+01
-6.034729827392612833e+01
-3.737037804244021544e+01
-2.252530112198728318e+01
-2.448659417494953772e+01
-7.843812963681097017e+01
-4.279083368622526251e+01
-1.084427830713154428e+01
-1.657380895928537612e+01
-1.373656643546508782e+01
-1.550279543927193515e+02
-7.209373553983544980e+01
-1.864433496291899672e+01
-3.782935064296191285e+01
-1.217002520641626173e+00
-5.710543508273039492e+01
-1.069582984788918907e+02
-1.135386043221377435e+02
-2.540560717600036611e+01
-3.194611931488302758e+01
-1.012052789496949998e+02
-1.654761374919517536e+01
-9.153077017032686058e+01
-8.061907802203593576e+01
-4.209079643432213658e+01
-3.273585787008165227e+01
-5.053224573663752039e+01
-2.312628084029277442e+00
-3.807488238818232418e+01
-2.807858784569026867e+01
-3.698786518164552461e+01
-3.506584565430195255e+01
-8.257871941004582084e+01
-3.516355658203909940e+01
-2.743527213955788113e+01
-1.003701474247403347e+01
-5.961198473342140147e+01
-8.164858489818140441e+00
-1.611109052980226011e+02
-3.456751050885389276e+01
-2.187943943967191984e+01
-1.654304385623227702e+01
-4.671642145681580871e+01
-1.690668515876124900e+01
-1.923035136380689991e+01
-7.189431358558972818e+01
-3.473470324221620587e+01
-1.648399121319555150e+02
-1.149709038625006130e+01
-2.022486335674473779e+01
-1.228291253864879309e+02
-2.025079234085820445e+01
-3.253100926987530528e+01
-4.886222300978894850e+01
-2.505681002486098663e+01
-2.452902476638999119e+01
-8.185228736526358517e+00
-5.258721486399075218e+01
-1.668922793550496664e+01
-1.145603214078267662e+01
-6.180187196832652319e+01
-4.986761084910764197e+01
-7.338148363360427595e+01
-3.958675731330703940e+01
-1.002900478573622678e+01
-1.025113237860250592e+01
-5.413655852859059792e+01
-1.121937768004326017e+02
-1.267192668805126310e+01
-2.643747239086058443e+01
-3.566320323611832066e+01
-1.618617062681059693e+01
-7.179560766039791986e+01
-2.252248359145425738e+01
-2.035861152069175972e+01
-3.503286203701381396e+01
-5.095590866604360514e+01
-2.200313797964489737e+01
-2.314466276859268135e+01
-3.621546117770085971e+01
-2.299567721297263390e+01
-1.735642983153027785e+01
-1.025938257719731617e+01
-1.063447058116618038e+01
-1.333025526246859158e+02
-7.540964530783297093e+00
-2.366550221890010519e+01
-8.347813784943097914e+01
-2.591066575198804500e+01
-4.526593268023008676e+01
-1.530492654412892506e+01
-2.295939677448590288e+01
-1.368265287206485858e+01
-1.629347746306672917e+01
-7.625025477650663674e+01
-1.284533910393704303e+01
-3.213858955185894217e+01
-2.470469426089922749e+01
-1.904118329296846568e+01
-3.750340804578333120e+01
-1.530370333699137930e+01
-3.880637970412750093e+01
-2.100906619318720203e+01
-5.178512106210864374e+01
-1.039729210519907276e+01
-5.570482783216550615e+01
-6.660435092774738663e+00
-3.304761586209053803e+01
-1.124794198072721230e+01
-7.299176403704733751e+00
-9.577240317439258632e+00
-6.660359313042054907e+01
-1.473165164384045909e+02
-1.666023159401919074e+01
-3.362369154831639406e+01
-1.710045902224560166e+01
-1.168868218029981065e+01
-5.158196453985186736e+01
-8.696988963721139498e+01
-4.340161990236347123e+01
-1.319716104383610578e+01
-1.059306456514474633e+02
-3.665803574674805532e+01
-8.107660887836446761e+01
-1.293463582759957475e+01
-1.052734270967362740e+01
-1.763715615625171651e+01
-5.566230687556470258e+01
-3.204326704575883156e+01
-4.850365247289877146e+01
-6.588424235357359748e+01
-2.108152026457389283e+01
-1.460674339011222678e+01
-7.001005842631946585e+00
-7.432746351341184443e+00
-4.934909222313590504e+01
-1.793065014351421382e+01
-5.474707245496756514e+01
-3.765917165035831005e+01
-2.452082707222128732e+01
-1.071938433252623391e+01
-4.880167365634132004e+00
-6.011983884797845690e+01
-3.582756016048308112e+01
-3.435620729004579488e+01
-9.085292537015449810e+00
-6.758995326646547142e+01
-7.363037533475151974e+01
-3.342229407532584418e+01
-3.897521969608413173e+01
-6.856324596739647781e+00
-7.740719528084926360e+00
-1.806937017438825777e+01
-1.941250440471323557e+01
-2.046449410385645606e+01
-1.655098100905111735e+01
-1.116546761604022286e+01
-9.561489240670911727e+01
-6.132931029108374332e+01
-1.860227813219939108e+01
-5.466616374351929153e+01
-7.094110821420130719e+01
-1.116595307804437809e+01
-1.286933187111432275e+01
-1.260147832190504502e+01
-2.210954879693641928e+01
-9.726317636214110962e+01
-2.924384409824058650e+01
-2.180960351849669188e+00
-1.172157614882555698e+01
-1.805964894339392757e+01
-1.352061661980598615e+02
-2.265035186411622092e+01
-7.574087203802449153e+01
-3.148174488943703508e+01
-1.410153291330411207e+01
-2.366081669431902057e+01
-1.060068005568093419e+01
-2.364612916316133706e+01
-2.983335509873122504e+01
-2.234905870139331441e+01
-1.684005310767858532e+01
-4.297178537498042061e+01
-1.087881283567382162e+01
-1.107060190162983204e+01
-5.070578686311727523e+01
-3.116289705856436498e+01
-2.188089529671368538e+01
-5.903836820463033774e+01
-1.096078745847667868e+01
-5.400002662937725262e+01
-1.941194665108147177e+01
-3.276923798615501937e+01
-2.218848698818113263e+01
-1.021395620341364641e+01
-3.153936780978929733e+01
-1.244103761027164410e+02
-5.803719015126717551e+01
-2.114454331819867861e+01
-1.698972792427693790e+01
-7.057505485042774751e+01
-9.412409929199988312e+00
-1.092148103075722254e+01
-2.012628084029277176e+00
-3.658799259329551745e+00
-8.789143650768762939e+01
-5.048259442012328435e+01
-1.338999006189954422e+01
-1.853109169112569887e+01
-2.034180530804745857e+01
-3.760739242190437892e+01
-7.743205830300661674e+00
-8.301370047033577748e+01
-5.287780275100880090e+01
-9.797777326808395415e+00
-2.274602682863371683e+01
-3.060508697920359467e+01
-5.850837299362002852e+01
-4.153181284061132317e+01
-4.086563808351459670e+01
-1.589365647707216311e+01
-1.762881506729047842e+01
-8.511646646808145533e+00
-1.800663518702114274e+01
-1.395384384279644863e+01
-1.571351360834119504e+01
-7.441097930294148455e+00
-1.984889656568045169e+01
-1.564806253503109090e+01
-4.416426738468268809e+01
-3.408905178162549277e+01
-3.758287302676312613e+00
-9.759408009957098784e+00
-1.234674362268642689e+01
-3.860589690704634336e+01
-1.294189277907004509e+01
-1.142874331708267164e+02
-2.567256444105833779e+01
-1.444006889640388991e+01
-7.896272820890554556e+01
-1.395023042292641868e+01
-1.892446965699079087e+01
-9.475567762873367883e+01
-1.910092454652411220e+01
-8.474905380186744708e+01
-2.038358662899402063e+01
-1.978875658064036003e+01
-3.310865824345015795e+01
-4.357333607101141126e+01
-1.260382286585673910e+02
-2.262470162318719957e+01
-8.034487118952061024e+00
-1.171989939180610207e+01
-1.937466645077831018e+01
-1.400000000000000355e+00
-2.566092820953841880e+01
-3.458039104532753072e+01
-1.723588230042889080e+01
-5.515410889222634694e+01
-1.049706684796238676e+02
-7.291673436377671180e+01
-1.160321077524477396e+01
-6.496761277665159184e+01
-1.745164059579964544e+01
-5.338795213149154506e+01
-1.320563970127242293e+01
-5.794147384905755871e+00
-3.930063129945811795e+01
-7.308096445378250650e+00
-4.097743224632839087e+01
-1.427865925525046720e+01
-3.343198290710987663e+01
-2.005039828938878799e+01
-7.777434310081695834e+00
-2.398876085123475121e+01
-1.310603037390617231e+01
-9.140776547328846391e+01
-9.529987969977181450e+00
-1.764069758786925490e+01
-7.719502126344011117e+00
-1.206749747775738086e+02
-1.597192611526394934e+01
-6.835721138424576182e+00
-6.236891727421749465e+01
-2.347942713128738390e+01
-3.763099243219873813e+01
-1.621592796175257689e+01
-1.425768112521244291e+01
-4.943560790478321820e+01
-2.240076926171274607e+01
-6.967674242629328774e+01
-4.657143025781084589e+01
-4.482830753830882031e+01
-3.040162996621481373e+00
-1.889414859830876736e+01
-4.111317123431179965e+01
-3.214120567199017131e+01
-3.040162996621481373e+00
-6.427569226951219150e+01
-1.311707907824369990e+01
-1.273550065557947519e+01
-9.055690961578106624e+01
-3.377529099232418019e+01
-1.506998939331966625e+01
-1.157769654199035436e+01
-3.409475620383455663e+01
-4.538037659234048959e+01
-1.342578295503654040e+01
-1.502381924782100775e+01
-1.714563649359829967e+01
-9.313799133488569026e+00
-1.134214181874068039e+01
-1.086207786935316300e+01
-5.251032204533273529e+01
-5.836580994860314320e+01
-9.820205736791658424e+00
-2.669221704671612017e+01
-2.010460480713656040e+01
-9.257539051618177695e+00
-3.857936320029119770e+01
-2.643248084300367395e+00
-4.357279375743654271e+01
-5.456111016102488520e+01
-7.355028050643039705e+01
-4.649776623693854560e+01
-1.127606495623716576e+01
-3.045021955686273785e+01
-2.289423312123898668e+01
-1.128659941240760389e+01
-4.063040708297402048e+00
-1.639729904034387076e+01
-4.887991040140742705e+00
-2.722864702154481620e+01
-2.416136748019082248e+01
-6.480032400393631065e+01
-2.792636029057422320e+01
-1.753593325982374651e+01
-8.506573655305361115e+01
-1.141644793284212511e+01
-3.039966128339224483e+01
-1.957354412162793267e+01
-1.575795372026601449e+01
-3.824531243220199883e+01
-4.478397389934923467e+01
-2.850221806657369328e+01
-1.972879998685283454e+01
-8.947678438891351504e+00
-1.903668022214912270e+01
-1.079756093970113255e+02
-2.366286966417728621e+01
-1.227178596954676415e+01
-2.167682554541350015e+01
-1.084552825598810166e+01
-2.289084745740238702e+01
-1.623104499011241728e+02
-2.220864778617863067e+01
-1.084696046232196665e+02
-1.188711630746970194e+01
-2.387960459296142801e+01
-1.595317324547713724e+02
-2.578551550476264609e+01
-7.775343426647106426e+00
-1.397423341555820109e+01
-5.999885487215793489e+01
-1.295755821335125013e+01
-1.385377770937057029e+01
-9.476992502287730247e+01
-1.617850548870019622e+01
-5.006255052762439206e+00
-3.166497755384918023e+01
-3.432243487612154809e+01
-1.277170284642163267e+01
-1.418506808941975237e+02
-2.271731954683155053e+01
-4.536364481646576508e+01
-1.187150896024153646e+01
-4.240406418559098611e+00
-5.830216652544786271e+00
-3.722910018100592566e+01
-1.528041379761719298e+01
-2.574731053492126875e+01
-2.666709841468458819e+01
-4.616248463794519807e+01
-2.232955470386544050e+01
-8.104816747450705350e+01
-1.614577198912764970e+02
-2.960539570330950809e+01
-3.216305101751050444e+01
-1.008046508688429270e+02
-6.168551984470145300e+01
-2.022202700048573476e+01
-1.643733165427717680e+01
-7.325673536814479192e+00
-8.089480110118526568e+01
-9.196942306010134871e+01
-1.150394786312482864e+01
-2.331520540130295771e+01
-2.885798666870637774e+01
-2.136110940707568417e+01
-6.332508770145571475e+01
-4.296485825114447010e+01
-3.125152790912117950e+00
-1.334024569877561461e+01
-7.717824742799533055e+01
-4.683907116937945858e+01
-1.034789382860659259e+02
-4.205036067468100214e+01
-2.296120648454181179e+01
-4.338887448399475488e+01
-4.325356363849938646e+01
-8.343603425559412301e+01
-1.800000000000000488e+00
-3.168047942453193144e+01
-8.508011099284377821e+00
-2.071558097665998233e+01
-1.225929043561238529e+01
-8.233472431044926765e+00
-3.372066342209254941e+01
-9.040770817892065381e+00
-8.135335934915975287e+00
-1.075456894416536713e+01
-9.455703795667369960e+00
-1.459526302435935463e+01
-5.377287342126010117e+01
-6.777008708766618383e+01
-2.445868833945334941e+01
-3.608886553986987167e+01
-9.904468081390535872e+01
-3.405119297310898219e+01
-7.631227020850366749e+00
-4.794102201801595697e+01
-1.658345052200675696e+02
-3.910388593728792017e+01
-1.777766067535584682e+01
-1.484814466430422719e+01
-2.915208757197998679e+01
-1.565114459138008485e+01
-1.166690303264793371e+01
-2.355499818106738985e+01
-2.111791318275859197e+01
-7.761914047784959081e+00
-4.882599001517736781e+01
-1.746630348804539423e+01
-1.235801803749858863e+01
-1.896156765979479175e+01
-2.131895572997213151e+01
-1.862247327345620462e+01
-1.086379007904371541e+01
-1.648599901696628933e+01
-2.331795871201074988e+01
-3.270273385098486330e+01
-1.118560744622780767e+01
-2.088810572285842326e+01
-1.312151179119161171e+01
-1.433260003596497434e+01
-4.105056406701587690e+01
-1.409069137998475263e+01
-6.790807768479916717e+01
-1.669078585859254815e+01
-3.249358185902767104e+01
-5.908741894249068594e+00
-1.000372057952120599e+02
-1.127944442586388050e+02
-2.588313217673080757e+01
-8.396341560252571057e+00
-1.670980660162465270e+01
-3.963276180849329222e+01
-3.832759675306871117e+01
-9.269161870625058697e+00
-2.125568094289248222e+01
-2.127361925812648380e+00
-1.640983737514178920e+00
-4.199537386836075115e+01
-4.984051657036125960e+01
-1.177775821273673529e+01
-1.284441062383862509e+01
-2.477384375931822191e+01
-4.679461287139620396e+01
-2.729489101161613718e+01
-1.532770119254246666e+01
-3.169428883505523231e+01
-1.983033243305241200e+01
-6.887495414174401276e+01
-1.469885456730425766e+01
-4.876868465828911781e+01
-3.109601110310771688e+01
-4.555850750659541148e+01
-1.229481184245671699e+01
-1.311207242075711576e+02
-1.949597796844874154e+01
-1.338385447305753395e+01
-1.381863780393541141e+01
-1.810708641279201947e+00
-2.327328792999669815e+01
-7.959748558247230044e+00
-3.664249870123609298e+01
-2.595792286848378438e+01
-7.967662894226113224e+01
-2.989034608162653228e+01
-3.464380450392769717e+01
-2.239610241628758303e+01
-4.273719376780826451e+01
-6.408569429215293489e+00
-5.706884303146240178e+00
-5.930869812079660797e+00
-1.127544872042896174e+01
-2.816425443362820857e+01
-1.466613698908260233e+01
-2.156098554792836453e+01
-1.417321692825926505e+01
-7.343453004007978180e+00
-1.576465392558764478e+01
-3.900820648141189650e+01
-1.138617267284212531e+01
-3.285512985585484813e+01
-3.285537441762830468e+01
-5.498619681175041762e+01
-5.425594658304846440e+00
-3.381945122303044826e+01
-2.005801140275515237e+01
-7.661111930845059703e+01
-2.367954703273285233e+01
-4.247436289420738120e+01
-7.010968140615408117e+01
-1.495285244969792338e+01
-4.607732751444343222e+01
-6.741417951316688573e+01
-7.675734818156745121e+01
-4.573517755354593817e+01
-1.124337469769062281e+01
-7.569918328301255883e+01
-2.359239012261543778e+01
-1.300000000000000266e+00
-9.448419040763074150e+00
-4.327868821918836773e+01
-2.104290269576089756e+01
-2.908031874290241703e+01
-3.623347968123920282e+01
-1.110201661712669896e+01
-1.885726993425738840e+01
-3.755455027173713489e+01
-1.907902698142002862e+01
-4.719789285077042962e+01
-6.092897911968270819e+01
-3.016660763455274363e+01
-1.445812348927356261e+01
-3.063730278314428901e+00
-6.195497205989272338e+00
-9.804066523623481189e+00
-3.287824785600857780e+00
-3.989318771416904497e+01
-1.956457011930579526e+01
-3.590321272153804699e+01
-1.036622377972005182e+02
-3.458617049989266690e+01
-1.596795063257208724e+01
-5.453113939101064034e+01
-8.806422144683828890e+01
-3.567457928493964658e+01
-1.449532356539395606e+00
-3.571013513929857197e+01
-1.018175790725934426e+01
-9.833298859023521743e+00
-6.985780473787401945e+01
-3.499092656990161032e+01
-1.637834779305880772e+01
-1.313647766625070190e+01
-1.102597583094501061e+02
-5.926915614830990364e+01
-7.506285725273891707e+00
-3.602628094000674253e+01
-1.922647672383336470e+01
-1.185960550787924994e+01
-5.278099155949583121e+01
-9.031575653498340017e+00
-7.881397197793097575e+01
-8.481307378304569511e+01
-2.485388178366988043e+01
-8.080231476279912783e+01
-4.304456138136803389e+01
-1.286480592092375907e+01
-1.547889385543273200e+01
-2.325652773575976440e+01
-9.979131754426180123e+01
-2.552832276535174216e+01
-2.088720417741117075e+01
-8.502267431474260562e+00
-5.903853965704526274e+01
-6.074631060443541486e+01
-1.045691366989549351e+02
-1.891177447271247303e+01
-1.469106871992196091e+02
-1.111751299773461277e+01
-1.066893386073919174e+02
-2.131895478956666778e+01
-2.203167936546515904e+01
-2.536846823275563523e+01
-6.917056926685945939e+01
-2.428454261954707505e+01
-2.840762303947875367e+01
-3.247600901085987601e+01
-4.798850217406745600e+01
-1.418932143693949754e+01
-8.711140162475767568e+01
-9.685317562292768301e+00
-4.801424627704678016e+01
-7.525493061926404437e+01
-2.732548145066856549e+01
-4.372223185015640468e+01
-1.177164552240348527e+01
-1.599045560701432755e+01
-7.739028996204721622e+00
-2.864573437697244884e+01
-2.551911210753382164e+01
-1.386068964037734474e+01
-1.984414427956901505e+01
-2.416241643324354982e+01
-1.315203946677143243e+01
-3.104859207537379362e+01
-1.655299350720244433e+01
-2.264166302832726174e+01
-3.262493238856383471e+01
-1.748905964545477865e+00
-5.095173025370178266e+01
-2.970957866742041276e+01
-3.842592360354220204e+01
-2.454554269284312085e+01
-1.596621703154203864e+01
-2.760210845583160122e+01
-1.166538218887138179e+01
-1.707069150656948509e+01
-7.904001110573373623e+00
-1.839103895505818187e+01
-1.708457223742336240e+01
-7.825316323736295487e+01
-2.914867033064836477e+01
-1.680657200672458274e+01
-3.270448791769982222e+01
-1.849198162967785564e+01
-1.972724016849985773e+01
-2.564355765768170414e+01
-7.322874840105317418e+00
-1.987920733650746286e+01
-8.263141989504990192e+01
-1.557863087808203595e+01
-2.364841656771845635e+01
-2.963118406794739457e+01
-7.995819529576455587e+00
-2.005516353084011882e+01
-2.426847314053864224e+01
-2.720822382000765316e+01
-1.925061336712730409e+01
-1.311014123147491439e+01
-2.201101134021040551e+01
-6.652667923289183705e+01
-8.488736401950379218e+01
-1.144201265279658664e+01
-1.759161261953113709e+01
-2.922238928338898134e+01
-2.651201389255383845e+01
-4.045614981486528450e+01
-1.635626839432298141e+01
-2.554522521110706990e+01
-5.333232889253265085e+01
-1.951031200569580548e+01
-1.568737778378973857e+01
-1.104924567231876509e+01
-1.093990173006439370e+01
-5.305307363245867158e+00
-5.972076775881035360e+01
-2.331262813641117759e+01
-1.634354145835414229e+01
-1.444287017292484876e+01
-4.612113112635530143e+00
-2.963161769350969266e+01
-3.398448926456934771e+01
-8.016226185619546030e+00
-4.226959824661025777e+01
-2.681077041210624756e+01
-1.471101693615385031e+01
-6.068998044916861545e+01
-1.916005110886455753e+01
-8.342731557515570273e+00
-7.144259605160633519e+00
-4.988822340191067184e+01
-3.609636938013997565e+01
-3.514912074445611267e+00
-9.249261603950969857e+00
-3.458909589229431703e+01
-1.334605475892643511e+01
-5.927399012476045925e+01
-2.715270767295165300e+01
-3.827032583557809176e+01
-1.275891311958823415e+01
-2.492382855139350095e+00
-4.063394757203211327e+01
-4.787719672200384480e+01
-1.647296384440616990e+01
-2.953118406794740025e+01
-1.891794573685047354e+01
-2.934455415588831428e+01
-2.174574355222515720e+01
-3.463580968229546642e+01
-1.552980768880315843e+01
-9.545300615161000479e+00
-1.017392634261152295e+01
-3.420573671992633624e+00
-2.588366779071550638e+01
-1.447289930706717742e+00
-1.259736614717984793e+01
-9.556858124773921759e+01
-1.635095883642788195e+01
-1.051251491246396519e+01
-1.089777411028825327e+01
-4.944786454210502313e+01
-3.429590738733283217e+01
-3.541758017508077927e+01
-8.091968933718943902e+01
-1.539695884771097845e+01
-1.093391009161335603e+01
-4.173077990244274105e+01
-2.973118406794739599e+01
-3.758371104594400691e+01
-4.067579300804586495e+01
-2.059741889644294233e+01
-2.141649826809274870e+01
-1.039038012066335348e+01
-5.402454407540591319e+01
-1.223828344037186255e+01
-3.391231346364899935e+01
-2.135619283784983935e+01
-1.252686699818587002e+01
-2.270664429400794049e+01
-8.555805398509340520e+00
-1.149967505351245656e+01
-4.825402416347293411e+01
-2.352964599183233219e+01
-2.569216765863069440e+01
-3.435967583648517376e+01
-4.885585119952928324e+01
-1.486162373803701087e+01
-2.552538583170951725e+00
-2.440209028933230684e+01
-4.528077322404820393e+01
-1.655623416942272641e+01
-1.293407693085391941e+01
-3.552007683058561582e+01
-2.843844934892171494e+01
-1.300000000000000044e+00
-5.844245092365606098e+01
-7.891575165875678977e+01
-8.941569351348134020e+00
-1.312692396966607156e+01
-3.373277447216207747e+01
-1.938229543244886344e+01
-1.854295122594171019e+01
-2.742038360027129329e+01
-3.485557832044150928e+01
-2.885988502695950331e+01
-2.646103191331275539e+01
-1.682542784715964856e+01
-2.672160684810866016e+01
-7.205091445020305230e+01
-8.017054140047916277e+00
-1.594718201016063208e+00
-1.848714637545561246e+01
-4.475494636327359643e+01
-2.581224262623066323e+01
-1.497966108520794037e+01
-7.901815926518702682e+00
-1.481231356495164775e+01
-1.553344386740063854e+01
-6.571813224089434868e+01
-6.014735975298350468e+01
-4.776949126881569896e+01
-1.340838068887208934e+01
-5.377657103592352605e+00
-1.200743298598317033e+01
-6.351077676168799258e+00
-5.481351136522282275e+01
-9.713886234762034277e+00
-6.144234174363530698e+00
-1.183432702284132745e+02
-2.320075125224475343e+00
-9.923781041093928224e+00
-1.335842370106556842e+01
-2.912093743479102059e+01
-2.857726282035317666e+01
-4.820825102679365415e+01
-6.800177598978665117e+01
-2.990471927623504556e+01
-3.076374093286136091e+00
-4.372016121538296574e+01
-3.068487483640544866e+01
-3.128723529337104381e+01
-2.117375469757962847e+01
-1.017392634261152295e+01
-2.165376261060091068e+01
-9.602728968719059566e+00
-8.053262929326079700e+01
-1.228579771172309520e+01
-2.123094055365065458e+01
-1.956101845793355665e+01
-1.486903064915451367e+01
-2.023108663013688258e+01
-4.411149644105724121e+01
-1.920514109970148198e+01
-7.378272864939816600e+01
-2.011303508158867714e+01
-7.139641243840191009e+01
-5.661915745827619695e+00
-7.240197245460746167e+00
-1.831648345395529986e+01
-3.038424205162543146e+01
-6.235727826013653186e+01
-4.337806532615819322e+01
-1.137568657027286889e+01
-6.911409168349200627e+01
-2.089226280764644894e+00
-8.872984940194273307e+00
-1.748940661850508960e+01
-2.527244324824068755e+01
-1.393677088830467703e+01
-1.714586628395602119e+01
-2.391699939550956060e+02
-2.813061442167497006e+01
-1.320271540294130830e+01
-2.713743391595428101e+00
-3.054417574658213397e+01
-1.099999999999999867e+00
-4.417803756304959251e+01
-7.896017062543785414e+01
-4.886867780896075431e+01
-2.944603864506780866e+01
-7.619184177836662286e+01
-1.326604720774336243e+01
-1.662479841760317001e+01
-1.996631686369254055e+01
-1.977080671599854256e+01
-4.922486187048583872e+01
-1.151168639126334980e+01
-4.949552741324097838e+01
-2.063236115451501096e+00
-1.887334323624666510e+01
-7.139641243840191009e+01
-1.026682437488133637e+01
-1.221847998562747861e+01
-6.606424965059354726e+00
-2.852226750232930996e+01
-7.099464493564579470e+01
-3.605761163910570133e+01
-2.159045967406664701e+01
-2.027465121391130154e+01
-6.643444749416055117e+01
-1.801469972541167053e+01
-1.270558287628408944e+00
-5.727822509837292841e+01
-3.551060330727033687e+01
-3.345230784094367493e+01
-3.645204366231214266e+01
-1.051717738055456763e+01
-6.941837818063697796e+01
-3.284858251745073687e+01
-1.126670123492771012e+02
-1.497479527200667881e+01
-2.811699487794494701e+01
-3.195222327711927690e+01
-1.850014536849546687e+01
-9.945849975651766428e+00
-7.159339582179759987e+01
-2.993118406794739528e+01
-2.836262529805059174e+01
-8.692971044922412460e+00
-1.345409416733328278e+01
-4.646098881294260252e+01
-9.843559402027857175e+01
-1.766356433355834099e+01
-3.455705779740397787e+01
-3.383241587686671892e+01
-2.651708605861774259e+01
-2.983118406794739386e+01
-2.770412433231628313e+01
-8.233757624990013824e+01
-2.447791153904759298e+01
-2.272578921178195444e+01
-1.090429561207449183e+01
-8.428223412173199591e+00
-1.400000000000000577e+00
-4.417598292882392030e+01
-1.592349122280663920e+01
-9.752675867506971130e+00
-2.738182211613154138e+01
-1.136893806085399561e+01
-1.054776916564438238e+01
-2.558068724327227983e+01
-6.231729731957642571e+00
-4.056069660918013398e+01
-4.022547528327997668e+01
-3.377630607379451533e+01
-1.000000000000000000e+00
-1.111311397812945359e+02
-2.963118406794739457e+01
-3.243068070437801254e+01
-2.080432953365566462e+01
-1.163357132595802490e+01
-1.090506296470817631e+02
-7.190069837071470715e+01
-1.348429487235160629e+01
-2.253991827680915350e+01
-6.347710018728927039e+00
-2.773226284022780064e+01
-1.717065149308885807e+01
-6.721117840666721577e+01
-5.863903402551703614e+00
-2.761096425277354882e+01
-1.300000000000000044e+00
-1.155647407572144836e+01
-3.753484128718477564e+01
-2.484518031897786372e+01
-1.297934530218410032e+01
-1.106831030988839082e+01
-5.265253872980409255e+01
-1.041612163127001267e+01
-2.768141136119212575e+01
-3.220324457939689466e+01
-4.807878803952102231e+01
-2.635979291179488015e+01
-2.701690850172173697e+01
-2.108279856660481855e+01
-1.344346295443125783e+01
-1.309108293750957053e+01
-2.762153682387170406e+01
-1.729564189987979717e+01
-2.706861930332054023e+00
-4.258691424815802762e+00
-2.988628516083107556e+01
-4.108628455291169246e+01
-1.602092334533879736e+01
-1.831119456730352013e+01
-1.210288997784918941e+01
-3.678226180199497009e+01
-2.150599744422741821e+01
-9.319726688524326619e+00
-1.897317790996991960e+01
-2.523275265149600699e+01
-5.245215172886707933e+01
-8.103443258097827595e+01
-1.573193199668832065e+01
-6.611346746975891975e+00
-2.607159992026319273e+01
-1.129970974627403457e+01
-4.302561434932070483e+01
-1.603561687833357752e+01
-3.269400632383334226e+01
-5.380123500623175126e+00
-6.900000000000003020e+00
-4.117111552663715912e+01
-2.298859387642015051e+01
-3.675142458242768129e+01
-5.620643965135398190e+01
-1.300729360916458965e+01
-2.121949112366519330e+01
-2.587227792726737619e+01
-6.728271064373822696e+01
-1.283419513531090139e+01
-3.067298723201875532e+01
-1.267716908915335949e+01
-2.196526023318720178e+01
-6.904735057608380089e+01
-1.485644262895333156e+01
-5.947181105526058076e+01
-1.019633727931502420e+01
-5.616299762456705480e+01
-4.626522742256861420e+01
-1.024984623534836103e+01
-2.637528858254231068e+01
-9.398739773883193038e+00
-3.597547020366953063e+01
-1.035991575754440319e+01
-1.811535414552203704e+01
-4.438287727899970392e+00
-7.710395768705134323e+00
-1.137855530770428913e+01
-4.250786061953683692e+00
-2.312107233395872186e+01
-2.953118406794739670e+01
-2.135528682082328800e+01
-1.469560159085607687e+01
-2.970515427303695688e+01
-2.074080696956422187e+01
-1.084201955699479969e+00
-1.289574910858326007e+01
-2.891530203099058838e+01
-1.690989049409530764e+01
-3.037155741049173230e+01
-8.046757199579584352e+00
-7.256824280387387915e+00
-7.139641243840191009e+01
-1.782612672678609300e+01
-3.837532639963200864e+01
-3.156768842012598242e+01
-2.963118406794739457e+01
-2.750533917913626780e+01
-4.527360455719490773e+01
-3.376366773233038998e+01
-1.160542511809748412e+01
-9.199163984354472134e+00
-1.084378696987857360e+01
-6.139265050400135237e+01
-6.026609118474702598e+01
-5.215020739500215718e+00
-1.103486050462653623e+01
-2.374656093649533162e+01
-1.798587387645631708e+01
-1.161973829824459159e+01
-2.999052937466340296e+01
-8.914568425884928260e+00
-1.992516815318023049e+01
-9.312807905640156036e+00
-3.243793403416247401e+01
-1.939367248329884674e+01
-4.691336290596257186e+01
-1.522596821813976753e+01
-1.290438691111045699e+01
-6.982822489377168651e+00
-1.807857134514186725e+01
-4.405435127661029071e+01
-1.254705595517606831e+01
-2.009893610703620226e+01
-1.685469797756870136e+01
-8.008679318374508682e+01
-9.329295842651433190e+01
-6.432601286110815941e+00
-1.708132696097034398e+01
-1.631133771970185720e+01
-1.059167262424917482e+02
-7.134238562603148637e+01
-1.768661218099464350e+01
-2.200000000000000622e+00
-9.479691927864098488e+01
-2.484079050816960077e+01
-1.870821268378830382e+01
-1.864403172967280753e+01
-3.310474625212784794e+00
-1.376314549789162101e+01
-1.408225739144266342e+01
-2.685719662506500072e+01
-2.006577375966410060e+01
-1.600000000000000089e+00
-9.411709458012069263e+01
-2.029751610269931206e+01
-1.261693682683064033e+01
-3.195222327711927690e+01
-1.813846351195153872e+01
-4.787114438443647657e+01
-1.957680805654400302e+01
-2.355571727297263607e+01
-2.695586048073405294e+01
-3.059984384366764587e+01
-1.583193199668832207e+01
-1.779058698038126440e+00
-3.954491358827331737e+01
-7.239527917115252365e+01
-1.753853872253440827e+01
-2.304282335747038601e+01
-3.761430891019839606e+01
-1.808211382202351913e+01
-2.234662207021393598e+01
-1.876685044486070453e+01
-7.655432756557090990e+00
-2.801894115078043512e+01
-2.788827010655964500e+01
-3.247233182655909989e+00
-1.542708504991745677e+01
-2.786893737740661336e+01
-1.528738236621905244e+01
-1.289048042335601174e+01
-3.076901663595113945e+01
-4.285759149901707588e+01
-1.338607663531955616e+01
-1.037924759514203821e+01
-7.606709987425867325e+01
-1.637814018288971596e+01
-3.322251586338411755e+01
-2.968901988860530849e+01
-1.392354636002044721e+01
-9.450557184212240003e+00
-2.299924795059634874e+01
-4.425205443109341275e+01
-1.247903050809265402e+01
-2.673699264793777175e+01
-1.256425701164304520e+01
-1.664983220354232074e+01
-5.023018455412367445e+01
-6.819464696197897746e-01
-1.045457073842962892e+01
-1.711425957553134225e+01
-8.366990039217625963e+00
-3.139406246899803676e+01
-6.185393551777441878e+00
-8.479801758128979827e+01
-6.160885491568302008e+00
-7.139641243840191009e+01
-4.281994286589686993e+01
-1.323166062566510526e+01
-1.500000000000000666e+00
-1.217237901437298575e+01
-1.199757321527638787e+01
-4.028244433239041911e+01
-2.824250323605379531e+00
-1.013156267933076293e+01
-1.608490305250578700e+01
-7.156824280387388271e+00
-1.519889829433795825e+01
-2.243568599864566337e+01
-1.648164699665337807e+01
-2.331876614335552489e+01
-2.249070192029256887e+01
-2.088891649654123839e+01
-1.365953624555637091e+01
-2.261822638233450888e+01
-1.678042087828134754e+01
-4.550986378952961431e+00
-2.000000000000000000e+00
-7.511987076803674768e+01
-4.216962455189234404e+00
-4.380235297610448697e+01
-8.625564368262526926e+00
-2.009386731848936947e+01
-1.837400115482223129e+01
-2.983118406794739741e+01
-2.908594014437872488e+01
-1.294775478878522001e+01
-2.080730656499924081e+01
-5.958911772736231960e+00
-2.342495631567832248e+01
-3.302044975237406987e+01
-2.176061495237227561e+01
-1.533799023295020092e+01
-9.298225694395489427e+01
-1.807701248407304817e+01
-9.149855718740013799e+00
-7.254136794455451565e+00
-5.384188638798685922e+00
-7.110118284421511703e+01
-1.452873314844788410e+01
-4.337860285944137217e+01
-1.810519474640638649e+01
-4.051804122680945852e+01
-1.776042081433807596e+00
-2.316898605834258618e+01
-2.754348217151306955e+01
-8.933875557680829971e+00
-1.866749924670371996e+01
-6.433322857713664078e+00
-1.365658508431983620e+01
-5.956752925056712655e+01
-7.301726259091370252e+01
-2.731399933180566109e+01
-2.518138602328992093e+01
-2.507341113860075410e+01
-1.931034445170260483e+01
-2.637378460853411255e+01
-6.637819103362754447e+01
-2.214272712284890332e+01
-1.371549114277850023e+01
-1.811687758943357807e+01
-1.998778670745993935e+01
-7.884707083995786903e+00
-2.465132333493921468e+00
-1.329277280775587577e+01
-3.098844370853276686e+01
-5.439580296539839566e+01
-1.352420482062671603e+01
-4.835692298516629251e+01
-2.493351441998061446e+01
-4.219186930457268403e+01
-3.145466731397470284e+01
-8.376753151607880810e+00
-4.067257462299642157e+01
-9.010173404613167847e+00
-7.528158636865561526e+00
-8.823470870055594162e+00
-8.618844734948879704e+00
-1.566027045497427572e+01
-3.041484873537115519e+01
-2.835644796731216388e+01
-2.679457548632134589e+01
-4.674975072264130915e+01
-2.059855527265052899e+01
-3.308108417399843404e+01
-1.776042081433807596e+00
-1.822842649562274531e+01
-6.501362447333634975e+01
-1.559626150391832589e+01
-1.737804445102625905e+01
-3.171346642232611757e+01
-4.065812268211129776e+01
-2.365507698290459615e+01
-3.857141580558712946e+01
-1.030477959467519966e+01
-4.455785180782842048e+01
-1.986274586920584895e+01
-2.943118406794739172e+01
-1.054724247979435603e+01
-9.705288181347192733e+00
-8.924267285435860231e+00
-1.999664948844182888e+00
-1.002577593490136998e+01
-9.177275915356240432e+00
-9.568605992368075519e+00
-8.262110201325716830e+00
-9.823174635891607664e+00
-2.118538709730601965e+01
-2.099732505286432271e+01
-1.725327931970510775e+01
-1.595627738673880813e+01
-3.568692158254048508e+01
-3.793469568334855069e+01
-3.162866910951175470e+01
-3.084439560024691218e+01
-9.035073992930346520e+00
-1.883919256997074498e+01
-7.139641243840191009e+01
-1.244448731591865531e+01
-3.195222327711927690e+01
-7.269281356043479470e+00
-1.064648747903699366e+01
-2.609948348908601279e+00
-1.740045295699791339e+01
-1.751467984754317442e+01
-1.234016605387061105e+01
-4.641093241478061771e+01
-8.788466623307353842e+00
-5.768653059072624956e+01
-4.306226479363190407e+01
-2.233455081523300123e+01
-5.340339924566807284e+00
-7.257479007972699847e+00
-1.751606267901015457e+01
-2.702602716051959320e+01
-7.139641243840191009e+01
-1.326878595294972563e+01
-2.511679733250046809e+01
-5.784940759413760247e+01
-3.361306875015385742e+01
-2.635275251158262666e+00
-1.303575422768503778e+01
-3.489145600500562949e+01
-3.895096839377852405e+01
-7.250607313234665696e+01
-8.689234027566202556e+00
-2.954027516975682133e+01
-3.351681507701984231e+01
-7.955474669524701170e+00
-2.290257679468475516e+01
-5.152273843237252038e+01
-5.609303002996255394e+00
-1.827579107469710706e+01
-1.215107659966649045e+01
-1.137432328834934125e+01
-1.215701474673649152e+01
-6.519401110141652111e+01
-6.866530371637448127e+01
-8.790482584323360271e+00
-1.300285277918784921e+01
-1.628588679534898276e+01
-1.257232142393573859e+01
-1.846285115037736801e+01
-5.961016252702563634e+01
-1.386709528332734997e+01
-9.974022143574853061e+00
-1.090937770031620779e+01
-1.641882566084893114e+01
-1.468874534967292256e+01
-6.893827521831117799e+00
-2.095234310273245981e+01
-1.278822568586912034e+01
-1.100572345854772394e+01
-1.065954979480242848e+01
-8.094224491940032351e+00
-1.997345599255309878e+01
-1.688353678872163499e+01
-2.369571910641380086e+01
-8.778998723643638868e+00
-1.336287344907133878e+01
-4.251367190621796510e+01
-1.668668058184958980e+01
-4.305421093722389969e+01
-1.641712070502943988e+01
-1.066039396166210018e+01
-3.833176585855819241e+01
-5.035910346579602681e+00
-4.116209887911310261e+01
-1.561114770062874912e+00
-1.751948544883665138e+00
-2.205710060154324026e+01
-1.598522352473804276e+01
-2.174532620314030495e+01
-2.919039063268066769e+01
-1.640864283379609745e+01
-3.628148887984750104e+01
-1.444210838477467540e+01
-9.600256877137338662e+00
-1.600221017882686425e+01
-1.605212643335741873e+01
-8.224558510844016013e+00
-1.249643391748683996e+02
-1.440602108389658120e+01
-1.766566141858537975e+01
-4.698118030563456671e+01
-7.970830411391247594e+00
-1.884945856278174503e+01
-2.028716921208902590e+01
-1.422160197852774566e+01
-5.026458563730695772e+01
-1.631950992546984835e+01
-8.887976316004138511e+00
-4.648862214362645240e+00
-7.140819854380424658e-01
-1.204698558213108761e+01
-2.337833564349070770e+01
-3.534716895481335541e+01
-9.126933426084988810e+01
-1.776042081433807596e+00
-2.721333201867111740e+01
-2.779693933467894595e+01
-1.108085396057905747e+01
-8.148327698665946528e+00
-5.759786920781735375e+00
-9.349121149605622350e+00
-2.085509328351549740e+01
-3.897597988000187286e+01
-3.438149451191173434e+00
-1.654471059590851567e+01
-2.263126201230157619e+01
-7.207505045074315220e+00
-1.804562180777855929e+01
-4.261914548255957413e+01
-5.715830637773967027e+01
-1.085622145094749129e+02
-8.225097211490258076e+00
-4.344146368052314244e+01
-7.388808316348583105e+01
-1.453919262706599769e+00
-5.322479144793458516e+00
-9.000000000000000222e-01
-2.359339018962614887e+01
-1.647449329161144149e+01
-1.503840496886563649e+01
-9.547693935560822354e+00
-7.312818911663447352e+01
-2.657184906114744294e+01
-1.908134821758134692e+01
-8.681769335477023120e+00
-1.461542296347493775e+01
-1.170501288733675693e+01
-3.595198620591134642e+01
-2.223292637989636944e+01
-2.262466962501842005e+01
-1.771443354097301182e+01
-2.409596634376539726e+01
-5.718957556033649325e+01
-1.315945626244148681e+00
-2.758455007366742961e+01
-1.861981736912469998e+01
-1.672124178644689962e+01
-1.752803268978333762e+01
-1.082361337138577539e+01
-5.066136460185097690e+01
-2.156200377064784135e+01
-1.079927868258934254e+01
-7.632088798798267071e+00
-1.664144627213796568e+01
-1.468140473668333357e+01
-1.315885714239043480e+01
-7.726663212593913954e+01
-6.457204456152518901e+01
-2.392722019747502316e+01
-1.377671061561988353e+01
-3.624843764320293360e+01
-1.442217550775419355e+01
-1.926644106488003416e+01
-7.313195850822995681e+01
-5.420313235160574550e+01
-4.502132230855571038e+01
-9.172097814647713676e+01
-4.357688471589310097e+01
-3.827973223088797283e+01
-8.959993970642921468e+00
-2.881189192573415880e+01
-1.943205046456801455e+01
-9.944320209481722372e+01
-1.576181476867695430e+01
-4.560738392741272662e+01
-6.288195657804215699e+01
-2.111009941982304383e+01
-2.874969930555680264e+01
-4.652127077903799091e+01
-6.413060540615643390e+01
-5.387305382113770946e+01
-5.291739485087566663e+01
-9.555359429299642215e+00
-9.344974421162044109e+01
-1.788615422518305564e+01
-1.347080175305447547e+01
-1.610063276054845716e+01
-2.442940922266310722e+01
-9.116884760629501727e+01
-1.801439799780289874e+01
-4.433698156851014716e+01
-3.006690322381353653e+01
-8.507199523101189698e+01
-3.390865574354796763e+01
-1.815327201832771742e+00
-3.204889703327582140e+01
-3.037679086677564655e+01
-4.179848897454387213e+01
-3.194514673079751077e+01
-1.651596212659791263e+01
-2.424050928000271199e+01
-1.044796968315325358e+01
-2.999982305082333411e+01
-2.965992763496332785e+01
-2.973092240777675244e+01
-3.074939749579020187e+01
-1.331887408021096775e+01
-9.690249894447674706e+00
-1.472689069908511961e+01
-2.604529365134786545e+01
-4.097415767290200961e+01
-9.218664102134585647e+00
-1.920905587335370512e+01
-1.399999999999999911e+00
-2.625579160276987167e+01
-1.489701415503487336e+00
-1.305717857986551600e+01
-2.942908747704871786e+01
-4.832553025884001840e+01
-1.466667245206404147e+01
-1.063938647848176089e+01
-1.415187674706264254e+01
-1.420091491539703377e+01
-1.239223899760077607e+01
-1.040469612438012348e+01
-1.922089391395279989e+01
-2.213636504307861230e+01
-2.067286241945356906e+01
-3.970936817060223234e+01
-1.123114796483145312e+02
-1.001647294736195448e+01
-7.342068727609878920e+01
-1.567458605791617110e+01
-3.926969425691509485e+01
-8.664203321867912422e+00
-7.667864401995132084e+00
-7.289671947135814456e+00
-1.855388345565570773e+01
-7.939449233551084717e+01
-6.681694003019612360e+00
-1.502249316136528101e+01
-1.449839721244545565e+01
-1.695013973165665888e+01
-1.865003514048998312e+01
-3.352207674889397993e+01
-3.314387058801493424e+01
-4.160591163695212202e+01
-1.774381287886302161e+01
-3.584682116382737149e+01
-2.320817681379985586e+01
-5.612138655906841223e+01
-1.946557541942899761e+01
-1.824646505514978401e+01
-1.762717777288411369e+01
-9.100882408679705549e+00
-9.840816980375976186e+00
-2.814494646169202596e+01
-4.056940341979044717e+01
-1.578340129899773814e+01
-9.983371336781512895e+00
-2.807505442955951480e+01
-1.821812918432055506e+00
-5.425748337423134160e+01
-9.848063491435988581e+00
-1.967928174247156292e+01
-1.865866284772526029e+01
-5.280100819820932934e+00
-3.939585762781700851e+01
-3.878273624222157423e+01
-1.189253461927047439e+01
-1.505223736158876413e+01
-2.757695679086382867e+01
-2.847397980232613079e+01
-2.536312933079858212e+01
-8.671726180749931245e+01
-7.256832405736147962e+01
-1.304277681937028177e+01
-1.265501943765584869e+01
-2.998139460676021884e+01
-2.154029287907015977e+00
-5.015804918244645449e+01
-1.573476873279155086e+01
-2.354172022512942419e+01
-2.158411321105661784e+01
-1.777542907109047832e+01
-1.295263141315728284e+01
-4.205535230004883829e+01
-1.913232841129187634e+01
-3.415675987802038804e+01
-5.053478594535810942e+01
-2.473602548627278352e+01
-1.504673403091832817e+01
-1.781310461818906532e+01
-2.729303135651719359e+01
-7.312179826795009774e+01
-1.605568940084591389e+01
-1.695546068357034031e+01
-2.022209560186247401e+01
-2.641249736171975826e+01
-4.357688471589310097e+01
-5.386068237763372935e+01
-1.859265457400962873e+01
-3.608176496430493785e+01
-2.276438175239679751e+01
-1.952360815561851481e+01
-9.432317304988508511e+00
-2.983108287200236219e+01
-1.786693147730492370e+01
-5.615680857260574044e+01
-2.811640515169995425e+01
-1.292194227366497294e+01
-1.685669454284324331e+01
-1.591792024487253698e+01
-3.177844750476681668e+01
-1.273502986982621898e+01
-7.071778142166330383e+00
-1.790330407169834714e+01
-1.991617854943076082e+01
-4.912543900949347631e+01
-3.521389313780885288e+01
-4.449893722774611859e+01
-1.551117267026492286e+01
-9.616980562474424232e+00
-4.718472729760789264e+01
-1.409099855900177189e+01
-2.187752189755205023e+01
-2.946811328193902924e+01
-2.409288668435025116e+01
-2.971222139212292745e+01
-2.123401233666871946e+01
-1.321728129170089083e+01
-3.071365566980744077e+01
-2.469644165107750311e+01
-2.775709577654311389e+01
-8.079833201813070076e+00
-1.802828942347832708e+01
-9.167272621548322675e+00
-5.891444491599526145e+01
-1.567381152894839325e+01
-6.980252021221897252e+00
-1.671986797014743331e+01
-3.783981843940232181e+01
-2.612669167296691342e+01
-8.857080043733862595e+00
-1.064742332753324838e+01
-3.369229174848355512e+01
-3.877707148729436426e+01
-1.654413571912208880e+01
-1.334673805380853828e+01
-2.072966754589046889e+00
-3.093301234392696486e+01
-2.240097569679225487e+01
-1.129174934874012237e+01
-4.350941733546883228e+01
-4.548075084753054398e+01
-1.116365565288725392e+01
-1.660158342531789799e+01
-6.397456580405605564e+01
-2.421658354281988679e+01
-2.253158071998175416e+01
-2.602388601687801994e+01
-2.035864454743846608e+01
-4.011802395317807424e+01
-9.095726442238570186e+00
-2.747934549730322473e+01
-3.685113837679474358e+01
-1.470803256413182858e+01
-1.261399353439760063e+01
-3.492928902272264224e+01
-2.356128396149282267e+01
-4.597416923323572746e+01
-4.316620088508980047e+01
-1.796463870527822593e+01
-7.638571570315277448e+00
-8.676356281798389247e+00
-1.104406403344088261e+01
-3.954632414433965693e+01
-1.829582356923488717e+01
-1.885693968738353377e+01
-1.324684314009386199e+01
-8.961110779130788728e+01
-3.274677693007222246e+01
-7.764984300908362336e+00
-1.443666033811875948e+01
-5.105725976191564541e+00
-3.068289307213807149e+01
-2.667318389834441206e+01
-1.784051357947416960e+01
-1.908740927151448830e+01
-2.943512071025736176e+01
-2.228356846596184937e+01
-6.443559687097882716e+01
-2.515455124100089535e+01
-6.003280518449694014e+00
-1.365916103631649037e+01
-1.001177526749228264e+01
-7.727646468105061395e+00
-4.655156468401068537e+01
-1.464102350564439448e+01
-2.074260428175229265e+01
-1.703706799113577119e+01
-2.934989381273811304e+01
-1.304430401186674793e+01
-1.300000000000000044e+00
-2.172823702432387449e+01
-1.843276120973016319e+01
-2.662832342653624806e+01
-2.532972799243914253e+01
-1.510172925643965591e+01
-1.411106274180384901e+01
-2.132153490856920897e+01
-1.664099994014007677e+01
-8.904973784466234221e+00
-2.409928875098889378e+01
-1.753193552669016331e+00
-1.087094100940132435e+01
-2.041518983698393797e+01
-3.124606359649376230e+01
-2.287761946864166163e+01
-2.320390938160522154e+01
-8.210087785124805748e+01
-2.248462939749473932e+01
-2.839410266264861349e+01
-1.599696352771511698e+01
-1.145164885067933236e+00
-3.115741009273141060e+01
-1.011069640733064467e+01
-1.230217239372046301e+01
-1.962759805270077962e+01
-2.197287091757532451e+01
-2.354764855901713005e+01
-1.480712276462612387e+01
-4.359910837235103287e+01
-1.539510879868865878e+01
-1.750855158490490027e+01
-9.043476023637552430e+00
-1.479801764419341836e+01
-8.270542084034378405e+00
-8.684909584697287244e+00
-1.815557837293030374e+01
-3.821806120708110655e+01
-4.104164536166502586e+01
-6.254250087251575607e+00
-1.541347216152899335e+01
-1.131321538336569290e+02
-6.853882926213765359e+01
-1.252237782756366435e+01
-5.002562078962925796e+01
-1.501329529003731444e+01
-1.946546843934815740e+01
-1.771635409189300958e+01
-1.531788580364392516e+01
-1.365048496248198795e+01
-3.060175138287897312e+01
-1.595559846753872613e+01
-1.215258792102594931e+01
-1.031869112911252984e+01
-5.743579085791753869e+01
-5.518716628098242438e+01
-1.931115448958063752e+01
-1.974512879557844158e+01
-7.182282866528191789e+01
-8.000000000000000444e-01
-3.264350038977109847e+01
-1.081303714873507005e+01
-3.155302127210992325e+01
-1.610681302192175757e+00
-2.146384264346226800e+01
-2.529696418113782741e+01
-7.798941250997186714e+00
-1.487392914229952900e+01
-2.965083327584055795e+01
-1.102809913287017274e+01
-1.662721294727215593e+01
-8.384522284394435587e+01
-1.771116398311834672e+01
-6.193924075596162204e+00
-1.044370636160665455e+01
-1.587672933357157135e+01
-1.777773844424830330e+01
-8.321282293516349071e+00
-1.428312027335615397e+01
-7.454742732503302882e+00
-7.528263102409191276e+00
-1.716544312901049096e+01
-2.172445769548163241e+01
-2.659266956102300838e+01
-7.721581694994309686e+00
-2.158667278856429661e+01
-4.691076037547009037e+01
-1.824354802418093513e+01
-2.958247414971569356e+01
-6.442242495826866922e+00
-5.949750092860703887e+01
-9.427738160957437330e+00
-2.372665029585817464e+01
-6.480635524511034085e+00
-8.058901900153811582e+00
-1.801001287259641481e+00
-8.929142094111259809e+00
-5.179239390097160367e+01
-8.365305328487698944e+01
-2.698607797632831762e+00
-3.432763044965223287e+01
-9.820354279384208240e+00
-1.702704278817567030e+01
-1.001029749118484702e+01
-8.765690405663122409e-01
-2.504594512389923722e+01
-6.946595617007022661e+00
-2.393591833206592057e+01
-8.211424399422915243e+00
-1.376367745801563025e+01
-7.595026562123537417e+01
-2.745121603637755925e+01
-1.451460810258258505e+01
-7.860283505953854721e+00
-1.347708343941326348e+01
-6.276975682763248798e+00
-3.269484524661121583e+01
-1.720376673675493961e+01
-1.150077705769321312e+01
-4.384880172892245298e+01
-2.268029272677591379e+01
-4.040914020707818111e+01
-2.623795450655721240e+01
-1.182827676557162810e+01
-3.443261628262007434e+01
-8.704075942318608483e+00
-3.116493010613438841e+01
-1.804028916659618531e+01
-2.070318799147754163e+01
-1.101757887966727978e+01
-1.076693132700094679e+01
-7.502725409472600582e+00
-1.183673018393314180e+02
-1.365819160092351581e+01
-1.235115474249395362e+01
-1.957049277883487548e+01
-1.591293580383362638e+01
-1.212437487614873177e+01
-1.396955656248779576e+01
-1.348300815401643682e+01
-1.354077253351902677e+01
-1.207735203346198638e+01
-2.071188548729438139e+01
-3.027325901067824532e+01
-8.659116518290089104e+00
-2.716007302241387578e+01
-9.151904178721959937e+00
-6.421097510376546325e+01
-9.476093306396126792e+00
-1.248727874318555386e+01
-8.537434128518339094e+01
-2.005445157205395290e+01
-1.105104184246726540e+01
-4.520820610518019755e+00
-2.799655434090937689e+01
-6.444617929649713517e+01
-6.994229068649977954e+00
-1.098468996922179564e+01
-2.756932326504794162e+01
-1.198890815528847043e+01
-2.612811718289992768e+01
-7.898923541352588451e+00
-1.662513243924271933e+01
-2.858122540775383413e+00
-3.785687412400085350e+01
-1.217064946421363736e+01
-1.060066502224136187e+01
-6.133545874737336590e+00
-1.495393228589353463e+01
-1.117281034490162384e+01
-1.973554803105835376e+01
-3.006690322381353653e+01
-1.028883104534135740e+01
-1.456164909908949845e+01
-1.177338584616989792e+01
-2.035055294588483932e+01
-1.868833573674439563e+01
-8.612169689537838124e+00
-1.701252731480897751e+01
-1.522055967527045262e+01
-3.143213330263837335e+01
-5.932821781623382584e+00
-3.416624753051884511e+01
-2.460395373684460818e+00
-1.383764189178722681e+01
-1.756897720017329334e+01
-6.539607554753590080e+01
-1.366626500573726588e+00
-1.259701194797626478e+01
-2.552466492761284655e+01
-3.424514436391213223e+01
-6.147430781324137783e+00
-1.336171627048646293e+01
-2.219701590961724236e+01
-3.229307751349178091e+01
-9.444319768350995403e+00
-1.630141618156302030e+01
-1.034256241715732472e+01
-2.012111564789368146e+01
-3.982076592425974582e+01
-1.043426325786109032e+01
-3.856026053441484525e+00
-8.108826250618871967e+00
-7.683893905736485408e+01
-3.124877374763671156e+01
-8.394354376050401356e+00
-1.019608034490671145e+02
-1.002506345699217505e+01
-3.278185943698365890e+01
-2.484045418789737880e+01
-2.210126625305262849e+01
-4.032960096174973330e+01
-3.648018781525112786e+01
-1.501004239799574691e+01
-9.072832035020486074e+00
-8.052726830644331812e+00
-1.314083569074698410e+01
-9.223816282458219007e+01
-3.287424870130279686e+01
-1.496899591448909383e+01
-1.237479283938282748e+01
-1.193135756035901096e+01
-1.264710085511714155e+01
-2.023948594293368686e+01
-9.896728488968589588e+00
-9.929267263683216882e+00
-2.831726089394636148e+01
-1.301191261784315145e+01
-4.197707192231875695e+01
-4.110404833292972882e+01
-1.717142064617772945e+01
-2.205249055629238342e+01
-1.144824691314065035e+01
-2.627123866208374636e+01
-1.350835569338557107e+01
-4.671321520694779394e+01
-1.542958258238552638e+01
-7.664850686538266622e+00
-2.266087260403956094e+01
-8.986518740629376722e+00
-3.822719253413551854e+01
-1.583208428939175860e+01
-1.227490536657431264e+01
-1.026716681392220387e+01
-2.180984039565434074e+01
-8.608386677803135711e+00
-4.527575483631940045e+01
-7.387833539719987463e+00
-6.003041368189759197e+00
-6.537851899770330988e+00
-1.135527836623659681e+01
-1.862548233127471420e+01
-1.819791292156032725e+01
-1.281385197613889027e+01
-3.195222327711927690e+01
-2.827005984558912033e+01
-3.346291585466865559e+00
-3.343658269417574047e+01
-1.722353297749894452e+01
-1.038179157858850488e+01
-2.098427733139306284e+01
-2.142475881907834889e+01
-9.483016532236071328e+00
-2.650225232668039865e+01
-3.146524014241964906e+01
-1.546639270996143622e+01
-1.537022704561614717e+01
-1.892041331030219098e+01
-1.288897709822557935e+01
-1.687069316258183704e+01
-5.011989265559941487e+01
-8.875681792589382724e+00
-1.958942630799282991e+00
-1.765692992178535548e+01
-1.063407321823170015e+01
-1.174734800786822397e+01
-1.203533671548773576e+01
-7.389086537618239525e+00
-1.278508725757482978e+01
-8.339682058510494045e+00
-2.644058115045894652e+01
-1.411386953852175274e+01
-5.047336559340250162e+00
-2.593509439971889563e+01
-1.471932980531071422e+01
-2.122593320095604241e+01
-1.523754049354950268e+01
-1.170054665468848221e+01
-1.831610550224317180e+01
-1.004648486881588099e+01
-8.777159160415095585e+01
-1.709721989040658841e+01
-1.294085345044902802e+01
-1.804241289937560921e+01
-1.746689696462982511e+01
-1.354261219960510587e+01
-1.100000000000000089e+00
-2.386274252392676587e+01
-5.330083925577211801e+01
-7.055473358892895419e+01
-1.515428206767101926e+01
-1.017540763659433800e+01
-3.463483408729636182e+01
-4.671775830323763756e+01
-4.314600701203598732e+01
-8.926289445686428792e+00
-3.337151159389959787e+01
-1.050662151819388512e+01
-1.752679243201000503e+01
-3.248612219449364602e+01
-1.308766628692012368e+01
-1.358443763287237083e+01
-1.238852636912840488e+01
-1.909040620517006559e+01
-8.001368895849015672e+00
-1.096080024901570127e+01
-1.228747365808199099e+01
-1.135527836623659681e+01
-8.995561464184836709e+00
-1.238361769773326415e+01
-7.928788595483286628e+00
-7.051150996230755474e+00
-5.403449186345655164e+01
-4.366653257658593645e+01
-3.481846153548219469e+00
-1.239587307662403504e+01
-7.739949357882335512e+00
-1.996123749740333864e+01
-2.274625128822523124e+01
-1.461023410228302843e+01
-1.668001698124097487e+01
-7.504067442376314290e+00
-2.964924853462892074e+01
-5.389509349339618893e+00
-1.724135710173468894e+01
-1.350025883518326886e+01
-2.187588532379177408e+01
-2.958649382013854989e+01
-1.625609006805077072e+01
-1.905068267755512679e+01
-2.704266110811991908e+01
-9.744768558812642922e+00
-2.344317164694419731e+01
-2.501150531545221156e+01
-3.379643816380276178e+01
-6.150965724274458069e+01
-3.211469770179223104e+01
-1.497912577664266109e+01
-1.563093163328541024e+01
-2.490444006747332395e+01
-1.673275404122859200e+01
-8.202981367998031459e+00
-2.062437616348498892e+01
-1.175558431210682819e+01
-3.728183219777194779e+01
-1.949040620634928089e+01
-9.106770934792912442e+00
-1.238911383292136925e+01
-1.400758934948590806e+01
-1.331299671098708615e+01
-2.366148892988226748e+01
-1.125004996874190333e+01
-6.151396843414683957e+01
-3.911454644675468728e+01
-4.225448064248655555e+01
-9.863498655782565905e+00
-2.195666507704802584e+01
-1.525200729270424382e+01
-1.883938467343837075e+01
-6.960433785519484218e-01
-8.986999413312238616e+00
-1.971424701795530154e+01
-1.800843297816849287e+01
-8.486025660102832546e+01
-1.390541039953261304e+01
-1.967127693535306676e+01
-2.768693614352067911e+01
-1.212736792591240764e+01
-3.190024643329225285e+01
-2.221127902121513742e+01
-7.261318099595242437e+00
-1.470251120460204319e+01
-9.600032937290963631e+00
-1.772651738521251019e+01
-2.150352726425546734e+01
-3.755509269285864260e+00
-3.007105455579592501e+01
-1.441941696361852188e+01
-2.099175632517881951e+01
-3.695018307002267477e+01
-2.915799882777279706e+01
-1.261951887176732434e+01
-1.636219302046209023e+01
-1.265149979816731118e+01
-1.255171081428978397e+01
-2.110558165237945971e+01
-8.872385405937945890e+00
-1.863176864802156629e+01
-3.493128050382482286e+01
-1.269354395154921100e+01
-6.707751366540814786e+01
-1.036152075946854367e+01
-1.410774135071718050e+01
-2.502133756285505228e+01
-3.658133948514762324e+01
-1.033003956191264194e+01
-1.276961065665415873e+01
-9.619441703308748970e+01
-2.647256884536756161e+01
-1.522096414333060821e+01
-1.577430521191662649e+01
-4.777097462599826372e+01
-8.082665374917887391e+00
-1.840651386672079326e+01
-4.667279766877610925e+00
-2.144535349196902274e+01
-1.529729185246502254e+01
-1.665175053689975826e+01
-2.602071023991127063e+01
-7.139641243840191009e+01
-2.510750492034525649e+01
-4.418846807824431977e+01
-7.713570402163091089e+00
-1.037397128781057809e+01
-1.231209455174237810e+01
-1.860602318828971846e+01
-2.556457378332619967e+01
-1.681366519288589245e+01
-1.087585917396555004e+02
-4.480938540643579415e+01
-2.061193876984969364e+00
-1.144380587053080234e+01
-2.205042340664287437e+01
-3.001095492079388904e+01
-2.336497683979683870e+01
-3.661931279067084688e+01
-1.195039387745922532e+01
-2.936916143692340952e+01
-4.012868597487222644e+01
-2.923682058460267186e+01
-8.082665374917887391e+00
-1.564728946302459178e+01
-4.469632919853961539e+01
-3.547865618272151522e+01
-3.373218699851590685e+01
-2.077556992983189943e+01
-4.377380169485167016e+01
-4.138732749596702831e+01
-1.783002257496269394e+01
-1.709721989040658841e+01
-3.738649211223218316e+01
-2.640177167965892835e+01
-2.195088565712602602e+01
-1.805485076757114982e+01
-1.528585905878335005e+01
-9.911496228701077271e+00
-8.264164774131328883e+00
-1.866660610345177318e+01
-7.139641243840191009e+01
-1.327755076370124598e+01
-3.092545950465055782e+01
-1.253811866875697589e+01
-7.139641243840191009e+01
-2.281234141190430265e+01
-2.996591253065346194e+01
-2.952417777620239825e+00
-3.577164985284387200e+01
-2.583570579848498738e+01
-7.139641243840191009e+01
-1.780173962057779846e+01
-1.220447253072823557e+01
-1.882501852061511105e+00
-2.242155008928587279e+01
-2.804871523271801337e+01
-1.138177789091099079e+01
-1.390723779240879665e+01
-4.994761948113890071e+01
-1.857824015971883114e+01
-1.142242496694593612e+01
-1.023004765603809751e+01
-7.386335607633411016e+00
-5.174001314897104464e+01
-9.923495315911669223e+00
-2.626746945438089398e+01
-5.658495027174671321e+01
-2.551806311902632984e+01
-7.867326544675252364e+01
-1.240123633059127073e+01
-1.231651574091939816e+00
-2.581342055159910487e+01
-2.712445686824540658e+01
-2.565612158551231659e+01
-2.823628119607096565e+01
-2.068607654650537242e+01
-1.799637794711403416e+01
-3.567714016934382215e+01
-2.602434445038186439e+01
-1.927886459350197201e+00
-1.116621736870340165e+01
-2.799914066404434010e+01
-7.292518486388225973e+00
-4.524282903879195317e+01
-3.049473064561776781e+01
-2.668557176930888986e+01
-1.957522651985205542e+01
-1.922714138868810707e+01
-1.009249324533278269e+01
-1.131691424384805345e+01
-2.156295205206613730e+01
-1.012723182311900061e+01
-5.487246328832128484e+01
-1.935259330141566991e+01
-4.827510606706628238e+00
-1.998172357001931232e+01
-2.072358333423807153e+01
-2.356057055463842786e+01
-3.412625655802740710e+01
-1.204450452037169406e+01
-1.282461013229169211e+01
-5.093291647185957771e+01
-1.538943426315536556e+01
-3.898064180159587977e+01
-7.712385047926372472e+00
-2.527346218328463934e+01
-1.944945183778622066e+01
-3.616576687292691616e+01
-2.399424174359353756e+01
-2.080766476080587069e+01
-2.223686391391145989e+01
-7.945590581014016607e+00
-4.568404679565758642e+01
-1.695616712526983960e+01
-1.107895078348061269e+01
-1.380031935034187818e+01
-1.956369678641436849e+01
-4.274926102877699208e+01
-1.320668141766983972e+01
-2.454148481988125496e+01
-7.952215548190122441e+00
-1.119524489455284311e+01
-2.790881963473974636e+01
-1.016287270439921642e+01
-2.562762273600426965e+01
-7.273807273252573680e+01
-1.146521754449194574e+01
-3.711264152829685514e+01
-1.346305515821340570e+01
-2.970627995042218217e+01
-1.213681667222093807e+00
-2.116404869485184648e+01
-1.415266050096019512e+01
-1.563966323094922117e+01
-1.492414400004182795e+01
-1.400142521753033797e+01
-1.659463813927070674e+01
-1.495973430812576588e+01
-2.045608348660821108e+01
-8.996895241171207758e+00
-6.724868287040703052e+00
-9.279907721582967284e+00
-1.152776430314607481e+01
-1.308893420146450381e+00
-1.543038334562070979e+01
-1.701490693719735603e+01
-1.937408059122999404e+01
-2.942908747704871786e+01
-9.750225025412495583e+00
-1.401549410837295717e+01
-6.398783811845312641e+00
-2.162433965650070178e+01
-3.663157471932024123e+01
-1.934456053883085858e+01
-4.306564261085637213e+01
-1.853036298836462947e+01
-3.916265158627849985e+01
-4.269672895054844020e+01
-1.088204282263143874e+01
-9.284363668912902767e+00
-2.494499414800508319e+01
-1.117735218256120255e+01
-2.320542993889660721e+01
-3.720602482948097389e+01
-3.159301908394434832e+01
-1.150600509263652071e+01
-2.154248791161715104e+01
-2.569518922000433037e+01
-3.340357638061045265e+01
-4.048476149807708424e+01
-2.397797403997253696e+01
-2.751237672333989437e+01
-2.519835561259707646e+01
-7.955818306075602209e+01
-9.195245400751396403e+00
-3.667754064574610595e+01
-6.850518828875300414e+01
-2.730497152611005873e+01
-2.042011141656317363e+01
-2.218489057422014454e+01
-1.674310980547005556e+01
-1.455772582352069300e+01
-4.461071699638821997e+01
-1.934942792904625364e+01
-1.767683428261338108e+01
-2.223426500160024233e+01
-2.573750477598652608e+01
-5.385281368805076241e+00
-1.899921288121243279e+01
-1.836214997042152319e+01
-3.630028983893573979e+01
-9.200700818741701426e+00
-2.811682251923127751e+01
-7.139641243840191009e+01
-1.050608033675308803e+02
-1.689265738562233210e+01
-1.909318052450375802e+01
-7.139641243840191009e+01
-9.887375511831818287e+00
-1.867546648864978209e+01
-3.634654512025151973e+01
-1.353572857691246512e+01
-1.899004003308804656e+01
-1.762784012006999035e+01
-1.706985990322577607e+01
-2.174548193712395872e+01
-1.650461350889937862e+01
-2.599124335408134101e+01
-3.812989026432610729e+01
-1.288225319292849136e+01
-6.283363437689042996e+01
-3.058461945394133519e+00
-1.913561591251372818e+01
-1.253023577464031391e+01
-1.091089417358343994e+01
-2.179584385047829542e+01
-1.407829929939919289e+01
-5.303877219006903232e+01
-1.835003561911439363e+01
-3.122470557548876968e+01
-2.088857829326019200e+01
-1.307175887907487777e+01
-2.991457340342350690e+01
-1.168450681431059124e+01
-5.671457972672625658e+01
-1.491190339561127942e+01
-1.919761263006652285e+01
-1.573791680543944338e+01
-4.322587358187210782e+01
-2.060803915125584140e+01
-8.660541216058776470e+00
-1.600561279396782410e+01
-8.496942411776117865e+01
-1.531616742592663272e+01
-8.665770656960476970e+01
-1.757987197392241541e+01
-1.511662649416944149e+01
-2.026935744139312945e+01
-2.174474434214136664e+01
-1.416767779101558844e+01
-8.069050980368722037e+00
-6.261248019152603206e+01
-3.305744928524424608e+01
-1.056201677923172433e+01
-1.005054162472611523e+01
-2.873154322609699562e+01
-1.721131262661054961e+01
-5.308428588939734283e+01
-7.561794554695587145e+00
-1.535098761195576600e+01
-1.127398587998108992e+00
-1.027898414560747042e+01
-1.599660350942742149e+01
-1.185472480603776368e+01
-1.872936541162814450e+01
-7.284737928849571276e+00
-3.078345453411295729e+00
-2.226011604414663481e+01
-2.593368091759010596e+01
-3.488514575601026735e+01
-2.215355276052379097e+01
-1.387978790369302295e+01
-1.294905783078931094e+01
-6.281666139953458128e+01
-2.581008398925072811e+01
-1.606321821934380267e+01
-2.164895744511016318e+01
-1.549961492924860629e+01
-8.034626040373648692e+00
-3.893200005440718314e+01
-7.369692687779948415e+01
-1.867051573523194463e+01
-1.227832064396600664e+01
-2.344620929375679808e+01
-3.974120800783136787e+01
-7.719352823120638973e+00
-9.282797840785309518e+01
-4.908110457063552090e+00
-9.643372073051038385e+00
-2.422595302492005587e+01
-2.441210241142764303e+01
-5.757272210403984758e+01
-2.031549464010406325e+01
-4.466144344179593872e+01
-8.860213615781379559e+00
-1.368927928035713570e+01
-1.524786559254825491e+01
-1.255619194480737022e+01
-1.230079886211382600e+01
-1.383653089067949082e+01
-1.025631933669295925e+01
-3.022061861224679191e+01
-2.822068363393547941e+01
-2.701046071009414362e+01
-1.825071589769704516e+01
-1.658540605417549330e+01
-2.160288552548193763e+01
-5.529611319593968943e+01
-3.805741684380077317e+01
-6.289471758361329279e+01
-1.989355513663174335e+01
-4.377183726974870126e+01
-2.357696704101074658e+01
-3.258707007559841884e+01
-7.055215953672016482e+00
-1.378154078992021780e+01
-3.721856734372384778e+01
-3.021427685496203352e+01
-1.649178373927203012e+01
-7.139641243840191009e+01
-2.061795638369072137e+01
-1.651575333798821177e+01
-2.799635094082498998e+00
-3.115440384688772824e+01
-2.658106720851179716e+01
-2.659870773015466483e+01
-2.212524981113785216e+01
-3.112007724852568202e+01
-6.052601208668090749e+01
-1.171208291139030422e+01
-5.208157410805974052e+01
-2.203978311806044843e+01
-1.369582764332159108e+01
-9.877497744131462198e+00
-2.959786995465319848e+01
-5.362354824354843785e+00
-3.137078114234696358e+01
-1.003028476107449407e+01
-3.733919813941299282e+01
-3.173731950370292765e+01
-3.230891888719062877e+01
-3.761782403649558404e+01
-2.462100716599820061e+01
-8.863433124022257914e+00
-2.165273892525152277e+01
-1.504770958406050596e+01
-1.395912733451448950e+01
-1.271158256437975531e+01
-1.755656156286809377e+01
-1.134770724334616787e+01
-1.576262688615657837e+01
-1.218840802096277898e+01
-6.917642185612615791e+00
-8.708870742385101948e+01
-4.505293769577974672e+01
-1.809840430398064015e+01
-8.709172404045533256e+01
-2.292928032199117538e+01
-3.362992143108468213e+01
-3.941872629665928685e+01
-1.138353260767951625e+01
-1.241575622430595338e+01
-4.135154832361119759e+01
-5.608426906212327623e+01
-1.705260462286053524e+01
-2.027946441158418978e+01
-9.850077375026446092e+00
-2.325355913602283309e+01
-7.139641243840191009e+01
-8.850484336410605124e+01
-1.571895753698007425e+01
-4.802060411911718951e+00
-1.363255763379653729e+01
-1.624189848232548172e+01
-2.997686483954872472e+01
-2.324329164764471756e+01
-3.486195159302424429e+01
-2.313034998225372263e+01
-2.771314478672637094e+01
-8.959073931642846489e+00
-1.129921713674341177e+01
-4.139175911860644597e+00
-2.604035158526319549e+01
-1.743607875019155173e+01
-5.156579571297335463e+01
-4.217274989672451113e+01
-1.126757855219808491e+01
-3.167816304821205975e+01
-3.754896882012866399e+01
-1.922409145066508884e+01
-3.625269507723060514e+01
-7.852008902875375895e+01
-4.592570034807200052e+00
-2.110205995233135212e+01
-1.490828765117890953e+01
-3.102520753145614307e+01
-3.761782403649558404e+01
-1.964683446302923642e+01
-1.557226346998039546e+01
-2.325742116628718037e+01
-2.110966150639273309e+01
-1.005701336718851024e+01
-3.785176256272945494e+01
-3.195222327711927690e+01
-4.086541886498996234e+01
-1.729534320979784923e+01
-5.424643219770156399e+00
-2.667200133952150054e+01
-2.319825591102488715e+01
-1.964020363582721274e+01
-1.337463731458515070e+01
-1.115479027989844241e+01
-3.689776285570320624e+01
-1.293675477239249005e+01
-1.350687081137861334e+01
-1.360106306092063733e+01
-2.149433488149769644e+01
-9.124287709036039473e+00
-1.537969448653496229e+01
-1.928133078685734603e+01
-4.093927359479558881e+00
-5.297944217335712302e+00
-2.203344753888351804e+01
-1.236807004350511185e+01
-4.586817885763286995e+01
-3.252634166745167477e+01
-7.681740565761103312e+00
-2.201215407653077349e+01
-1.753922729827057836e+01
-2.505416689057220481e+01
-8.887377241756357904e+00
-2.002262552987426858e+01
-1.703200844039414719e+01
-1.653357416960529847e+01
-2.078355665481720038e+01
-2.534136983615953298e+01
-1.585731429949230886e+01
-1.473238141338639551e+01
-2.193523222822776475e+01
-1.485245460657991323e+01
-1.504977890527025330e+01
-3.191528474479770594e+01
-2.731185917004706809e+01
-5.281755331418321475e+01
-1.706600599373656735e+01
-1.905573078718437730e+00
-1.037141251519392604e+01
-1.502230080124927447e+01
-1.611413553538201882e+01
-3.274907787042438656e+01
-4.700012436064039889e+01
-2.011876948782826968e+00
-5.965707646058322666e+01
-1.123181331122698090e+01
-1.379533521459055123e+01
-2.832707268080751817e+01
-6.267795831184677091e+00
-6.371105506164857957e+01
-4.559062762805947244e+01
-1.316750919231376216e+01
-7.139641243840191009e+01
-4.649745829981591250e+00
-3.785176256272945494e+01
-1.084686724105350919e+01
-3.214087993536870158e+01
-2.279780843709052007e+01
-9.891814654528254813e-01
-1.070340757309244673e+01
-9.398614674496609922e+00
-4.700012436064039889e+01
-1.550906537175749733e+01
-2.077940784461513957e+01
-2.198903867102450960e+01
-2.060531365881677246e+01
-4.652988747816692694e+01
-1.983206002960235281e+01
-1.748754952353252534e+01
-3.044758839023582908e+01
-1.410329310750662835e+01
-1.895537461068268215e+01
-3.420209268162282257e+01
-3.646706790775473905e+01
-1.409579172583945095e+01
-3.105432197759174429e+01
-2.109072941444614813e+01
-1.518250535792363465e+01
-3.919596800121428259e+01
-7.030587305709578239e+00
-1.770438701894330080e+01
-8.250900282276509401e+00
-8.564508573319653095e+00
-4.271550061108560215e+01
-7.759634771534217101e+00
-1.058963762444833634e+01
-9.027630563770053129e+00
-2.257768007274362887e+01
-1.222962117373926461e+01
-2.908543864167374338e+01
-3.029115536259778807e+01
-2.246881657193623028e+01
-1.052145170407212227e+01
-1.717113485852542354e+01
-7.139641243840191009e+01
-9.542417265772446200e+00
-2.779202137828151820e+01
-1.955030787336109910e+01
-1.400968131686206242e+01
-2.521288325710151668e+01
-9.994881405448689193e+00
-1.873823084730493349e+01
-3.650302465748583813e+01
-3.647161165730742738e+01
-3.449778321258044400e+01
-2.743668843373714594e+01
-1.326231269740512531e+01
-1.727362255636037247e+01
-1.173500241724149440e+01
-3.098448177306383755e+01
-3.195222327711927690e+01
-6.859096403377859019e+01
-1.287113593533656619e+01
-3.218079751167017832e+01
-1.383241898667091974e+01
-6.385648265913929089e-01
-2.156195794852965619e+01
-5.529611319593968943e+01
-1.653165027338555859e+01
-5.197805375839697817e+00
-9.426594510158501805e+00
-3.053599719359208109e+01
-2.422607071495393782e+01
-2.468682012942365489e+01
-2.556806489424839768e+01
-9.267414081998623487e+00
-1.701474849833163105e+01
-7.139641243840191009e+01
-5.564108620197083077e+00
-5.421428541994579575e-01
-6.323784277158289946e+00
-9.984339113529745902e+00
-1.902258958410392609e+01
-7.258165432690955932e+00
-6.026041404600910312e-01
-1.983209249788382067e+01
-1.250636357169463331e+01
-3.247794341063156764e+01
-8.000000000000000444e-01
-1.809605785329970828e+01
-1.309916894928493925e+01
-2.218683418510312322e+01
-1.296260961600626693e+01
-1.550633411525529581e+01
-5.441425712774110934e+01
-5.045582629093424742e+01
-1.930533033464065440e+01
-1.104961800979824815e+01
-2.749579418659187624e+01
-9.302599602439785897e+00
-5.789844300867996907e+01
-3.654238492738352306e+01
-3.399786013438568943e+01
-1.021961370627148824e+01
-2.427718733084000391e+01
-5.494184802933206413e+01
-2.769313773361243847e+01
-7.056824280387388626e+00
-4.795719837086738835e+01
-3.521524110081362835e+01
-2.986270461164679091e+01
-2.360194356430418239e+01
-4.448888768649155168e+01
-3.107845136057507318e+01
-2.761067373662880442e+01
-5.459609133235084499e+01
-1.829357860853877682e+01
-2.545879770233941386e+01
-1.820073929614274633e+01
-1.128173843604376536e+01
-7.820959127857274318e+00
-1.672487590434166194e+01
-1.527636597305450472e+01
-3.029130739041641363e+01
-7.613538111163257405e+00
-5.658710136965201798e+01
-1.015273607936981293e+01
-2.447570590952249248e+01
-5.472719757261280016e+00
-1.251235035379497518e+01
-6.427405267830936353e+00
-3.865679276173545986e+01
-1.840297045207180915e+01
-2.219191089255950189e+01
-2.210846426984474888e+01
-2.634878461705605446e+01
-8.149192985417409218e+00
-6.646739426445411603e+00
-1.410295586584971517e+01
-8.374195201913732234e+00
-1.103447618587032864e+01
-2.235205819359677903e+01
-1.591732800899382028e+01
-1.711873417990330637e+01
-4.532226442150248147e+01
-1.656630348011152165e+01
-1.492918324906825234e+01
-6.225735323542563648e+00
-1.789685017498582909e+01
-1.135527836623659681e+01
-1.584782062402828018e+01
-2.218876148614971910e+01
-3.551353682827785008e+01
-2.457344537158754960e+01
-1.059718905683202550e+01
-1.511348146132689152e+01
-1.806785629801000326e+01
-4.928597933892940119e+01
-5.505311662990052923e+01
-2.578902331716493990e+01
-4.454248359602249252e+01
-1.314381042258550636e+01
-2.942908747704871786e+01
-3.609430446953531657e+01
-1.719573148948658670e+01
-1.213534770333088275e+01
-1.988841527976275714e+01
-3.813232896559013341e+01
-1.126191971683664939e+01
-2.289632305338703233e+01
-2.930644852132580880e+01
-4.991800572643325040e+01
-3.195222327711927690e+01
-2.377272307986929434e+01
-3.925081562256835355e+01
-3.930848011186226287e+00
-2.920255407208064824e+01
-3.182167204489578083e+01
-2.108306999090029876e+01
-1.019544834196542027e+01
-2.143282844494252615e+01
-8.027654007632161637e+00
-1.990926062890058645e+01
-1.792410383303749200e+01
-1.495378225888993384e+01
-2.606926791300901769e+01
-1.402233479353912671e+01
-3.682652659423715846e+01
-2.568787269854925270e+01
-2.287852848665401595e+01
-1.517053672900806394e+00
-1.122504331666830169e+01
-1.780629623365161152e+01
-2.230832290572069709e+01
-9.636540905387785472e+01
-3.427715556487396498e+01
-7.627177682274854931e+01
-1.262393649245929694e+01
-1.472379480723468959e+01
-1.513737324410184826e+01
-4.814939907073743086e+01
-3.859888650703100943e+00
-2.735917179734684979e+01
-2.902048222118978416e+01
-1.484328534876135208e+01
-3.148327378599926973e+01
-9.652987122119453645e+00
-2.686960272834773633e+01
-1.841056801097522211e+01
-3.927573914540562328e+01
-1.427508084344143491e+01
-1.524906833962179853e+01
-6.561440383819088673e+00
-1.885307242995752119e+01
-9.549576000951573107e+00
-1.810622609537795924e+01
-9.933601303031744933e+00
-2.654914887549919200e+01
-4.460964073109229844e+01
-1.151670779523644228e+01
-4.816723554617946945e+01
-1.055883266948700161e+01
-3.281576069489926528e+00
-1.660474976652646006e+01
-6.978510888206812979e+01
-1.739808193094902578e+01
-1.259882185398651622e+01
-3.423390427516253709e+01
-1.107992415792057272e+01
-3.195222327711927690e+01
-2.079456797378676569e+01
-5.802604804340072775e+01
-1.316059891692189332e+01
-1.917198745864589426e+01
-2.726153700501782140e+01
-2.550961814927990901e+01
-1.319296931883504698e+01
-1.537303707015473542e+01
-2.530217560846872260e+01
-6.638167733726166198e+00
-1.325534628755784361e+01
-1.020385345860300674e+01
-5.088278713180605450e+01
-2.951925386741602608e+01
-1.691818124496955633e+01
-7.576166755411558995e+01
-2.415793308790463456e+01
-1.528738236621905244e+01
-5.879211889001853208e+00
-5.075474195875600003e+01
-3.983268365018318491e+01
-1.177788514144770460e+01
-5.989908556965453101e+00
-1.789685017498582909e+01
-2.079306442930137422e+01
-1.421563666573018381e+01
-1.776042081433807596e+00
-3.828651366553140178e+01
-1.175431725189486443e+01
-1.502432690082786593e+01
-1.794317522906687756e+01
-1.598736175931810521e+01
-1.793184621114322397e+01
-2.561739989762672209e+01
-3.606403179321794994e+01
-1.211571724563765073e+01
-2.013548981791686643e+01
-3.841478499661623403e+01
-4.750598466111404150e+01
-2.451565072600715567e+01
-2.232077640648117978e+01
-2.292889104220818552e+01
-1.252172968028300026e+01
-9.172011363606083378e+00
-3.179215941869335893e+01
-7.945590581014016607e+00
-1.436896932672431504e+01
-7.398466734509497877e-01
-1.328619021887069174e+01
-4.989766681122121383e+01
-1.262273866714815540e+01
-9.937522486355737783e+01
-3.919570084337014748e+01
-1.387537208063341510e+01
-1.287429958230561411e+01
-3.893327915784205118e+01
-2.836705273770560254e+01
-1.846557157261818460e+01
-1.330481323322896614e+01
-1.167891471149844129e+01
-2.885326368759109528e+01
-5.038200010025666842e+01
-1.706994522747607590e+01
-1.032064074570190471e+01
-1.784068310688837045e+01
-4.113287609445481507e+01
-2.070456252361542937e+01
-3.836737348361996425e+01
-2.206448964100852805e+01
-2.942908747704871786e+01
-1.333613696443680396e+01
-1.789685017498582909e+01
-8.579508893621756727e+00
-5.609385173851273443e+00
-6.190045352738785533e-01
-1.450894600100496135e+01
-9.862674816093492325e+01
-1.863160682100490817e+01
-2.777423545668637672e+01
-2.313865778151532382e+01
-1.327366759297614784e+01
-9.198065570940027413e+00
-1.891349733838047698e+01
-1.050405397714130196e+01
-3.306815471079191582e+01
-5.529611319593968943e+01
-2.564061570510027366e+01
-1.648338810234069030e+01
-1.173293706589685215e+01
-1.610640595568956712e+01
-4.571462291922033927e+01
-5.621844392214507735e+01
-1.317578960659419707e+01
-2.381381261760726886e+01
-2.491817633692442868e+01
-1.030042351735262329e+01
-5.252009119654731606e+00
-7.172855745912478653e+00
-7.692469589838443866e+00
-1.964753676497884571e+00
-1.528738236621905244e+01
-2.215165260737548181e+01
-1.146932832787936674e+00
-1.506619470081601975e+01
-4.177549772498171876e+01
-3.894079464326829054e+01
-5.418335570553073666e+01
-2.758849791827442388e+01
-1.238532471712756688e+01
-2.105435776442465468e+01
-3.315817837824245373e+01
-2.440271474052788392e+01
-1.668492281992106996e+01
-1.681043054825301297e+01
-2.213515853838468317e+01
-1.528738236621905244e+01
-2.533648209548025676e+01
-7.214633563269468475e+00
-9.258562751869643392e+00
-2.455276128251171741e+01
-1.488773694512324397e+01
-7.444121242170734121e+00
-3.231706549230952419e+01
-1.677996986024293591e+01
-7.497080955735588859e+00
-1.538156577065175412e+01
-3.820694103567681310e+01
-2.217409816873688655e+01
-5.733730094475242822e+01
-1.423966625125491348e+01
-2.767998895894878686e+01
-2.179015250075167387e+01
-1.261845665013187023e+01
-7.139641243840191009e+01
-2.122351405409508285e+00
-1.575852227906670677e+01
-1.567944046876706921e+01
-4.784439891980750303e+01
-6.995358910773520122e+00
-1.243079183123383658e+01
-2.653279864102876573e+01
-2.568138480099497656e+01
-4.455370400165257649e+01
-2.137284914949523440e+01
-2.120380739296999550e+01
-2.579734391505826352e+01
-2.159536692517088241e+01
-1.305519776994481163e+01
-2.649373840803282576e+01
-8.670284851691794969e+00
-1.094963634182544254e+01
-1.182237846891572985e+01
-1.886698510158197806e+01
-1.270833318691909497e+01
-2.925140741130908140e+01
-1.360529861769306592e+01
-1.219771789337815449e+01
-2.225203694624074657e+01
-2.099433476903272933e+01
-3.045580657103527855e+01
-1.133472932961779200e+01
-2.339346719538441732e+01
-8.701380516357408723e+00
-2.455205897223864397e+01
-2.008528370452838274e+01
-2.392065314909356033e+01
-8.847745520459882940e+00
-2.536422234241824469e+01
-2.798641748015598552e+01
-3.195222327711927690e+01
-2.502094713114261637e+01
-4.084432628376784180e+01
-2.880330049002260751e+01
-1.967436145996640562e+01
-7.536114575799723880e+00
-2.950395571756235569e+01
-1.259437038898762040e+01
-2.758047154886917696e+01
-4.666967421489029277e+01
-4.255547646720137323e+01
-1.009969192344064126e+01
-1.307082105380353454e+01
