-1.085737321660422765e+02
-3.881438774373732059e+01
-2.386813574860062559e+01
-3.383035224698169685e+01
-4.325768223202256735e+01
-7.018419575066960192e+01
-3.894883731900210222e+01
-2.772797100572364215e+01
-3.096148785993964481e+01
-6.539359294989010607e+01
-3.987230545108474189e+01
-2.901519991965542644e+01
-9.629107825956216971e+01
-3.887343657955238996e+01
-1.159645286536601247e+02
-2.946020137022578922e+01
-3.387676300730122136e+01
-4.620610196498603273e+01
-4.754929068526289626e+01
-6.875586846532620200e+01
-4.195093122709614875e+01
-3.649290653648387206e+01
-6.873156546881658358e+01
-1.355775450761866239e+02
-6.560597962852274634e+01
-5.522066074228025911e+01
-2.895273453086894833e+01
-3.292247005022883855e+01
-5.361536984427491603e+01
-2.821998454664462130e+01
-6.639184158465727137e+01
-1.140472068234984562e+02
-3.048670763193210931e+01
-8.283526974899321260e+01
-4.872829410989790233e+01
-2.838228960030832937e+01
-1.041231767943138919e+02
-1.043175641230716195e+02
-3.856702004778728821e+01
-3.257179134644893281e+01
-3.943242357578989044e+01
-1.818411343916665501e+01
-1.391449337463498921e+02
-7.046670803534480854e+01
-2.384228877171827676e+01
-3.585045121038757543e+01
-5.153212478456628531e+01
-2.710750748006294586e+01
-2.178018441208478961e+01
-6.151218619258439446e+01
-2.761132554546791695e+01
-1.468581416413433161e+01
-1.511054454747463005e+01
-2.101310587258299023e+01
-2.609139896139599202e+01
-1.811908245841929599e+01
-9.529943207990188014e+00
-7.197781361619853158e+01
-1.068537287995725471e+01
-2.096528561629774856e+01
-6.524799929518587760e+01
-5.771077555682192894e+01
-3.028910168910469380e+01
-7.203138942099255360e+01
-5.853348897866806055e+01
-5.713478570925357047e+01
-1.001999319771566661e+02
-2.492079278049586932e+01
-3.025162462315164191e+01
-1.008499584148578876e+01
-3.414939232925484447e+01
-6.110283621509765339e+01
-1.736434087436674290e+01
-7.110428832873782135e+00
-5.552992114890037811e+01
-2.294023522244300395e+01
-1.006105102820180974e+01
-5.717555850221193481e+01
-7.938659612875603955e+00
-4.194740964710907605e+01
-4.305729922359350326e+01
-5.442765745085843321e+01
-3.188767575422410161e+01
-1.227350959025580011e+02
-3.003404419831617034e+01
-2.608258191631651002e+01
-5.506880682941363148e+01
-3.283989695702656775e+01
-1.774883499306869084e+01
-1.726231088143380532e+01
-7.588276823733079368e+01
-3.125325013009204866e+01
-2.041432463389685026e+01
-1.585253365807069770e+01
-3.712156454716843257e+01
-7.284543158748874703e+01
-3.687111806301035699e+01
-7.447016537155426441e+00
-4.965801102371266040e+01
-5.902347921332717817e+01
-7.535765410289081956e+01
-1.313199384455457164e+02
-3.900498049269231160e+01
-5.655487062160018752e+01
-6.039364894656624472e+01
-1.594555488824865677e+02
-1.180517916278797372e+02
-6.970824864208984195e+01
-1.888075142005703810e+01
-6.248383976665092376e+01
-3.591950930198217318e+00
-1.345149805877616345e+01
-1.678162750033743222e+01
-3.809248455634265440e+01
-6.814683734813614535e+01
-9.836909141919046817e+01
-1.289153194767172117e+01
-1.602888561115457833e+01
-5.023393947501392631e+01
-4.626125467802815194e+01
-2.444788319032760526e+01
-5.178350356793752240e+01
-1.680472765642937460e+01
-4.359258785000913150e+01
-8.604490464878267630e+00
-5.797713318185309106e+01
-6.417048066741440238e+00
-2.384884099252153078e+01
-5.213734770788646244e+01
-5.865076424755095275e+01
-1.695549883926973322e+01
-2.407090570555466869e+01
-3.152456977983477060e+01
-3.649903181173698385e+01
-5.693430213403603801e+01
-1.227637244206601785e+01
-3.993646036620990003e+01
-6.412896191811169899e+01
-2.726073014944928019e+01
-2.195365830802336404e+01
-2.981227848413880110e+00
-8.896926455005145229e+00
-6.130790445439475178e+01
-3.095804848600427661e+01
-9.950626949840876989e+01
-2.533600266556932823e+01
-4.387605608988746297e+01
-3.994146285335189361e+01
-1.008762895651363181e+02
-3.082109200235374402e+01
-1.046412872012310480e+01
-2.751405959554208991e+01
-8.478387007955312527e+00
-6.606162834947300055e+00
-2.347622615169139948e+01
-5.589061714043208440e+01
-6.092330951595290855e+01
-1.229527454893027993e+01
-4.929618309238653495e+01
-3.706367112561527932e+01
-5.538529963603041040e+01
-1.003745111319515786e+02
-7.744145191832764397e+01
-1.440042304975708021e+02
-5.218223620340371127e+01
-7.264628405289926150e+01
-5.904370828363077095e+01
-7.133372266073887147e+01
-7.276668223447555306e+01
-2.449056192465792137e+01
-2.000049481701948650e+01
-5.980398764764817088e+01
-6.937133852960604941e+01
-1.418958344090569597e+02
-1.370278762909875070e+01
-4.557760939891846874e+01
-7.772370307137133238e+01
-5.810653144888030397e+01
-1.292749692829520214e+01
-3.947980373463263959e+01
-4.259978601291629730e+01
-2.429776850840266533e+01
-2.277042886110265485e+01
-3.721577627171419778e+01
-9.915796874434548158e+01
-3.182006778859539509e+01
-5.131871284719471760e+01
-2.016717777210350349e+01
-5.171866410872215880e+01
-9.654585028734551599e+01
-4.331793953944871589e+01
-1.099932497764610133e+02
-5.566945681192209605e+01
-8.018252509596100808e+00
-6.772167859792378408e+01
-1.426440739329130736e+02
-1.666486282422323484e+01
-7.082175360552939480e+01
-5.213468972541594582e+01
-9.108246394254406297e+00
-4.226798692494434562e+01
-5.196976589603609398e+01
-7.137581586205163831e+01
-1.582953691635693261e+01
-7.388656460766526379e+01
-5.721324465749749066e+01
-1.031177270899306464e+01
-8.919934246127034783e+00
-8.027684550264481800e+01
-5.980825636173605631e+01
-1.665423190537369891e+01
-1.407240925477740845e+01
-6.472196718439164442e+01
-1.225410275733216139e+02
-4.893581878754385173e+01
-7.717531677873371621e+01
-3.072358707665787136e+01
-5.319415751453270502e+01
-3.645754207277651915e+01
-6.706591428706637714e+01
-5.659376711142071059e+01
-3.590565418204059256e+01
-3.220249204380670704e+01
-1.840522547306463963e+01
-2.589074553509786725e+01
-1.543233739733081933e+01
-8.365504530351219614e+01
-7.598239309100870287e+01
-2.073887059123813970e+01
-8.252126894585131822e+00
-7.763571813748420425e+01
-9.225814469251307770e+00
-1.189649184815174365e+01
-6.134596867432591694e+01
-1.764180258967769888e+01
-3.630959297302283062e+01
-1.868859559183403363e+01
-3.473096111623881654e+01
-3.184840837415869430e+01
-6.277606609957081929e+01
-1.593948563683178854e+01
-5.527797334360543147e+01
-6.041617931704084299e+01
-3.822405952462618473e+01
-5.786504566121127624e+01
-5.864255871448386870e+01
-1.471033690213363698e+01
-1.486980052302815913e+01
-1.386288784517422243e+02
-2.347622615169139948e+01
-4.071203264299657576e+01
-1.359203615075713856e+01
-5.990452249447900357e+01
-2.664513947282727813e+01
-5.651674986243445176e+01
-4.345484789699719386e+01
-5.423589524639366033e+01
-2.618944594223970057e+01
-1.991435840063610385e+01
-3.161579486506607140e+01
-1.512168354894441080e+01
-3.046195779251192093e+01
-3.957170382789008301e+01
-1.115729052053277570e+01
-1.375208406684255351e+02
-3.113072844832782593e+01
-2.941266938042850754e+01
-9.676385610140835425e+00
-8.989109822899319369e+00
-4.102049195261182746e+01
-4.302245837473667223e+01
-2.203300034576260202e+01
-6.417048066741440238e+00
-6.017193167254003328e+01
-8.561324615747761868e+01
-1.872096957270280626e+01
-7.809401652907774860e+01
-5.754086229906576477e+01
-8.874031552381561383e+00
-7.580443564557295133e+01
-2.508292722861792967e+01
-8.609986539027404717e+01
-4.790514125212652630e+01
-1.621374002565608663e+01
-3.601708581650592578e+01
-4.832360740840961455e+01
-7.787914734936532568e+01
-5.306953045817250114e+01
-8.217561057772908839e+01
-5.889372903981485763e+01
-6.102287540855515147e+01
-6.168838066474559412e+01
-1.916336959892631597e+01
-1.292770537235991668e+01
-3.087864285709551382e+01
-3.418858389716740476e+01
-5.875619936669861687e+01
-3.095252558356166617e+01
-1.686069122657550423e+01
-9.499265509831457166e+01
-4.765306582829347093e+01
-1.885000791994358949e+01
-4.341648181296815068e+01
-6.789929150540000080e+01
-2.885782557852875385e+01
-2.862220575572455417e+01
-3.967911265202074844e+01
-6.273893262757392364e+01
-8.217561057772908839e+01
-5.688405166230363363e+01
-1.975874604729173356e+01
-3.148747766533726988e+01
-1.615433974940848572e+01
-1.181695503095561577e+02
-1.479619977090518645e+01
-4.085024336779135012e+01
-1.728705459849646431e+01
-2.687339371080240724e+01
-5.801106351988582333e+01
-2.340467888427932763e+01
-7.363502775597812899e+01
-6.855982198741365607e+00
-1.345479382291420123e+01
-1.004716826430984078e+01
-5.737246087755102053e+01
-4.673841153202718601e+01
-1.685144256363096815e+01
-4.078263426857333229e+01
-2.439131550834281725e+01
-1.934013965989699102e+01
-7.181884161375029407e+01
-1.541718403002037263e+01
-4.937318730771384878e+01
-4.673841153202718601e+01
-3.578404715363307531e+01
-4.537053582525447837e+01
-9.017138435672091390e+00
-1.027733311896650292e+01
-4.678679156890929391e+01
-1.405565778740017358e+01
-1.294957139385581968e+02
-3.217967096580781572e+01
-5.879949748489197958e+01
-7.667964811455136953e+01
-3.171928848365877585e+01
-1.938207008223167094e+01
-2.080668620606681074e+01
-2.763663782337953378e+01
-4.614870795357967381e+01
-1.185781603055141460e+02
-3.541237181771092679e+01
-5.976049672105598454e+00
-1.176601997777717372e+02
-6.227931629527557789e+01
-2.766497624538141054e+01
-1.344464250320065730e+02
-5.906060915783390186e+01
-5.887436953280538887e+01
-2.019042942407463315e+01
-1.433305418806788367e+01
-2.724363217808260629e+01
-5.703951470281003111e+01
-3.045101010941630904e+01
-1.098339925078716028e+01
-5.959868069278477520e+01
-3.697791089324731928e+01
-3.769850250705161443e+01
-1.276645388004898507e+01
-2.294528343641849233e+01
-1.463353682080174956e+01
-3.793148381700882510e+01
-4.328832356011957927e+01
-8.755059102173479602e+00
-6.005100380484709888e+01
-1.910367396620975100e+01
-4.591106525595255050e+01
-4.176845534791307557e+01
-9.699699835848056750e+01
-2.382803654196308329e+01
-1.214436098861873958e+01
-3.926745507661722456e+01
-2.706404382524346275e+01
-7.112271334167920145e+01
-2.687339371080240724e+01
-6.916095202029995903e+01
-6.465333417773851465e+01
-7.253864390396320516e+01
-2.602411704853185626e+01
-3.484484841978093606e+00
-1.952088179721720351e+01
-3.990328627625812885e+01
-3.481872987068806680e+01
-6.030461486277071970e+01
-1.615433974940848572e+01
-2.316971990887406108e+01
-8.363660313191522278e+01
-5.878887659357112483e+01
-5.892229323544439978e+01
-5.912326367878178957e+01
-3.501789744828764128e+01
-1.265539819857235848e+01
-8.123437911364577246e+01
-5.232829912466812061e+01
-7.737864168521292640e+01
-3.802043576516933143e+01
-2.687339371080240724e+01
-8.954289306185589936e+00
-3.709971642293436389e+01
-6.193405836680429388e+01
-1.574294457007111170e+01
-1.502581392852161102e+01
-1.612178400103477429e+02
-2.233700498430156145e+01
-3.041081339668834360e+01
-6.417048066741440238e+00
-3.507223333406502519e+01
-6.012448352437853316e+01
-6.036471395155591324e+01
-5.768651676942894824e+01
-1.621150296447411066e+01
-6.761651957896717136e+01
-2.818041509915120102e+01
-4.567879664133535300e+01
-4.176479203499020798e+01
-3.763809290408626396e+01
-8.714189912868828713e+00
-2.227333515947026044e+01
-3.471817092768801238e+00
-3.501789744828764128e+01
-2.898165029906608225e+01
-5.755832836748088255e+01
-1.614040279954994332e+02
-5.879949748489197958e+01
-6.188732987891864923e+01
-1.715814518855287929e+01
-3.865085154082821361e+01
-2.543924624951335645e+01
-1.201025077411801902e+02
-1.440516628103156052e+02
-7.685741003665557791e+00
-5.200535326328225239e+01
-1.176601997777717372e+02
-7.699829545664636044e+01
-4.649111453286712958e+01
-7.647892772997575150e+01
-1.445216356340228359e+01
-1.247069589094333537e+02
-5.921077783920230786e+01
-4.287797449503815272e+01
-5.001091202956997961e+01
-2.792032633190823177e+01
-2.503353267219406675e+01
-1.010478213663543556e+01
-4.328832356011957927e+01
-7.872906548159910756e+01
-4.086033081112401533e+01
-6.205648180609158970e+01
-6.475217494784325822e+01
-4.001999894948190217e+01
-1.409235097450355312e+01
-5.672274715178608062e+01
-3.148880903399057019e+01
-8.228437200033506826e+01
-5.861172683469447975e+01
-3.681649206695259124e+01
-6.628294735955719830e+01
-1.709104497103048459e+01
-2.436846741912840031e+01
-7.388656460766526379e+01
-8.263083224731263954e+01
-1.176601997777717372e+02
-4.713872311107142110e+01
-1.759068998448603693e+01
-1.111455924564357360e+02
-7.439348508562196649e+00
-6.917709486076907410e+01
-3.655439165025681092e+01
-2.657555248939215886e+01
-5.237743670580354660e+01
-5.788901673169488049e+01
-1.400942609031037023e+01
-1.359203615075713856e+01
-1.648912651475479407e+01
-7.181884161375029407e+01
-1.599733092532765966e+01
-4.673841153202718601e+01
-3.148880903399057019e+01
-7.388656460766526379e+01
-2.596881814009381984e+01
-3.429215822204187702e+01
-2.316971990887406108e+01
-7.294235903997022774e+01
-7.573575882671576665e+01
-4.673841153202718601e+01
-2.239119794616005521e+01
-5.176524951262840091e+01
-4.734311708036028676e+01
-3.722611523446384041e+01
-1.539487089646547702e+02
-6.417048066741440238e+00
-2.235213257178728341e+01
-1.621150296447411066e+01
-4.584292185959760957e+01
-4.189164505557688756e+01
-4.141507523044057848e+01
-2.033266169680438296e+01
-4.025180976780342235e+01
-3.148880903399057019e+01
-5.887934294084650588e+01
-5.453021716293374510e+01
-4.673841153202718601e+01
-1.409235097450355312e+01
-1.193406654313307058e+02
-3.485415440168910095e+01
-8.272697075343938877e+01
-1.206275608517221976e+01
-4.731099744940935636e+01
-2.085702022978385983e+01
-2.407689746062144565e+01
-5.943212591993081872e+01
-1.197288533574890153e+02
-1.561165408708136795e+02
-5.495664263239868319e+01
-2.414523820184488301e+01
-4.326879724286521167e+01
-2.167840092484942005e+01
-1.622885700585008095e+01
-9.311701086927563153e+01
-1.615433974940848572e+01
-2.477304959847577948e+01
-4.251135171337172380e+01
-6.706591428706637714e+01
-3.931553779682305105e+01
-1.067968002000566763e+01
-1.242806436163772190e+02
-8.508860465424531583e+01
-3.022895015905139715e+01
-3.140787437491525225e+01
-1.567223189910725623e+01
-2.265261080438396490e+01
-4.025180976780342235e+01
-5.159780116246825088e+01
-3.094569545316854331e+01
-6.038055122019108012e+01
-1.541718403002037263e+01
-2.870610781081662211e+01
-7.128847326839888865e+01
-4.601548967261715717e+01
-7.387207931980111830e+00
-4.603753493760575566e+01
-1.752041945227965059e+01
-2.347622615169139948e+01
-9.766890731383776370e+01
-7.811310564839139658e+01
-4.678679156890929391e+01
-2.499497775844272596e+01
-3.564965071079908654e+01
-1.582581109490605087e+01
-1.206494114184380351e+02
-2.779796740430485613e+01
-2.347622615169139948e+01
-1.358269341072325531e+01
-9.137152123858815145e+00
-6.417048066741440238e+00
-5.799872918481429451e+01
-3.429215822204187702e+01
-7.534704353003061783e+01
-3.539512933030003694e+01
-3.470841924671555034e+01
-5.703792788570137873e+01
-7.058990952988645518e+01
-1.573819041863523616e+01
-5.843309156678515137e+01
-4.226798692494434562e+01
-3.926083911092202072e+01
-1.409235097450355312e+01
-2.265261080438396490e+01
-3.595313907383456353e+01
-5.677922160666014406e+01
-2.687339371080240724e+01
-5.853408523450702461e+01
-5.756794882154263604e+01
-3.668935289109803222e+01
-9.311445501734667118e+01
-2.325104440437189623e+01
-3.645754207277651915e+01
-3.148880903399057019e+01
-4.920561376224179639e+01
-7.279838413859826574e+01
-9.157155107400910765e+00
-2.009633148921432166e+01
-3.285919946332386132e+01
-1.447470952652801373e+02
-6.200738391476242839e+01
-1.995006578752763460e+01
-7.258343538375989112e+01
-4.003031977594834956e+01
-2.347622615169139948e+01
-3.681634781410837576e+01
-6.417048066741440238e+00
-8.423916465090847794e+01
-4.226798692494434562e+01
-1.479625003233727298e+01
-1.354673891086067954e+02
-2.687339371080240724e+01
-1.666486282422323484e+01
-8.799565070587919990e+01
-5.673218947501376874e+01
-4.622570228248217461e+01
-4.673841153202718601e+01
-1.567084230164234349e+01
-1.045257475001724146e+01
-6.417048066741440238e+00
-9.002825620077425484e+00
-9.010781669826098295e+00
-9.259160718988215422e+01
-1.126961832901931082e+01
-3.429215822204187702e+01
-3.791434773952734361e+01
-3.998045030488729168e+01
-4.226798692494434562e+01
-3.470841924671555034e+01
-3.470841924671555034e+01
-5.666517464923896341e+01
-5.390785425853658808e+01
-5.312565107871266434e+01
-2.316971990887406108e+01
-1.435094156661766363e+02
-1.022076393169573194e+01
-8.699187062882995036e+00
-3.037589067798242226e+01
-3.595313907383456353e+01
-2.577170447423608479e+01
-2.068208606463187849e+01
-8.027684550264481800e+01
-8.713983905140208819e+00
-7.341725564256276471e+01
-3.073554396721890924e+01
-6.855982198741365607e+00
-8.888429360483382169e+00
-3.718497846693443876e+01
-1.380799185283695607e+01
-2.805322485919867148e+01
-1.255482855200973624e+01
-1.662081343578558190e+01
-3.167824702274442217e+01
-7.222757647217735055e+00
-3.997612912258061613e+01
-1.349155562698763902e+02
-5.562513925268891057e+01
-5.298332374728721561e+01
-2.533600266556932823e+01
-1.197614240440189448e+01
-2.316971990887406108e+01
-2.009567939053801666e+01
-7.146130800274958972e+01
-1.348713242329128263e+02
-5.841842381391874994e+01
-4.038845692056047199e+01
-2.347622615169139948e+01
-1.666486282422323484e+01
-7.687371472290975305e+01
-1.075718242680667629e+02
-2.487328779809584134e+01
-5.209648830634661465e+01
-1.616162582526267144e+01
-8.485749364839462316e+01
-1.474416489953923914e+01
-1.271316628278236571e+01
-3.751885927275770882e+01
-1.377639538661496310e+01
-3.791434773952734361e+01
-1.572099459265138499e+01
-1.984179559830720763e+01
-6.331989995210140165e+00
-2.075611452128950773e+01
-9.597664849328342029e+01
-5.781963326120968816e+01
-2.785916374943720442e+01
-1.420545311022930548e+02
-2.347622615169139948e+01
-7.754033919372793093e+01
-5.934598116080086072e+01
-9.212825434263919533e+01
-1.409235097450355312e+01
-2.454035884412613200e+01
-8.385159426059974663e+00
-3.429215822204187702e+01
-3.470841924671555034e+01
-3.672211501573309533e+01
-2.749254096777079326e+01
-9.490256560769699590e+00
-5.665027296849702054e+01
-7.181884161375029407e+01
-3.645754207277651915e+01
-1.933101441450424574e+01
-7.077944417627291429e+00
-1.608473419511372526e+02
-6.973586097232470138e+01
-1.468245390811293483e+01
-1.563532815570626866e+01
-5.209648830634661465e+01
-4.390009398665942086e+01
-4.481164916955063404e+01
-2.687339371080240724e+01
-1.552143440145573727e+01
-3.836402861294199340e+01
-2.823736222901886350e+01
-2.829067672443803971e+01
-3.959721035401862821e+01
-1.309324604193665778e+02
-7.113277291628223509e+01
-5.619151099002192495e+01
-2.687339371080240724e+01
-4.226798692494434562e+01
-1.654763492448761042e+01
-1.969850608990901719e+01
-2.981227848413880110e+00
-5.568229899098315627e+01
-2.424313665810462481e+01
-1.141593205482528219e+02
-1.694474852780692231e+01
-1.758894157192597163e+01
-7.551310065244305747e+01
-8.604490464878267630e+00
-3.854782092783514713e+01
-9.487967579652982408e+01
-4.678679156890929391e+01
-8.310360300929809796e+01
-8.560383304390319026e+00
-7.826364014262128421e+01
-5.492987105416806770e+01
-8.864117727855012063e+00
-4.673841153202718601e+01
-1.041274878703732156e+02
-1.348051691705161659e+01
-5.707314608480872664e+01
-8.023999820065844801e+01
-1.355878149869603817e+02
-5.877957423560663131e+01
-1.349261790191355601e+02
-1.902789218715421882e+01
-1.873478423572551677e+01
-1.583485435118953433e+02
-5.842646778204812108e+01
-8.208835418963830932e+01
-9.115595568213224453e+01
-6.981242824058496410e+01
-3.470841924671555034e+01
-7.090966291184096271e+00
-6.331989995210140165e+00
-5.784396120935340946e+01
-3.271993764281997841e+01
-1.760132969808771009e+01
-6.717048066741440060e+00
-5.259424302555398612e+01
-3.155568386316211615e+01
-5.051080022817731674e+01
-9.306948580672283811e+01
-1.289947208236102583e+01
-4.284806625372511490e+01
-8.873800011711990976e+01
-2.347622615169139948e+01
-4.676528737260428414e+01
-2.434119126652655396e+01
-2.356107109003336220e+01
-3.125699821566905001e+01
-1.412815108632617296e+02
-5.781152965941505784e+01
-4.673841153202718601e+01
-4.385264820932341934e+01
-3.862213425565330738e+01
-1.939515502715686068e+01
-6.017337014953645991e+01
-2.451021358725223465e+01
-3.936547921612255863e+01
-6.417048066741440238e+00
-5.924629981564673642e+01
-7.725575091293100627e+01
-6.135744558359898804e+01
-1.409235097450355312e+01
-1.666486282422323484e+01
-1.554229159877567952e+02
-6.460761141356377379e+01
-2.644744485267062473e+01
-7.844454167152370871e+00
-5.209107157261979637e+01
-8.027684550264481800e+01
-7.408573218526481696e+01
-2.918472391885699224e+01
-1.332527128321498289e+01
-8.944165541778247075e+00
-1.644331378279562728e+01
-5.912977351902943468e+01
-5.462967267077031153e+01
-3.841761767395075822e+01
-4.318437098912414029e+01
-4.327962031074508076e+01
-1.733412513734904081e+01
-1.240761309929182801e+02
-3.470841924671555034e+01
-1.339827946607876541e+01
-1.339827946607876541e+01
-4.010324340062324922e+01
-7.023437402808183627e+00
-4.673841153202718601e+01
-1.107435392462581802e+02
-6.658813190186529596e+01
-3.117791991800870832e+01
-2.430749557562126384e+01
-2.686364786492744727e+01
-3.858225087644295570e+01
-2.981227848413880110e+00
-2.325104440437189623e+01
-3.645754207277651915e+01
-4.295256017080262723e+01
-1.861245347577194309e+01
-7.249202181593199157e+01
-1.161551107006419414e+02
-1.240761309929182801e+02
-6.252023082747429328e+01
-3.012032976294645792e+01
-2.981227848413880110e+00
-2.347622615169139948e+01
-1.332813925263338461e+01
-7.260085133614805386e+01
-1.243089169369688207e+01
-8.521790596702272680e+00
-4.165880702686496306e+01
-1.068438556833876341e+01
-3.730840551445562880e+01
-6.331989995210140165e+00
-5.770917555628909668e+01
-1.779772609272808381e+01
-7.916004387752019511e+01
-4.597024982281007510e+01
-2.347622615169139948e+01
-3.748602320149632305e+01
-3.816132128002332990e+01
-1.157618909009191697e+02
-8.027684550264481800e+01
-2.726073014944928019e+01
-1.176601997777717372e+02
-3.806461123166063487e+01
-7.116270140430918900e+01
-1.429743665631561100e+01
-2.356107109003336220e+01
-4.140457764222975356e+01
-3.454374017520447637e+01
-1.144849503891300060e+02
-1.615433974940848572e+01
-1.179951101859054177e+02
-2.593569717551698517e+01
-3.148880903399057019e+01
-6.095516768711003408e+01
-1.585037756914169620e+02
-3.793148381700882510e+01
-5.841842381391874994e+01
-2.434119126652655396e+01
-9.342588873043868603e+01
-2.388261719373662828e+01
-2.692957140154270945e+01
-8.027684550264481800e+01
-5.961549715126729154e+01
-6.855982198741365607e+00
-3.140787437491525225e+01
-8.490406524050669645e+01
-3.191845606125836099e+01
-2.687339371080240724e+01
-1.051545519185334499e+01
-1.251253497018921621e+02
-5.213930511072338447e+01
-2.981227848413880110e+00
-8.621739970939625408e+00
-8.440816884302117273e+01
-1.582581109490605087e+01
-1.621150296447411066e+01
-6.752926713430936445e+01
-1.891655583259580098e+01
-7.074948489832971177e+01
-3.148747766533726988e+01
-5.571739336564598943e+01
-8.238529975202016686e+00
-1.558293697753820197e+02
-2.513786157692483414e+01
-2.432503074910805552e+01
-1.968191496067133173e+01
-1.159698035337318061e+02
-2.382803654196308329e+01
-1.393970999986990478e+01
-3.470841924671555034e+01
-4.224511055174309604e+01
-1.502821149082659602e+01
-6.402580842851773468e+01
-3.595313907383456353e+01
-7.174069742349541912e+01
-6.159312855391456054e+01
-5.887713908507943472e+01
-9.306948580672283811e+01
-3.205409322878591638e+01
-2.618442652808304416e+01
-5.377424812579331359e+01
-2.761664649476255917e+01
-1.214145097224762253e+02
-3.168797661159013046e+01
-1.211270502578262409e+02
-5.827405673645395012e+01
-3.956466169163907409e+01
-6.437313703594884373e+01
-4.001999894948190217e+01
-5.406659552629071896e+01
-1.861245347577194309e+01
-2.607412313731991915e+01
-3.768253692120583764e+01
-3.853148381700882652e+01
-3.075046820190745578e+01
-5.879949748489197958e+01
-7.962366551416322125e+01
-9.212825434263919533e+01
-3.645754207277651915e+01
-5.209648830634661465e+01
-4.328832356011957927e+01
-3.125699821566905001e+01
-3.442039471548892493e+01
-2.687339371080240724e+01
-1.339827946607876541e+01
-1.408893260622173571e+01
-5.847232461861676711e+01
-2.726073014944928019e+01
-4.175248184890652681e+01
-4.328832356011957927e+01
-2.834864650237591377e+01
-1.261080178237337179e+01
-3.793148381700882510e+01
-3.068873642531798751e+01
-8.027684550264481800e+01
-5.441258800402055584e+01
-1.409235097450355312e+01
-5.853408523450702461e+01
-7.634784363758703307e+01
-3.817099851388747567e+01
-5.209648830634661465e+01
-4.528507252852385534e+01
-7.259845510325816065e+01
-3.546643049974463224e+01
-5.841842381391874994e+01
-4.678679156890929391e+01
-5.680397186717047475e+01
-5.675357808827369865e+01
-1.666486282422323484e+01
-1.549183312746963814e+01
-4.559115576552545690e+01
-1.676254446305624413e+01
-4.384656457002506613e+01
-5.259318375513750254e+01
-1.615177078455877435e+01
-4.305651274179805910e+01
-3.125699821566905001e+01
-2.434119126652655396e+01
-3.037589067798242226e+01
-8.210919978445421208e+00
-7.233222938203226704e+01
-3.907842300069972907e+01
-5.841842381391874994e+01
-1.233913178343434964e+02
-7.926044423220912449e+01
-4.338574263441927314e+01
-1.184358850720482081e+02
-6.139709082142062613e+01
-5.808818430929444787e+01
-1.263731136504854646e+01
-8.385159426059974663e+00
-1.502821149082659602e+01
-6.617610930569688321e+01
-1.393970999986990478e+01
-1.000735275809151261e+02
-5.892760968480166639e+01
-1.244336646039192971e+02
-8.489285896001842957e+01
-2.620203087646068596e+01
-1.135496763945352967e+02
-5.808849463534339463e+01
-6.331989995210140165e+00
-8.385159426059974663e+00
-1.338485032531337460e+01
-6.003763530071778121e+01
-1.041676346341629689e+01
-5.570256499920537152e+01
-2.434119126652655396e+01
-1.693996029347633936e+01
-4.226798692494434562e+01
-6.227520410627614922e+01
-8.345069732903905191e+00
-4.649360066717559903e+01
-8.027684550264481800e+01
-2.799746054834143294e+01
-1.680421154014780072e+01
-9.826748397892953335e+01
-5.938368633294577847e+01
-2.726073014944928019e+01
-8.210919978445421208e+00
-2.687339371080240724e+01
-2.726073014944928019e+01
-1.408675946396749623e+01
-1.372432324363919349e+02
-2.347622615169139948e+01
-3.285131793416775281e+01
-9.024325416372374065e+00
-1.632179495347534370e+01
-1.542480780532636970e+02
-1.546221526430783797e+02
-3.429215822204187702e+01
-2.359320857718341458e+01
-8.385159426059974663e+00
-2.951971598586429124e+01
-5.852126874638782539e+01
-8.604490464878267630e+00
-2.412635512044669994e+01
-6.417048066741440238e+00
-2.921696078469389946e+01
-3.075567372357531326e+01
-2.633970452322500222e+01
-3.429215822204187702e+01
-1.140310059034224679e+02
-5.831532822990459408e+01
-2.049349565165815434e+01
-1.502821149082659602e+01
-5.983714635447009300e+01
-6.776986685806188859e+01
-5.795953452400927119e+01
-5.841842381391874994e+01
-8.385159426059974663e+00
-3.037589067798242226e+01
-4.678679156890929391e+01
-3.672211501573309533e+01
-8.647155601170181782e+00
-7.860098486240721627e+01
-3.892231065693012226e+01
-1.461502378668097037e+02
-2.981227848413880110e+00
-2.571644960708908556e+01
-1.278193766444038175e+02
-1.624528464881144316e+02
-2.434119126652655396e+01
-3.132424768089137856e+01
-2.377636097417357064e+01
-2.629203643567298698e+01
-6.189128508930032524e+01
-7.844454167152370871e+00
-6.855982198741365607e+00
-1.559400027658454135e+01
-5.831462461814434306e+01
-5.927784723149854074e+01
-5.315410490388075004e+01
-4.226798692494434562e+01
-1.022076393169573194e+01
-8.576415113994562134e+00
-3.851734276998775020e+00
-7.856161027753228154e+01
-1.861245347577194309e+01
-1.502821149082659602e+01
-3.429215822204187702e+01
-6.533169440208132528e+01
-7.364843273339369034e+01
-2.150165365714401489e+01
-5.828614718222390678e+01
-1.038821913576255795e+01
-3.793148381700882510e+01
-4.387639565834027877e+01
-9.633393197090259719e+01
-3.595313907383456353e+01
-1.861245347577194309e+01
-2.216306442073578964e+01
-5.372371772613633567e+01
-2.297191051881253898e+01
-1.360981465880620647e+02
-4.001999894948190217e+01
-1.698979772789158815e+01
-6.006483830509125710e+01
-5.849900430178865918e+01
-6.279083267092484277e+01
-6.855982198741365607e+00
-8.604490464878267630e+00
-9.899532246867146057e+00
-5.975240480466139559e+01
-1.938207008223167094e+01
-2.143211333014224707e+01
-8.027684550264481800e+01
-1.597969214615260469e+01
-4.425112086900318786e+01
-9.212825434263919533e+01
-1.332194393467323721e+02
-4.170824641077709316e+01
-6.195333229218394422e+01
-1.938207008223167094e+01
-7.384062241529844073e+01
-2.347622615169139948e+01
-8.027684550264481800e+01
-2.013645537185352552e+01
-2.360497772050144150e+01
-4.225081360038539913e+01
-2.447998940053652461e+01
-3.049865359462437908e+01
-1.502821149082659602e+01
-3.037589067798242226e+01
-6.129933293761396129e+01
-8.210919978445421208e+00
-2.354376932548468560e+01
-2.726073014944928019e+01
-1.634827192186595468e+01
-5.799560292705155007e+01
-2.877868453667840498e+01
-8.604490464878267630e+00
-4.040061674637889411e+01
-4.673841153202718601e+01
-5.841842381391874994e+01
-5.905840603162207714e+01
-1.493426830881533895e+01
-1.224043879533447097e+02
-1.044852475972480761e+02
-3.595313907383456353e+01
-2.382803654196308329e+01
-4.203276863506621908e+01
-3.595313907383456353e+01
-2.221441826155603394e+01
-5.876701003506945398e+01
-4.769396912065695915e+01
-3.266277756193801451e+01
-3.595313907383456353e+01
-3.793148381700882510e+01
-1.039491609896744251e+01
-4.305651274179805910e+01
-8.386801741275574784e+01
-3.892310913714807441e+01
-3.994391669973609282e+01
-3.660133299713612676e+00
-2.726073014944928019e+01
-4.673841153202718601e+01
-8.027684550264481800e+01
-7.324019528113730360e+01
-3.107620018117303928e+01
-7.248130066650648473e+01
-3.706752964287036889e+01
-1.091619638666028358e+01
-2.834864650237591377e+01
-2.025492360735150399e+01
-2.726073014944928019e+01
-6.994833817127735642e+01
-6.855982198741365607e+00
-3.474839351318231451e+01
-6.417048066741440238e+00
-6.331989995210140165e+00
-7.731695930794779770e+01
-6.331989995210140165e+00
-5.982816873467409380e+01
-2.818382837810316133e+01
-3.374616769778700132e+01
-9.212825434263919533e+01
-2.563974127372479472e+01
-8.611707078046103447e+01
-1.782620403210413329e+01
-3.429215822204187702e+01
-1.339827946607876541e+01
-8.344204928445705605e+00
-7.308236980972007757e+01
-3.470841924671555034e+01
-6.331989995210140165e+00
-6.417048066741440238e+00
-3.148747766533726988e+01
-4.678679156890929391e+01
-4.349465008471406691e+01
-3.196208978540836299e+01
-6.706591428706637714e+01
-6.644364750468270131e+01
-4.678679156890929391e+01
-6.453997234790128346e+01
-1.559400027658454135e+01
-8.385159426059974663e+00
-1.022076393169573194e+01
-7.752425016396330193e+01
-2.356107109003336220e+01
-4.673841153202718601e+01
-3.979807737811690060e+01
-1.422370658731406650e+02
-7.838809330626747851e+01
-1.178191248834252036e+02
-4.221971115311950484e+01
-5.209648830634661465e+01
-3.957817245229277603e+01
-1.361932885636669255e+02
-5.961661113350815810e+01
-3.148747766533726988e+01
-2.726073014944928019e+01
-1.339827946607876541e+01
-2.354771465942582864e+01
-2.039563303236824865e+01
-5.881048718478844251e+01
-3.507364862922133852e+01
-3.148828824413286398e+01
-3.595313907383456353e+01
-5.871688150326598077e+01
-4.305651274179805910e+01
-1.582864137191848108e+01
-2.434119126652655396e+01
-2.026839697627755754e+01
-9.880457269623832417e+01
-7.125912522708523511e+01
-1.409235097450355312e+01
-8.385159426059974663e+00
-3.917801791612122742e+01
-8.355581812242956374e+00
-3.911447317747125396e+01
-4.616177951028083015e+01
-1.861245347577194309e+01
-1.681040970388004396e+01
-7.671481410957528624e+01
-4.678679156890929391e+01
-1.292770537235991668e+01
-5.981589492676668840e+01
-2.762839746570650235e+01
-6.360582220147992238e+00
-7.339916140385800247e+01
-2.416998797688275502e+01
-3.858445484443154783e+01
-3.858649592657351945e+01
-2.805322485919867148e+01
-5.708819510580485712e+01
-2.791377810553921890e+01
-1.292770537235991668e+01
-6.253109589184401074e+01
-6.331989995210140165e+00
-3.841904072250670055e+01
-1.781633725293545467e+01
-1.615433974940848572e+01
-1.666486282422323484e+01
-5.889030696611551718e+01
-5.871986740103535141e+01
-4.673841153202718601e+01
-3.841904072250670055e+01
-1.666486282422323484e+01
-2.650396309592915145e+01
-4.372633355806541289e+01
-6.376744628293438666e+01
-5.873826191140663155e+01
-1.502821149082659602e+01
-1.874568179836142079e+01
-2.349190677614164713e+01
-1.559400027658454135e+01
-4.678679156890929391e+01
-1.359203615075713856e+01
-7.731695930794779770e+01
-1.364143085885632445e+01
-8.210919978445421208e+00
-1.339827946607876541e+01
-2.579922147788119702e+01
-1.292770537235991668e+01
-1.701865332524626950e+01
-2.089470479968200678e+01
-3.471817092768801238e+00
-8.604490464878267630e+00
-1.583698432134735334e+01
-1.627159988455213835e+01
-6.481273979154468634e+01
-1.359203615075713856e+01
-3.037589067798242226e+01
-7.181884161375029407e+01
-2.222261630672497290e+01
-2.077293499216077421e+01
-6.992276906239683854e+01
-3.470841924671555034e+01
-1.594968782933996465e+01
-4.513905810422657794e+01
-3.148747766533726988e+01
-8.317989013944441012e+01
-4.713924395442759874e+01
-3.117606355659372852e+01
-3.117606355659372852e+01
-5.788901673169488049e+01
-1.568460445898588951e+01
-1.999980821909652207e+01
-7.121788871369838603e+01
-1.524385884562350384e+02
-1.597969214615260469e+01
-2.470781404819296867e+01
-2.030907480914815721e+01
-1.597969214615260469e+01
-5.786806493141099139e+01
-6.855982198741365607e+00
-7.143814433687379051e+01
-3.418858389716740476e+01
-1.205378400458936028e+01
-1.494463723079006101e+01
-5.976489234040177223e+01
-3.429215822204187702e+01
-8.210919978445421208e+00
-2.382803654196308329e+01
-2.405149929676390030e+01
-6.855982198741365607e+00
-2.351778888571701032e+01
-3.830537877411477155e+01
-1.538657983251190231e+01
-3.951548758046828169e+01
-1.409235097450355312e+01
-8.166580520190802162e+00
-1.320557941904400820e+02
-1.577136262685340569e+02
-4.714514227108494993e+01
-8.418383798028422405e+01
-2.736160295414920895e+01
-1.666486282422323484e+01
-1.888574778128601750e+01
-1.403526398371812718e+02
-4.449653819446007219e+01
-7.284393936683862592e+01
-8.689960901635780388e+00
-6.331989995210140165e+00
-7.856161027753228154e+01
-1.244837591862830664e+02
-1.346238306509509641e+02
-3.595313907383456353e+01
-8.210919978445421208e+00
-5.406659552629071896e+01
-1.666486282422323484e+01
-5.863368014992852295e+01
-1.126227582596968801e+01
-7.181884161375029407e+01
-5.853408523450702461e+01
-2.347622615169139948e+01
-6.417048066741440238e+00
-4.042994040775300846e+01
-1.339233798597840064e+02
-5.940529532191532525e+01
-9.153645857618640136e+00
-4.077427059476326576e+01
-6.067094550374331874e+01
-1.665800262467760717e+01
-1.022076393169573194e+01
-4.663564374075326668e+01
-2.347622615169139948e+01
-1.783925176408831348e+01
-9.530665671078318724e+01
-6.286541022076191609e+01
-2.382803654196308329e+01
-6.126994547981665562e+01
-1.615433974940848572e+01
-1.266131245317551901e+01
-1.197614240440189448e+01
-1.666486282422323484e+01
-2.392769387169979112e+01
-5.490751538048287017e+01
-1.407635715262692244e+01
-4.713924395442759874e+01
-1.393970999986990478e+01
-5.675057587054186570e+01
-4.678679156890929391e+01
-7.159940709225677935e+00
-7.946732834193930728e+01
-3.429215822204187702e+01
-7.778962426478805980e+01
-1.338573886889527387e+02
-3.017243061052769448e+01
-1.836407727335618745e+01
-3.595313907383456353e+01
-7.856161027753228154e+01
-3.860197690980854190e+01
-8.027684550264481800e+01
-3.148747766533726988e+01
-2.356107109003336220e+01
-2.399670291913507469e+01
-6.855982198741365607e+00
-1.124430506977851252e+02
-5.841842381391874994e+01
-4.226798692494434562e+01
-3.037589067798242226e+01
-3.470841924671555034e+01
-1.393970999986990478e+01
-6.056371000347930078e+01
-2.114789888203221935e+01
-3.440329925091861440e+01
-3.418858389716740476e+01
-2.533600266556932823e+01
-1.615433974940848572e+01
-2.687339371080240724e+01
-1.869009507595937691e+01
-7.856161027753228154e+01
-5.987175039509691032e+01
-1.222311078520381216e+02
-3.190216844319063227e+01
-4.339142314993173244e+01
-1.446868159338078783e+02
-3.790932803128566775e+01
-4.029329325499600856e+01
-3.139364536842608544e+01
-8.604490464878267630e+00
-5.406659552629071896e+01
-5.875301156353378218e+01
-9.883517689374673409e+01
-2.356107109003336220e+01
-7.178617348090176264e+00
-2.686965289099073928e+01
-1.614666491910720936e+01
-3.793148381700882510e+01
-6.186307121930201447e+01
-3.190443655269980638e+01
-5.825742326555620565e+01
-5.573190772933617865e+01
-2.076678995717223231e+01
-5.661526419823970002e+01
-9.598914682399599485e+01
-2.434119126652655396e+01
-2.356107109003336220e+01
-3.595313907383456353e+01
-5.992706428650008377e+01
-3.595313907383456353e+01
-1.240390025040343573e+02
-4.016028641438110469e+01
-2.533600266556932823e+01
-4.304821157368295559e+01
-4.680309894482010691e+01
-3.139364536842608544e+01
-3.125699821566905001e+01
-5.911039202743171472e+01
-5.573190772933617865e+01
-6.072335686878851391e+01
-4.673841153202718601e+01
-1.339827946607876541e+01
-2.096505321254890575e+01
-3.793148381700882510e+01
-5.976497122172622767e+01
-3.429215822204187702e+01
-3.773981127842385774e+01
-7.731695930794779770e+01
-3.037589067798242226e+01
-1.206388665622993983e+02
-3.117606355659372852e+01
-2.412828964810360688e+01
-1.209957651969144337e+02
-4.050672852633668697e+01
-5.788901673169488049e+01
-6.331989995210140165e+00
-3.980113523930093322e+01
-1.197614240440189448e+01
-7.223050317739595982e+01
-4.001999894948190217e+01
-7.181884161375029407e+01
-4.001999894948190217e+01
-7.181884161375029407e+01
-8.251656321771311298e+01
-5.396274235039584966e+01
-1.597969214615260469e+01
-2.347622615169139948e+01
-2.347622615169139948e+01
-5.853408523450702461e+01
-1.018177098761211283e+02
-2.074466008550131946e+01
-9.782077516885122748e+01
-1.155050393922568759e+02
-5.209648830634661465e+01
-4.001999894948190217e+01
-4.226798692494434562e+01
-4.226798692494434562e+01
-1.666486282422323484e+01
-3.125699821566905001e+01
-1.339827946607876541e+01
-3.936657503878402764e+01
-7.022163247679142728e+01
-5.830969994674370582e+01
-4.678679156890929391e+01
-5.741906639423869763e+01
-3.969561665889958135e+01
-4.678679156890929391e+01
-2.533600266556932823e+01
-3.879640816758623600e+01
-1.010474046253997393e+01
-1.861245347577194309e+01
-1.416707791085856911e+02
-2.805322485919867148e+01
-2.726073014944928019e+01
-1.523355884496987400e+01
-1.803395055695970939e+01
-1.370571332090876204e+01
-1.938207008223167094e+01
-4.673841153202718601e+01
-3.037589067798242226e+01
-1.343342413878607715e+02
-7.079514722149995976e+01
-1.240761309929182801e+02
-6.195333229218394422e+01
-3.995159026586787832e+01
-2.009529685008315880e+01
-7.836595904829462711e+01
-2.681949913813187081e+01
-3.148747766533726988e+01
-1.027088132230608153e+01
-8.604490464878267630e+00
-4.678679156890929391e+01
-2.265261080438396490e+01
-6.855982198741365607e+00
-1.999980821909652207e+01
-7.043506774813218385e+01
-8.027684550264481800e+01
-3.429215822204187702e+01
-8.223897290891721923e+01
-1.018269864420748121e+02
-1.022076393169573194e+01
-2.484355687872707819e+01
-1.573381979958533350e+02
-5.777750175266095312e+01
-3.919444241452535493e+01
-3.905805348746423533e+01
-1.332029636335470286e+02
-7.053096931534240355e+01
-1.393970999986990478e+01
-1.444824357103738954e+01
-8.027684550264481800e+01
-2.656103931026613552e+01
-3.239978473580887197e+01
-1.567033024404686330e+02
-5.260025122196259417e+01
-1.434617997668227076e+02
-1.597969214615260469e+01
-5.837714646409890662e+01
-5.404224618841195138e+01
-8.341361857455200379e+01
-5.887951207629940598e+01
-1.615433974940848572e+01
-5.806842542212909564e+01
-1.656769556721295444e+01
-1.409235097450355312e+01
-6.150253081403582911e+01
-5.440841344187315798e+01
-8.483674634891025335e+01
-1.409235097450355312e+01
-3.470841924671555034e+01
-8.377954013309414449e+01
-4.678679156890929391e+01
-5.841842381391874994e+01
-6.117145027342269969e+01
-2.092653510831679142e+01
-1.089410301579489158e+02
-7.230081164462427523e+01
-6.855982198741365607e+00
-8.212315474575618168e+01
-5.841842381391874994e+01
-3.429215822204187702e+01
-8.604490464878267630e+00
-3.641293061572911682e+01
-6.352076971815652229e+01
-9.599006332391347485e+01
-4.223449784544133934e+01
-5.841842381391874994e+01
-7.930907269398713311e+01
-1.155444229872259001e+02
-5.715742417662727348e+01
-2.180079346534408913e+01
-4.305651274179805910e+01
-3.852433530962111519e+01
-2.347622615169139948e+01
-1.910107089471167896e+01
-5.888612122926255665e+01
-8.027684550264481800e+01
-9.968890501245572011e+01
-3.470841924671555034e+01
-2.687339371080240724e+01
-2.981227848413880110e+00
-1.938207008223167094e+01
-1.902327346826616505e+01
-2.883482803496816516e+01
-1.535135554587886872e+02
-4.015556911463072254e+01
-2.687339371080240724e+01
-6.307463555766013741e+01
-1.115551021233398501e+02
-9.475934929735185364e+00
-6.072335686878851391e+01
-3.595313907383456353e+01
-8.027684550264481800e+01
-5.871205687223256575e+01
-4.678679156890929391e+01
-5.960519155588909257e+01
-1.554795952580984064e+01
-1.519153711676151453e+01
-1.437862505599306360e+02
-1.861245347577194309e+01
-7.385215264557612613e+01
-5.987246592183111460e+01
-1.372868330351417399e+01
-1.090781394012456218e+02
-1.666486282422323484e+01
-1.280068431840366472e+01
-7.856161027753228154e+01
-3.793148381700882510e+01
-7.015111577022008760e+01
-8.027684550264481800e+01
-3.418858389716740476e+01
-3.471817092768801238e+00
-2.099676558608162580e+01
-3.124062438088403226e+01
-6.481925618897467700e+01
-5.831102799107779333e+01
-3.793148381700882510e+01
-2.265261080438396490e+01
-7.143971439151140146e+01
-6.274219030382286633e+01
-1.541718403002037263e+01
-1.490067133383803366e+02
-2.356107109003336220e+01
-3.595313907383456353e+01
-9.985003930535319228e+01
-5.841842381391874994e+01
-4.476237131688048976e+01
-4.196912351054967161e+01
-7.264048159873874511e+01
-5.672443184194167287e+01
-3.148747766533726988e+01
-4.536404691929452326e+01
-6.020974699985741552e+01
-3.418858389716740476e+01
-7.731695930794779770e+01
-5.851267565269311177e+01
-5.796243710799197402e+01
-2.382803654196308329e+01
-1.242670891468025047e+02
-7.855690472919913248e+01
-2.434119126652655396e+01
-3.046813373946648440e+01
-2.772435178609231343e+01
-8.480490687730160460e+01
-6.192924028315673723e+01
-5.036160983285714821e+01
-1.255847614244249542e+02
-7.263153792115151930e+01
-1.666486282422323484e+01
-6.067203375722111502e+01
-3.125699821566905001e+01
-5.447653698456178972e+01
-5.278925960995672284e+01
-3.429215822204187702e+01
-4.226798692494434562e+01
-6.357391326531934084e+01
-2.804851931086553662e+01
-5.356187308439168504e+01
-3.853224216999488760e+01
-8.553253661871169200e+00
-1.339827946607876541e+01
-2.726073014944928019e+01
-1.664951296241994072e+01
-1.999980821909652207e+01
-8.604490464878267630e+00
-1.088697167062318840e+02
-7.031679614235591202e+01
-2.687339371080240724e+01
-1.693675515820426369e+01
-4.439016775966486250e+01
-4.571572616147372869e+00
-1.339827946607876541e+01
-2.533600266556932823e+01
-2.356107109003336220e+01
-2.687339371080240724e+01
-2.805322485919867148e+01
-3.117606355659372852e+01
-6.248692047053572907e+01
-4.001999894948190217e+01
-6.130442843746240555e+01
-2.420308386726306438e+01
-4.678679156890929391e+01
-4.218777997619316267e+01
-1.292770537235991668e+01
-2.347622615169139948e+01
-6.668276650181310572e+01
-5.527768157399063398e+01
-5.547976515590775648e+01
-8.606641012725135909e+01
-3.189973100436672837e+01
-1.405477630770326414e+02
-8.611707078046103447e+01
-1.022076393169573194e+01
-4.790210031316011907e+01
-1.000003030993688782e+02
-2.039814337429566038e+01
-9.310162522227547299e+01
-7.731695930794779770e+01
-3.069604358499346475e+01
-3.126554296331327976e+01
-3.917801791612122742e+01
-4.120107688174145721e+01
-3.125699821566905001e+01
-6.021712690433612636e+01
-3.418858389716740476e+01
-8.027684550264481800e+01
-1.658967971624636206e+01
-4.806432175905064241e+01
-1.185857636805777560e+02
-5.406659552629071896e+01
-5.866815271380526298e+01
-2.981227848413880110e+00
-5.972789670890048797e+01
-1.197614240440189448e+01
-1.641079068351371717e+01
-4.121669348407245081e+01
-1.541718403002037263e+01
-3.470841924671555034e+01
-6.855982198741365607e+00
-2.490100088254148858e+01
-6.417048066741440238e+00
-1.617629306464258221e+01
-1.847897946922271828e+01
-3.077886388532614603e+01
-5.939793108487989315e+01
-6.814695365821795292e+01
-8.887525038260493560e+00
-7.872906548159910756e+01
-2.955021290238797960e+01
-7.359223145735696470e+00
-3.429215822204187702e+01
-3.915606460088717711e+01
-1.666486282422323484e+01
-6.003922757165710777e+01
-5.992147511005032356e+01
-1.600592505413061772e+01
-4.549939519526095921e+01
-2.356107109003336220e+01
-8.604490464878267630e+00
-8.923015726840851869e+00
-3.470841924671555034e+01
-3.125699821566905001e+01
-5.607005166464092838e+01
-3.058932594932314331e+01
-2.382803654196308329e+01
-7.256119831435577794e+01
-3.910666989278797701e+01
-1.546657873811952655e+01
-1.502821149082659602e+01
-2.533600266556932823e+01
-3.117606355659372852e+01
-4.246976967375765355e+01
-4.005598439709155656e+01
-3.841904072250670055e+01
-1.368831194676360212e+02
-4.678679156890929391e+01
-2.434577991392963980e+01
-1.393970999986990478e+01
-2.254865823338849040e+01
-3.870952017190248284e+01
-2.872304567546600396e+01
-1.359203615075713856e+01
-8.718606758509640287e+00
-4.001999894948190217e+01
-6.051947872380311821e+01
-6.760397105090862624e+01
-5.938368633294577847e+01
-8.385159426059974663e+00
-1.055009442166161051e+02
-4.119831793709168721e+01
-3.519215822204187560e+01
-5.909122319436477255e+01
-2.556975799278393069e+01
-4.015664610223896602e+01
-1.292770537235991668e+01
-4.305651274179805910e+01
-9.933239996245320924e+01
-4.909916239862801035e+01
-4.076198911435367478e+01
-1.359203615075713856e+01
-5.940259553284447236e+01
-4.226798692494434562e+01
-4.012835380961395515e+01
-1.357328013589917362e+02
-2.533600266556932823e+01
-6.155251585301160588e+01
-5.971515387949527565e+01
-2.265261080438396490e+01
-1.615433974940848572e+01
-1.382890390412954389e+02
-3.793148381700882510e+01
-1.022076393169573194e+01
-1.306474953260393761e+02
-1.359203615075713856e+01
-8.885188648247726917e+00
-1.615433974940848572e+01
-1.244336646039192971e+02
-3.091008765499332256e+01
-2.347622615169139948e+01
-3.793148381700882510e+01
-1.393970999986990478e+01
-4.152854224004470041e+01
-8.897888244969257343e+00
-3.819789618166090861e+01
-6.774612123581752599e+01
-1.244336646039192971e+02
-5.983489700046135340e+01
-9.947709190861309025e+01
-3.940982873444274048e+01
-1.006806067393353601e+02
-2.424406857018967187e+01
-2.584077929369912496e+01
-4.678679156890929391e+01
-6.069275267128010398e+01
-1.615433974940848572e+01
-8.480961242563478208e+01
-1.460756273217848644e+01
-6.521060031527439094e+01
-4.305651274179805910e+01
-5.808818430929444787e+01
-2.356107109003336220e+01
-1.409235097450355312e+01
-3.470841924671555034e+01
-7.856161027753228154e+01
-1.095233698599106447e+02
-1.665257813249117191e+01
-1.881662703982120632e+01
-1.236995117738919348e+01
-3.037589067798242226e+01
-7.347919262046505651e+01
-1.558306300780940035e+02
-4.226798692494434562e+01
-2.679930026920171571e+01
-1.615433974940848572e+01
-1.122048037295413110e+02
-3.129174289245418805e+01
-2.120520631960442159e+01
-1.631460255428626738e+01
-4.673841153202718601e+01
-6.417048066741440238e+00
-4.615531633276409451e+01
-7.836595904829462711e+01
-1.032920587224388953e+02
-1.197614240440189448e+01
-3.457304755486617864e+01
-6.837744290878102049e+01
-4.070142399008943812e+01
-1.359203615075713856e+01
-1.022076393169573194e+01
-1.244117098803641497e+01
-1.458866376493190558e+02
-5.951312602250393979e+01
-5.920032781711687164e+01
-7.279576479911368381e+01
-2.035684849890114734e+01
-3.841904072250670055e+01
-6.043319422556356812e+01
-2.347622615169139948e+01
-4.001999894948190217e+01
-2.687339371080240724e+01
-3.742637676947856562e+01
-8.618107227532672709e+01
-2.273409845603363522e+01
-2.267456411961802942e+01
-4.074366639725486294e+01
-7.819223062529115964e+01
-5.509275315056380151e+01
-3.167933349101716800e+01
-5.841842381391874994e+01
-2.445005001021096902e+01
-2.957857941331014118e+01
-1.009788824496926019e+01
-5.868147623879060859e+01
-1.526416304247825906e+01
-5.921894485251418416e+01
-7.499021126771208401e+01
-2.382803654196308329e+01
-5.866178041349006378e+01
-3.429215822204187702e+01
-7.018781934982063930e+00
-1.636910983344812109e+01
-6.174416443137648969e+01
-2.262200660687553011e+01
-1.197614240440189448e+01
-4.678679156890929391e+01
-3.078680693596782447e+01
-4.216704469757029727e+01
-2.455489830718772026e+01
-1.207422461694159637e+02
-5.480167627903564664e+01
-1.666486282422323484e+01
-1.329876285284108803e+02
-5.406659552629071896e+01
-1.999980821909652207e+01
-5.921467014244555571e+01
-2.400309712720764566e+01
-9.330502998191020581e+00
-3.841904072250670055e+01
-2.668215595658557504e+01
-2.382803654196308329e+01
-6.195333229218394422e+01
-8.101322386600179470e+01
-8.385159426059974663e+00
-3.470841924671555034e+01
-3.470841924671555034e+01
-3.793148381700882510e+01
-3.108970528309713544e+01
-1.891655583259580098e+01
-2.981227848413880110e+00
-2.224520398284431266e+01
-3.799557179143683072e+01
-6.417048066741440238e+00
-1.922065818941969439e+01
-2.157682363908871537e+01
-1.485662773247065900e+02
-8.372570591485413161e+01
-1.501120112178790222e+01
-1.704133517213049487e+01
-4.857858685526156250e+01
-2.616206975180045546e+01
-2.533600266556932823e+01
-5.899647049868466553e+01
-1.961388090055319466e+01
-3.826303235592703800e+01
-7.191559994150790658e+01
-3.470841924671555034e+01
-4.469538233108614378e+01
-1.393970999986990478e+01
-2.457780795698421983e+01
-3.418858389716740476e+01
-1.099522844666935697e+02
-2.446932848752835099e+01
-1.814320074982836672e+01
-8.944969042074866650e+00
-1.053590360585301937e+02
-6.964488631090191006e+01
-3.769589275994495381e+01
-8.210919978445421208e+00
-4.678679156890929391e+01
-1.615433974940848572e+01
-6.029320056426124097e+01
-5.823614011556306025e+01
-4.665668067840325506e+01
-2.464529362335044382e+01
-7.131215948405936444e+01
-5.848745033168280827e+01
-1.292770537235991668e+01
-4.443177108236066175e+01
-7.819223062529115964e+01
-4.898402224829047213e+01
-8.265310508185120852e+01
-1.321471816996551922e+02
-8.470227667385284320e+00
-1.359203615075713856e+01
-8.560480237001358716e+01
-3.853017599393915305e+01
-8.521302194374777628e+01
-3.164464707928405574e+01
-6.020539570021155384e+01
-2.805322485919867148e+01
-4.678679156890929391e+01
-1.363684141426580823e+02
-4.154397737871921947e+01
-4.016028641438110469e+01
-7.266449938691940247e+01
-6.417048066741440238e+00
-5.612836905489361072e+01
-2.263843981204616895e+01
-2.316971990887406108e+01
-5.707727001050118787e+01
-3.125699821566905001e+01
-4.427648788198563778e+01
-5.361444269357565418e+01
-1.393970999986990478e+01
-1.339827946607876541e+01
-1.462766154927860782e+02
-6.454872737089496937e+00
-1.522737906842618116e+01
-9.887096648260859411e+01
-3.226772946461441194e+01
-8.188017519224655416e+01
-5.988695626736923572e+01
-7.850584596667496839e+01
-3.963866357263870555e+01
-5.885096860985191825e+01
-4.892484414819379168e+01
-7.784960431739061448e+01
-5.094425523850280513e+01
-1.656967691808872090e+01
-4.755128071096737585e+01
-2.611768136835693710e+01
-1.359203615075713856e+01
-8.265310508185120852e+01
-1.578248313610810705e+01
-7.079715663494137168e+00
-1.668122533595266077e+01
-2.611768136835693710e+01
-5.794152722119863341e+01
-3.232516820051291973e+01
-1.666486282422323484e+01
-1.938207008223167094e+01
-2.805322485919867148e+01
-1.666486282422323484e+01
-1.419716536227556958e+02
-6.468637147967174705e+00
-3.751524398863382714e+01
-4.673841153202718601e+01
-2.258199131270082916e+01
-1.927973683585188169e+01
-6.946622176463777976e+01
-7.335982314255271319e+01
-2.805875498854857497e+01
-3.644177677171539642e+01
-5.074856169532704087e+01
-2.150165365714401489e+01
-4.768792786372441128e+01
-2.061770489108361204e+01
-7.619227183467081943e+01
-3.945775897486107198e+01
-3.595313907383456353e+01
-4.176347555593061145e+01
-4.474150280904915178e+01
-3.010471007004225541e+01
-5.987059275556705984e+01
-1.540049195022712425e+01
-1.341115111530345416e+02
-2.786959967414822259e+01
-1.197614240440189448e+01
-7.086261640491543723e+00
-4.510858545424763832e+01
-5.505267798989367378e+01
-3.161372077888200138e+01
-6.417048066741440238e+00
-3.595313907383456353e+01
-1.339827946607876541e+01
-3.595313907383456353e+01
-9.127701484549447741e+00
-6.018366686826782797e+01
-3.163754449746480546e+01
-1.349664273760981530e+02
-2.283507559274476506e+01
-4.077427059476326576e+01
-5.958539740371057292e+01
-2.545174345328576848e+01
-3.720567047829305096e+01
-6.620337777227062404e+00
-1.666486282422323484e+01
-4.395035758984725760e+01
-2.316971990887406108e+01
-1.292770537235991668e+01
-1.057038485874716969e+02
-1.101743424209402988e+01
-8.499392160639303029e+00
-3.799872860406132702e+01
-6.039022620179266454e+01
-2.347622615169139948e+01
-4.956318476850928789e+01
-8.637043668435381960e+01
-6.028864466470035666e+01
-1.643846985006378603e+01
-1.409235097450355312e+01
-3.144702467630209597e+01
-3.829252449129960212e+01
-1.363702948212004742e+02
-3.900889117630203629e+01
-5.989075115899390767e+01
-2.543037331994159800e+01
-5.851026730982469815e+01
-5.619383865138914302e+01
-5.749326576392752486e+01
-7.844454167152370871e+00
-2.533600266556932823e+01
-6.331989995210140165e+00
-2.107385092143596950e+01
-7.306533688487749600e+01
-4.074366639725486294e+01
-1.615433974940848572e+01
-9.980343074271738146e+01
-3.171830215188972701e+01
-2.382803654196308329e+01
-6.023238717949418231e+01
-4.665668067840325506e+01
-2.038284175311745372e+01
-7.317048066741440593e+00
-1.938207008223167094e+01
-3.793148381700882510e+01
-3.398111708773401318e+01
-5.938368633294577847e+01
-3.595313907383456353e+01
-6.462891027061186833e+01
-1.608688263727023582e+01
-7.097255015492478059e+00
-1.264088067703705178e+02
-1.628162944686582136e+01
-9.818198609720303693e+01
-2.316971990887406108e+01
-3.368980470635807478e+01
-5.938368633294577847e+01
-1.114294309323971532e+02
-2.533600266556932823e+01
-5.845264104764308399e+01
-5.761715999881199934e+01
-3.755268414907341423e+00
-8.320686554615761565e+00
-7.097255015492478059e+00
-1.621205944528127318e+01
-8.908592821702109532e+00
-8.446853167043322230e+00
-3.595313907383456353e+01
-2.523671853198627701e+01
-5.767099919308644473e+01
-1.022076393169573194e+01
-8.210919978445421208e+00
-2.805322485919867148e+01
-6.417048066741440238e+00
-1.465509799219830143e+02
-1.249073599309600837e+02
-1.615433974940848572e+01
-5.754397813913021764e+01
-8.347567131202442425e+00
-4.751863747024544438e+01
-3.268587335986403275e+01
-2.437783034171736318e+01
-1.517967841966949720e+02
-4.678679156890929391e+01
-6.677246417187829763e+01
-1.604656117288089945e+01
-3.552439017099875684e+01
-4.673841153202718601e+01
-4.208288646032574576e+01
-4.167294500205461816e+01
-3.685313907383456211e+01
-4.561975417848556447e+01
-7.709204476065781364e+01
-4.678679156890929391e+01
-9.998959430836656281e+01
-1.022076393169573194e+01
-2.936223321865038471e+01
-9.299922919842819269e+00
-1.359203615075713856e+01
-3.073293534408894345e+01
-4.704520928896823762e+01
-4.611575847025249431e+01
-5.841522526122550829e+01
-4.587642846673293207e+01
-2.687339371080240724e+01
-1.562004784085748454e+01
-3.429215822204187702e+01
-3.155295391382681558e+01
-4.082817595842804792e+01
-4.526758437693945325e+01
-5.738113821601749009e+01
-4.070762811976315731e+01
-5.503543022299268017e+01
-1.372868330351417399e+01
-3.793148381700882510e+01
-5.890530301086054976e+01
-9.329296471076183650e+00
-6.171728745371745362e+01
-6.589041559334297915e+01
-1.285858463089506287e+01
-2.019115590028905416e+01
-3.195262779653121754e+01
-3.300676124772861186e+01
-4.673841153202718601e+01
-2.264395992210957331e+01
-2.444188709466312304e+01
-3.595313907383456353e+01
-4.226798692494434562e+01
-4.242184488795645336e+01
-5.935965527800208008e+01
-2.067837279984898302e+01
-1.001130676007561817e+02
-1.957294704004803165e+01
-5.811765142284957619e+01
-6.969613190877777242e+01
-1.393970999986990478e+01
-7.754407584025733513e+01
-6.389214265454491937e+01
-5.900156807803210768e+01
-8.210919978445421208e+00
-1.765688778742836718e+01
-1.409235097450355312e+01
-4.561155526061625665e+01
-6.290649444544482805e+01
-6.247783216235730208e+01
-6.855982198741365607e+00
-5.794152722119863341e+01
-4.374414191207932845e+01
-3.470841924671555034e+01
-6.047119644113497117e+01
-6.145172986489466638e+01
-1.157377455758255849e+02
-1.130225901352427371e+02
-2.060587631398787067e+01
-1.561870989890981889e+02
-2.449024665692684977e+01
-3.671651718886892013e+01
-6.706591428706637714e+01
-5.940691199924374644e+01
-1.294840232879112421e+02
-2.533600266556932823e+01
-1.379820134821397346e+02
-6.899681877770339611e+01
-1.686694803867489867e+01
-7.280962962568634111e+01
-6.132373359441195504e+01
-4.153795333671101986e+01
-6.468637147967174705e+00
-8.885125702267878012e+01
-8.210919978445421208e+00
-7.856161027753228154e+01
-1.359203615075713856e+01
-1.197614240440189448e+01
-5.390922478628884562e+01
-3.119792136206377187e+00
-6.175905282567660493e+01
-4.791192274938272533e+01
-1.878669752273453852e+01
-5.817633527407510030e+01
-4.581010914086036934e+01
-1.292770537235991668e+01
-3.429215822204187702e+01
-1.331533476529573647e+02
-8.529497035130739846e+01
-1.541718403002037263e+01
-3.841904072250670055e+01
-6.518031856066405894e+00
-3.595313907383456353e+01
-3.901747432249460701e+01
-1.934650713874944827e+01
-1.516311563044337447e+02
-7.061825719053813089e+01
-6.087663528111454525e+01
-7.440902543462509300e+01
-3.115040587591444421e+01
-1.878819627295283112e+01
-7.014364283134999312e+01
-3.191308743497424771e+01
-6.086650467756932414e+01
-2.776400008387273033e+01
-1.661491577247717544e+01
-2.409303879022031225e+01
-2.382803654196308329e+01
-2.585597075267080314e+01
-1.393970999986990478e+01
-8.483948842258305589e+00
-6.563166778189759043e+01
-2.533600266556932823e+01
-4.678679156890929391e+01
-8.210919978445421208e+00
-6.706591428706637714e+01
-3.219297769645856988e+01
-2.316971990887406108e+01
-1.938207008223167094e+01
-4.678679156890929391e+01
-1.409235097450355312e+01
-3.970643947222365000e+01
-5.699641943806680899e+01
-9.984921967256342157e+01
-1.359203615075713856e+01
-3.113225801331299536e+01
-2.834071373167872920e+01
-1.409235097450355312e+01
-1.922894578253373510e+01
-2.382803654196308329e+01
-3.076353954159734272e+01
-1.255345837763347845e+02
-2.019902631296303852e+01
-1.339827946607876541e+01
-4.070762811976315731e+01
-6.320424561244146133e+01
-5.881664796979829646e+01
-1.012247320652868581e+02
-2.020754115878872526e+01
-8.518037870302582348e+01
-1.938207008223167094e+01
-8.527165370395611887e+01
-5.794713151289887065e+01
-2.805322485919867148e+01
-7.092680676842336140e+01
-3.125790604088265923e+01
-8.628561447230389092e+01
-1.246654754222408172e+02
-3.878240526620503914e+01
-3.941578946358526281e+01
-3.193504075020829092e+01
-5.991850285330906445e+01
-2.104447766918242024e+01
-2.805322485919867148e+01
-3.793454079203205254e+01
-7.436860197207303713e+01
-4.107634659147883838e+01
-3.175697509120466933e+01
-6.925235054577099447e+01
-1.002018633543054307e+02
-3.742637676947856562e+01
-5.987059275556705984e+01
-5.759414626685594385e+01
-6.417048066741440238e+00
-5.354382320189254330e+01
-3.595313907383456353e+01
-2.973197669463042558e+01
-9.056776945999786221e+00
-4.678679156890929391e+01
-7.216127773802250545e+01
-7.856161027753228154e+01
-5.893337500033907617e+01
-3.429215822204187702e+01
-1.366390463153909423e+02
-3.093128078557557714e+01
-3.793148381700882510e+01
-4.089527406435402668e+01
-7.856161027753228154e+01
-1.509246833160358925e+01
-5.987283905307609189e+01
-2.206455936706344190e+01
-1.566020975742720189e+01
-4.673841153202718601e+01
-2.241973600974488434e+01
-5.950988546768790854e+01
-3.878566350417310105e+01
-1.246654754222408172e+02
-5.742565968538224297e+01
-1.088543997292448182e+02
-7.856161027753228154e+01
-5.938368633294577847e+01
-2.088353356174406983e+01
-4.071714953173064799e+01
-7.889652068566593357e+01
-3.204728728135225424e+01
-3.257922406092421852e+01
-7.250647078403157764e+01
-9.955884434151970197e+01
-2.772334278912412131e+01
-1.711710227830687359e+01
-5.848173756166461601e+01
-1.678748279375426478e+01
-3.869085964649875109e+01
-1.658681030963975900e+01
-6.706591428706637714e+01
-6.042104704630506262e+01
-3.429215822204187702e+01
-4.098225007419256372e+01
-7.538594861998852537e+01
-2.796058644542918259e+01
-1.715400005266946692e+01
-2.799775402782976741e+01
-2.382803654196308329e+01
-1.666486282422323484e+01
-2.611893954930764394e+01
-4.226798692494434562e+01
-7.617048066741440415e+00
-1.823442043102696530e+01
-6.468637147967174705e+00
-2.263530903983521370e+01
-5.889505727663524226e+01
-1.089472147729282625e+01
-2.699721091228089165e+01
-4.414832591616439039e+00
-7.516329707990655606e+01
-8.319480995983391836e+01
-1.494310573821049459e+01
-1.197614240440189448e+01
-5.945628502838476237e+01
-1.256107313669882899e+02
-1.305903005544402902e+02
-7.906750194263457843e+01
-1.393970999986990478e+01
-1.339827946607876541e+01
-1.962372356597806089e+01
-7.250647078403157764e+01
-5.934940712352499759e+01
-6.075497357667812537e+01
-6.104890756279559838e+01
-6.307394964951168248e+01
-3.624329048925616092e+01
-5.798854707305574152e+01
-1.146273834072151629e+02
-1.400120915660423577e+02
-6.855982198741365607e+00
-5.716840681336405794e+01
-2.554808847613854539e+01
-8.428289717731949793e+01
-1.397709837209142165e+02
-4.678679156890929391e+01
-2.130919040462810798e+01
-2.533600266556932823e+01
-5.924089816774819184e+01
-4.443177108236066175e+01
-5.600611721277456923e+01
-8.474940030710473593e+01
-3.793148381700882510e+01
-4.048944656664886566e+01
-6.926210423633320623e+00
-8.210919978445421208e+00
-3.092896838555585148e+01
-2.388207747864820263e+01
-1.440953914000402314e+01
-2.263925437377651306e+01
-3.737698206137936552e+01
-2.430019065846304471e+01
-2.425850790109054955e+01
-6.417048066741440238e+00
-7.846906834264666486e+01
-4.217617433241913005e+01
-6.468637147967174705e+00
-7.440902543462509300e+01
-1.136908109348952109e+02
-2.111112014418247540e+01
-1.524462683532720142e+01
-4.055785525026281135e+01
-1.938207008223167094e+01
-9.952824014401127783e+01
-2.268864908187565987e+01
-3.491225134494040105e+01
-1.596335748679022615e+01
-1.130304768177041836e+02
-3.889305703299203287e+01
-1.869028066628678175e+01
-3.534321661093777323e+01
-8.457893518941446587e+00
-5.679095615887466408e+01
-7.856161027753228154e+01
-1.510381346189687690e+01
-8.044343991736133148e+01
-5.794152722119863341e+01
-3.793148381700882510e+01
-3.714517124305784534e+01
-6.066199439599401444e+01
-8.210919978445421208e+00
-5.498603551489344454e+01
-1.022076393169573194e+01
-1.197614240440189448e+01
-5.282015575411956831e+01
-6.034879905492751817e+01
-1.393970999986990478e+01
-3.261220123692109496e+01
-6.468637147967174705e+00
-1.470837663367424675e+01
-4.379353662017852855e+01
-3.793148381700882510e+01
-3.281610912678270608e+01
-6.087330781041117689e+01
-3.793148381700882510e+01
-3.129761460774963311e+01
-1.197614240440189448e+01
-3.776422557597959440e+01
-1.017736578345697183e+02
-3.073293534408894345e+01
-6.855982198741365607e+00
-3.890251206139338080e+01
-4.678679156890929391e+01
-5.974481465318012852e+01
-1.773669444372649906e+01
-7.057300815970847907e+01
-7.844454167152370871e+00
-9.879034362478671483e+01
-8.238529975202016686e+00
-1.370113166655368389e+02
-4.678679156890929391e+01
-8.599368270702285599e+00
-1.528121277041191384e+01
-9.993271444893488820e+01
-7.402991324889168823e+01
-7.388172912459411634e+01
-7.172044090320056853e+01
-7.440902543462509300e+01
-3.737698206137936552e+01
-3.671258135871769923e+01
-6.518031856066405894e+00
-1.197614240440189448e+01
-2.448124853058869732e+01
-1.569387370114594660e+02
-3.470841924671555034e+01
-5.936705654814993238e+01
-4.269339812141957680e+01
-1.666486282422323484e+01
-4.217617433241913005e+01
-6.318296272446626460e+01
-7.844454167152370871e+00
-5.967277447597645335e+01
-3.871898051913957772e+01
-2.981227848413880110e+00
-2.874183878979468432e+01
-2.482965285920823462e+01
-3.196397084290048340e+01
-3.863877357038843741e+01
-6.855982198741365607e+00
-6.068074854097916671e+01
-1.359203615075713856e+01
-1.298087362880291451e+01
-4.816550877454844937e+01
-5.827789533991366966e+01
-4.630754533313424304e+01
-5.397037918365795406e+01
-1.240253217002523058e+02
-3.595313907383456353e+01
-3.178606638101804194e+01
-3.059696408448050775e+01
-8.406122331550537297e+01
-2.444866640598428020e+01
-4.226798692494434562e+01
-1.147219217065722319e+02
-4.798138290174269116e+01
-2.805322485919867148e+01
-1.393970999986990478e+01
-8.474940030710473593e+01
-5.974593119356067916e+01
-1.022076393169573194e+01
-5.367239993661642927e+01
-3.237967934571966566e+01
-6.263656805596911425e+01
-7.844454167152370871e+00
-1.440204271492389232e+01
-2.687339371080240724e+01
-9.805350372826069361e+00
-7.856161027753228154e+01
-7.856161027753228154e+01
-8.031928281886187904e+01
-4.226798692494434562e+01
-8.210919978445421208e+00
-3.429215822204187702e+01
-1.210813062746492506e+02
-5.693130518493763503e+01
-6.802344789806755898e+01
-1.322377984555913883e+02
-5.299534928040053217e+01
-2.277563807559041109e+01
-3.864127796593669473e+01
-1.938207008223167094e+01
-2.805322485919867148e+01
-5.988695626736923572e+01
-2.981227848413880110e+00
-2.231965170428332002e+01
-2.430019065846304471e+01
-2.540981224866369104e+01
-7.290470267294426776e+01
-4.103323324693670315e+01
-2.115775488337987298e+01
-5.731783852056138784e+01
-1.197614240440189448e+01
-4.779388942746709290e+01
-5.018782631266469707e+01
-4.139955368251165169e+01
-1.350734774146426673e+02
-6.090528739797119329e+01
-5.971017885806480052e+01
-6.251314190819891792e+01
-1.800376458209279562e+01
-5.669425816171038690e+01
-2.382803654196308329e+01
-4.559780086325154969e+01
-3.429215822204187702e+01
-1.393970999986990478e+01
-1.001112847443101970e+02
-5.671205280283722772e+01
-8.486407723276640169e+00
-1.393970999986990478e+01
-3.470841924671555034e+01
-4.859435007180726984e+01
-3.819789618166090861e+01
-2.347622615169139948e+01
-5.866130333267815899e+01
-3.819789618166090861e+01
-4.763371764956057319e+01
-1.212237500157482231e+02
-4.072996390721772997e+01
-6.802344789806755898e+01
-7.174033061057789951e+01
-4.587546143767666251e+01
-7.887087117403021352e+01
-3.990919160075106475e+01
-1.364982337277982083e+02
-1.366648913587312109e+02
-3.847734195500162002e+01
-2.347622615169139948e+01
-5.929658645270163220e+01
-5.718003658387822696e+01
-2.316971990887406108e+01
-8.887162847775783803e+00
-3.792738058072808371e+01
-6.137901326621716436e+01
-9.813286118800891700e+01
-8.514866632949311054e+01
-8.604490464878267630e+00
-6.743410346874486549e+01
-3.829252449129960212e+01
-4.718678211002118417e+01
-2.855649479362209675e+01
-5.512570426048699801e+01
-3.914270817027971816e+01
-4.457446712902718389e+01
-7.497354059897322998e+01
-1.536141971916298132e+01
-5.326498235820116633e+01
-3.256699688986667240e+01
-3.595313907383456353e+01
-3.260709689736727057e+01
-1.339827946607876541e+01
-7.250647078403157764e+01
-8.397464867507589759e+01
-7.495158728373911572e+01
-5.841842381391874994e+01
-9.985003930535319228e+01
-2.765635902035722182e+01
-5.806570382774664552e+01
-6.839163707974603312e+01
-7.273016124804166260e+00
-1.022076393169573194e+01
-3.569712718773020299e+01
-1.348388530729499166e+02
-9.947352721970074185e+01
-2.203006383326166073e+01
-6.020868287797157592e+01
-3.793148381700882510e+01
-2.347622615169139948e+01
-1.780507191172597103e+01
-6.764354282999548218e+01
-2.211232519334770785e+01
-1.393970999986990478e+01
-4.825198593912409706e+01
-1.105251135644778344e+02
-6.026272395773658275e+01
-1.153548261845633505e+02
-4.609862911878869340e+01
-1.666486282422323484e+01
-5.857106945221930516e+01
-1.224607839442805179e+01
-6.855982198741365607e+00
-3.552439017099875684e+01
-2.709627031030775512e+01
-1.887306603110024028e+01
-1.359203615075713856e+01
-2.533600266556932823e+01
-8.712839444799621802e+00
-6.417048066741440238e+00
-3.852073070695035995e+01
-2.170751908725893742e+01
-7.017048066741439882e+00
-6.211622698634982953e+01
-8.294496069522514503e+00
-3.897576025508476505e+01
-1.202700745366253301e+02
-8.440613154709059529e+01
-8.498121112542625610e+01
-4.244511465462316835e+01
-3.195221993621516177e+01
-6.855982198741365607e+00
-1.637030230998371394e+01
-5.781818576309770208e+01
-5.875301156353378218e+01
-4.195612921195809975e+01
-6.920397945593853706e+01
-6.034829833627401285e+01
-6.900722389808851176e+01
-5.388251192507389220e+01
-9.983213864703375862e+01
-6.802364033878086502e+01
-2.180627959483258493e+01
-3.881888287694201267e+01
-1.671671602453301730e+01
-2.395342550198146725e+01
-2.738173426144011202e+01
-2.235025297712499182e+01
-3.595313907383456353e+01
-5.430442327239305200e+01
-3.612936780249394531e+01
-4.185492396600589871e+01
-4.133984678280634739e+01
-1.244371826511234929e+02
-2.673544856216350141e+01
-1.018284688585429052e+02
-1.541718403002037263e+01
-1.541718403002037263e+01
-2.687339371080240724e+01
-1.666486282422323484e+01
-1.391268259289971176e+01
-6.331989995210140165e+00
-7.807326999644270416e+01
-1.131346451498995123e+02
-3.470841924671555034e+01
-3.429215822204187702e+01
-5.841842381391874994e+01
-1.938207008223167094e+01
-1.221230686842133082e+02
-6.146038074716899757e+01
-2.111582569251564578e+01
-2.047314863643327598e+01
-1.561032189992745032e+02
-4.223975363494553648e+01
-1.666486282422323484e+01
-1.528121277041191384e+01
-3.552439017099875684e+01
-4.125443222660504716e+01
-1.292770537235991668e+01
-8.608291465983762691e+01
-5.909615898796607780e+01
-7.145688146184019729e+01
-6.126522735532742558e+01
-5.739133734807251130e+01
-5.841842381391874994e+01
-1.197614240440189448e+01
-2.805322485919867148e+01
-2.433636881726327417e+01
-7.183535092259566568e+01
-7.802829668711774502e+01
-1.541718403002037263e+01
-5.987059275556705984e+01
-6.331989995210140165e+00
-3.069604358499346475e+01
-5.752697674319244925e+01
-7.843684533115339264e+01
-5.985180350988578368e+01
-4.219100129280087685e+01
-3.549215822204187987e+01
-6.661459065064957485e+01
-7.404208752495388524e+01
-3.793148381700882510e+01
-6.073335317833100078e+01
-4.167681062956236815e+01
-3.549849981131274035e+01
-7.856161027753228154e+01
-2.091629055908417811e+01
-7.844454167152370871e+00
-6.666605391121289870e+01
-5.700008785970736369e+01
-5.495995570459153612e+01
-4.113961818151189220e+01
-8.385159426059974663e+00
-1.496441033523254838e+01
-3.470841924671555034e+01
-1.541718403002037263e+01
-4.605635713093830930e+01
-3.213205160178854669e+01
-1.018284688585429052e+02
-7.844454167152370871e+00
-1.673396379143398605e+01
-3.970369913054659605e+01
-1.938207008223167094e+01
-5.885785142839682749e+01
-1.292770537235991668e+01
-6.331989995210140165e+00
-6.614839848127205357e+01
-3.744833008471260882e+01
-7.068880614944615104e+01
-2.687339371080240724e+01
-1.621374002565608663e+01
-1.250306697683231221e+02
-4.719453697918413582e+01
-4.092802563311268216e+01
-5.578970186827413613e+01
-6.774612123581752599e+01
-2.432214397369710923e+01
-8.319695814155303992e+01
-3.631811388301127863e+01
-1.292770537235991668e+01
-2.981227848413880110e+00
-2.431743842536391398e+01
-1.837967963497495916e+01
-1.802527672172547213e+01
-3.793148381700882510e+01
-5.975677481237891442e+01
-5.835106850863146377e+01
-8.604490464878267630e+00
-1.011859616464052749e+02
-3.786690071736137497e+01
-6.616923825915191060e+01
-3.871791336615174117e+01
-5.841842381391874994e+01
-2.382803654196308329e+01
-7.073618414527045672e+01
-1.393970999986990478e+01
-6.106961007060567681e+01
-3.470841924671555034e+01
-4.714514227108494993e+01
-5.980442432684704102e+01
-4.097332869564510816e+01
-1.383512587770239577e+02
-9.002825620077425484e+00
-7.844454167152370871e+00
-1.836186983548241614e+01
-2.482965285920823462e+01
-6.032918328957067899e+01
-6.662690459652849029e+01
-1.409235097450355312e+01
-6.383192871782838296e+01
-3.392633555477412699e+01
-8.126341023130413532e+01
-2.805322485919867148e+01
-9.985003930535319228e+01
-6.010039153870992124e+01
-2.801970734306384259e+01
-6.070890774393730283e+01
-3.429215822204187702e+01
-1.541718403002037263e+01
-1.292770537235991668e+01
-3.213854275194910315e+01
-7.441373098295821364e+01
-3.549795961013060719e+01
-3.516325332096802470e+01
-2.568723233672706741e+01
-7.856161027753228154e+01
-8.210919978445421208e+00
-7.856161027753228154e+01
-1.614910434426639441e+01
-1.753165632925899331e+01
-1.339827946607876541e+01
-1.362283186633179071e+02
-3.735725602801378642e+01
-1.152039854393019027e+02
-5.883119098784813161e+01
-1.359203615075713856e+01
-6.100633275629471086e+01
-1.245847533227393171e+02
-3.236720635103273480e+01
-8.604490464878267630e+00
-4.678679156890929391e+01
-1.559846228392150636e+02
-4.860284364330397011e+01
-1.409235097450355312e+01
-4.610186637159191747e+01
-1.653479621383442577e+01
-4.715602043522771680e+01
-4.455251381379310516e+01
-4.226798692494434562e+01
-4.161908533872871629e+01
-2.958090851687038736e+01
-5.982409931562581562e+01
-6.633718397832370783e+01
-4.440174133382625143e+01
-6.717048066741440060e+00
-4.226798692494434562e+01
-6.154499685377693652e+01
-2.681312901799837434e+01
-1.027697003226263632e+02
-6.855982198741365607e+00
-4.767748824099129479e+01
-3.174545980835072356e+01
-3.841956079958626447e+01
-2.225819121190777850e+01
-5.935047670109783269e+01
-5.773026720610637597e+01
-7.844454167152370871e+00
-5.251149698144547528e+01
-1.666486282422323484e+01
-1.359203615075713856e+01
-1.324631401552217085e+02
-8.403830621466184425e+01
-1.393970999986990478e+01
-7.505472900920334212e+01
-2.398988493528355193e+01
-2.533600266556932823e+01
-1.750215725378983933e+01
-5.164901128656943285e+01
-7.817510274563218786e+01
-6.331989995210140165e+00
-2.244550334400884495e+01
-5.713798677984651420e+01
-2.347622615169139948e+01
-5.919898982918873287e+01
-2.382803654196308329e+01
-1.298556296347504997e+02
-1.837922353074759130e+01
-1.621374002565608663e+01
-1.197614240440189448e+01
-2.533600266556932823e+01
-1.038821913576255795e+01
-6.053515477721771276e+01
-1.292770537235991668e+01
-4.204492968151509302e+01
-5.811176471539111787e+01
-2.130510547884110295e+01
-3.973148381700882226e+01
-6.417048066741440238e+00
-3.470841924671555034e+01
-1.339827946607876541e+01
-4.170079429643860180e+01
-3.233393896018888114e+01
-5.967476320447390492e+01
-3.266708624271083039e+01
-2.347622615169139948e+01
-6.331989995210140165e+00
-6.331989995210140165e+00
-1.472409400162248687e+02
-5.314938400265498331e+01
-4.116333491454986415e+01
-4.627584338115418205e+01
-1.945651833900187455e+01
-4.226798692494434562e+01
-1.339827946607876541e+01
-3.595313907383456353e+01
-2.532428022231204423e+01
-8.559119869552003479e+01
-2.267999819960126118e+01
-4.416015940184496458e+01
-8.652489714293707834e+01
-5.607107353273205064e+01
-6.020618519617022457e+01
-2.981227848413880110e+00
-4.186695218118886430e+01
-6.136536964601822319e+01
-4.805828868283349209e+01
-4.646814405645753254e+01
-2.414505655974597786e+01
-1.522737906842618116e+01
-8.852141000431274165e+00
-1.541718403002037263e+01
-6.272840427335508195e+01
-7.214274698306896028e+01
-2.517388202087619931e+01
-6.417048066741440238e+00
-2.382803654196308329e+01
-4.179266613760172788e+01
-5.774463669396456567e+01
-2.768103877393208734e+01
-2.262589794316898306e+01
-4.678679156890929391e+01
-2.687339371080240724e+01
-2.482965285920823462e+01
-1.038821913576255795e+01
-2.347622615169139948e+01
-2.447465416511268188e+01
-3.429215822204187702e+01
-1.359203615075713856e+01
-1.288649147408768556e+02
-6.300081748454009301e+01
-5.567980146510074491e+01
-5.745046940217436315e+01
-5.860163231221036995e+01
-1.359203615075713856e+01
-2.066771135601219100e+01
-7.212928352855402636e+01
-3.153284512803423922e+01
-4.648927865249489599e+01
-2.347622615169139948e+01
-2.787071771954305532e+01
-8.027684550264481800e+01
-8.385159426059974663e+00
-5.841842381391874994e+01
-2.430939508058992260e+01
-2.533600266556932823e+01
-1.339827946607876541e+01
-1.890756156490207474e+01
-2.268316100424463855e+01
-1.058738671336212711e+01
-5.975677481237891442e+01
-5.820755686950425911e+01
-2.794835931973053178e+01
-5.841842381391874994e+01
-8.210919978445421208e+00
-4.678679156890929391e+01
-5.745859039933331758e+01
-3.983389824347649721e+01
-4.077427059476326576e+01
-1.043527912228698113e+02
-5.977977167704075612e+01
-9.985003930535319228e+01
-3.793148381700882510e+01
-3.208963524538948775e+01
-1.633102415496501081e+01
-5.628976216435448521e+01
-3.701318153357564711e+01
-1.344717323414004397e+02
-8.869373016151652678e+01
-1.666486282422323484e+01
-6.084726412250361705e+01
-1.400699376567212084e+02
-1.038821913576255795e+01
-5.841842381391874994e+01
-2.981227848413880110e+00
-4.506841679933987166e+01
-9.994585768646813051e+01
-4.678679156890929391e+01
-3.837016609148702884e+01
-4.715078760081202347e+01
-1.575411318492890018e+02
-1.261900713012682189e+02
-6.031382681005062807e+01
-8.605717972106266700e+01
-2.096031358597301519e+01
-1.173922112205157475e+01
-1.332767439868598274e+02
-9.455139729646651503e+00
-2.382803654196308329e+01
-1.938207008223167094e+01
-5.505267798989367378e+01
-7.195819971680046478e+01
-8.210919978445421208e+00
-1.393970999986990478e+01
-7.844454167152370871e+00
-1.938207008223167094e+01
-6.610503154310448792e+01
-4.173989565312227512e+01
-2.805322485919867148e+01
-7.755258753950538164e+01
-7.430237666629494697e+01
-4.644172415878942672e+01
-7.421456340535864626e+01
-1.938207008223167094e+01
-4.671039954532855631e+01
-1.393970999986990478e+01
-1.120522917459196606e+02
-2.111582569251564578e+01
-3.429215822204187702e+01
-7.336610485879123189e+01
-5.375810478906274170e+01
-1.730794734032841120e+01
-5.898713403419267109e+01
-1.978859312135487158e+01
-6.417048066741440238e+00
-2.387705857409184063e+01
-2.379482503399031756e+01
-4.733739686081009523e+01
-1.134296227416909773e+02
-2.829647021682965047e+01
