-5.526119062861265974e+01
-6.705719213866539974e+01
-6.673698311187823151e+01
-4.715826414180848758e+01
-5.907354584428938438e+01
-6.203641904661446915e+01
-6.614605468372791108e+01
-7.026167083692543258e+01
-7.281402353376135750e+01
-6.955113284287386932e+01
-5.815456163377284327e+01
-5.774456585029534494e+01
-5.902123460198523475e+01
-7.268058481386228209e+01
-5.783784896436493739e+01
-6.274472056503367412e+01
-6.455541234375283466e+01
-5.253015887959499963e+01
-7.581239919134669947e+01
-7.884064080405401853e+01
-6.162645367272789088e+01
-7.730378536627459596e+01
-8.152980480349796721e+01
-5.558332969131414814e+01
-6.688233703444930711e+01
-6.030362537738225370e+01
-6.577758162688273558e+01
-5.220637900599815140e+01
-8.274407960436133180e+01
-7.486005966732523120e+01
-6.930253626720906368e+01
-6.737058686713800171e+01
-6.021053219919342325e+01
-7.044798128130030079e+01
-5.987037765941336431e+01
-6.653244373134374712e+01
-6.722295053597552794e+01
-4.076066910600708582e+01
-4.610984540474165527e+01
-4.798376854720611817e+01
-3.366483521501933041e+01
-3.662448478340895264e+01
-3.164543361318884962e+01
-2.579809501815388018e+01
-1.902392277736198523e+01
-2.608203524014212604e+01
-2.268605060155115893e+01
-2.060806854972945956e+01
-1.770064042340771948e+01
-2.431015454067662063e+01
-1.123209550213984720e+01
-1.780982866551703125e+01
-1.920542458819097931e+01
-6.010677275073047277e+00
-1.315608308941548366e+01
-1.477104944345326665e+01
-2.131327863917090504e+00
-1.082226217629852272e+01
-2.614353668847611090e+01
-1.085582141504335851e+01
-8.717110628755698087e+00
-1.189014902038951327e+01
-7.439919029125703354e+00
-1.182229801021570026e+01
-1.296725476063633309e+01
-1.128489569574037077e+01
-7.901216021512061261e+00
-2.867931158281155035e+01
-5.870053021666105764e+00
-1.092506056240211976e+01
-2.280008017153495459e+01
-1.796238749525600253e+00
-2.983749281772524142e+01
-7.126583884535903302e+00
-1.835646936914544014e+01
-1.015933085169278982e+01
-7.122694751157594872e+00
-2.396385312259972267e+01
-2.280008017153495459e+01
-4.627882334192955582e+00
-2.333729432884498678e+01
-8.634505650258128995e+00
-1.576371404042938851e+00
-2.396385312259972267e+01
-3.603787863904811672e+01
-8.105702917013985598e+00
-5.686453975044969411e+00
-1.223815997272925493e+01
-1.277163615047209433e+01
-2.828378351535829438e+01
-3.995680768176835596e+00
-9.127766941659325894e+00
-1.420156035813990414e+01
-7.230010725023421791e+00
-2.983749281772524142e+01
-4.835633575929907835e+00
-1.011637229180208308e+01
-1.989258613279925569e+01
-1.189014902038951327e+01
-3.625997680978316140e+01
-6.935045846555109250e+00
-1.957103467189504897e+01
-2.125654306096981117e+01
-1.989258613279925569e+01
-1.494179692297872286e+01
-3.610984424955965721e+01
-2.712116770285171619e+00
-1.515464496020574892e+01
-4.627882334192955582e+00
-7.416161048098643072e+00
-6.507888673818150949e+00
-1.049363398639835410e+01
-3.289292893932719064e+00
-4.835633575929907835e+00
-2.125654306096981117e+01
-8.705835510860067572e+00
-1.795143173989417207e+01
-1.826818351959306241e+01
-7.311562522640652206e-01
-8.359459966827529342e+00
-1.405616061133611616e+01
-7.690921940743455920e+00
-1.200615572174246637e+01
-8.854100857054033824e+00
-1.794870151564099681e+00
-1.549373015126171360e+01
-1.959722672128345877e+01
-7.997378280016914864e+00
-9.482217774174910296e-01
-1.427625359641600333e+01
-4.627882334192955582e+00
-2.963178209421310161e+00
-9.482217774174910296e-01
-9.100119727678325887e+00
-1.586023926950548102e+01
-2.144046336570367117e+01
-9.455821415043358158e+00
-2.009534026611950708e+01
-2.769165790738170152e+00
-1.166788761354197668e+01
-4.884183396509471642e+00
-5.513525078439844407e+00
-3.265432717401913543e+00
-1.223815997272925493e+01
-7.136397697937423956e+00
-1.586023926950548102e+01
-1.865039419532775256e+01
-8.528889141847912470e+00
-1.959722672128345877e+01
-7.224330639358809591e+00
-7.738556859615681738e+00
-1.077394177680157128e+01
-3.063901697817521974e+00
-2.498254319662872369e+00
-5.204339690256776230e+00
-1.682761896475680752e+00
-1.056858717910136036e+01
-7.163166673140462848e+00
-3.963968788262778875e-01
-5.829278559181627628e+00
-3.995680768176835596e+00
-1.415999366465320009e+01
-3.814944213183310495e+01
-1.335718616362790634e+01
-2.798414251777746742e+01
-2.323977860537369011e+01
-1.468303601008276171e+00
-1.112751005298425078e+01
-1.445750861309955759e+01
-2.143818486962855729e+01
-5.579532695388165209e+00
-1.390957600465940303e+00
-3.265432717401913543e+00
-1.682761896475680752e+00
-2.109311334625047962e+01
-2.878549144509643654e+01
-1.342195094549759915e+01
-5.356679742631524910e+00
-1.950614494987936354e+01
-1.180902756701176948e+01
-1.663339128157763724e+01
-5.080260472041246089e+00
-1.103034154031659675e+01
-1.959722672128345877e+01
-8.676370080216580405e+00
-1.190331281477019587e+01
-7.311562522640652206e-01
-8.861139864829235435e+00
-9.891579774506555012e+00
-2.936230504696612442e+01
-1.598344047592480521e+01
-1.795143173989417207e+01
-7.110703109269547184e+00
-5.204339690256776230e+00
-4.835633575929907835e+00
-8.339625190739191396e+00
-6.653806849260907263e+00
-5.419464006408066581e+00
-4.111970025128587558e+00
-3.570491233613393689e+01
-1.598344047592480521e+01
-2.160703237661965925e+00
-8.063895005710135067e+00
-1.166788761354197668e+01
-1.526624914147006784e+01
-1.373911548197859211e+01
-7.859594197986507602e+00
-5.156836443773604728e+00
-2.495044746038439953e+00
-2.384250622446412393e+01
-2.014224428861644611e+01
-2.050789639265465070e+01
-1.390957600465940303e+00
-1.166788761354197668e+01
-1.223815997272925493e+01
-2.396385312259972267e+01
-7.674762763674400468e+00
-1.189014902038951327e+01
-4.111970025128587558e+00
-8.359459966827529342e+00
-2.280008017153495459e+01
-5.581077021071868316e+00
-5.257886543078824637e+00
-1.223815997272925493e+01
-2.072215992779358373e+01
-3.995680768176835596e+00
-6.653806849260907263e+00
-9.679923718228403473e+00
-2.249935761576225701e+01
-7.126583884535903302e+00
-3.629621570603317249e+00
-9.863212044358986574e+00
-1.868508218469309057e+01
-4.627882334192955582e+00
-7.859594197986507602e+00
-1.598344047592480521e+01
-1.488133079040465034e+01
-1.162306187585411088e+01
-1.646389096102507210e+01
-6.849876384067968615e+00
-4.627882334192955582e+00
-1.212963865151141363e+01
-5.686453975044969411e+00
-4.111970025128587558e+00
-1.425677582646371988e+01
-1.419607990719497437e+01
-2.057618646392412654e+00
-1.598344047592480521e+01
-7.311562522640652206e-01
-1.363237261678136925e+01
-8.717110628755698087e+00
-6.779374914527560136e+00
-8.359459966827529342e+00
-8.342454403891553127e+00
-1.342195094549759915e+01
-1.166788761354197668e+01
-1.829517772041724655e+01
-2.207667267959714508e+01
-2.144046336570367117e+01
-5.080260472041246089e+00
-2.144046336570367117e+01
-1.629771490652894528e+01
-1.342195094549759915e+01
-1.451935591878134879e+01
-1.549373015126171360e+01
-4.835633575929907835e+00
-8.854100857054033824e+00
-1.701410733787271568e+01
-5.204339690256776230e+00
-1.189014902038951327e+01
-1.883924739235976986e+01
-1.959722672128345877e+01
-1.151128447912523889e+01
-8.359459966827529342e+00
-2.207667267959714508e+01
-3.995680768176835596e+00
-9.522754680391418702e+00
-5.138090137344085484e+00
-3.289292893932719064e+00
-1.189014902038951327e+01
-3.963968788262778875e-01
-8.030499959204327354e+00
-1.626761024201296735e+01
-1.166788761354197668e+01
-8.717110628755698087e+00
-2.361580956426579192e+01
-2.365299073812975905e+01
-6.999150818773466121e+00
-8.717110628755698087e+00
-8.359459966827529342e+00
-6.849876384067968615e+00
-2.301637533931190749e+00
-4.111970025128587558e+00
-1.701410733787271568e+01
-8.717110628755698087e+00
-4.042001858637062739e+00
-8.717110628755698087e+00
-7.163166673140462848e+00
-1.701410733787271568e+01
-3.050839854233479187e+01
-1.405616061133611616e+01
-9.844913256048780426e+00
-9.455821415043358158e+00
-1.682761896475680752e+00
-4.270780623701648793e+00
-8.105702917013985598e+00
-6.779374914527560136e+00
-9.034007879399091223e+00
-1.323982497119871482e+01
-7.172366984269713974e+00
-7.012826135956110818e+00
-2.109311334625047962e+01
-2.301637533931190749e+00
-5.204339690256776230e+00
-8.771978703212441886e+00
-1.373911548197859211e+01
-1.128489569574037077e+01
-2.384250622446412393e+01
-1.383396070281725976e+01
-1.357309042266769694e+01
-1.783830813315298158e+01
-1.989258613279925569e+01
-7.163166673140462848e+00
-6.849876384067968615e+00
-2.043094588034661996e+01
-1.598344047592480521e+01
-4.835633575929907835e+00
-1.445750861309955759e+01
-8.955510595770492799e+00
-1.701225858336998797e+01
-2.280008017153495459e+01
-5.579532695388165209e+00
-1.128489569574037077e+01
-1.959722672128345877e+01
-7.311562522640652206e-01
-1.629771490652894528e+01
-1.903233812168049965e+01
-1.598344047592480521e+01
-2.280008017153495459e+01
-3.995680768176835596e+00
-3.674109857941097346e+01
-1.156611325686234615e+01
-2.439638647828010676e+01
-2.384250622446412393e+01
-1.941482321152354018e+01
-1.445750861309955759e+01
-2.144046336570367117e+01
-1.242647062483845488e+01
-8.676370080216580405e+00
-1.120861071964858269e+01
-2.207667267959714508e+01
-5.414341290894534531e+00
-1.342195094549759915e+01
-2.360188117252617701e+01
-2.577842266956153239e+01
-3.289292893932719064e+00
-2.376474586393802824e+00
-2.983749281772524142e+01
-8.030499959204327354e+00
-5.080260472041246089e+00
-2.037085220674799046e+01
-2.241708131509582813e+01
-1.488133079040465034e+01
-1.419607990719497437e+01
-1.373911548197859211e+01
-4.835633575929907835e+00
-1.795143173989417207e+01
-2.280008017153495459e+01
-2.384250622446412393e+01
-9.829670453689384857e+00
-2.277813675560908280e+01
-6.779374914527560136e+00
-8.359459966827529342e+00
-1.373911548197859211e+01
-1.645679039523308518e+01
-6.849876384067968615e+00
-7.122694751157594872e+00
-3.063901697817521974e+00
-4.111970025128587558e+00
-7.219023717916511096e+00
-2.579639636171804185e+01
-2.238123323661186959e+01
-5.846409562565515472e+00
-9.522754680391418702e+00
-1.445750861309955759e+01
-4.835633575929907835e+00
-7.311562522640652206e-01
-8.854100857054033824e+00
-1.995623341118464467e+01
-7.095650870808772659e+00
-2.247744871011636647e+01
-5.579532695388165209e+00
-1.652819202119424702e+01
-3.289292893932719064e+00
-7.163166673140462848e+00
-1.701410733787271568e+01
-6.849876384067968615e+00
-1.682761896475680752e+00
-4.275542860613465557e+00
-1.598344047592480521e+01
-4.111970025128587558e+00
-9.236481664659207169e+00
-2.365299073812975905e+01
-8.030499959204327354e+00
-8.339625190739191396e+00
-1.538768680545899237e+01
-1.586023926950548102e+01
-5.204339690256776230e+00
-7.058190868118730421e+00
-6.653806849260907263e+00
-3.963968788262778875e-01
-2.043094588034661996e+01
-1.032752269926958277e+01
-7.793018816476533495e+00
-2.144046336570367117e+01
-6.273268374089106203e+00
-4.946852354518585848e+00
-2.867931158281155035e+01
-2.702744331059064198e+00
-1.316413931793595538e+01
-3.628060078659954613e+00
-1.488133079040465034e+01
-3.289292893932719064e+00
-7.219023717916511096e+00
-4.042001858637062739e+00
-6.653806849260907263e+00
-3.265432717401913543e+00
-3.289292893932719064e+00
-2.043094588034661996e+01
-3.063901697817521974e+00
-1.316413931793595538e+01
-1.189145806870274669e+01
-1.419607990719497437e+01
-1.342195094549759915e+01
-4.111970025128587558e+00
-9.023294420499400559e+00
-1.682761896475680752e+00
-5.579532695388165209e+00
-2.207667267959714508e+01
-6.849876384067968615e+00
-4.835633575929907835e+00
-1.682761896475680752e+00
-8.717110628755698087e+00
-4.270780623701648793e+00
-2.889690853189021080e+00
-8.745521017748055570e+00
-1.405616061133611616e+01
-8.771978703212441886e+00
-7.859594197986507602e+00
-1.652819202119424702e+01
-1.103034154031659675e+01
-1.488133079040465034e+01
-3.995680768176835596e+00
-7.859594197986507602e+00
-2.384250622446412393e+01
-1.223815997272925493e+01
-1.405616061133611616e+01
-8.902553949955157364e+00
-4.602699744726653108e+00
-3.063901697817521974e+00
-2.983749281772524142e+01
-3.200692835744802789e+00
-6.849876384067968615e+00
-1.957103467189504897e+01
-1.795143173989417207e+01
-8.339625190739191396e+00
-5.842488530017764248e+00
-1.652819202119424702e+01
-1.468303601008276171e+00
-5.579532695388165209e+00
-9.455821415043358158e+00
-8.105702917013985598e+00
-1.399593577254511345e+01
-1.878036917654431548e+01
-2.760547047897712503e+01
-1.384374686230233742e+01
-1.021936502249622869e+01
-8.771978703212441886e+00
-1.316413931793595538e+01
-1.128489569574037077e+01
-1.223815997272925493e+01
-1.516659526271975089e+00
-3.289292893932719064e+00
-2.207667267959714508e+01
-1.197595200430767193e+01
-1.488133079040465034e+01
-8.676370080216580405e+00
-1.029326759541618763e+01
-8.105702917013985598e+00
-9.562363459825414580e+00
-7.445073119647761750e+00
-1.795143173989417207e+01
-1.468303601008276171e+00
-1.645539503709653673e+01
-1.957103467189504897e+01
-1.084922656370301297e+01
-7.132024228538617727e+00
-1.419607990719497437e+01
-4.806698419031684821e+00
-7.674762763674400468e+00
-8.514842215533091618e+00
-7.126583884535903302e+00
-3.995680768176835596e+00
-8.474957201571298171e+00
-7.674762763674400468e+00
-3.908228401100059646e+00
-8.359459966827529342e+00
-1.183494887344413016e+01
-1.257495128917937421e+01
-1.549373015126171360e+01
-1.468303601008276171e+00
-1.103034154031659675e+01
-8.030499959204327354e+00
-1.128489569574037077e+01
-2.983749281772524142e+01
-1.118282904629839436e+01
-8.359459966827529342e+00
-4.111970025128587558e+00
-5.871617386976771158e+00
-1.598344047592480521e+01
-2.277813675560908280e+01
-9.236481664659207169e+00
-3.434518280764407017e+00
-6.849876384067968615e+00
-1.398572210811877170e+01
-1.598344047592480521e+01
-5.204339690256776230e+00
-3.289292893932719064e+00
-1.701410733787271568e+01
-1.405616061133611616e+01
-4.111970025128587558e+00
-7.163166673140462848e+00
-3.129958522405460997e+01
-8.717110628755698087e+00
-6.653806849260907263e+00
-1.445750861309955759e+01
-5.471531950438615510e+00
-4.270780623701648793e+00
-2.109311334625047962e+01
-2.055579619609208208e+01
-6.779374914527560136e+00
-1.223815997272925493e+01
-4.163066562859687458e+00
-1.237503951470011287e+01
-2.384250622446412393e+01
-9.161618660983140927e+00
-1.957103467189504897e+01
-8.105702917013985598e+00
-6.849876384067968615e+00
-1.120861071964858269e+01
-2.144046336570367117e+01
-9.522754680391418702e+00
-2.438746660867067462e+01
-1.659274287877868304e+01
-5.579532695388165209e+00
-3.570491233613393689e+01
-8.771978703212441886e+00
-1.120861071964858269e+01
-1.777056170237631605e+01
-8.771978703212441886e+00
-9.866368215164795785e+00
-7.311562522640652206e-01
-1.332484971569086873e+01
-7.163166673140462848e+00
-7.388025308517437217e+00
-4.835633575929907835e+00
-1.468303601008276171e+00
-4.835633575929907835e+00
-6.544470034938171032e+00
-4.946852354518585848e+00
-1.586023926950548102e+01
-2.822042411854289057e+01
-4.835633575929907835e+00
-1.364415450386022322e+01
-1.278509258360025846e+01
-7.674762763674400468e+00
-7.311562522640652206e-01
-3.963968788262778875e-01
-1.445750861309955759e+01
-1.598344047592480521e+01
-1.323239018574264492e+01
-2.144046336570367117e+01
-9.036061068872426105e+00
-2.301637533931190749e+00
-1.128489569574037077e+01
-3.944094410506223625e+01
-1.045588656103410941e+01
-1.166788761354197668e+01
-6.849876384067968615e+00
-6.999454140111368794e+00
-6.779374914527560136e+00
-1.433988301868121873e+01
-4.764155142549668653e+00
-5.787411857728459452e+00
-7.126583884535903302e+00
-2.109311334625047962e+01
-5.080260472041246089e+00
-9.482217774174910296e-01
-5.579532695388165209e+00
-1.488133079040465034e+01
-7.199203567499341538e+00
-6.653806849260907263e+00
-3.265432717401913543e+00
-4.111970025128587558e+00
-3.963968788262778875e-01
-3.746089221986984352e+00
-1.315926081644372303e+01
-1.128489569574037077e+01
-2.365915862804875758e+01
-1.166788761354197668e+01
-6.779374914527560136e+00
-4.627882334192955582e+00
-1.598344047592480521e+01
-1.217187017477122701e+01
-1.032752269926958277e+01
-3.289292893932719064e+00
-1.342195094549759915e+01
-8.676370080216580405e+00
-1.373911548197859211e+01
-2.384250622446412393e+01
-2.889690853189021080e+00
-5.402877015068050071e+00
-2.043094588034661996e+01
-5.316390628044544542e+00
-2.499048452624458960e+01
-1.701410733787271568e+01
-1.598344047592480521e+01
-1.032752269926958277e+01
-5.117512127858624416e-01
-3.570491233613393689e+01
-8.359459966827529342e+00
-2.301637533931190749e+00
-2.144046336570367117e+01
-1.549373015126171360e+01
-8.995787636927344622e+00
-3.610984424955965721e+01
-8.565247135247190613e+00
-8.933827200263417367e+00
-9.066821808460138854e+00
-9.482217774174910296e-01
-1.419607990719497437e+01
-1.032752269926958277e+01
-6.800371974926491703e+00
-1.488133079040465034e+01
-1.576047288015584513e+01
-8.854100857054033824e+00
-1.795143173989417207e+01
-1.144474293319630753e+01
-1.949993831383839193e+01
-2.983749281772524142e+01
-1.236502146214609255e+01
-5.674582638732370121e+00
-2.277813675560908280e+01
-1.316413931793595538e+01
-3.265432717401913543e+00
-4.111970025128587558e+00
-1.315467534386918658e+01
-2.889690853189021080e+00
-2.340090964147669084e+01
-3.048438770451808999e+00
-5.372471432643852296e+00
-4.524941992520888689e+00
-9.522754680391418702e+00
-7.859594197986507602e+00
-2.889690853189021080e+00
-7.859594197986507602e+00
-1.316413931793595538e+01
-2.699011476437428314e+01
-7.163166673140462848e+00
-4.111970025128587558e+00
-8.339625190739191396e+00
-6.779374914527560136e+00
-8.748528862504491244e+00
-7.859594197986507602e+00
-6.849876384067968615e+00
-1.586023926950548102e+01
-2.384250622446412393e+01
-1.304875168376046091e+01
-9.482217774174910296e-01
-6.779374914527560136e+00
-5.585442370551245261e+00
-1.549373015126171360e+01
-9.084008120490093319e+00
-6.779374914527560136e+00
-3.610984424955965721e+01
-1.598344047592480521e+01
-8.771978703212441886e+00
-1.419607990719497437e+01
-4.835633575929907835e+00
-2.983749281772524142e+01
-2.144046336570367117e+01
-2.125654306096981117e+01
-3.610984424955965721e+01
-1.009825633370628317e+01
-3.138645925906084155e+00
-5.579532695388165209e+00
-4.627882334192955582e+00
-1.934328315166353462e+01
-1.373911548197859211e+01
-1.120861071964858269e+01
-5.138090137344085484e+00
-1.103034154031659675e+01
-1.342195094549759915e+01
-5.204339690256776230e+00
-1.468303601008276171e+00
-7.122694751157594872e+00
-8.105702917013985598e+00
-1.481814107531641689e+01
-1.226556008801309261e+01
-8.105702917013985598e+00
-1.051736974238798084e+01
-2.043094588034661996e+01
-8.105702917013985598e+00
-7.859594197986507602e+00
-2.796901604441261568e+01
-4.627882334192955582e+00
-8.717110628755698087e+00
-1.342195094549759915e+01
-1.405616061133611616e+01
-7.126583884535903302e+00
-7.859594197986507602e+00
-1.405616061133611616e+01
-7.163166673140462848e+00
-9.592387351810614859e+00
-2.277813675560908280e+01
-5.117512127858624416e-01
-2.384250622446412393e+01
-3.995680768176835596e+00
-8.676370080216580405e+00
-8.668944031390784843e+00
-1.342195094549759915e+01
-5.686453975044969411e+00
-8.372380003809496429e+00
-7.163166673140462848e+00
-1.405616061133611616e+01
-2.365299073812975905e+01
-1.957103467189504897e+01
-1.488133079040465034e+01
-2.384250622446412393e+01
-7.163166673140462848e+00
-3.610984424955965721e+01
-2.342629838541894571e+01
-1.166788761354197668e+01
-3.995680768176835596e+00
-2.301637533931190749e+00
-1.405616061133611616e+01
-5.265940752190976681e+00
-1.989258613279925569e+01
-1.652819202119424702e+01
-2.365299073812975905e+01
-1.629771490652894528e+01
-9.236481664659207169e+00
-1.373911548197859211e+01
-1.166788761354197668e+01
-1.419607990719497437e+01
-1.445750861309955759e+01
-1.682761896475680752e+00
-1.032752269926958277e+01
-1.701410733787271568e+01
-2.109311334625047962e+01
-8.030499959204327354e+00
-5.080260472041246089e+00
-1.793286708806832408e+01
-1.367940326399897977e+01
-4.835633575929907835e+00
-2.144046336570367117e+01
-5.686453975044969411e+00
-1.342195094549759915e+01
-1.316413931793595538e+01
-5.080260472041246089e+00
-9.482217774174910296e-01
-1.419607990719497437e+01
-1.200921686442734959e+01
-8.958456140370836707e+00
-4.835633575929907835e+00
-8.088098558963968898e+00
-2.207667267959714508e+01
-1.549373015126171360e+01
-1.468303601008276171e+00
-9.500172325043214627e+00
-1.468303601008276171e+00
-8.105702917013985598e+00
-1.445750861309955759e+01
-1.795143173989417207e+01
-2.043094588034661996e+01
-6.849876384067968615e+00
-8.676370080216580405e+00
-2.043094588034661996e+01
-1.488133079040465034e+01
-2.207667267959714508e+01
-6.779374914527560136e+00
-1.682761896475680752e+00
-1.652819202119424702e+01
-4.232521838840908934e+00
-2.433828859599095651e+01
-1.445750861309955759e+01
-4.111970025128587558e+00
-3.063901697817521974e+00
-1.959722672128345877e+01
-2.125654306096981117e+01
-8.676370080216580405e+00
-7.219023717916511096e+00
-5.117512127858624416e-01
-1.652819202119424702e+01
-1.549373015126171360e+01
-4.627882334192955582e+00
-3.610984424955965721e+01
-2.983749281772524142e+01
-1.032752269926958277e+01
-1.223815997272925493e+01
-4.591852650357226118e+00
-3.570491233613393689e+01
-8.854100857054033824e+00
-7.219023717916511096e+00
-8.105702917013985598e+00
-1.549373015126171360e+01
-9.236481664659207169e+00
-2.280008017153495459e+01
-5.138090137344085484e+00
-2.197113791065762101e+01
-2.357954129532380261e+00
-9.522754680391418702e+00
-3.610984424955965721e+01
-8.676370080216580405e+00
-8.854100857054033824e+00
-1.989415753321276625e+01
-3.995680768176835596e+00
-1.293105733038610694e+01
-9.465258216845514383e+00
-1.957103467189504897e+01
-3.980544308637771200e-01
-8.676370080216580405e+00
-1.488133079040465034e+01
-9.522754680391418702e+00
-3.904163010292422964e+00
-7.311562522640652206e-01
-8.339625190739191396e+00
-1.598344047592480521e+01
-8.908166887891825425e+00
-2.384994956766494312e+01
-3.995680768176835596e+00
-8.694334445859182026e+00
-5.138090137344085484e+00
-1.492704753466515122e+01
-8.854100857054033824e+00
-1.342195094549759915e+01
-1.278488159685454839e+01
-4.111970025128587558e+00
-1.128489569574037077e+01
-5.579532695388165209e+00
-7.256019096521637124e+00
-1.682761896475680752e+00
-6.779374914527560136e+00
-5.138090137344085484e+00
-7.219023717916511096e+00
-1.390957600465940303e+00
-3.980544308637771200e-01
-1.390957600465940303e+00
-7.126583884535903302e+00
-4.627882334192955582e+00
-1.959722672128345877e+01
-9.455821415043358158e+00
-5.352767673557341510e+00
-2.207667267959714508e+01
-1.419607990719497437e+01
-2.396385312259972267e+01
-8.339625190739191396e+00
-6.718805886287453788e+00
-6.779374914527560136e+00
-1.629771490652894528e+01
-2.299975504083505840e+01
-8.359459966827529342e+00
-5.117512127858624416e-01
-2.983749281772524142e+01
-1.622949619542019306e+01
-3.017488292304711806e+01
-1.223815997272925493e+01
-1.957103467189504897e+01
-1.959722672128345877e+01
-4.627882334192955582e+00
-1.629771490652894528e+01
-5.117512127858624416e-01
-3.963968788262778875e-01
-1.795143173989417207e+01
-7.126583884535903302e+00
-7.126583884535903302e+00
-2.889690853189021080e+00
-8.105702917013985598e+00
-4.835633575929907835e+00
-7.859594197986507602e+00
-2.539785022579588869e+01
-1.189014902038951327e+01
-8.771978703212441886e+00
-3.833019452822249207e+00
-7.674762763674400468e+00
-7.503056213916289963e+00
-2.396385312259972267e+01
-1.106908929259034480e+01
-2.301637533931190749e+00
-1.629771490652894528e+01
-1.166788761354197668e+01
-2.144046336570367117e+01
-8.717110628755698087e+00
-7.163166673140462848e+00
-7.163166673140462848e+00
-1.050627683384852773e+01
-8.676370080216580405e+00
-1.103034154031659675e+01
-1.166788761354197668e+01
-1.189014902038951327e+01
-1.441958996060045273e+01
-2.412400013381807184e+01
-2.417491700673651067e+01
-1.103034154031659675e+01
-6.849876384067968615e+00
-6.849876384067968615e+00
-5.822288635159455161e+00
-3.427300635261110529e+01
-8.105702917013985598e+00
-4.111970025128587558e+00
-3.063901697817521974e+00
-4.111970025128587558e+00
-6.221494350136487661e+00
-8.088098558963968898e+00
-2.396385312259972267e+01
-1.390957600465940303e+00
-3.980544308637771200e-01
-1.258146109556771997e+01
-7.126583884535903302e+00
-2.384250622446412393e+01
-1.795143173989417207e+01
-1.488133079040465034e+01
-2.109311334625047962e+01
-8.339625190739191396e+00
-2.365299073812975905e+01
-5.686453975044969411e+00
-1.103034154031659675e+01
-3.980544308637771200e-01
-2.365299073812975905e+01
-2.207667267959714508e+01
-2.004392028458250508e+01
-3.063901697817521974e+00
-7.122694751157594872e+00
-1.652819202119424702e+01
-4.111970025128587558e+00
-4.111970025128587558e+00
-1.549373015126171360e+01
-1.495728668867976374e+01
-4.111970025128587558e+00
-7.311562522640652206e-01
-4.270780623701648793e+00
-1.858309891510806722e+01
-5.080260472041246089e+00
-1.419607990719497437e+01
-4.946852354518585848e+00
-4.676497753925714207e+00
-7.122694751157594872e+00
-2.203542687588006999e+01
-1.629771490652894528e+01
-1.989258613279925569e+01
-7.061897050258952646e+00
-1.637970887006963583e+00
-1.586023926950548102e+01
-2.983749281772524142e+01
-8.676370080216580405e+00
-1.586023926950548102e+01
-1.120861071964858269e+01
-1.223815997272925493e+01
-1.189014902038951327e+01
-1.586023926950548102e+01
-4.042001858637062739e+00
-1.549373015126171360e+01
-8.717110628755698087e+00
-7.674762763674400468e+00
-1.166877406590003652e+01
-3.599840570786696947e+00
-2.522088832640669054e+01
-1.701410733787271568e+01
-1.223815997272925493e+01
-9.369934158832467830e+00
-6.383871249495169486e+00
-9.522754680391418702e+00
-1.959722672128345877e+01
-8.854100857054033824e+00
-2.352191550369303030e+01
-8.380960907284416450e+00
-7.859594197986507602e+00
-8.030499959204327354e+00
-7.859594197986507602e+00
-1.333351622937653502e+01
-5.204339690256776230e+00
-8.105702917013985598e+00
-3.610984424955965721e+01
-1.586023926950548102e+01
-3.063901697817521974e+00
-7.219023717916511096e+00
-8.676370080216580405e+00
-7.219023717916511096e+00
-1.128489569574037077e+01
-2.194938854375098813e+01
-8.105702917013985598e+00
-3.963968788262778875e-01
-7.638210494920881999e+00
-8.088098558963968898e+00
-6.653806849260907263e+00
-2.043094588034661996e+01
-1.373911548197859211e+01
-2.983749281772524142e+01
-1.166788761354197668e+01
-4.042001858637062739e+00
-9.219667875192355311e+00
-9.522754680391418702e+00
-7.119274474997155266e+00
-8.717110628755698087e+00
-5.686453975044969411e+00
-1.120861071964858269e+01
-2.109311334625047962e+01
-3.265432717401913543e+00
-1.645958832870207189e+01
-2.136495521606648751e+01
-5.117512127858624416e-01
-2.277813675560908280e+01
-4.627882334192955582e+00
-2.109311334625047962e+01
-6.779374914527560136e+00
-1.139353886047681996e+01
-3.737051468663661780e+01
-7.811157042381992710e+00
-6.779374914527560136e+00
-1.488133079040465034e+01
-1.962433446005382365e+01
-7.216346078099889816e+00
-3.289292893932719064e+00
-5.204339690256776230e+00
-1.549373015126171360e+01
-8.105702917013985598e+00
-7.126583884535903302e+00
-5.686453975044969411e+00
-1.700226979399072036e+01
-6.653806849260907263e+00
-9.236481664659207169e+00
-1.598344047592480521e+01
-9.455821415043358158e+00
-1.301792020269823524e+01
-2.384250622446412393e+01
-5.204339690256776230e+00
-3.995680768176835596e+00
-3.570491233613393689e+01
-9.737937519052181301e+00
-1.419607990719497437e+01
-4.270780623701648793e+00
-8.359459966827529342e+00
-1.373911548197859211e+01
-5.117512127858624416e-01
-5.026840460920605658e+00
-1.795143173989417207e+01
-8.717110628755698087e+00
-1.223815997272925493e+01
-8.555809385494159258e+00
-1.989258613279925569e+01
-2.365299073812975905e+01
-1.549373015126171360e+01
-8.564103549331202103e+00
-1.166788761354197668e+01
-9.522754680391418702e+00
-4.042001858637062739e+00
-3.265432717401913543e+00
-1.549373015126171360e+01
-1.665422664640567874e+01
-1.189014902038951327e+01
-2.109311334625047962e+01
-1.701410733787271568e+01
-2.867931158281155035e+01
-7.219023717916511096e+00
-1.957103467189504897e+01
-1.373911548197859211e+01
-4.270780623701648793e+00
-1.223815997272925493e+01
-9.236481664659207169e+00
-1.682761896475680752e+00
-4.627882334192955582e+00
-9.032793710932825348e+00
-1.316413931793595538e+01
-1.788910883128482965e+01
-1.319850720145528555e+01
-2.275782756052158717e+01
-1.037385877172658155e+01
-4.946852354518585848e+00
-7.674762763674400468e+00
-5.873942131325907035e+00
-2.125654306096981117e+01
-4.042001858637062739e+00
-1.019304743624155485e+01
-3.289292893932719064e+00
-1.419607990719497437e+01
-8.717110628755698087e+00
-8.359459966827529342e+00
-2.207667267959714508e+01
-4.042001858637062739e+00
-3.980544308637771200e-01
-9.455821415043358158e+00
-2.144046336570367117e+01
-9.455821415043358158e+00
-1.128489569574037077e+01
-7.126583884535903302e+00
-1.189014902038951327e+01
-8.049700575843070638e+00
-1.032752269926958277e+01
-9.522754680391418702e+00
-2.301637533931190749e+00
-1.373911548197859211e+01
-1.405616061133611616e+01
-1.419607990719497437e+01
-1.957103467189504897e+01
-8.359459966827529342e+00
-1.419607990719497437e+01
-3.541341101580480455e+01
-2.125654306096981117e+01
-8.676370080216580405e+00
-1.957103467189504897e+01
-2.125654306096981117e+01
-9.236481664659207169e+00
-2.144046336570367117e+01
-2.301637533931190749e+00
-2.125654306096981117e+01
-2.671039993521755918e+01
-8.030499959204327354e+00
-5.686453975044969411e+00
-1.195074374468576472e+01
-2.912770202534148822e+01
-2.534664249320025675e+01
-8.854100857054033824e+00
-1.598344047592480521e+01
-9.236481664659207169e+00
-5.329941911836359125e+00
-2.043094588034661996e+01
-2.301637533931190749e+00
-3.980544308637771200e-01
-5.138090137344085484e+00
-3.265432717401913543e+00
-8.771978703212441886e+00
-6.653806849260907263e+00
-1.128489569574037077e+01
-9.338034137413218971e+00
-1.586023926950548102e+01
-1.120861071964858269e+01
-6.653806849260907263e+00
-7.871406299429827946e+00
-3.995680768176835596e+00
-3.765858428600556973e+00
-2.125654306096981117e+01
-2.043094588034661996e+01
-8.339625190739191396e+00
-5.686453975044969411e+00
-2.384250622446412393e+01
-4.446266035971903285e+00
-1.598344047592480521e+01
-1.602090614457620177e+01
-1.128489569574037077e+01
-1.223815997272925493e+01
-1.445750861309955759e+01
-1.815053984073784221e+01
-1.587741601535809188e+01
-1.103034154031659675e+01
-1.135038511963674956e+01
-1.373911548197859211e+01
-9.236481664659207169e+00
-6.779374914527560136e+00
-8.036991839992081665e+00
-1.504129358655174542e+01
-6.849876384067968615e+00
-1.381445264177167687e+01
-7.163166673140462848e+00
-2.212837515899807528e+01
-2.280008017153495459e+01
-1.701410733787271568e+01
-1.957103467189504897e+01
-2.144046336570367117e+01
-2.796700642208849885e+01
-2.867931158281155035e+01
-4.835633575929907835e+00
-5.204339690256776230e+00
-7.674762763674400468e+00
-9.236481664659207169e+00
-7.122694751157594872e+00
-9.236481664659207169e+00
-1.445750861309955759e+01
-1.501370613948039967e+01
-8.105702917013985598e+00
-7.859594197986507602e+00
-5.863523251889541044e+00
-1.629771490652894528e+01
-7.859594197986507602e+00
-9.522754680391418702e+00
-1.120861071964858269e+01
-6.249058446873601902e+00
-1.629771490652894528e+01
-1.128489569574037077e+01
-8.088098558963968898e+00
-5.138090137344085484e+00
-2.423817920804656723e+01
-8.088098558963968898e+00
-1.223815997272925493e+01
-7.163166673140462848e+00
-2.125654306096981117e+01
-6.779374914527560136e+00
-5.579532695388165209e+00
-6.034982785214693557e+00
-1.437458404533174416e+01
-2.396385312259972267e+01
-1.464336966105286564e+01
-9.236481664659207169e+00
-1.097298570487562586e+01
-5.204339690256776230e+00
-9.900650697272400436e+00
-2.866580809550983489e+01
-4.270780623701648793e+00
-1.549373015126171360e+01
-1.032752269926958277e+01
-1.120861071964858269e+01
-2.204047525139112196e+01
-4.270780623701648793e+00
-3.018577262102051861e+01
-7.311562522640652206e-01
-9.587299159452518538e+00
-4.111970025128587558e+00
-1.166788761354197668e+01
-1.390957600465940303e+00
-8.676370080216580405e+00
-3.995680768176835596e+00
-7.163166673140462848e+00
-7.219023717916511096e+00
-8.105702917013985598e+00
-1.957103467189504897e+01
-2.206739621620172542e+01
-3.980544308637771200e-01
-3.980544308637771200e-01
-2.660567491838135368e+01
-2.277813675560908280e+01
-1.405616061133611616e+01
-8.961292139034494397e+00
-1.629771490652894528e+01
-7.674762763674400468e+00
-1.373911548197859211e+01
-1.652819202119424702e+01
-1.586023926950548102e+01
-7.126583884535903302e+00
-8.913355252363896142e+00
-3.995680768176835596e+00
-8.088098558963968898e+00
-9.338034137413218971e+00
-4.627882334192955582e+00
-1.166788761354197668e+01
-9.384606593166184396e+00
-1.166788761354197668e+01
-8.854100857054033824e+00
-1.959722672128345877e+01
-2.903639005873824175e+01
-5.690350227932416516e+00
-1.989258613279925569e+01
-7.126583884535903302e+00
-2.396385312259972267e+01
-1.373911548197859211e+01
-4.946852354518585848e+00
-1.166788761354197668e+01
-1.103034154031659675e+01
-1.445750861309955759e+01
-2.555268171835209046e+01
-1.133763205229897864e+01
-2.302485144140651752e+00
-1.586023926950548102e+01
-1.223815997272925493e+01
-2.396385312259972267e+01
-3.529870815360846237e+00
-4.330660188531215482e+00
-7.126583884535903302e+00
-2.301637533931190749e+00
-1.419607990719497437e+01
-4.419886364546349533e+00
-3.727899366178134244e+01
-7.859594197986507602e+00
-8.088098558963968898e+00
-2.301637533931190749e+00
-5.117512127858624416e-01
-1.063304659519834594e+01
-1.586023926950548102e+01
-5.579532695388165209e+00
-8.771978703212441886e+00
-6.653806849260907263e+00
-7.719191030911844997e+00
-2.214707944183257382e+01
-7.311562522640652206e-01
-8.030499959204327354e+00
-2.215512688993547386e+01
-5.579532695388165209e+00
-3.610984424955965721e+01
-1.390957600465940303e+00
-1.342195094549759915e+01
-4.835633575929907835e+00
-4.644311664277686269e+00
-5.204339690256776230e+00
-1.120861071964858269e+01
-9.482217774174910296e-01
-1.419607990719497437e+01
-8.339625190739191396e+00
-2.365299073812975905e+01
-9.236481664659207169e+00
-3.403063193098983419e+01
-1.468303601008276171e+00
-1.500010198469524880e+01
-2.481077220390696780e+01
-5.686453975044969411e+00
-4.835633575929907835e+00
-1.419607990719497437e+01
-1.468303601008276171e+00
-2.384250622446412393e+01
-1.672099012145735841e+01
-2.301637533931190749e+00
-2.043094588034661996e+01
-5.204339690256776230e+00
-2.889690853189021080e+00
-2.277813675560908280e+01
-9.841354585830698554e+00
-1.468303601008276171e+00
-8.676370080216580405e+00
-8.854100857054033824e+00
-1.223815997272925493e+01
-8.088098558963968898e+00
-9.236481664659207169e+00
-8.088098558963968898e+00
-2.079633994322753310e+01
-2.280008017153495459e+01
-1.879404626601885298e+01
-2.109311334625047962e+01
-3.963968788262778875e-01
-1.959722672128345877e+01
-2.262408610956960775e+00
-8.088098558963968898e+00
-2.280008017153495459e+01
-2.299856555422137916e+01
-8.676370080216580405e+00
-1.032752269926958277e+01
-8.676370080216580405e+00
-7.126583884535903302e+00
-9.455821415043358158e+00
-2.053495893698735841e+01
-6.369111118725832910e+00
-7.163166673140462848e+00
-2.277813675560908280e+01
-7.163166673140462848e+00
-1.390957600465940303e+00
-2.125654306096981117e+01
-8.717110628755698087e+00
-6.653806849260907263e+00
-7.122694751157594872e+00
-1.390957600465940303e+00
-3.153083333837356861e+01
-2.277813675560908280e+01
-1.085117948870564852e+01
-8.088098558963968898e+00
-2.396385312259972267e+01
-1.056532503042130244e+01
-1.124758683236647983e+01
-7.219023717916511096e+00
-8.359459966827529342e+00
-8.339625190739191396e+00
-2.298344774311894412e+01
-2.277813675560908280e+01
-1.952696819280688700e+01
-7.122694751157594872e+00
-6.393388516028251978e+00
-6.849876384067968615e+00
-1.959722672128345877e+01
-2.365299073812975905e+01
-1.611779237726063840e+01
-4.627882334192955582e+00
-8.854100857054033824e+00
-8.339625190739191396e+00
-1.103034154031659675e+01
-3.060027786910986869e+00
-1.170968887329414443e+01
-2.835859404008031248e+01
-2.983749281772524142e+01
-1.701410733787271568e+01
-1.989258613279925569e+01
-3.260297258686883737e+01
-3.900787808775493026e+00
-2.125654306096981117e+01
-8.771978703212441886e+00
-7.973188180970898209e+00
-6.779374914527560136e+00
-5.579532695388165209e+00
-1.419607990719497437e+01
-1.862439153689699367e+01
-8.105702917013985598e+00
-1.445750861309955759e+01
-6.849876384067968615e+00
-4.835633575929907835e+00
-5.579532695388165209e+00
-2.537360189936322996e+01
-2.384250622446412393e+01
-4.627882334192955582e+00
-2.301637533931190749e+00
-3.681967547880832825e+01
-1.056858717910136036e+01
-4.111970025128587558e+00
-1.959722672128345877e+01
-1.959722672128345877e+01
-7.664242258533615626e+00
-2.867931158281155035e+01
-3.022641773275730159e+01
-1.468303601008276171e+00
-3.610984424955965721e+01
-2.889690853189021080e+00
-6.779374914527560136e+00
-7.957936884202555738e+00
-9.522754680391418702e+00
-5.649081112858762133e+00
-8.339625190739191396e+00
-5.579532695388165209e+00
-4.627882334192955582e+00
-1.103034154031659675e+01
-1.935287001656161010e+01
-6.849876384067968615e+00
-7.168961566040182198e+00
-1.959722672128345877e+01
-3.289292893932719064e+00
-4.270780623701648793e+00
-2.280008017153495459e+01
-4.835633575929907835e+00
-9.455821415043358158e+00
-1.697414534523997531e+01
-2.109311334625047962e+01
-3.240329198603459560e+01
-9.995997710114400192e+00
-2.109311334625047962e+01
-1.166788761354197668e+01
-8.030499959204327354e+00
-2.144046336570367117e+01
-2.463317337176321331e+01
-9.570718414868197854e+00
-1.419607990719497437e+01
-1.957103467189504897e+01
-1.701410733787271568e+01
-1.598344047592480521e+01
-2.280008017153495459e+01
-2.301637533931190749e+00
-2.144046336570367117e+01
-3.063901697817521974e+00
-1.390957600465940303e+00
-5.204339690256776230e+00
-1.051572486491105884e+01
-2.109311334625047962e+01
-7.126583884535903302e+00
-1.390957600465940303e+00
-7.826583884535903479e+00
-1.373911548197859211e+01
-5.414341290894534531e+00
-3.874523209081112363e+00
-1.488133079040465034e+01
-3.570491233613393689e+01
-1.342195094549759915e+01
-1.836645601399387573e+01
-8.854100857054033824e+00
-2.301637533931190749e+00
-1.103034154031659675e+01
-2.782468255134907409e+01
-5.080260472041246089e+00
-1.836645601399387573e+01
-1.316413931793595538e+01
-2.824429016572071305e+01
-4.627882334192955582e+00
-9.675874452344856991e+00
-6.517499416450347915e+00
-6.142897999721319557e+00
-5.117512127858624416e-01
-5.204339690256776230e+00
-1.701410733787271568e+01
-3.963968788262778875e-01
-1.632309058710722383e+01
-1.373911548197859211e+01
-2.280008017153495459e+01
-9.455821415043358158e+00
-9.647913136367884945e+00
-1.994351769672656616e+01
-4.111970025128587558e+00
-1.316413931793595538e+01
-2.365299073812975905e+01
-1.712681825830985716e+01
-2.109311334625047962e+01
-8.030499959204327354e+00
-2.026492243817706296e+01
-5.204339690256776230e+00
-1.419607990719497437e+01
-6.779374914527560136e+00
-8.088098558963968898e+00
-2.691613402540945188e+01
-3.841126111865179382e+00
-1.488133079040465034e+01
-9.418059455883163178e-01
-8.833213019608800565e+00
-1.468303601008276171e+00
-2.277813675560908280e+01
-1.139288028563675859e+01
-1.166788761354197668e+01
-1.341975328684419999e+01
-3.783160118951170858e+01
-1.316413931793595538e+01
-4.627882334192955582e+00
-2.130554222507888795e+01
-8.180199714925501908e+00
-1.013845319833562542e+01
-4.595922627187509768e+00
-8.088098558963968898e+00
-8.030499959204327354e+00
-7.859594197986507602e+00
-5.686453975044969411e+00
-1.342195094549759915e+01
-1.598344047592480521e+01
-6.903838633434103755e+00
-4.111970025128587558e+00
-1.467510408167170510e+01
-9.378846033504464330e+00
-1.310774405618554361e+01
-1.364988705543780334e+01
-1.586023926950548102e+01
-3.265432717401913543e+00
-1.735187530889853136e+01
-1.247959650657118935e+01
-2.228302181014947791e+01
-2.152030684953676243e+01
-2.427807186348362123e+01
-8.088098558963968898e+00
-4.111970025128587558e+00
-6.969072122349736276e+00
-1.959722672128345877e+01
-1.445750861309955759e+01
-6.653806849260907263e+00
-2.889690853189021080e+00
-1.391338352878691431e+01
-3.289292893932719064e+00
-8.339625190739191396e+00
-8.854100857054033824e+00
-8.088098558963968898e+00
-2.521107883697743191e+01
-5.080260472041246089e+00
-7.963203862212462347e+00
-1.957103467189504897e+01
-1.390957600465940303e+00
-8.088098558963968898e+00
-1.957103467189504897e+01
-1.488475171326975932e+01
-2.109311334625047962e+01
-8.088098558963968898e+00
-4.627882334192955582e+00
-8.717110628755698087e+00
-8.771978703212441886e+00
-4.627882334192955582e+00
-8.717110628755698087e+00
-9.147960979200432163e+00
-2.705465099754047031e+01
-3.063901697817521974e+00
-2.144046336570367117e+01
-1.152425493477731067e+01
-2.384250622446412393e+01
-1.316413931793595538e+01
-5.686453975044969411e+00
-5.579532695388165209e+00
-4.270780623701648793e+00
-1.445750861309955759e+01
-7.219023717916511096e+00
-1.629771490652894528e+01
-1.032752269926958277e+01
-1.682761896475680752e+00
-2.156007325333170854e+01
-4.946852354518585848e+00
-9.455821415043358158e+00
-1.461355916718840042e+01
-1.128489569574037077e+01
-8.854100857054033824e+00
-1.482195094549759951e+01
-2.365299073812975905e+01
-1.390957600465940303e+00
-8.771978703212441886e+00
-1.312383227850062362e+01
-2.144046336570367117e+01
-1.957103467189504897e+01
-3.063901697817521974e+00
-1.488133079040465034e+01
-7.583298168499370995e+00
-7.126583884535903302e+00
-1.390957600465940303e+00
-5.686453975044969411e+00
-5.686453975044969411e+00
-4.042001858637062739e+00
-1.586023926950548102e+01
-6.379458867678089895e+00
-1.316413931793595538e+01
-1.142544229849940507e+01
-7.163166673140462848e+00
-4.042001858637062739e+00
-4.946852354518585848e+00
-1.957103467189504897e+01
-1.166788761354197668e+01
-4.111970025128587558e+00
-4.835633575929907835e+00
-1.373911548197859211e+01
-3.990189165287310402e+01
-7.219023717916511096e+00
-1.598344047592480521e+01
-1.189014902038951327e+01
-1.484948855641288468e+01
-9.455821415043358158e+00
-1.488133079040465034e+01
-2.381257253880686520e+01
-8.164215111926921509e+00
-1.629771490652894528e+01
-1.262708842516597407e+01
-6.299624033800887979e+00
-6.849876384067968615e+00
-5.204339690256776230e+00
-2.301637533931190749e+00
-6.653806849260907263e+00
-4.907669127472336079e+00
-2.234276455873153822e+01
-7.122694751157594872e+00
-9.829670453689384857e+00
-2.931710257733048408e+01
-7.674762763674400468e+00
-1.342195094549759915e+01
-8.374762763674400645e+00
-2.365299073812975905e+01
-7.219023717916511096e+00
-1.390957600465940303e+00
-5.138090137344085484e+00
-7.479321269554125351e+00
-1.957103467189504897e+01
-6.196979824064428044e+00
-5.686453975044969411e+00
-2.723102710798701587e+00
-9.867414889968788572e+00
-1.983540989330986903e+01
-9.854071989823374622e+00
-1.342195094549759915e+01
-8.676370080216580405e+00
-1.682761896475680752e+00
-8.771978703212441886e+00
-4.946852354518585848e+00
-5.204339690256776230e+00
-1.453653813749766321e+01
-2.192631128659856188e+01
-5.579532695388165209e+00
-1.586023926950548102e+01
-7.122694751157594872e+00
-4.042001858637062739e+00
-3.963968788262778875e-01
-5.686453975044969411e+00
-2.301637533931190749e+00
-5.080260472041246089e+00
-4.627882334192955582e+00
-1.955655164462583784e+01
-1.350107489954073436e+01
-5.579532695388165209e+00
-6.849876384067968615e+00
-1.032752269926958277e+01
-5.138090137344085484e+00
-1.396350606887457779e+01
-1.549373015126171360e+01
-2.447955860848740173e+01
-9.522754680391418702e+00
-1.083609999050463557e+01
-2.495688319565493973e+00
-1.468303601008276171e+00
-2.125654306096981117e+01
-7.311562522640652206e-01
-1.373911548197859211e+01
-1.520352259615851409e+01
-2.867931158281155035e+01
-1.063129987446923330e+01
-3.091891413817949896e+01
-5.079441842544389019e+00
-8.854100857054033824e+00
-3.791922937113674674e+00
-9.522754680391418702e+00
-8.796257872974559078e+00
-7.076299842790030326e+00
-1.488133079040465034e+01
-1.342195094549759915e+01
-3.570491233613393689e+01
-3.570491233613393689e+01
-2.384250622446412393e+01
-3.963968788262778875e-01
-2.098907263450327854e+00
-1.384968338588785386e+01
-8.105702917013985598e+00
-3.713271954865030722e+01
-2.365299073812975905e+01
-4.835633575929907835e+00
-8.771978703212441886e+00
-2.109311334625047962e+01
-2.152030684953676243e+01
-2.467034978696700520e+01
-5.579532695388165209e+00
-8.771978703212441886e+00
-9.021127327453198674e+00
-2.988960169989287152e+01
-1.608905864387021367e+01
-3.570491233613393689e+01
-2.319096812898910542e+01
-1.424768607231873752e+01
-2.867931158281155035e+01
-8.105702917013985598e+00
-8.717110628755698087e+00
-8.854100857054033824e+00
-2.109311334625047962e+01
-1.405616061133611616e+01
-8.030499959204327354e+00
-2.230375816925460342e+01
-1.198489569574037006e+01
-7.219023717916511096e+00
-4.835633575929907835e+00
-1.965388903979155444e+01
-1.166788761354197668e+01
-2.889690853189021080e+00
-7.126583884535903302e+00
-9.482217774174910296e-01
-1.848620796110626330e+01
-1.637698672566271796e+01
-1.017726234672823260e+01
-2.301637533931190749e+00
-2.144046336570367117e+01
-1.342195094549759915e+01
-1.586023926950548102e+01
-1.245101180606127400e+01
-1.652819202119424702e+01
-2.384250622446412393e+01
-2.144046336570367117e+01
-8.339625190739191396e+00
-2.301637533931190749e+00
-1.598344047592480521e+01
-7.163166673140462848e+00
-7.311562522640652206e-01
-7.869350777604819491e+00
-7.859594197986507602e+00
-5.751705202329133293e+00
-1.342195094549759915e+01
-1.390957600465940303e+00
-1.223815997272925493e+01
-2.230375816925460342e+01
-8.030499959204327354e+00
-8.854100857054033824e+00
-1.480515503977472669e+01
-1.390957600465940303e+00
-1.712681825830985716e+01
-1.473942213633771203e+01
-7.859594197986507602e+00
-6.487222466476501914e+00
-2.047146631169002262e+01
-4.670698627563178107e+00
-1.488133079040465034e+01
-3.980544308637771200e-01
-1.128489569574037077e+01
-2.209536966195600272e+01
-1.652819202119424702e+01
-1.629771490652894528e+01
-1.169605022199193201e+01
-7.311562522640652206e-01
-2.301637533931190749e+00
-8.105702917013985598e+00
-3.265432717401913543e+00
-7.126583884535903302e+00
-1.586023926950548102e+01
-8.854100857054033824e+00
-8.030499959204327354e+00
-8.359459966827529342e+00
-1.755841107349935371e+01
-1.379819509737292016e+01
-8.339625190739191396e+00
-1.549373015126171360e+01
-1.629771490652894528e+01
-8.105702917013985598e+00
-2.460539183655215467e+01
-1.103034154031659675e+01
-2.968316429650127208e+00
-8.088098558963968898e+00
-1.128489569574037077e+01
-8.088098558963968898e+00
-4.946852354518585848e+00
-1.445750861309955759e+01
-2.889690853189021080e+00
-7.126583884535903302e+00
-1.409632271775215706e+01
-6.779374914527560136e+00
-8.359459966827529342e+00
-7.122694751157594872e+00
-9.236481664659207169e+00
-1.032752269926958277e+01
-1.103034154031659675e+01
-1.718562626064353083e+01
-9.522754680391418702e+00
-2.275633742136099968e+01
-8.771978703212441886e+00
-3.063901697817521974e+00
-7.459631819094349581e+00
-1.316413931793595538e+01
-8.676370080216580405e+00
-1.629771490652894528e+01
-2.207667267959714508e+01
-4.946852354518585848e+00
-4.627882334192955582e+00
-1.342195094549759915e+01
-1.445750861309955759e+01
-2.488658277272962493e+01
-1.342195094549759915e+01
-2.144046336570367117e+01
-8.717110628755698087e+00
-1.032752269926958277e+01
-1.189014902038951327e+01
-4.946852354518585848e+00
-2.686310702353685542e+01
-4.270780623701648793e+00
-1.707990673582972008e+01
-6.849876384067968615e+00
-1.535000121457111177e+01
-8.105702917013985598e+00
-8.030499959204327354e+00
-6.799176778381050390e+00
-1.586023926950548102e+01
-1.629771490652894528e+01
-1.022028644552675836e+01
-1.795143173989417207e+01
-1.488133079040465034e+01
-5.529453480448725422e+00
-8.865428476863037588e+00
-1.584268097931642849e+01
-6.779374914527560136e+00
-2.972210648081539830e+01
-2.972210648081539830e+01
-3.063901697817521974e+00
-3.265432717401913543e+00
-2.983749281772524142e+01
-2.207667267959714508e+01
-2.564279641931470977e+01
-1.079774794431318696e+01
-7.126583884535903302e+00
-5.276070240738893524e+00
-9.164513926700340818e+00
-5.204339690256776230e+00
-2.396385312259972267e+01
-2.026492243817706296e+01
-8.854100857054033824e+00
-1.549373015126171360e+01
-3.570491233613393689e+01
-9.760130351570669660e+00
-9.002986314194259876e+00
-7.850003796274427792e+00
-9.236481664659207169e+00
-1.390957600465940303e+00
-1.488133079040465034e+01
-2.125654306096981117e+01
-4.111970025128587558e+00
-1.103034154031659675e+01
-3.758844625425884711e+00
-8.030499959204327354e+00
-3.063901697817521974e+00
-7.781788832564632052e+00
-1.488133079040465034e+01
-6.849876384067968615e+00
-2.468216239571199822e+01
-3.481545043916670856e+00
-7.859594197986507602e+00
-1.957103467189504897e+01
-1.302906103589842424e+01
-2.889690853189021080e+00
-6.849876384067968615e+00
-3.289292893932719064e+00
-2.358717156353944233e+01
-4.835633575929907835e+00
-8.339625190739191396e+00
-1.549373015126171360e+01
-8.676370080216580405e+00
-1.394219073893511762e+01
-2.867931158281155035e+01
-8.771978703212441886e+00
-7.163166673140462848e+00
-1.488133079040465034e+01
-1.159625393130240667e+01
-1.516623156910338999e+01
-2.623897044447280180e+01
-1.682761896475680752e+00
-3.063901697817521974e+00
-1.347630485784289789e+01
-1.488133079040465034e+01
-5.204339690256776230e+00
-1.751300071379947809e+01
-6.214294704532364655e+00
-1.500235967868612974e+01
-1.079774794431318696e+01
-1.128489569574037077e+01
-3.265432717401913543e+00
-6.849876384067968615e+00
-1.629771490652894528e+01
-4.835633575929907835e+00
-4.835633575929907835e+00
-1.960330276497377255e+01
-1.867426755201976718e+01
-5.080260472041246089e+00
-7.674762763674400468e+00
-8.389963444905651713e+00
-5.080260472041246089e+00
-1.172631527839111065e+01
-4.946852354518585848e+00
-2.484134596330807554e+01
-6.653806849260907263e+00
-8.854100857054033824e+00
-4.835633575929907835e+00
-3.289292893932719064e+00
-3.289292893932719064e+00
-8.105702917013985598e+00
-1.586023926950548102e+01
-3.570491233613393689e+01
-4.946852354518585848e+00
-1.488133079040465034e+01
-2.109311334625047962e+01
-5.138090137344085484e+00
-1.383633072861202784e+01
-8.081435241046893481e+00
-1.120861071964858269e+01
-1.021989825291348453e+01
-1.488133079040465034e+01
-8.088098558963968898e+00
-8.771978703212441886e+00
-1.166788761354197668e+01
-1.396350606887457779e+01
-1.128489569574037077e+01
-9.456851047322532011e+00
-1.139002154741016426e+01
-2.889690853189021080e+00
-1.405616061133611616e+01
-3.235362481090123765e+01
-1.549373015126171360e+01
-5.579532695388165209e+00
-6.768291120824353690e+00
-6.653806849260907263e+00
-2.057618646392412654e+00
-8.088098558963968898e+00
-5.117512127858624416e-01
-2.109311334625047962e+01
-2.207667267959714508e+01
-1.629771490652894528e+01
-2.116045015638141535e+01
-1.223815997272925493e+01
-6.653806849260907263e+00
-7.122694751157594872e+00
-2.038156899454138937e+01
-8.676370080216580405e+00
-8.771978703212441886e+00
-5.138090137344085484e+00
-7.859594197986507602e+00
-6.214294704532364655e+00
-6.211319896470699042e+00
-1.682761896475680752e+00
-7.163166673140462848e+00
-8.771978703212441886e+00
-3.717960629991060362e+00
-9.266875335294255223e+00
-2.344272980636092285e+01
-9.482217774174910296e-01
-5.138090137344085484e+00
-1.861551141248318331e+01
-7.126583884535903302e+00
-6.779374914527560136e+00
-5.204339690256776230e+00
-7.219023717916511096e+00
-1.103034154031659675e+01
-1.257654029229792947e+01
-2.207667267959714508e+01
-8.105702917013985598e+00
-2.498378212866022707e+01
-7.566234071138451256e+00
-1.457238064598708327e+01
-5.138090137344085484e+00
-1.357999560732464239e+01
-1.223815997272925493e+01
-2.396385312259972267e+01
-1.682761896475680752e+00
-2.301637533931190749e+00
-5.080260472041246089e+00
-3.641463784955706728e+01
-3.995680768176835596e+00
-1.128489569574037077e+01
-8.854100857054033824e+00
-4.835633575929907835e+00
-4.627882334192955582e+00
-1.390957600465940303e+00
-1.103034154031659675e+01
-1.181318060207424203e+01
-1.468303601008276171e+00
-1.647399573318429233e+01
-1.032752269926958277e+01
-2.125654306096981117e+01
-3.217493034459755563e+01
-3.150602005451662535e+01
-3.963968788262778875e-01
-3.980544308637771200e-01
-4.270780623701648793e+00
-4.835633575929907835e+00
-3.963968788262778875e-01
-1.629771490652894528e+01
-1.957103467189504897e+01
-9.033594480981035346e+00
-7.163166673140462848e+00
-2.500203626068205409e+01
-4.835633575929907835e+00
-4.835633575929907835e+00
-1.226277167527866574e+01
-1.419607990719497437e+01
-9.456851047322532011e+00
-1.505420372875777346e+01
-9.236481664659207169e+00
-2.280008017153495459e+01
-1.384319378382300947e+01
-1.964074004291712683e+01
-2.109311334625047962e+01
-1.629771490652894528e+01
-9.236481664659207169e+00
-2.125654306096981117e+01
-6.653806849260907263e+00
-5.255311713387949446e+00
-4.521893728169810167e+00
-3.995680768176835596e+00
-1.957103467189504897e+01
-1.629771490652894528e+01
-1.423783584448215755e+01
-7.768898494915048580e+00
-1.567734441409311863e+01
-5.204339690256776230e+00
-1.103034154031659675e+01
-4.627882334192955582e+00
-8.854100857054033824e+00
-1.536644870069129354e+01
-9.063507475577045724e+00
-2.384250622446412393e+01
-6.849876384067968615e+00
-8.259036687466224436e+00
-3.063901697817521974e+00
-2.228302181014947791e+01
-2.889690853189021080e+00
-8.359459966827529342e+00
-2.384250622446412393e+01
-1.223815997272925493e+01
-1.586023926950548102e+01
-8.088098558963968898e+00
-9.482217774174910296e-01
-1.045069122795597494e+01
-3.899865780703469120e+00
-2.396385312259972267e+01
-7.126583884535903302e+00
-6.653806849260907263e+00
-1.167747533239838731e+01
-1.166788761354197668e+01
-7.122694751157594872e+00
-1.405616061133611616e+01
-1.388111944211900983e+01
-9.724244681154424086e+00
-9.116130826738128690e+00
-1.419607990719497437e+01
-6.849876384067968615e+00
-2.300374938178623907e+01
-6.957858390256216552e+00
-8.687018128052780952e+00
-5.080260472041246089e+00
-7.163166673140462848e+00
-1.586023926950548102e+01
-3.912661187463176482e+00
-1.316413931793595538e+01
-3.781186518722215339e+01
-4.835633575929907835e+00
-3.989292893932718798e+00
-2.889690853189021080e+00
-6.214294704532364655e+00
-4.136865252816859240e+00
-1.120861071964858269e+01
-1.468303601008276171e+00
-1.541258664170107195e+01
-9.296914660982773526e+00
-2.207667267959714508e+01
-1.362925165976531794e+01
-8.339625190739191396e+00
-2.983749281772524142e+01
-1.911402910377420383e+01
-3.963968788262778875e-01
-1.227413274372376506e+01
-8.907719040257441989e+00
-9.455821415043358158e+00
-9.522754680391418702e+00
-2.187409287065454677e+01
-1.035855663316649533e+01
-2.972210648081539830e+01
-9.522754680391418702e+00
-8.030499959204327354e+00
-5.686453975044969411e+00
-7.126583884535903302e+00
-7.122694751157594872e+00
-2.331570535052056670e+01
-1.323569577190156465e+01
-8.392402139956860907e+00
-2.525194715087720709e+01
-4.270780623701648793e+00
-9.482217774174910296e-01
-8.758094672505631451e+00
-9.109678701638072695e+00
-7.163166673140462848e+00
-1.045126505795825089e+01
-3.132052511157967700e+01
-3.613910260528536611e+01
-1.675390567398787667e+01
-1.285213865231054164e+01
-8.359459966827529342e+00
-7.840890131900742688e+00
-7.122694751157594872e+00
-1.390957600465940303e+00
-9.522754680391418702e+00
-3.963968788262778875e-01
-5.686453975044969411e+00
-1.446689431202206144e+01
-1.032752269926958277e+01
-2.004660459059353883e+01
-8.197103574908879864e+00
-2.043094588034661996e+01
-2.384250622446412393e+01
-1.223815997272925493e+01
-1.687417047186724872e+01
-3.980544308637771200e-01
-1.865918957144663892e+01
-6.849876384067968615e+00
-9.236481664659207169e+00
-4.042001858637062739e+00
-9.455821415043358158e+00
-2.433753464848525283e+01
-1.070204803697022022e+01
-8.359459966827529342e+00
-1.103034154031659675e+01
-9.236481664659207169e+00
-2.972210648081539830e+01
-7.163166673140462848e+00
-9.482217774174910296e-01
-8.195951682967645979e+00
-1.682344545579116613e+01
-6.359389685806771553e+00
-5.080260472041246089e+00
-4.111970025128587558e+00
-5.451019364954584390e+00
-5.710525745550009802e+00
-4.835633575929907835e+00
-3.570491233613393689e+01
-3.628037111940412984e+01
-8.359459966827529342e+00
-8.842695247856164897e+00
-8.359459966827529342e+00
-1.316413931793595538e+01
-8.359459966827529342e+00
-9.482217774174910296e-01
-6.653806849260907263e+00
-2.109311334625047962e+01
-4.753555494327693864e+00
-5.204339690256776230e+00
-1.189014902038951327e+01
-7.163166673140462848e+00
-3.265432717401913543e+00
-4.835633575929907835e+00
-2.109311334625047962e+01
-8.278456108264940383e+00
-8.339625190739191396e+00
-4.021000138902047105e+00
-1.166788761354197668e+01
-1.342195094549759915e+01
-3.265432717401913543e+00
-3.963968788262778875e-01
-1.405616061133611616e+01
-1.957103467189504897e+01
-1.376457997381652198e+01
-8.359459966827529342e+00
-1.032752269926958277e+01
-8.030499959204327354e+00
-3.963968788262778875e-01
-1.419607990719497437e+01
-1.586023926950548102e+01
-1.549373015126171360e+01
-5.204339690256776230e+00
-6.849876384067968615e+00
-7.423827168364521611e+00
-7.126583884535903302e+00
-2.889690853189021080e+00
-1.793827039064558981e+00
-5.686453975044969411e+00
-4.627882334192955582e+00
-1.405616061133611616e+01
-9.585037005080042860e+00
-1.903254602020644981e+01
-1.032752269926958277e+01
-5.686453975044969411e+00
-1.390957600465940303e+00
-8.651700138544770269e+00
-9.496566047679834810e+00
-8.688622096316786170e+00
-3.063901697817521974e+00
-6.214294704532364655e+00
-2.109311334625047962e+01
-1.120861071964858269e+01
-4.042001858637062739e+00
-9.236481664659207169e+00
-8.771978703212441886e+00
-1.078767313697741237e+01
-1.120861071964858269e+01
-1.342195094549759915e+01
-6.849876384067968615e+00
-1.098154812743784348e+00
-2.289661143440669022e+01
-1.725803565075024792e+01
-3.980544308637771200e-01
-5.204339690256776230e+00
-1.445750861309955759e+01
-3.963968788262778875e-01
-2.093243769467724391e+01
-5.117512127858624416e-01
-1.586023926950548102e+01
-4.946852354518585848e+00
-2.396385312259972267e+01
-1.423336680637893714e+01
-1.559806658534228063e+01
-1.262708842516597407e+01
-8.030499959204327354e+00
-1.586023926950548102e+01
-8.105702917013985598e+00
-1.025455541206301469e+01
-3.063901697817521974e+00
-1.223815997272925493e+01
-2.384250622446412393e+01
-6.071838306291692966e+00
-1.362979905704233552e+01
-4.946852354518585848e+00
-2.093243769467724391e+01
-2.322474924258004592e+01
-2.384250622446412393e+01
-7.163166673140462848e+00
-3.289292893932719064e+00
-9.236481664659207169e+00
-7.700757752118949639e+00
-1.419607990719497437e+01
-2.545508985009014324e+01
-1.189014902038951327e+01
-1.342195094549759915e+01
-2.259216025608952094e+01
-9.482217774174910296e-01
-2.396385312259972267e+01
-3.948615523316648002e+00
-1.081509119693089183e+01
-9.482217774174910296e-01
-1.682761896475680752e+00
-8.105702917013985598e+00
-4.724345267848782726e+00
-1.598344047592480521e+01
-1.653847564073539544e+01
-5.138090137344085484e+00
-8.027385109147406439e+00
-1.042514984569247716e+01
-1.103034154031659675e+01
-1.609283655624880183e+01
-1.025455541206301469e+01
-9.284733616510822074e+00
-4.946852354518585848e+00
-9.415579622645486424e+00
-8.198461208168870584e+00
-8.706758272695113376e+00
-2.308160674514036614e+01
-1.488133079040465034e+01
-1.824663134796625741e+01
-6.849876384067968615e+00
-5.117512127858624416e-01
-1.342195094549759915e+01
-1.419719833747422300e+01
-1.513324029616719635e+01
-1.165311409386682051e+01
-4.042001858637062739e+00
-2.457503422114145408e+01
-1.390957600465940303e+00
-3.265432717401913543e+00
-1.786507813149536972e+01
-4.042001858637062739e+00
-5.544324815050890365e+00
-1.223815997272925493e+01
-2.332796728336549563e+01
-5.204339690256776230e+00
-8.717110628755698087e+00
-1.027250232098792182e+01
-1.649711847689424360e+01
-1.390957600465940303e+00
-3.018577262102051861e+01
-3.641463784955706728e+01
-7.163166673140462848e+00
-8.489733151448458415e+00
-1.795143173989417207e+01
-2.207667267959714508e+01
-8.293077622755976819e+00
-7.122694751157594872e+00
-1.390957600465940303e+00
-6.849876384067968615e+00
-8.088098558963968898e+00
-1.520987708931915705e+01
-1.682761896475680752e+00
-8.088098558963968898e+00
-2.067742039672472742e+01
-8.030499959204327354e+00
-4.111970025128587558e+00
-3.980544308637771200e-01
-2.384250622446412393e+01
-9.522754680391418702e+00
-8.676370080216580405e+00
-1.032752269926958277e+01
-3.641463784955706728e+01
-3.995680768176835596e+00
-6.779374914527560136e+00
-2.764965338515427362e+01
-1.163948987567977866e+01
-1.795143173989417207e+01
-1.087979098680534307e+01
-1.126946850603288119e+01
-1.682761896475680752e+00
-7.423827168364521611e+00
-9.970805348055407080e+00
-3.980544308637771200e-01
-1.929165440989148905e+01
-8.687018128052780952e+00
-8.854100857054033824e+00
-2.301637533931190749e+00
-5.080260472041246089e+00
-4.946852354518585848e+00
-9.455821415043358158e+00
-4.111970025128587558e+00
-1.985233166061823695e+01
-1.032752269926958277e+01
-9.083710164925037134e+00
-1.419607990719497437e+01
-5.117512127858624416e-01
-3.000771775578695255e+01
-4.627882334192955582e+00
-5.686453975044969411e+00
-1.405616061133611616e+01
-2.109311334625047962e+01
-8.489733151448458415e+00
-1.107249763840303736e+01
-2.288252085841899941e+01
-8.339625190739191396e+00
-1.419607990719497437e+01
-9.455821415043358158e+00
-5.661625751472397994e+00
-2.365299073812975905e+01
-8.363757858602827611e+00
-6.653806849260907263e+00
-7.122694751157594872e+00
-5.080260472041246089e+00
-4.111970025128587558e+00
-1.342195094549759915e+01
-1.405616061133611616e+01
-1.127456568211829158e+01
-4.270780623701648793e+00
-4.111970025128587558e+00
-5.080260472041246089e+00
-5.117512127858624416e-01
-1.390957600465940303e+00
-2.889690853189021080e+00
-2.396385312259972267e+01
-5.204339690256776230e+00
-1.390957600465940303e+00
-1.419607990719497437e+01
-6.653806849260907263e+00
-1.224348435523662992e+01
-1.103034154031659675e+01
-8.890222064587327111e+00
-1.444518691341134620e+01
-2.241583393435446681e+01
-9.236481664659207169e+00
-8.088098558963968898e+00
-1.316413931793595538e+01
-1.609283655624880183e+01
-1.120861071964858269e+01
-1.620231242253323600e+01
-4.042001858637062739e+00
-2.125681944630684939e+01
-1.226664869104401312e+01
-1.902839769887465948e+01
-1.587468722126914678e+01
-2.198265296411401692e+01
-8.771978703212441886e+00
-7.311562522640652206e-01
-1.032752269926958277e+01
-1.959572109117777927e+01
-8.717110628755698087e+00
-2.797186649327474228e+01
-7.797102192139699461e+00
-1.957103467189504897e+01
-4.835633575929907835e+00
-2.488093126338407757e+01
-1.166788761354197668e+01
-2.561436273860375223e+01
-1.864372714380568397e+01
-2.301637533931190749e+00
-1.629771490652894528e+01
-9.236481664659207169e+00
-7.219023717916511096e+00
-6.849876384067968615e+00
-3.995680768176835596e+00
-8.854100857054033824e+00
-4.835633575929907835e+00
-9.522754680391418702e+00
-5.686453975044969411e+00
-1.128489569574037077e+01
-8.149517451898912412e+00
-8.339625190739191396e+00
-7.311562522640652206e-01
-4.835633575929907835e+00
-1.299470355969962476e+01
-3.063901697817521974e+00
-7.436701141593163200e+00
-1.629771490652894528e+01
-5.117512127858624416e-01
-1.586023926950548102e+01
-1.795143173989417207e+01
-1.957103467189504897e+01
-1.488133079040465034e+01
-6.849876384067968615e+00
-6.650442067060740037e+00
-4.627882334192955582e+00
-1.461000356000017142e+01
-1.286639329752315497e+01
-1.120861071964858269e+01
-2.144046336570367117e+01
-3.036853339526487972e+01
-2.889690853189021080e+00
-1.258277147269049046e+01
-1.120861071964858269e+01
-2.301637533931190749e+00
-2.067667655871873222e+01
-2.394851159745092772e+01
-2.043094588034661996e+01
-5.529453480448725422e+00
-5.080260472041246089e+00
-2.144046336570367117e+01
-1.120861071964858269e+01
-6.653806849260907263e+00
-7.918135024661336452e+00
-2.109311334625047962e+01
-5.117512127858624416e-01
-7.126583884535903302e+00
-8.046911120890619884e+00
-6.214294704532364655e+00
-1.196775302708672761e+01
-7.219023717916511096e+00
-7.122694751157594872e+00
-6.623542361879382057e+00
-5.544245415229654306e+00
-1.254921253479643006e+01
-2.322474924258004592e+01
-1.368406359596168542e+01
-6.491787748815334602e+00
-2.207667267959714508e+01
-7.126583884535903302e+00
-1.419607990719497437e+01
-9.037717170827546553e+00
-8.105702917013985598e+00
-7.163166673140462848e+00
-1.189014902038951327e+01
-2.322474924258004592e+01
-1.597665660466150683e+01
-3.063901697817521974e+00
-1.663022285954733803e+01
-1.154874159739670070e+01
-1.598344047592480521e+01
-1.419607990719497437e+01
-6.849876384067968615e+00
-9.236481664659207169e+00
-5.686453975044969411e+00
-8.088098558963968898e+00
-2.386990698250069798e+01
-7.163166673140462848e+00
-1.001460184764466455e+01
-1.181802282331606513e+01
-1.316413931793595538e+01
-1.095410085705403347e+01
-1.292866012055641356e+01
-9.655098514887844985e+00
-2.972210648081539830e+01
-1.549373015126171360e+01
-2.093243769467724391e+01
-7.122694751157594872e+00
-8.359459966827529342e+00
-5.686453975044969411e+00
-3.289292893932719064e+00
-8.771978703212441886e+00
-8.030499959204327354e+00
-5.579532695388165209e+00
-1.295907743576574411e+01
-1.080234611494056551e+01
-1.103034154031659675e+01
-1.114634095048229412e+01
-8.088098558963968898e+00
-8.359459966827529342e+00
-1.806606429530621583e+01
-3.063901697817521974e+00
-8.858909061005702412e+00
-4.228391534843062516e+00
-4.946852354518585848e+00
-5.204339690256776230e+00
-6.653806849260907263e+00
-3.265432717401913543e+00
-2.889690853189021080e+00
-7.859594197986507602e+00
-2.093243769467724391e+01
-5.529453480448725422e+00
-7.122694751157594872e+00
-2.690984631009185435e+01
-4.946852354518585848e+00
-6.650442067060740037e+00
-3.791922937113674674e+00
-3.289292893932719064e+00
-8.359459966827529342e+00
-9.731377785103443756e+00
-4.111970025128587558e+00
-2.370081021506030083e+01
-3.980544308637771200e-01
-6.078250405980898385e+00
-2.618986396942066719e+01
-2.396385312259972267e+01
-1.682761896475680752e+00
-1.115525837842465862e+01
-8.030499959204327354e+00
-3.063901697817521974e+00
-9.384606593166184396e+00
-2.144046336570367117e+01
-5.686453975044969411e+00
-4.835633575929907835e+00
-7.311562522640652206e-01
-7.311562522640652206e-01
-3.995680768176835596e+00
-2.109311334625047962e+01
-3.305884680237858220e+01
-2.396385312259972267e+01
-6.650442067060740037e+00
-3.289292893932719064e+00
-2.451114337322808723e+01
-1.223815997272925493e+01
-8.088098558963968898e+00
-2.296205544990009173e+01
-1.252339224893905545e+01
-1.629771490652894528e+01
-3.074083374463360130e+01
-1.316413931793595538e+01
-1.100896407938283161e+01
-2.318165570229609429e+01
-5.117512127858624416e-01
-5.529453480448725422e+00
-5.097544188354317996e+00
-4.042001858637062739e+00
-3.963968788262778875e-01
-8.854100857054033824e+00
-1.974148249645628539e+01
-1.390957600465940303e+00
-8.000564151171840166e+00
-8.359459966827529342e+00
-6.142001858637062384e+00
-4.627882334192955582e+00
-2.620102376850173798e+01
-2.093243769467724391e+01
-6.214294704532364655e+00
-1.159691810677048096e+01
-4.042001858637062739e+00
-1.400396613227000664e+01
-2.889690853189021080e+00
-4.946852354518585848e+00
-1.629771490652894528e+01
-1.369366128917769565e+01
-2.889690853189021080e+00
-3.134547485154132218e+01
-1.128489569574037077e+01
-1.675835621262585207e+01
-3.091174735648065308e+01
-5.686453975044969411e+00
-6.779374914527560136e+00
-6.561729638933154085e+00
-1.166788761354197668e+01
-1.521539332551007995e+01
-4.111970025128587558e+00
-7.126583884535903302e+00
-2.093243769467724391e+01
-8.105702917013985598e+00
-3.980544308637771200e-01
-1.589195787917922376e+00
-6.019891615720785794e+00
-6.779374914527560136e+00
-9.745727247655915804e+00
-1.000544503612517921e+01
-2.212311061260329481e+01
-3.265432717401913543e+00
-4.879792065091676179e+00
-1.989278923191778148e+01
-6.209858804086879402e+00
-4.946852354518585848e+00
-8.088098558963968898e+00
-8.359459966827529342e+00
-3.963968788262778875e-01
-8.676370080216580405e+00
-1.468303601008276171e+00
-1.128489569574037077e+01
-8.441778603739710007e+00
-3.289292893932719064e+00
-1.586023926950548102e+01
-9.745727247655915804e+00
-1.957103467189504897e+01
-3.980544308637771200e-01
-8.265577536110725987e+00
-9.444059964322494949e+00
-3.265432717401913543e+00
-3.980544308637771200e-01
-1.644931596970694798e+01
-1.166788761354197668e+01
-1.586023926950548102e+01
-1.630619635684037760e+01
-1.586023926950548102e+01
-1.237201350817286460e+01
-8.088098558963968898e+00
-8.030499959204327354e+00
-1.957103467189504897e+01
-6.459218597065138567e+00
-6.807739854677344660e+00
-3.063901697817521974e+00
-1.682761896475680752e+00
-1.189014902038951327e+01
-1.479314670277341648e+01
-4.098404145822669875e+00
-1.075722092806328867e+01
-5.489820314710184057e+00
-7.203807584017819288e+00
-9.806336807931819166e+00
-1.120861071964858269e+01
-9.482217774174910296e-01
-9.190266117104981092e+00
-8.854100857054033824e+00
-7.855870533327088623e+00
-1.120861071964858269e+01
-1.202941755544324920e+01
-2.301637533931190749e+00
-2.983749281772524142e+01
-3.289292893932719064e+00
-4.102440958245791691e+00
-6.561729638933154085e+00
-2.139599205450518227e+01
-1.529592192798046923e+01
-6.214984881506757652e+00
-5.686453975044969411e+00
-1.870801350697739096e+01
-3.963968788262778875e-01
-4.042001858637062739e+00
-8.105702917013985598e+00
-1.252339224893905545e+01
-1.586023926950548102e+01
-3.963968788262778875e-01
-6.623542361879382057e+00
-1.710640317734715765e+01
-3.766226100216034212e+00
-1.109116199658360458e+01
-2.823750931189518809e+00
-1.468303601008276171e+00
-3.791922937113674674e+00
-1.845679593136184593e+01
-4.111970025128587558e+00
-1.629771490652894528e+01
-9.377885527758516915e+00
-4.598054430863776076e+00
-1.405616061133611616e+01
-3.857843411368754261e+01
-5.117512127858624416e-01
-7.166285483559907910e+00
-1.405616061133611616e+01
-3.052761412515187089e+01
-6.779374914527560136e+00
-8.176666731217052231e+00
-1.223815997272925493e+01
-9.074468287915586018e+00
-7.182883576298283224e+00
-1.549373015126171360e+01
-8.372380003809496429e+00
-6.626302861361856422e+00
-5.204339690256776230e+00
-1.316413931793595538e+01
-5.529453480448725422e+00
-1.278109885245536326e+01
-8.769441637501062203e+00
-9.522754680391418702e+00
-5.529453480448725422e+00
-7.163166673140462848e+00
-6.964979844118635022e+00
-1.187838932718073437e+01
-5.080260472041246089e+00
-5.348664749596797385e+00
-7.780866813190186804e+00
-7.122694751157594872e+00
-7.716650135486451845e+00
-1.360158459550216925e+01
-1.275267725388947682e+01
-9.553197956597381690e+00
-6.019891615720785794e+00
-5.937518268705755276e+00
-1.154254608329949505e+01
-6.623542361879382057e+00
-9.163922936390088481e+00
-6.807739854677344660e+00
-3.995680768176835596e+00
-1.549373015126171360e+01
-4.270780623701648793e+00
-6.623542361879382057e+00
-4.835633575929907835e+00
-4.111970025128587558e+00
-4.111970025128587558e+00
-1.310293458013826218e+01
-3.995680768176835596e+00
-8.459044025208676487e+00
-1.154995997465561786e+01
-3.289292893932719064e+00
-1.922674616130480274e+01
-1.952482973190855020e+01
-1.917063252547960417e+01
-1.240336521785831003e+01
-3.963968788262778875e-01
-2.403420085257970129e+01
-3.289292893932719064e+00
-2.889690853189021080e+00
-4.181545043916671034e+00
-3.063901697817521974e+00
-1.495894988022568661e+01
-1.026574245836889787e+01
-4.835633575929907835e+00
-2.540988306375117389e+01
-1.166788761354197668e+01
-1.304646795319076347e+01
-8.359459966827529342e+00
-3.995680768176835596e+00
-8.105702917013985598e+00
-1.316413931793595538e+01
-2.144046336570367117e+01
-8.030499959204327354e+00
-8.105702917013985598e+00
-9.358120661122514505e+00
-6.623542361879382057e+00
-9.825102425825885888e+00
-1.957103467189504897e+01
-5.204339690256776230e+00
-5.204339690256776230e+00
-7.163166673140462848e+00
-3.289292893932719064e+00
-5.312108983141363261e+00
-6.623542361879382057e+00
-9.084163396671323554e+00
-3.980544308637771200e-01
-2.207667267959714508e+01
-1.032752269926958277e+01
-1.796104381352603241e+01
-8.030499959204327354e+00
-7.520887391590517446e+00
-4.270780623701648793e+00
-5.686453975044969411e+00
-7.859594197986507602e+00
-5.830775379509038459e+00
-5.686453975044969411e+00
-2.301637533931190749e+00
-1.468303601008276171e+00
-2.214724991991998593e+01
-8.551647740975544920e+00
-8.551647740975544920e+00
-8.672627187487426781e+00
-3.265432717401913543e+00
-9.236481664659207169e+00
-3.963968788262778875e-01
-8.771978703212441886e+00
-1.733134546386465047e+01
-1.025455541206301469e+01
-1.405616061133611616e+01
-6.964979844118635022e+00
-5.204339690256776230e+00
-2.236107977354167886e+01
-4.270780623701648793e+00
-2.396385312259972267e+01
-1.365949388357383754e+01
-3.963968788262778875e-01
-1.383502352579462702e+01
-3.995680768176835596e+00
-7.947197269565178246e+00
-9.236481664659207169e+00
-2.137668604182209009e+01
-1.120861071964858269e+01
-2.221604882937575809e+01
-1.128489569574037077e+01
-3.791922937113674674e+00
-8.359459966827529342e+00
-9.745727247655915804e+00
-3.980544308637771200e-01
-1.598344047592480521e+01
-1.128489569574037077e+01
-5.138090137344085484e+00
-6.807739854677344660e+00
-2.983749281772524142e+01
-7.520887391590517446e+00
-3.289292893932719064e+00
-4.270780623701648793e+00
-1.626197464127135817e+01
-8.498967707284098339e+00
-4.835633575929907835e+00
-4.270780623701648793e+00
-1.071608774795595131e+01
-1.390957600465940303e+00
-7.520887391590517446e+00
-8.030499959204327354e+00
-4.042001858637062739e+00
-7.163166673140462848e+00
-3.265432717401913543e+00
-3.963968788262778875e-01
-6.623542361879382057e+00
-1.795143173989417207e+01
-8.916343135349412918e+00
-4.900088600858174104e+00
-1.190128996964773478e+01
-2.301637533931190749e+00
-7.219023717916511096e+00
-2.777036365391349904e+01
-2.207835437303646842e+01
-1.564240416090911978e+01
-1.549373015126171360e+01
-4.946852354518585848e+00
-5.686453975044969411e+00
-1.390957600465940303e+00
-6.459218597065138567e+00
-1.383248931770639345e+01
-2.889690853189021080e+00
-2.069007963637210068e+01
-9.522754680391418702e+00
-6.405150629361873627e+00
-3.265432717401913543e+00
-3.791922937113674674e+00
-5.117512127858624416e-01
-1.252339224893905545e+01
-2.128683797076681827e+01
-1.128489569574037077e+01
-2.358159779777939491e+01
-3.265432717401913543e+00
-1.827693114023794863e+01
-2.322474924258004592e+01
-1.021568781893088662e+01
-1.795143173989417207e+01
-1.252339224893905545e+01
-9.007934812765036270e+00
-2.031961309684437822e+01
-7.122694751157594872e+00
-7.005853668865446693e+00
-3.922887821432764266e+00
-1.115326606118370911e+01
-5.529453480448725422e+00
-8.771978703212441886e+00
-1.316413931793595538e+01
-1.189014902038951327e+01
-1.405616061133611616e+01
-1.652819202119424702e+01
-4.892432148240572154e+00
-1.957103467189504897e+01
-5.249755691010768111e+00
-3.963968788262778875e-01
-5.493537789966669749e+00
-1.128489569574037077e+01
-8.489733151448458415e+00
-1.630619635684037760e+01
-4.835633575929907835e+00
-1.120861071964858269e+01
-7.123933761204976456e+00
-5.348664749596797385e+00
-1.629771490652894528e+01
-1.625929948097553179e+01
-5.686453975044969411e+00
-5.814724072448503200e+00
-4.380830043755354453e+00
-1.682761896475680752e+00
-2.573183687743629733e+01
-5.128571994811615298e+00
-7.311562522640652206e-01
-1.097188995764245867e+01
-8.041281519814054590e+00
-1.103034154031659675e+01
-2.109311334625047962e+01
-1.598344047592480521e+01
-5.814724072448503200e+00
-8.551647740975544920e+00
-1.316413931793595538e+01
-6.197623009300430752e+00
-1.144033804047256986e+01
-1.223292929062443335e+01
-2.983749281772524142e+01
-2.494382877873983162e+00
-1.872548893799368841e+01
-5.080260472041246089e+00
-8.030499959204327354e+00
-1.629771490652894528e+01
-5.529453480448725422e+00
-9.745727247655915804e+00
-4.627882334192955582e+00
-3.289292893932719064e+00
-7.859594197986507602e+00
-5.178951330984674861e+00
-3.995680768176835596e+00
-9.007934812765036270e+00
-9.027807759240102925e+00
-9.522754680391418702e+00
-1.682761896475680752e+00
-2.767716151727630525e+00
-4.111970025128587558e+00
-5.204339690256776230e+00
-5.138090137344085484e+00
-5.080260472041246089e+00
-5.312108983141363261e+00
-1.032752269926958277e+01
-5.249755691010768111e+00
-7.111508162874172534e+00
-1.103034154031659675e+01
-1.957103467189504897e+01
-1.205350949734256183e+01
-7.993268196985003904e+00
-8.359459966827529342e+00
-8.372402013635809936e+00
-1.008976921868875642e+01
-2.433944360632921189e+01
-5.529453480448725422e+00
-1.090877946800154419e+01
-4.835633575929907835e+00
-3.799476081351239998e+01
-1.120861071964858269e+01
-1.319449017292061654e+01
-8.331232320038193251e+00
-4.900088600858174104e+00
-1.960832655423232751e+01
-1.743930958837605516e+01
-3.289292893932719064e+00
-5.117512127858624416e-01
-7.311562522640652206e-01
-1.103034154031659675e+01
-1.390957600465940303e+00
-2.043094588034661996e+01
-3.570491233613393689e+01
-1.609283655624880183e+01
-1.127327456739498679e+01
-1.042514984569247716e+01
-1.223815997272925493e+01
-3.963968788262778875e-01
-1.221088300741494592e+01
-3.265432717401913543e+00
-1.959572109117777927e+01
-7.122694751157594872e+00
-6.653806849260907263e+00
-6.653806849260907263e+00
-1.103034154031659675e+01
-5.312108983141363261e+00
-1.792473056767292405e+01
-3.063901697817521974e+00
-4.900088600858174104e+00
-1.843211510865561564e+01
-1.629771490652894528e+01
-3.570491233613393689e+01
-6.623542361879382057e+00
-6.593538562331461073e+00
-4.900088600858174104e+00
-1.032752269926958277e+01
-1.957103467189504897e+01
-1.166788761354197668e+01
-3.616918697188742726e+01
-1.682761896475680752e+00
-4.627882334192955582e+00
-7.122694751157594872e+00
-3.995680768176835596e+00
-3.980544308637771200e-01
-1.025170406238697218e+01
-4.946852354518585848e+00
-7.674762763674400468e+00
-2.080846096745705154e+01
-1.626465846472249410e+01
-1.587034558629844838e+01
-6.807739854677344660e+00
-6.779374914527560136e+00
-4.181545043916671034e+00
-2.475845431513990391e+01
-8.030499959204327354e+00
-2.106872400844456195e+01
-5.117512127858624416e-01
-2.273327173976527149e+01
-1.315829383349678494e+01
