-6.275716539943360317e+01
-5.716568970999763621e+01
-4.805527290110474326e+01
-6.391167959224459594e+01
-5.464372622691971060e+01
-8.110573755174303301e+01
-5.759646772827603911e+01
-4.548844688483075061e+01
-5.103863181585118980e+01
-4.148847615908645992e+01
-3.476347288166492433e+01
-5.249445089613379878e+01
-5.330110912764742181e+01
-5.728648055931397920e+01
-5.473764537014763221e+01
-4.944509465997821707e+01
-5.040716938606058051e+01
-4.299354785691290459e+01
-5.845785162189974926e+01
-6.031082780208237182e+01
-8.955768059301971107e+01
-7.956468444299410692e+01
-5.870505787079214599e+01
-5.303986490622540373e+01
-6.366438262940280168e+01
-5.492331856906587007e+01
-8.608074137323546893e+01
-9.777327801953907738e+01
-8.117505716245742065e+01
-3.624839497742762262e+01
-7.292267586306104477e+01
-6.200563977375411184e+01
-7.817995339403616128e+01
-4.492123448933935492e+01
-6.164155396571089796e+01
-6.995573940406377744e+01
-6.705106486636802288e+01
-4.401933560931491485e+01
-5.980434174247417900e+01
-6.400754099272316466e+01
-3.127512230798155457e+01
-8.174481107793937440e+01
-4.380688950711488872e+01
-2.916333920138879421e+01
-9.881656830190837582e+01
-5.443452893469904552e+01
-3.306382866044978641e+01
-1.381217553696460598e+01
-2.569303682994880944e+01
-5.753146881741106711e+01
-3.550898216035638200e+01
-4.406345839783442386e+01
-3.323946438128764669e+01
-4.505433337258847359e+01
-2.180238653952569905e+01
-2.159885507939382165e+01
-8.568483967759064512e+01
-1.609293438293302358e+01
-3.398879696912618442e+01
-3.870155413153803181e+01
-9.985769944917127816e+01
-3.044398921381651135e+01
-2.421153073566603808e+01
-2.091353604691139623e+01
-6.021201339919052486e+01
-8.352828983718434586e+01
-2.974853870050075244e+01
-5.887156942110199509e+01
-2.876983085802176987e+01
-4.226233194123383896e+01
-2.906393608693056052e+01
-2.563160657219694372e+01
-1.553563901671297742e+01
-8.230149506178091201e+01
-3.903966217349655210e+01
-3.873033500456962486e+01
-5.239095165157523581e+01
-4.155873835808358763e+01
-3.094969124793404802e+01
-5.004351727119379234e+01
-3.402754764885922611e+01
-1.863638075409201633e+01
-2.816112172760245969e+01
-2.420661641479999560e+01
-2.422254863464007002e+01
-3.199206620444795846e+01
-2.483986411793433646e+01
-1.745000041871454499e+01
-2.026904586683552978e+01
-3.226981973566680750e+01
-3.816881035994008187e+01
-1.812791605518503246e+01
-2.064236463162278667e+01
-2.653433693951114591e+01
-3.188985186682312190e+01
-2.684774858348874815e+01
-2.709126940626226343e+01
-4.745294033914900922e+01
-2.538024364131515398e+01
-2.841419779088162656e+01
-1.458793460475603254e+01
-5.863609392444011803e+01
-3.115050382747426738e+01
-6.147494256313282790e+01
-6.407794642436662969e+00
-4.142039463581892988e+01
-4.646848158871050316e+01
-3.335077094503837714e+01
-2.981909303329953786e+01
-3.510365659934226557e+00
-3.990975293531942469e+01
-4.381559862638951586e+01
-8.095621160396397897e+01
-1.189200459948401800e+01
-4.827634998014244871e+01
-6.111946444923265176e+01
-1.203634020103529565e+02
-1.497655840321707643e+01
-1.636272784616005893e+01
-5.372689848592859363e+00
-1.824866464538448341e+01
-2.337640354892340611e+01
-1.708215104850373223e+01
-3.348957361937814881e+01
-2.650110963281783327e+01
-2.813481230629474794e+01
-4.567454578620830574e+01
-1.673972585843229766e+01
-1.725861086418533574e+01
-1.186321596167121584e+01
-7.600026723844985099e+01
-1.189200459948401800e+01
-1.705837375952874879e+00
-4.543125579823229288e+01
-2.809923447171831157e+01
-3.118603864434004791e+01
-2.849124196754255678e+01
-1.574898979058369619e+01
-3.231267224675890759e+01
-3.700097131343380852e+01
-3.910792366491013183e+01
-8.090529219602291278e+01
-2.502352174987725775e+01
-3.137151463694979370e+01
-4.154152973782581171e+01
-2.102061460774340418e+01
-3.988314364602351247e+01
-3.371551337603509069e+01
-4.917641880005031396e+01
-2.026710408135345176e+01
-2.842027510434576598e+01
-6.133025881475195717e+01
-3.865303767528111223e+00
-1.149692250861414422e+01
-9.052297523090263809e+00
-7.311109220314556012e+00
-8.116726055277577245e+01
-2.341002807215311421e+01
-4.520786662268160683e+01
-2.447910588729591908e+01
-4.656805363581037227e+01
-2.460487923299745106e+01
-3.265542532721553215e+01
-2.011904769975145513e+01
-1.590553646065643889e+01
-3.499546751951778134e+01
-1.640321174398518878e+01
-9.713145716462008750e+00
-3.368138029879014539e+01
-3.692902751282794327e+01
-3.939295871180658537e+01
-2.081232353929822310e+01
-3.551874173934792367e+01
-2.149898634257304764e+01
-1.213123240091323112e+02
-4.067170733275079897e+01
-2.367185319547401789e+01
-3.934318806478567865e+01
-3.262008830807018711e+01
-4.550006952355697365e+01
-9.571013231511354746e+00
-6.194893269005309833e+01
-3.233549644146858526e+01
-2.133785856353549093e+01
-5.072481557693063081e+00
-5.072481557693063081e+00
-1.080254967379668329e+01
-9.932295851276957421e+01
-3.149353121649975407e+01
-3.127126609605060992e+01
-3.007700311557143635e+01
-3.223101322388858136e+01
-4.860781749091170667e+01
-4.748828173804913888e+01
-9.296135448351886765e+00
-2.074743844119738156e+01
-1.457676343430907195e+01
-3.237081998265553295e+01
-4.251697008195954908e+01
-3.415779106146649724e+01
-3.243840556386030016e+01
-2.754777559768912454e+01
-4.579705160659532481e+01
-5.031141123578629504e+01
-2.420651145359972745e+01
-3.296332413616276824e+00
-2.546886789569369114e+01
-1.385881734506893892e+01
-3.387500110852843704e+01
-8.172125113103970051e+00
-2.261449078324755391e+01
-3.451399581514704806e+01
-8.062916831717272714e+01
-2.874984646315314762e+01
-6.287343367577300057e+01
-3.287462713461972896e+01
-2.024113636613835254e+01
-2.193874329294231629e+01
-2.867052967604855951e+01
-8.101611531608899952e+01
-3.384616891780853365e+01
-3.877280966964620745e+01
-2.819550234035201086e+01
-2.772726314846681461e+01
-2.369441685983868950e+01
-2.003113388667834016e+01
-5.551702134402847832e+01
-2.718840150096575670e+01
-2.813938592526627502e+01
-4.775345752662255450e+01
-4.995743884466717333e+01
-8.076547599639721398e+01
-2.491176241988722140e+01
-2.353505104016571892e+01
-5.018720694077270394e+01
-2.988816838860479308e+01
-6.136525334886467675e+00
-2.076993936395842866e+01
-3.978983693399498378e+01
-3.328464854563891606e+01
-3.337057428974627271e+01
-2.091482665931689056e+01
-4.393981190644574042e+01
-1.346605465103032628e+01
-7.033425956369956822e+00
-5.022827231335701015e+01
-3.003204411942426688e+01
-2.145772129596258893e+01
-2.381354605527991097e+01
-4.118609811460603964e+01
-5.105150146388904631e+00
-5.258151654715505430e+01
-2.937262429310142053e+01
-1.690388398731971265e+01
-5.554367574857177203e+01
-1.947021141767597996e+01
-3.376085175098820201e+01
-3.364738887455850147e+00
-4.624462865685572410e+01
-9.191973397283913982e+01
-3.179542555756802003e+01
-2.911765582818810572e+01
-4.871685226915452915e+01
-5.702867618081614864e+01
-8.576784713386247461e+01
-2.949215174256307037e+01
-3.862074076970343128e+01
-3.312983478411688054e+01
-3.709925155139410435e+01
-3.188688204055408448e+01
-1.154055896595964867e+02
-3.558693106330828471e+01
-2.336872743627716531e+01
-2.138432367614650786e+01
-2.047009082061509844e+01
-3.282290303346971427e+01
-1.765153715553470093e+01
-1.854180685647807536e+01
-1.018288505794701493e+01
-1.730747587272570343e+01
-1.599483493231895181e+01
-3.526160359809104961e+01
-1.553519104249405913e+01
-4.947941868948180399e+01
-9.182590737959058913e+01
-7.264056865538499608e+00
-2.019190000321098921e+01
-2.292818108008280475e+01
-5.557689235060041000e+01
-2.347759536203344055e+01
-2.617474416837566764e+01
-2.003276137400403556e+01
-1.289303160610555565e+01
-1.705837375952874879e+00
-2.701900972337995910e+01
-1.636911170844746266e+01
-1.872582868757774577e+01
-4.893164921912494947e+01
-2.205837375952874879e+00
-3.376085175098820201e+01
-1.119123401421618951e+02
-2.701900972337995910e+01
-3.895665206831682070e+01
-8.024642097952714437e+01
-6.045370399316048804e+01
-2.580922633038425218e+01
-1.423593541233882931e+01
-1.886580166174802287e+00
-1.809089669205393491e+01
-1.121350387132976323e+01
-1.139200459948401800e+01
-1.684329284438387830e+01
-5.509397340398083998e+01
-3.475965956615105767e+01
-1.505041322665175940e+01
-3.147714122811821724e+01
-1.377331629232254073e+01
-5.860567245132801872e+01
-2.701900972337995910e+01
-2.578337328845459453e+01
-2.090127596097095619e+01
-3.755986186697032281e+01
-1.699069417912480517e+01
-3.089354585682903931e+01
-4.024366656009067356e+01
-4.265225457003985099e+01
-2.168681539052581186e+01
-5.919381096277753329e+01
-1.034036351691971163e+02
-2.260468717141334949e+01
-3.029668569647664000e+01
-3.379264858374189373e+01
-2.906258287484370584e+01
-3.644943479410616760e+01
-1.812661381309662190e+01
-5.978989031258993947e+01
-1.728182613264221956e+01
-4.143205763010904263e+00
-2.083699073964447734e+01
-3.796960075872183893e+01
-3.142830216546568067e+01
-3.304841994297777319e+01
-4.654885149699846636e+01
-1.810940621164228759e+01
-4.579152331380927876e+01
-4.851650537636132299e+01
-2.375527961511968300e+01
-2.075608808034597530e+01
-7.672125113103970051e+00
-3.714009829152931275e+01
-1.296806876750026305e+01
-1.397333952879020558e+01
-9.829344947140734234e+01
-6.821827566566065570e+01
-4.432623948556877735e+01
-1.705837375952874879e+00
-4.707568044811350205e+01
-6.111730798322466285e+01
-1.705837375952874879e+00
-2.956022633909385888e+01
-2.349948082984864328e+01
-2.864738887455850147e+00
-3.013340965643649128e+01
-6.182192458595547890e+00
-7.190373815418544723e+01
-4.500046346565459032e+01
-2.292159030514292795e+01
-2.157855378261359647e+01
-7.169315744388028122e+01
-2.169029116748898645e+01
-6.523678223965018219e+01
-4.059061227028406194e+01
-4.538285765784222292e+01
-6.092164278693451962e+01
-2.522900850782639637e+01
-6.455619699355597163e+01
-2.394462714638977019e+01
-3.984399088419230139e+01
-6.566126016259737241e+00
-4.737212780193932815e+01
-4.115949341522341598e+01
-4.587738060659628303e+01
-2.282831362111678075e+01
-2.642560789171390923e+01
-3.438685267694443581e+01
-2.521869077973527595e+01
-8.588354304057574495e+01
-2.157855378261359647e+01
-4.300460713607303376e+01
-6.098777598352609175e+01
-6.686883684923283511e+01
-2.745691106103722845e+01
-1.211485505509891993e+02
-3.339245282221919808e+01
-1.061377984532013841e+01
-5.164642207591266754e+01
-3.041529533780882488e+01
-8.212060185435927195e+00
-3.717212789272974760e+01
-1.404433819229326375e+01
-2.923992901070814554e+01
-3.085390248392040036e+01
-1.472566297343741581e+01
-1.081017742158473283e+01
-2.137219149478995917e+01
-1.423593541233882931e+01
-7.846758248470491992e+01
-2.374231583719198468e+01
-4.671310367269342123e+01
-2.023397231048689804e+01
-3.787857846786828020e+01
-1.370656675042862460e+01
-3.352691801995364074e+01
-5.178198564716183228e+01
-1.914824329850254969e+01
-4.441304100766720353e+01
-2.437187507546884291e+00
-4.296628409969804352e+01
-4.259715691941204341e+01
-1.700955735198809293e+01
-8.534339881942354111e+01
-1.611877858643302730e+01
-4.484067102875250299e+01
-2.090400380557803572e+01
-1.776417247066486738e+01
-4.398324633193075073e+01
-4.311878285660090171e+01
-1.096430964644239836e+01
-6.881906990797024548e+01
-3.166353379875293328e+01
-1.020069670551983165e+00
-6.294987223366086937e+01
-3.616618229881922986e+01
-2.670702936554645746e+01
-1.776417247066486738e+01
-5.283688938727689788e+01
-2.437187507546884291e+00
-3.782286919698731253e+01
-2.176511509254438437e+01
-2.923992901070814554e+01
-1.423593541233882931e+01
-1.088477572467304455e+01
-5.293463789343143588e+01
-2.721029374949965174e+01
-2.951366952351344608e+01
-5.609206321585602950e+00
-4.960443596801549404e+01
-1.746874431725924737e+01
-3.776450252148556785e+01
-4.099104342891384078e+01
-1.890062328838260086e+01
-6.887972017596783303e+01
-2.558254254558133312e+01
-3.951116776205365255e+01
-3.624348470200036587e+01
-3.445562494926991803e+01
-8.613701160934084555e+01
-3.058651634999630531e+01
-1.986891700180757425e+01
-1.021300565939174021e+01
-3.617261070337043805e+01
-7.975771724729042944e+01
-2.701900972337995910e+01
-3.881153290796356004e+01
-2.779875063579730465e+01
-2.951366952351344608e+01
-2.786486655609175855e+01
-5.250750899702584462e+01
-5.504581449722667230e+01
-1.163228820062170854e+01
-1.606436802193961455e+01
-8.134453394400175341e+00
-2.027133309817711293e+01
-2.379294697091311050e+01
-2.412631252422476180e+01
-2.936321359794277441e+01
-1.521599725290943184e+01
-1.326848102879257141e+00
-8.768962095792123534e+01
-1.331893589392278443e+01
-1.497333952879020558e+01
-6.400440025115816667e+00
-1.288193903323308120e+01
-4.242864192419000346e+01
-1.153859838017620376e+01
-1.816163311394117130e+00
-1.839922514415842514e+01
-7.592712251869693318e+01
-2.922513566997698575e+01
-1.331893589392278443e+01
-2.947555665242244416e+01
-2.810371335248397884e+00
-5.609206321585602950e+00
-2.674571479804909302e+01
-2.903104933856938175e+01
-2.259791638175853379e+01
-2.217935616420302836e+01
-3.522515846992311594e+01
-2.923992901070814554e+01
-2.456884170647114018e+01
-7.590366667905563247e+01
-2.525905446164429335e+01
-3.089918246922050926e+01
-3.047549878223250630e+01
-2.776141753249963884e+01
-1.776417247066486738e+01
-2.663505140975952301e+01
-6.242925490652702081e+01
-5.632048429892478225e+01
-1.036402175512997559e+01
-6.688487049015563457e+01
-1.321322929420926329e+00
-1.423593541233882931e+01
-2.610611810241066877e+01
-6.190175674287861796e+01
-2.495699648583661556e+01
-3.755436842716192558e+01
-2.301010700325034364e+01
-4.388046439311986546e+01
-4.611637541609803748e+01
-1.948766960251410296e+01
-4.296530436619491411e+00
-4.147081960211193064e+01
-1.670565034229180057e+01
-3.812417568593261308e+00
-3.662993809102697895e+01
-5.515063108598749864e+01
-2.546108555995781941e+01
-3.299043006141265266e+01
-1.096430964644239836e+01
-3.033735738708125140e+01
-6.106450851233650923e+01
-1.606436802193961455e+01
-1.096430964644239836e+01
-3.179760376776455644e+01
-2.184312074457089992e+01
-3.460487153770377233e+01
-4.236682904316642606e+01
-3.193723184145149574e+01
-6.409510884599782798e+01
-4.819169537699852413e+01
-2.758369467098650318e+01
-2.088356091019540983e+01
-2.830224386287668992e+01
-1.765549910795461130e+01
-1.096430964644239836e+01
-2.436775635978386489e+01
-1.527873999217267453e+01
-2.287724707633845611e+01
-8.306802596526048887e+01
-4.819169537699852413e+01
-4.549024254276274348e+01
-2.083788837589765564e+01
-4.001652972929370833e+01
-3.160739258058303136e+00
-4.636525334886467675e+00
-2.362208218234654211e+01
-4.066682446775548954e+01
-1.304997832638686006e+01
-1.715083533130901827e+01
-6.462913590648540207e+01
-2.869609956648378812e+01
-4.685386870445371699e+01
-1.290401833422621891e+01
-6.463249982301181262e+01
-2.105945438553515103e+01
-3.933194467853747511e+01
-6.141691210781776533e+01
-1.326848102879257141e+00
-4.665131412624741358e+01
-2.786486655609175855e+01
-4.369288987282359216e+01
-1.301643457783253410e+01
-1.705837375952874879e+00
-4.311979758995575196e+01
-2.727784174430444963e+01
-1.763701800898600425e+01
-2.527966325603056319e+01
-6.819538419949032004e+01
-3.499598693821691597e+01
-5.423543734256023185e+01
-2.357913744008434875e+01
-4.176208210844772850e+01
-1.005947795347479357e+01
-1.423593541233882931e+01
-3.927051776007854045e+00
-3.447961121678736873e+01
-2.636408398457904312e+01
-1.449814216489858154e+01
-3.681697473219718120e+01
-2.783801505805538312e+01
-4.858380337193907650e+01
-3.311971572927015472e+01
-2.942808385596456233e+01
-1.826513031228003570e+01
-1.734779896752258566e+01
-1.734779896752258566e+01
-5.128973376424806219e+00
-9.622749064521173068e+01
-2.390942557249272582e+01
-3.952985796157896914e+01
-2.945983847823067947e+01
-9.632302843963405081e+00
-1.431205588472975165e+01
-1.732436575815996349e+01
-1.825947105977571283e+01
-1.932710116120874488e+01
-5.024517427036316519e+01
-2.831906148352354080e+01
-3.432755083455964495e+01
-2.319779573085640223e+01
-3.078827221553069649e+01
-3.156950798577281603e+01
-4.441810708857997270e+01
-9.284517580664928715e+00
-1.542627444730985431e+01
-3.896576879607400201e+01
-3.382480007035738367e+01
-4.636525334886467675e+00
-1.347333952879020558e+01
-2.731880352016747082e+01
-1.886057830951789072e+01
-2.804577803099835975e+01
-3.442507566423195442e+01
-3.252944183675720069e+01
-5.092462562405506077e+01
-1.599832503491828817e+01
-3.752885911390120555e+01
-1.797262582938444453e+01
-1.710059571731703443e+01
-1.592670319694714465e+01
-2.259965672859584984e+01
-5.334474819478639063e+01
-1.900325999643591857e+01
-2.506556885450851624e+01
-3.666411861904094849e+01
-1.590142157310528503e+01
-4.491906948975837821e+01
-2.751265932881750587e+00
-5.240380245897525668e+01
-4.639502075863715191e+01
-1.451685845514398565e+01
-3.815764299904382995e+01
-1.705837375952874879e+00
-3.314685360453884755e+01
-2.710001645600218723e+01
-3.974697335828631140e+01
-3.246627006764035883e+01
-2.796094380697107695e+01
-2.548193304830256167e+01
-4.237874791408099640e+00
-2.332465756218722674e+01
-2.307032426917029255e+01
-2.001851513989818798e+01
-1.881456827967483036e+00
-1.442744021524154618e+01
-3.618450801967640018e+01
-4.772597396004485404e+01
-1.126976253285473462e+01
-1.370656675042862460e+01
-2.782667085437622490e+01
-3.428615028898114758e+01
-4.746967751754738174e+01
-2.735396380015899354e+01
-1.943607156762590904e+01
-3.078827221553069649e+01
-2.696032852987990225e+01
-1.326848102879257141e+00
-3.359252098423105082e+01
-2.347950499408212011e+01
-1.347333952879020558e+01
-3.752885911390120555e+01
-2.846168761434473993e+01
-2.761920035850394939e+01
-1.806650098542273142e+01
-2.387722224380154401e+01
-3.442507566423195442e+01
-2.429478273614455830e+01
-3.266269803246056824e+01
-1.705871175619318336e+01
-1.316969359673007034e+01
-6.881442636047577821e+01
-2.761920035850394939e+01
-2.800386120827558045e+01
-2.187569594663927930e+01
-5.089887966576670664e+01
-8.162112912324737124e+00
-1.621169094618261042e+01
-1.096430964644239836e+01
-7.735108304187537698e+00
-2.696032852987990225e+01
-1.172156561479955528e+01
-3.331294760326716897e+00
-7.825957548952761300e+00
-1.148148658755533447e+01
-8.333910146211529479e+01
-4.428125962719829545e+01
-5.609206321585602950e+00
-2.722419855906658270e+01
-2.828518893179666804e+01
-5.609206321585602950e+00
-1.423593541233882931e+01
-3.835106349500539125e+01
-2.332465756218722674e+01
-1.747696730763311379e+01
-1.708623248761552915e+01
-2.002910942645387848e+01
-5.609206321585602950e+00
-2.046359662280093872e+01
-2.538534862340124221e+01
-2.780976030463246218e+01
-5.279660383798760392e+01
-2.157402129722688500e+01
-2.103907763083292792e+01
-2.256635414764831893e+01
-1.423593541233882931e+01
-8.397590488626829597e+01
-3.923553576309408442e+01
-2.841555210298874101e+01
-3.174251560130473848e+01
-1.096430964644239836e+01
-1.021300565939174021e+01
-2.762027522515429112e+01
-1.827999711266181393e+01
-9.884267317128934138e+00
-5.066774288404388926e+00
-1.606436802193961455e+01
-2.944719440780647091e+01
-2.806333492438098887e+01
-2.732516187625975945e+01
-3.701776835785442188e+01
-4.061761309999641867e+01
-9.762822812467604194e+00
-3.160739258058303136e+00
-3.701776835785442188e+01
-2.929996314491787146e+01
-2.975053275609630177e+01
-3.021980517174916159e+01
-1.021781383048918812e+01
-1.785118607122666745e+01
-5.609206321585602950e+00
-1.895484658348323137e+01
-2.560946549962394769e+01
-5.119778317752484043e+00
-4.699887761481926418e+01
-3.794924206433463354e+01
-3.276470976789505585e+01
-1.712696712448028435e+01
-2.374231583719198468e+01
-3.185274729751476386e+01
-4.167766900969368749e+01
-5.083255913412914140e+01
-1.088477572467304455e+01
-2.477794115042613399e+01
-3.268173547522019362e+01
-3.778020565266670872e+01
-4.685386870445371699e+01
-2.936321359794277441e+01
-3.336556797439081379e+01
-1.860089686955760513e+01
-2.387722224380154401e+01
-1.827999711266181393e+01
-2.445183464849937494e+01
-3.496928659115405935e+01
-5.891050184157403891e+00
-3.866156917748566002e+01
-5.177510172971741298e+01
-1.951278108474049588e+01
-3.282328633224465619e+01
-1.597092728804981832e+01
-2.184312074457089992e+01
-2.131446237146523615e+01
-4.592211611226140633e+01
-1.490766438966818797e+01
-3.669700014739972005e+01
-9.484919517081959128e+00
-3.407187107320748254e+01
-2.928724628666511265e+01
-1.887501308848709414e+01
-3.177315103550662911e+01
-1.724774977838573164e+01
-1.437495109034005480e+01
-2.923992901070814554e+01
-3.778492367997119317e+01
-1.648950784839528438e+01
-1.436600616797875674e+01
-4.518504390146748761e+00
-2.845821105423383557e+01
-2.528762893731062888e+01
-2.112227941469145520e+01
-4.388046439311986546e+01
-4.035752001919195919e+01
-1.501480227906140996e+01
-3.174251560130473848e+01
-2.437187507546884291e+00
-4.000677233622199935e+01
-2.923144114996437182e+01
-3.737291787961798661e+01
-1.737758276386567147e+01
-5.613877942681313016e+01
-1.486403322647339564e+01
-1.540937637811805416e+01
-6.350304653921959641e+01
-2.575047101329354149e+01
-1.459535356140549212e+01
-1.384672422901243038e+01
-3.977294931195478256e+01
-1.221904308465268585e+01
-3.543854451508138226e+01
-2.689600129948505014e+01
-1.331893589392278443e+01
-1.134502612672670097e+01
-8.724162133971503863e+00
-7.060048403583016352e+01
-3.830702510475212819e+00
-3.149255175337309609e+01
-1.075452045241256371e+01
-1.176877223421693230e+01
-1.506268628762484596e+01
-4.971046759585253483e+01
-8.451719294973256069e+01
-1.088477572467304455e+01
-1.326848102879257141e+00
-4.579705160659532481e+01
-2.076086273212580124e+01
-2.310721934836685421e+00
-1.500115347607492922e+01
-4.958750250908263268e+01
-2.740987478427747703e+01
-3.535677458873220047e+00
-1.621513749320571662e+01
-3.442507566423195442e+01
-1.486403322647339564e+01
-5.876960957353404069e+01
-2.786486655609175855e+01
-1.344500005192526970e+01
-4.269391802281876380e+01
-3.676780513438865228e+01
-2.361684496811783518e+01
-1.648950784839528438e+01
-6.055668258356138978e+00
-2.558254254558133312e+01
-2.716913895918438726e+01
-1.999373393651594810e+01
-1.535807205857451052e+01
-3.078827221553069649e+01
-2.030409435020656161e+01
-4.437582272999216570e+01
-3.160739258058303136e+00
-3.442507566423195442e+01
-2.624770550769270727e+01
-4.105530574893732876e+01
-1.393421594168795252e+01
-3.592633076928150615e+01
-3.295981452507351861e+01
-5.292324644247301535e+01
-4.829517118558386102e+01
-3.230303019055011760e+01
-1.947167730029991972e+01
-1.940044055766896491e+01
-1.931886086728881935e+01
-6.109206321585602950e+00
-5.445882437513944296e+01
-2.071765044101738695e+01
-1.988183059788931217e+01
-4.781146150294491548e+01
-1.495706491566622631e+01
-2.937798929434767103e+01
-2.008425212333622412e+01
-1.705837375952874879e+00
-2.984120259409904818e+01
-1.130060662018933826e+01
-4.236821425418474263e+01
-2.236712691695975508e+01
-1.564674771322098579e+01
-3.497372225511908539e+01
-1.282270733145758257e+01
-4.308383473191450719e+01
-2.003565988579501322e+01
-2.346857555145955132e+01
-3.440891238521649598e+01
-7.672125113103970051e+00
-8.348462652653822147e+01
-1.153589185036068088e+01
-2.619954292569801879e+01
-9.293166817433462512e+00
-2.427586898299752249e+01
-3.624413490710065133e+01
-5.613877942681313016e+01
-2.342147976313481195e+01
-9.788839117489395392e+00
-2.478047331838975609e+01
-5.048025512526624681e+00
-2.257748555475647834e+01
-1.533746267671852692e+01
-1.537160126221738565e+01
-4.828478714347745893e+01
-5.646407091052692095e+01
-4.636525334886467675e+00
-1.626690755600244387e+01
-1.021300565939174021e+01
-3.078827221553069649e+01
-2.198656811694701929e+01
-8.824131294973851425e+01
-1.709555509237160109e+01
-4.351772719753963514e+01
-2.068278402196581922e+01
-3.321451257022413728e+00
-3.057093193708067602e+01
-1.574279964438395751e+01
-2.300424190070341623e+01
-8.263200943127223752e+01
-1.365523687227480920e+01
-5.646407091052692095e+01
-2.937187507546884291e+00
-1.321322929420926329e+00
-3.149255175337309609e+01
-3.829406456288230487e+01
-5.760849984319419548e+01
-3.861108465653747146e+01
-1.070892766860401935e+01
-2.479581400744303110e+01
-2.136845739065621075e+01
-4.537124374134450022e+01
-4.082412051912277207e+01
-1.121609294573830340e+01
-1.999728649216220688e+01
-3.313796811126427144e+01
-4.351772719753963514e+01
-1.501182014258446529e+01
-2.435510642337799680e+01
-2.140413318466386983e+01
-3.078827221553069649e+01
-2.139053515800170047e+01
-3.772203117275371653e+01
-3.847484761381918617e+01
-1.816182007505393869e+01
-2.474797308013413044e+01
-4.351772719753963514e+01
-3.939395645889781861e+01
-4.636525334886467675e+00
-3.139875997859816081e+01
-1.826848102879257141e+00
-4.744084165993299251e+01
-2.274958528646101641e+01
-7.320851782028256594e+01
-3.592633076928150615e+01
-5.646407091052692095e+01
-2.716010114045841917e+01
-1.195066120717138247e+01
-4.114848205732243969e+01
-1.833026501410594733e+01
-1.834203235321263392e+01
-5.646407091052692095e+01
-3.327779826309244271e+01
-5.840361618179055370e+01
-5.341726369501351712e+01
-2.164513502033828019e+01
-4.999393740858083390e+01
-1.287934117483857221e+01
-1.925483713464996427e+01
-3.830272453926419018e+00
-2.517305767726724497e+01
-9.492787262538971760e+00
-1.326848102879257141e+00
-1.126821487613820949e+01
-3.072131974775152585e+01
-4.511039136947611894e+01
-1.583471241184211920e+01
-5.448939534063255508e+01
-2.993662860902562173e+01
-1.659480381172384966e+01
-2.458591727782000902e+01
-3.088906566508474327e+01
-2.406341239305503166e+01
-1.425497163937703959e+01
-2.302101325409466881e+01
-1.221904308465268585e+01
-1.648950784839528438e+01
-3.497372225511908539e+01
-1.489000020052395357e+01
-1.820903013282179117e+01
-7.941533739075783416e+00
-1.785545288712877365e+01
-4.634693600793546153e+01
-2.497227432635555999e+01
-3.829406456288230487e+01
-4.636525334886467675e+00
-2.625235530202093770e+01
-4.365876958874448377e+00
-1.883854782133154870e+01
-7.631409830047483922e+01
-2.830224386287668992e+01
-4.070985898885927412e+01
-1.163170083194969351e+01
-1.331893589392278443e+01
-3.986864935562552148e+01
-5.257682239680818270e+01
-3.095587861095856397e+01
-3.937322335572727638e+01
-3.174251560130473848e+01
-1.075452045241256371e+01
-1.021300565939174021e+01
-1.648846756083963072e+01
-3.809196051914759806e+01
-3.661237057793421457e+00
-2.333940344106633447e+01
-4.106805121847494178e+01
-4.802554626125135684e+01
-5.609206321585602950e+00
-1.869423535099063116e+01
-1.112498694121786968e+01
-3.248995348870799660e+01
-3.598938340991274742e+01
-2.040109131918648089e+01
-5.330979638604620163e+01
-2.462914767023319840e+01
-1.420979737055802161e+01
-2.978093678890211038e+01
-2.234987258341108429e+01
-2.459565176476015935e+01
-2.303887391580333954e+01
-2.100753122016747199e+01
-2.582938325016772652e+01
-3.019604790057979571e+01
-2.591372083628371570e+01
-2.653340800670720867e+01
-3.719550712147888305e+01
-2.528762893731062888e+01
-4.897665010955115861e+00
-2.316946544111167583e+01
-3.647368939867247661e+01
-4.792665907702435391e+01
-1.493646316257810014e+01
-1.192459891860551480e+01
-4.795244989373977518e+01
-4.583865536390061379e+01
-3.276470976789505585e+01
-8.259165725111535039e+01
-6.720044660789604052e+00
-1.088477572467304455e+01
-8.683281656481479160e+01
-1.624139225856442437e+01
-4.237068429663553104e+01
-2.704233178640739865e+01
-2.521103195774015404e+01
-4.636525334886467675e+00
-3.445623142840388908e+01
-1.831509622626311184e+01
-3.184964236743971355e+01
-3.348010369641578166e+01
-2.771433127579490119e+01
-5.609206321585602950e+00
-3.046282750540890305e+01
-4.762733301570739997e+01
-2.992971685794939773e+01
-1.320129532568607544e+01
-2.497203895046196820e+01
-3.352055490275969873e+01
-3.919269955626540991e+01
-2.792869880469756438e+01
-3.020227367124592632e+01
-5.302076425058949383e+01
-5.325558979508724633e+01
-1.765287817552159666e+01
-5.340484445995225826e+01
-2.249721324279332535e+01
-1.395840720317493222e+01
-1.505902215236722697e+01
-4.647969316472487833e+01
-7.995199078251965830e+01
-2.658607223021564536e+01
-1.550354057889019899e+01
-3.338679258155940488e+01
-2.410715827712347092e+01
-1.501590146787289015e+01
-3.512020612093088801e+01
-2.336371196673216133e+00
-2.874574443303836091e+01
-5.356880112091906909e+01
-2.390291816074879705e+01
-3.276470976789505585e+01
-1.920872919929349720e+01
-3.072280059737895286e+01
-4.420348469108617451e+01
-4.295213573294866194e+00
-1.476132071437959326e+01
-1.160404469795905769e+01
-1.192495034602857373e+01
-2.543682531037740091e+01
-5.131004042266224019e+01
-1.460462830106496668e+01
-1.831509622626311184e+01
-3.202035183438594146e+01
-1.089992687861591847e+01
-1.423593541233882931e+01
-4.158386629408511226e+01
-3.193886875546788318e+01
-1.248899355596667604e+01
-4.415434023222363180e+01
-1.331497917285345167e+01
-2.363090754768979451e+01
-5.925289816109785335e+00
-9.637564587412203565e+00
-7.765495997433092157e+01
-2.435702904677754432e+01
-1.705837375952874879e+00
-5.393513949458301937e+01
-2.492437730238041382e+01
-5.623958553816512307e+01
-6.102077606689025657e+00
-6.831864707645164003e+01
-2.534467568958218919e+01
-2.406341239305503166e+01
-2.995483465615474827e+01
-1.216099744006234928e+01
-3.309985083111596538e+01
-2.336798277396168189e+01
-1.472182984636658531e+01
-3.193460647569743571e+00
-5.391313046249493368e+01
-4.260087706467130886e+01
-3.018058776818108768e+01
-8.220035646040738442e+00
-4.315455513454118375e+01
-5.139636234354693300e+01
-3.231676147124903764e+01
-3.484364111582735291e+01
-1.908042690196247548e+01
-4.725004533736245094e+01
-3.283248070770831362e+01
-2.502641299627349269e+01
-3.711141760240867171e+00
-1.925483713464996427e+01
-1.943161596500724642e+01
-4.646112156182027775e+01
-4.701469443125768066e+01
-4.686120898430121429e+01
-8.006115521217513020e+00
-2.193881901166446369e+01
-2.807069679854278377e+01
-1.977316752788168586e+01
-1.209468070811304941e+01
-1.209419993646270441e+01
-4.145050980377767758e+01
-5.083982448012396560e+01
-2.412700012983515663e+01
-1.252461997126982141e+01
-2.564842444048423431e+01
-4.173922453291663004e+00
-2.053158525124206690e+01
-3.157143200447425357e+01
-1.279607049417974807e+01
-1.957034375829381290e+01
-2.622959169370197330e+01
-5.592312914261393786e+01
-4.135404876480149738e+01
-4.856937274091343681e+01
-7.684567995523998718e+00
-5.537939542744591392e+01
-1.185344937032793311e+01
-2.981064950250488010e+00
-2.037988738467504390e+01
-2.662282582546859189e+01
-4.041778213584889556e+01
-1.252461997126982141e+01
-1.493646316257810014e+01
-3.852786798596069673e+01
-4.646112156182027775e+01
-7.584868630103152043e+01
-2.444549602995476789e+01
-5.697283712076550444e+01
-3.560560499909514931e+01
-2.627033557695753174e+01
-2.452611886160693899e+01
-3.727098759054878485e+01
-3.261019955929405967e+01
-2.324201251394295653e+01
-9.750993367412614532e+01
-4.985729048312599332e+01
-5.154686196292924905e+00
-1.710564008795085655e+01
-5.573056599050315185e+01
-2.206329299559784829e+01
-2.364939133340674715e+01
-3.713994903818694127e+00
-3.078827221553069649e+01
-2.181900743354418992e+01
-3.461286032025104475e+01
-2.243491475243141409e+01
-1.050964930044012036e+01
-7.239501040465508908e+00
-4.430833333779122540e+01
-4.408752603957746885e+01
-1.925483713464996427e+01
-1.824044735589630406e+01
-1.624139225856442437e+01
-4.606652841860839942e+01
-4.754788436689898390e+01
-1.192459891860551480e+01
-2.287114293760673434e+01
-3.017989508956529932e+01
-5.418543188716579806e+00
-1.245042545037394532e+01
-1.514199462464961599e+01
-4.788056048267208098e+01
-4.537851946174782825e+00
-2.890679057207282554e+01
-2.927918633497965928e+01
-2.962344433471015037e+01
-4.525023767272614350e+01
-2.289666231293772469e+01
-2.529703140839006181e+01
-8.584620507096907716e+01
-8.072018467515474072e+01
-2.423148756745428400e+01
-2.243491475243141409e+01
-9.066538347327362146e+01
-3.355513590376055788e+01
-1.228564031634278919e+01
-3.410932511357026442e+01
-2.206329299559784829e+01
-6.561650739067059135e+01
-1.548522599426184243e+01
-1.192459891860551480e+01
-2.756293320008743208e+01
-1.933243524297941462e+01
-2.962344433471015037e+01
-2.374231583719198468e+01
-5.161503802841221500e+01
-5.098795089076870113e+01
-2.321694308888643121e+01
-3.799635917308179955e+01
-3.799635917308179955e+01
-3.106746535182744751e+01
-2.187166726825659069e+01
-1.793836945055862842e+01
-3.423077926218844880e+01
-2.966571464522352386e+01
-1.041477696465603842e+01
-1.321322929420926329e+00
-3.719550712147888305e+01
-2.459565176476015935e+01
-3.679489180787990676e+01
-1.141647330840295993e+01
-1.194540375862790427e+01
-3.351461043166285947e+01
-2.558254254558133312e+01
-2.210823880743860670e+01
-1.331893589392278443e+01
-1.808221148857811755e+01
-3.031902134777199720e+01
-4.132311538998222744e+01
-1.021300565939174021e+01
-1.213692064819930039e+01
-2.125212585664791476e+01
-2.670143466179365888e+01
-4.483910911338396943e+01
-1.705837375952874879e+00
-2.782418302305951840e+01
-3.752157221730837477e+01
-2.680417936419214797e+01
-4.537851946174782825e+00
-1.331893589392278443e+01
-1.331893589392278443e+01
-3.635838805398833529e+00
-4.047804225205272388e+01
-1.331893589392278443e+01
-1.705837375952874879e+00
-1.599223774547653676e+01
-3.542777405904411125e+01
-1.089992687861591847e+01
-2.942370192725206834e+00
-3.253070151273639965e+01
-2.612849437726626789e+01
-3.329549088923525346e+01
-3.394486005515622651e+01
-2.236754336839936030e+01
-9.788839117489395392e+00
-4.853778673789140896e+01
-1.454366633634665007e+01
-4.514803469835884187e+01
-1.088477572467304455e+01
-2.534467568958218919e+01
-1.757426378437336822e+01
-3.241855987995965904e+01
-1.895484658348323137e+01
-3.829119626630397732e+00
-8.327435789040853820e+01
-4.344512321625882834e+01
-1.793585808684874294e+01
-2.689600129948505014e+01
-2.144984053276143143e+01
-2.042760548958449007e+01
-1.236060354243345216e+01
-2.967107188729678668e+01
-1.921398568833162201e+01
-4.369797812320141617e+01
-1.797262582938444453e+01
-3.610952164097969330e+01
-2.418490938169658477e+01
-3.143795974143985816e+01
-1.045294228490909205e+01
-2.481793906919520509e+01
-2.752731845671145905e+01
-2.715788820926194091e+01
-1.132100408353688081e+01
-3.178578285584918106e+01
-4.987830043580506612e+01
-2.715788820926194091e+01
-3.654215496416497899e+00
-3.093223484563128522e+01
-6.468833814390698933e+00
-2.482717035549821816e+00
-2.468659302306112835e+01
-3.094576488123145808e+01
-1.358769082799111061e+01
-5.706141775576856645e+00
-1.826731404224763367e+01
-4.894345336694254200e+00
-2.374231583719198468e+01
-1.895484658348323137e+01
-1.279872775737946000e+01
-1.222956368363493951e+01
-2.374231583719198468e+01
-5.609206321585602950e+00
-2.790655296445564915e+01
-1.749544435536875753e+01
-1.542983776994891443e+01
-5.124813655774285337e+01
-5.671590963922155026e+01
-2.697855163798810096e+01
-3.664976608234913158e+01
-2.064325503879317480e+01
-1.021300565939174021e+01
-5.651161192201288230e+01
-3.190990011850420771e+01
-3.284995123750255175e+01
-1.814520876267385319e+01
-2.752731845671145905e+01
-3.339916190090215764e+01
-1.571574690816168030e+01
-1.326848102879257141e+00
-3.778531468929868709e+01
-2.394770890320671342e+01
-3.020914328602416887e+01
-3.140319921006909354e+01
-1.639963871906928361e+01
-5.817053714548384136e+01
-5.261015205257464800e+01
-4.190283744013875378e+00
-6.799204872901498220e+00
-3.160739258058303136e+00
-2.324553921469984630e+00
-2.864744691618497185e+01
-2.893048929562112193e+01
-1.616362325868209382e+01
-2.063460282568574655e+01
-2.437187507546884291e+00
-1.331893589392278443e+01
-3.268657193451831233e+01
-3.190990011850420771e+01
-2.668290961421552510e+01
-2.572568287330156167e+01
-2.465777603345208036e+01
-1.021300565939174021e+01
-2.736487705954336391e+01
-1.933702934226163705e+01
-1.226421278732295050e+01
-3.951564790542970229e+01
-5.898701197432778542e+00
-1.599223774547653676e+01
-4.552051407743466882e+01
-2.752731845671145905e+01
-4.678566164530110427e+00
-4.446872069019246254e+01
-1.089464254773049134e+01
-2.005334193665331455e+01
-1.474275515088002209e+01
-4.271659324425925064e+01
-8.304986921029247071e+00
-2.888143739417672506e+01
-3.190990011850420771e+01
-1.932999759477045387e+00
-4.196647341934853870e+01
-3.230194319683183579e+01
-3.713948343373983363e+01
-7.333130281942668205e+01
-1.750874217050321491e+01
-6.659669141902972456e+01
-1.454612959132230188e+01
-3.370539065877652263e+01
-2.662808457957485686e+01
-1.742820294585554919e+01
-2.709678922549816349e+01
-2.389176053992946791e+01
-2.743641969123499535e+01
-2.762148177388922221e+01
-3.362522849603472963e+01
-1.326848102879257141e+00
-3.143944489661635444e+01
-8.598779129992823300e+01
-1.639963871906928361e+01
-1.932999759477045387e+00
-2.438795576684226418e+01
-1.047507710344481069e+01
-2.438648493556723906e+01
-3.055875071211405114e+01
-5.672848702348450445e+01
-4.967896053083394747e+01
-1.542983776994891443e+01
-3.359084682178636427e+01
-5.142358041033651261e+01
-1.616362325868209382e+01
-1.792206757236403192e+01
-2.388183976878143966e+01
-4.145255909744914646e+00
-1.167708581794443745e+01
-2.030595331883486665e+01
-8.212060185435927195e+00
-3.223643435099403121e+01
-2.918385635618056639e+01
-2.374231583719198468e+01
-4.388046439311986546e+01
-1.895484658348323137e+01
-3.382790313424913364e+01
-4.427404110385215574e+01
-7.248061275930041347e+01
-5.793027622112217045e+01
-2.735749885131288295e+01
-2.216839860523218420e+01
-1.844917949572968752e+01
-2.421928366653011011e+01
-1.331893589392278443e+01
-3.090224843576827496e+01
-4.894345336694254200e+00
-1.729323731992774071e+01
-3.078827221553069649e+01
-1.738963787858022414e+01
-1.599654534601378231e+01
-2.135519875726824779e+01
-1.833857934242222498e+01
-5.764644165969559708e+01
-1.021300565939174021e+01
-3.522592783501669089e+01
-5.809082567768317062e+01
-3.537624562000698347e+01
-3.948730835013911644e+01
-1.542627444730985431e+01
-3.826885134032977476e+01
-1.680845666168692532e+01
-1.280455339301175854e+01
-3.841731139790724114e+01
-4.614323081366750756e+01
-1.495298290222618931e+01
-1.439367594988022603e+01
-3.761911202147616962e+01
-1.880103954358588325e+01
-4.231700798467930014e+00
-3.329764217018954753e+00
-4.177273325369812085e+01
-4.388046439311986546e+01
-2.407570420416882229e+01
-2.961071364977566489e+01
-4.947407367790311383e+01
-4.412954503290079344e+01
-1.723381703351892824e+01
-1.542627444730985431e+01
-1.780237293935380549e+01
-1.528470414104785036e+01
-3.324511135525132488e+01
-3.174251560130473848e+01
-3.522592783501669089e+01
-1.880103954358588325e+01
-1.550355949917447873e+01
-3.598496937190908085e+01
-2.226040824542742058e+01
-2.387250459025606020e+01
-2.424243810802507326e+01
-4.402718966933906586e+01
-1.742820294585554919e+01
-3.484473823408592352e+01
-2.358000945894407607e+01
-6.468833814390698933e+00
-2.314624634457829089e+01
-3.441130749646352172e+01
-3.285718776133052188e+01
-2.786486655609175855e+01
-2.910947973331587590e+01
-1.844917949572968752e+01
-2.835555743761425163e+01
-4.538279702236063429e+01
-3.261485015371187046e+01
-2.229927534423292457e+01
-2.546969217725141377e+01
-1.938563129113384775e+01
-4.378096366184433919e+01
-3.681434153496843464e+01
-2.437187507546884291e+00
-2.777498419431906385e+01
-7.672125113103970051e+00
-2.235972707331083598e+01
-1.944025377709176894e+01
-2.045484530149708036e+01
-4.876584427959237189e+01
-3.219080443925621182e+01
-1.335616100349891511e+01
-2.363139690421915518e+01
-2.993088397553721691e+01
-1.276079602480080055e+01
-2.203346339733101189e+01
-3.710366715730621934e+01
-4.894345336694254200e+00
-2.008828586121141058e+01
-1.331893589392278443e+01
-1.495298290222618931e+01
-2.547511112104187347e+01
-1.557143976713804534e+01
-7.672125113103970051e+00
-2.370592006449750144e+01
-3.586869825510824228e+01
-1.615027522299671503e+01
-2.542730607498411999e+01
-4.336914631823082544e+01
-3.769758351852294709e+01
-3.505632637426415954e+01
-2.547511112104187347e+01
-3.078827221553069649e+01
-8.694460819035855081e+01
-1.691436503862922791e+01
-2.584804156640654327e+01
-2.591373760269249971e+01
-1.542983776994891443e+01
-3.380992037327849431e+01
-1.703651608550344321e+01
-2.335788878693458415e+01
-7.355198483080316407e+01
-2.482624686486572685e+01
-1.418386317832312216e+01
-4.388046439311986546e+01
-2.709763433549534284e+01
-8.814586867151071203e+00
-1.977594379214059828e+01
-4.636525334886467675e+00
-1.414472132239352220e+01
-3.826885134032977476e+01
-1.528413781131452609e+01
-4.262669980948194137e+01
-2.107942389454841248e+01
-2.826110539510571229e+01
-2.933075960223242618e+01
-1.712696712448028435e+01
-1.640727271443962820e+01
-8.019359149875951687e+01
-4.636525334886467675e+00
-3.305889006093433125e+01
-1.894767462458315421e+01
-9.996541389771262942e+00
-1.825234293913115735e+01
-2.624024949483813529e+01
-2.429653930131060946e+01
-1.058273955560273194e+01
-6.468833814390698933e+00
-3.416020625866077864e+01
-3.676780513438865228e+01
-2.703262222210336319e+01
-4.403594697578617456e+01
-7.509716621966447292e+00
-2.542730607498411999e+01
-1.118335571671041606e+01
-2.640868931927295549e+01
-5.614657564520776134e+00
-1.597466030228117972e+01
-2.571097851811036250e+01
-1.331893589392278443e+01
-3.522462580046770597e+00
-3.522462580046770597e+00
-8.653576518511076188e+01
-1.557143976713804534e+01
-1.116651139478456045e+01
-2.482624686486572685e+01
-5.722063462383960797e+00
-2.849874749525683271e+01
-4.412954503290079344e+01
-2.030595331883486665e+01
-1.145954901930139513e+01
-1.116651139478456045e+01
-2.414151276489215547e+01
-1.571574690816168030e+01
-3.182445663752375253e+01
-2.786486655609175855e+01
-2.497203895046196820e+01
-1.031655079132814876e+02
-1.528413781131452609e+01
-3.078827221553069649e+01
-4.703919500737770676e+01
-1.215726932117656389e+01
-1.762520476242283607e+01
-4.894345336694254200e+00
-2.552730738565654178e+01
-1.632579742794330002e+01
-1.721345736658068049e+01
-3.030005712858573474e+01
-2.056212798070470882e+01
-7.586030538764255482e+01
-2.026597220672310584e+01
-3.021370060402341551e+01
-1.049651509956392914e+01
-4.396668960796750980e+01
-2.741602199256435668e+01
-4.222409967195365255e+01
-1.694187579971936231e+01
-3.034142192032337348e+01
-2.393444852481867713e+01
-1.870807760566795963e+01
-1.771527949404631741e+01
-7.672125113103970051e+00
-1.080377988999478234e+01
-1.581093848980746941e+01
-4.388046439311986546e+01
-2.448617819505891546e+01
-1.148085786883225268e+01
-3.242418594889027617e+01
-3.590393871089862188e+01
-4.932603436765107574e+01
-1.370656675042862460e+01
-4.894345336694254200e+00
-2.068084509220968670e+01
-2.956391729704571958e+01
-1.705837375952874879e+00
-6.461809559367114986e+00
-1.860006752238020056e+01
-1.547977573748639912e+01
-4.843864358054204899e+00
-8.809260942731242494e+01
-1.130022552573833394e+01
-4.143205763010904263e+00
-4.427513176425554775e+01
-2.207941369205533988e+01
-3.265320388064210277e+01
-2.203346339733101189e+01
-2.140573754358056391e+01
-5.429512735346681040e+01
-4.703919500737770676e+01
-1.363928620719478957e+01
-1.502971954928279530e+01
-4.842928975175637873e+01
-2.112259078785506006e+01
-4.268319783275912016e+01
-5.981738793477285299e+01
-4.388046439311986546e+01
-4.894345336694254200e+00
-2.634734684192230247e+01
-5.681340084132433077e+00
-1.521911155428378137e+01
-2.352473594744568430e+01
-5.285820575854020831e+01
-1.502818019855184062e+01
-4.228872679102401833e+01
-1.876048420387081705e+01
-5.346452386397459122e+00
-1.705837375952874879e+00
-1.231295523936903180e+01
-4.211462579244585669e+00
-1.771527949404631741e+01
-4.263356903916434959e+00
-3.256767639564688466e+01
-4.471709039231998872e+01
-2.449529396556235739e+01
-1.928607723265230334e+01
-1.765586535555153347e+01
-3.001147368106144953e+01
-3.293547280050675852e+01
-1.427808393929436903e+01
-1.034303583198098053e+01
-2.361301326787995691e+01
-1.237764069405859502e+01
-1.636212876725316079e+01
-2.956391729704571958e+01
-2.570151206527928167e+01
-1.643636837808104900e+01
-1.459639017736461497e+01
-1.418386317832312216e+01
-6.397744148993673718e+01
-2.840062511013990587e+01
-3.506404542814509284e+01
-6.468833814390698933e+00
-1.836165752666543938e+01
-4.451563550930570301e+01
-3.078827221553069649e+01
-1.165462942342986707e+01
-3.766482940953613223e+01
-3.407250756075866605e+01
-3.587766650395327162e+00
-1.858532451718979672e+01
-1.895484658348323137e+01
-2.217935616420302836e+01
-2.096852574582106854e+01
-6.016024289490778898e+01
-4.099122732391585089e+01
-2.733647633629718854e+01
-8.199659637305822457e+01
-2.048091415323017372e+01
-5.634132584472011729e+01
-4.804995239337250723e+01
-8.069669715621504480e+00
-2.993924233848783345e+01
-2.040066290846419150e+01
-1.506593123732698203e+01
-5.118091421054083412e+01
-1.251493404342377502e+01
-2.779036138319739635e+01
-4.105428482937686141e+01
-1.590569442204597905e+01
-2.131581457446680616e+01
-2.768251401355285424e+01
-1.249633604105594031e+01
-8.354810891832438813e+01
-2.130619638880638789e+01
-1.269441575202849037e+01
-2.298709631188384961e+01
-1.436600616797875674e+01
-4.537851946174782825e+00
-2.545088019157228842e+01
-2.312097434370287985e+01
-2.167316895672965416e+01
-2.259791638175853379e+01
-2.205837375952874879e+00
-3.160739258058303136e+00
-2.199605251801735406e+01
-2.317685404638763558e+01
-3.442880493007428555e+01
-1.293217955891022442e+01
-2.298709631188384961e+01
-1.373896059093851463e+01
-7.535347650156325017e+00
-1.404036327713787458e+01
-9.053594085574317774e+00
-1.980343583200170698e+01
-2.565641796632114691e+01
-2.448619964436113250e+01
-1.011131718372633514e+01
-4.412954503290079344e+01
-1.862628333675531422e+01
-1.127132011416025392e+01
-8.009147426498589084e+01
-2.393444852481867713e+01
-3.437069165754854083e+01
-2.349976275603966158e+01
-1.540166700109554654e+01
-2.466058664655038868e+01
-8.093384076051307829e+00
-2.345832579426415521e+01
-3.207670551648522661e+00
-1.363928620719478957e+01
-5.843655989547758622e+01
-1.253398582214116175e+01
-1.436600616797875674e+01
-6.978450703545718170e+00
-7.901211261083421533e+00
-3.851636675062117376e+01
-4.425711502222809912e+01
-4.758138246403627392e+01
-2.076086273212580124e+01
-1.869177773187188762e+01
-1.188552559735032688e+01
-1.193134387081719794e+01
-8.353287367449232192e+01
-2.635854689466554390e+01
-2.006047939845117156e+01
-1.596941694358917374e+01
-3.413528464332625845e+01
-4.583481426676275561e+00
-1.578954242182200929e+01
-1.734779896752258566e+01
-1.253398582214116175e+01
-6.634900614695840915e+00
-9.632302843963405081e+00
-1.503674957058096595e+01
-9.632302843963405081e+00
-3.078827221553069649e+01
-3.291552711028185740e+01
-4.229127434370568039e+01
-2.346978713787411763e+01
-1.192392155636034090e+01
-2.867372905644049652e+01
-2.536644230448661474e+01
-4.537851946174782825e+00
-1.571574690816168030e+01
-8.245575874747856915e+00
-1.974574837217131673e+01
-4.019037125875438221e+01
-1.545287948167658243e+01
-4.537851946174782825e+00
-2.393444852481867713e+01
-4.537851946174782825e+00
-3.059959630083720938e+01
-1.833197056778099920e+01
-2.468217049859217838e+01
-2.960139623759521044e+01
-3.632282577580410532e+01
-6.689463002825480942e+01
-1.053939049597185473e+01
-8.314864062212478757e+01
-3.162569795576634846e+01
-4.069013888666603407e+01
-4.254702612044061993e+01
-3.250883632397473377e+01
-2.013794177194906609e+01
-3.170892284693474394e+01
-5.286746423168494857e+01
-2.486303393008028095e+01
-1.413814134511866172e+01
-2.770828622078556691e+01
-1.674519553178298281e+01
-1.404036327713787458e+01
-2.956391729704571958e+01
-3.676780513438865228e+01
-1.514298194037029077e+01
-3.798526828707321101e+01
-2.104874277051709797e+01
-1.721345736658068049e+01
-9.632302843963405081e+00
-1.304395863393271426e+01
-4.520335466919981826e+01
-2.400770360160039374e+01
-3.052024426315417927e+01
-3.566111778222632722e+01
-1.620213128322517093e+01
-2.997175131678520899e+01
-1.715405884052221452e+01
-1.700347510498100689e+01
-2.927672507604196284e+01
-5.059853665928860522e+01
-2.020989405057319033e+01
-9.847111042520367619e+01
-4.160920782833996157e+01
-5.353068210620907763e+01
-1.506037830251839083e+01
-1.362191520605740891e+01
-3.245283407913269258e+01
-3.109279353961018089e+01
-1.304395863393271426e+01
-4.764352221571876100e+00
-4.374886885136677250e+01
-3.306758745862588000e+01
-3.958757760623633715e+00
-1.789211657314636739e+01
-2.618954672810928486e+01
-3.524747034662087231e+01
-4.537851946174782825e+00
-1.955876104529155413e+01
-8.530364086008955127e+00
-3.432363527250807778e+01
-1.251493404342377502e+01
-1.641474489073916487e+01
-4.664711042808642816e+01
-3.093768056924242416e+01
-8.706385024742880319e+01
-5.228069807267846869e+00
-1.760128204741644353e+01
-8.021350421596643798e+01
-1.542627444730985431e+01
-3.524334561453392212e+01
-2.140295797196839089e+01
-3.044481670213204794e+01
-6.575040945950100024e+00
-2.131581457446680616e+01
-3.059959630083720938e+01
-3.789409728255105847e+01
-2.140573754358056391e+01
-1.760128204741644353e+01
-1.864747270501899479e+01
-2.403967889532295032e+01
-5.327813491974936255e+01
-3.299415855491309202e+01
-2.735749885131288295e+01
-1.102280907393255660e+01
-1.882099968027329950e+01
-1.491265572095505121e+01
-2.088167467072620909e+01
-1.358548613845065489e+01
-1.542627444730985431e+01
-1.097522715017327499e+01
-2.981087311168893095e+01
-2.733647633629718854e+01
-2.424586538755455933e+01
-4.115129778062281218e+01
-3.287982625222022648e+01
-1.306019818627721207e+00
-3.325103807416238055e+01
-2.381360326679087080e+01
-2.593176068575723647e+01
-1.118335571671041606e+01
-2.352473594744568430e+01
-1.097522715017327499e+01
-2.483882580325181522e+01
-1.705837375952874879e+00
-1.971667476900579175e+01
-1.227309754166077838e+01
-4.727522527542902253e+00
-4.032845762896076280e+01
-2.610912013543314458e+01
-2.094816588825810655e+01
-1.571574690816168030e+01
-4.223350302857151917e+01
-1.418386317832312216e+01
-9.632302843963405081e+00
-3.247834923688753861e+01
-3.632282577580410532e+01
-2.369774569520920338e+01
-2.733647633629718854e+01
-1.306019818627721207e+00
-4.395127279488183092e+01
-6.575040945950100024e+00
-2.561172792059837278e+01
-1.975650869397599863e+01
-1.224024990427980342e+01
-3.807714996614901537e+01
-5.701590939850486706e+00
-5.776868183529346368e+01
-1.208541369725951853e+01
-1.008262393309313154e+01
-2.843316284500712143e+01
-1.837075685704692418e+01
-4.669650157633874699e+01
-1.744956049861353620e+01
-2.262046334617026844e+01
-1.571574690816168030e+01
-2.120386533930306072e+01
-8.466339228758499758e+01
-3.183545060358976286e+01
-1.691284683734170713e+01
-3.052738920923565402e+01
-2.415913602897845536e+01
-3.442507566423195442e+01
-4.942169017731215774e+01
-4.147283862905901231e+01
-3.282899667029659696e+01
-1.143826714649063803e+01
-8.555135539785361232e+01
-3.649830730806078805e+01
-6.468833814390698933e+00
-1.911921575805529372e+01
-1.962743707264989368e+01
-5.275862134454079921e+00
-3.264059994177176804e+01
-4.146075718170688162e+01
-5.028373587267242328e+01
-1.096430964644239836e+01
-5.472407811270598188e+01
-1.052401425437132048e+02
-2.905615870987832849e+01
-1.748553593678324702e+01
-2.086161507327986797e+01
-1.029304066949732643e+01
-2.203346339733101189e+01
-2.283292128022656087e+01
-4.145572906953434256e+01
-2.515292114438228310e+01
-2.013794177194906609e+01
-1.268398034195060120e+01
-2.244141179057839608e+01
-4.053715444015416836e+01
-4.457924649383302551e+01
-9.643477288895176969e+00
-2.011858589666912778e+01
-1.528413781131452609e+01
-2.718593637691131804e+01
-2.053454133347292654e+01
-1.773930599493080251e+01
-2.990863414432088163e+01
-2.854473517713795871e+01
-4.388046439311986546e+01
-2.561172792059837278e+01
-2.306801715521920926e+00
-4.740342275316872644e+01
-2.750514153031087972e+01
-2.441129819298864234e+01
-1.528413781131452609e+01
-2.011858589666912778e+01
-3.193460647569743571e+00
-2.515292114438228310e+01
-2.217935616420302836e+01
-2.449137526075716309e+01
-5.457712182325138883e+00
-3.094576488123145808e+01
-4.086950919440441510e+01
-2.237167656497663515e+01
-1.944738077445221691e+01
-1.306019818627721207e+00
-2.387627958694747576e+01
-3.815655819615113842e+01
-1.321322929420926329e+00
-1.733079922462627209e+01
-3.166431134365611655e+01
-1.878857313613254121e+01
-2.683405470898569689e+01
-4.412954503290079344e+01
-1.545251687885978598e+01
-2.131581457446680616e+01
-2.961071364977566489e+01
-4.118937686392690978e+00
-5.701590939850486706e+00
-4.944535421530230224e+01
-3.068132109444384881e+01
-1.977581010255953586e+01
-2.503588551710317844e+01
-4.472907959289916136e+00
-2.448619964436113250e+01
-2.179589978316764132e+01
-2.523969879419763984e+01
-3.287982625222022648e+01
-2.408388181294153796e+01
-2.668290961421552510e+01
-1.030964679780420923e+01
-1.715188021227121240e+01
-1.320958049820580271e+01
-5.366886646391323268e+01
-3.927051776007854045e+00
-5.701590939850486706e+00
-1.251493404342377502e+01
-2.592490245937126758e+01
-1.744956049861353620e+01
-6.468833814390698933e+00
-1.693420157347082267e+01
-2.394715256739354103e+01
-3.161591974237243363e+01
-3.680710346656209708e+01
-1.673995444185484160e+01
-8.409399147453295598e+01
-3.575511780458606381e+01
-1.705837375952874879e+00
-1.978266748001485098e+01
-3.099535775576048025e+01
-2.236712691695975508e+01
-1.995879203342149921e+01
-2.504501053658774268e+01
-2.829617576352943686e+01
-2.092035441593168343e+00
-1.499237461744744238e+01
-6.305740575918437685e+01
-2.576076341131517822e+01
-1.571574690816168030e+01
-2.011858589666912778e+01
-4.491791816010889704e+01
-2.422006692154409180e+01
-1.949849365358478437e+01
-4.627435961789606722e+01
-8.826233694857542389e+00
-1.089464254773049134e+01
-7.489260434364553021e+00
-2.971137324199246521e+01
-3.370271542342584326e+01
-2.292104149706449334e+01
-4.123279381307710878e+01
-4.819169537699852413e+01
-3.927051776007854045e+00
-1.480086750758352210e+01
-1.423593541233882931e+01
-1.111423464676073181e+01
-1.027949509963834984e+01
-3.149775074132831065e+01
-3.078827221553069649e+01
-3.567063420789790484e+01
-3.316280048845719364e+01
-4.200693509188312191e+00
-4.440601034991312446e+01
-1.728912292643413551e+01
-4.607929222993914209e+01
-3.664976608234913158e+01
-1.181018262015699349e+01
-8.673082118297422483e+00
-3.099979683033398814e+01
-3.631840191301022003e+01
-1.130810870230924792e+01
-1.369033307280339073e+01
-2.948026255216025859e+01
-4.462202174071249772e+01
-3.695603720294680272e+01
-2.417957173834102846e+01
-7.811117041744523704e+01
-3.093223484563128522e+01
-4.636525334886467675e+00
-8.190888635518064120e+00
-2.050231238013308399e+01
-3.442507566423195442e+01
-3.150566525544541463e+01
-2.528261547937896836e+01
-1.316634916699472768e+01
-4.621209950931280730e+00
-1.321322929420926329e+00
-1.427992380263323113e+01
-4.333283040665069308e+00
-3.930744713667420598e+01
-1.872767990666675786e+01
-2.529279496154294904e+01
-1.797230052755454111e+01
-1.478917642424934797e+01
-1.944738077445221691e+01
-3.052024426315417927e+01
-2.944047086266727220e+01
-2.905547305448759232e+01
-2.197833403931599960e+01
-3.317615786438369696e+01
-1.452282518890462981e+01
-2.099655902428033372e+01
-4.083167216098993180e+01
-3.190990011850420771e+01
-4.894345336694254200e+00
-1.614861800075968290e+01
-3.027483334239477486e+01
-1.030964679780420923e+01
-4.754788436689898390e+01
-1.744956049861353620e+01
-2.741234822723259867e+01
-3.164224385451988297e+01
-2.162210515310963288e+01
-9.055801911674832638e+01
-2.030595331883486665e+01
-1.744956049861353620e+01
-2.583533882411727944e+01
-1.096430964644239836e+01
-3.812697746068008087e+01
-3.593780188131381692e+01
-4.219156736803140006e+01
-3.339359629903376003e+01
-3.224405015273671182e+00
-2.721001549867651192e+00
-2.683747810823538416e+01
-1.615027522299671503e+01
-1.264715612086429175e+01
-1.692280437107597990e+01
-3.351124055600370610e+01
-1.647616384481365870e+01
-3.480680879020940210e+01
-8.136852849906910023e+01
-1.478770150982434473e+01
-3.059959630083720938e+01
-7.249611914426274950e+00
-1.555568492560267302e+01
-1.192392155636034090e+01
-1.282970430962100394e+01
-2.524667287384318826e+01
-2.011858589666912778e+01
-2.546969217725141377e+01
-3.592618038599067631e+01
-3.382729156490844957e+01
-3.381285562446504400e+01
-2.030852858205014755e+01
-3.522462580046770597e+00
-1.030964679780420923e+01
-5.936990495174943305e+01
-3.224405015273671182e+00
-2.501339041586626877e+01
-3.451049699193662690e+01
-1.312341112175153768e+01
-4.871026036416279226e+01
-1.030964679780420923e+01
-1.321322929420926329e+00
-4.819169537699852413e+01
-1.612883297985628772e+01
-3.085993731326617961e+01
-1.321322929420926329e+00
-1.404507750629846541e+01
-4.447199305926505986e+01
-2.653538822298880007e+01
-1.231295523936903180e+01
-2.494407962265011847e+01
-2.746610480802282694e+01
-1.312341112175153768e+01
-5.286126124999954357e+01
-2.715808139273216781e+01
-5.053040112317940213e+01
-2.236712691695975508e+01
-1.342154542137950557e+01
-1.258010977341212566e+01
-2.429653930131060946e+01
-5.701590939850486706e+00
-1.331893589392278443e+01
-1.776025795147598174e+01
-2.407570420416882229e+01
-2.536318782854314335e+01
-2.768571593277427922e+01
-1.374378270728154305e+01
-2.099655902428033372e+01
-1.776025795147598174e+01
-3.300653916893450912e+01
-5.587707242277009811e+01
-5.006745430821822396e+01
-2.762651373504252916e+01
-1.192459891860551480e+01
-4.095829855446286416e+00
-1.182038851806930424e+01
-2.948026255216025859e+01
-1.121937181145958107e+01
-2.336237482734157567e+01
-2.127688899492132535e+01
-2.323587893036492247e+01
-3.031681457751339792e+01
-2.527555131434495905e+01
-2.664330147088362466e+01
-1.744956049861353620e+01
-3.299415855491309202e+01
-1.983270760536827382e+01
-2.697855163798810096e+01
-3.121226656161758584e+01
-1.695515638002094150e+01
-1.983270760536827382e+01
-1.451765228123188933e+01
-2.099655902428033372e+01
-2.837066621772847697e+01
-4.754788436689898390e+01
-2.464758250759726721e+01
-2.824871028518291638e+00
-4.351772719753963514e+01
-2.789535644959655514e+01
-1.858110213119603671e+01
-5.039514665692772866e+01
-3.737681645761350069e+01
-9.027114693959539693e+01
-2.831529507688042102e+01
-2.261321782435868144e+01
-3.052024426315417927e+01
-2.556751500685206935e+01
-6.562454151714382533e+01
-2.336237482734157567e+01
-1.192392155636034090e+01
-1.321322929420926329e+00
-1.776025795147598174e+01
-1.880103954358588325e+01
-2.734744390698726946e+01
-4.572149566897098083e+01
-3.135822182473544117e+01
-3.008264102753472713e+01
-1.370656675042862460e+01
-1.321322929420926329e+00
-4.819169537699852413e+01
-1.088477572467304455e+01
-1.927629946214077350e+01
-3.099979683033398814e+01
-1.125593689827712396e+01
-3.609818615121575647e+01
-1.373949063952061067e+01
-5.624793966515408528e+00
-2.529279496154294904e+01
-5.778147504393235323e+00
-3.442507566423195442e+01
-1.928607723265230334e+01
-2.551887463505351761e+01
-3.735488936570978069e+01
-3.676780513438865228e+01
-3.193460647569743571e+00
-6.171036048463451351e+01
-1.670314452321401788e+01
-1.373949063952061067e+01
-1.280455339301175854e+01
-9.768569433431295579e+00
-1.587904680143129355e+00
-2.217935616420302836e+01
-3.522462580046770597e+00
-3.297325797627259192e+01
-2.698666510824230969e+01
-3.306443599790155474e+01
-2.369513873540121551e+01
-2.394122738555909180e+01
-2.715808139273216781e+01
-1.418386317832312216e+01
-3.085993731326617961e+01
-2.399558031961126758e+01
-5.054511637169005667e+01
-3.301169812804305081e+01
-3.885008882560066468e+01
-4.987123683397376794e+01
-1.402508060284167968e+01
-4.616977086033769240e+01
-4.313002755800958710e+00
-1.852746056774403272e+01
-6.468833814390698933e+00
-1.771578098212504671e+00
-1.130810870230924792e+01
-2.715808139273216781e+01
-2.504501053658774268e+01
-1.769337310805819996e+01
-1.524959206039741133e+01
-4.320658213757118915e+01
-3.193460647569743571e+00
-3.415040023139677317e+01
-4.476859521085724225e+01
-1.130810870230924792e+01
-8.566375526705786569e+01
-5.006523655207716672e+01
-4.788888894438674981e+01
-2.759535094723694471e+01
-1.102280907393255660e+01
-3.021847845287035028e+01
-4.182730894755145812e+01
-1.744956049861353620e+01
-2.509840931801583253e+01
-4.994877294133631551e+01
-2.076086273212580124e+01
-1.170878626003987222e+01
-1.501182014258446529e+01
-1.786406199021712737e+01
-2.259791638175853379e+01
-3.088673135101054967e+01
-1.130810870230924792e+01
-1.104998471933489057e+01
-2.332734905023776406e+01
-2.732516187625975945e+01
-3.679327214460846562e+01
-3.528332324167297429e+01
-1.920489353671502641e+01
-1.089464254773049134e+01
-1.744956049861353620e+01
-1.843054213401044805e+01
-2.317685404638763558e+01
-2.504501053658774268e+01
-3.407141333385008863e+01
-6.439853117076498279e+01
-1.418386317832312216e+01
-1.705837375952874879e+00
-3.025549029129838985e+01
-3.840065391488633395e+01
-3.224405015273671182e+00
-2.612251254993460137e+01
-4.636525334886467675e+00
-1.596941694358917374e+01
-1.788259412894411327e+01
-3.232725495709492236e+01
-8.245575874747856915e+00
-1.330556129372588714e+01
-4.591135512993435697e+01
-1.744956049861353620e+01
-1.418386317832312216e+01
-6.575040945950100024e+00
-4.537851946174782825e+00
-3.287982625222022648e+01
-4.591135512993435697e+01
-3.836494443586332181e+01
-1.116797057097842938e+01
-2.698666510824230969e+01
-1.911011846408196746e+01
-2.437187507546884291e+00
-1.241073132531783685e+01
-2.431297172690457487e+01
-5.836047976075371935e+01
-2.533676906693712283e+01
-1.149562748830037151e+01
-1.596941694358917374e+01
-3.190990011850420771e+01
-3.099979683033398814e+01
-2.295729216566797604e+01
-4.131685947696256278e+01
-1.130810870230924792e+01
-5.863811190911341953e+01
-2.911943356025837204e+01
-4.047804225205272388e+01
-4.754788436689898390e+01
-1.231378884290316833e+01
-1.429215326249304496e+01
-2.972868788363051706e+01
-6.020973777429707496e+01
-4.046490463690709305e+01
-1.745293621776045256e+01
-1.231221372555403448e+01
-2.381360326679087080e+01
-3.085993731326617961e+01
-1.643636837808104900e+01
-1.125593689827712396e+01
-3.864495618220730933e+01
-2.721001549867651192e+00
-4.023836401259821116e+00
-1.116797057097842938e+01
-5.448442095042594246e+01
-3.148590302232878457e+01
-1.548122352272356039e+01
-1.883771851168748412e+01
-1.993485090089859213e+01
-3.099979683033398814e+01
-3.150566525544541463e+01
-2.107706595736385324e+01
-2.836582549092224781e+01
-1.321322929420926329e+00
-1.104998471933489057e+01
-3.236421001847112677e+01
-3.049025712331278370e+01
-2.033831095894599983e+01
-1.089464254773049134e+01
-3.222214894372862659e+01
-2.715788820926194091e+01
-5.079188892754059736e+01
-2.884930904622557790e+01
-3.051578794725242005e+01
-2.790267326339476028e+01
-3.488380632829853312e+01
-4.344512321625882834e+01
-2.076086273212580124e+01
-2.807460892056250401e+01
-3.051578794725242005e+01
-2.076086273212580124e+01
-1.280455339301175854e+01
-6.142748173184959626e+01
-2.888211867350673856e+01
-1.116797057097842938e+01
-1.712009480088859448e+01
-3.574930433860830448e+01
-2.504501053658774268e+01
-2.893683539255739134e+01
-4.591135512993435697e+01
-1.858110213119603671e+01
-4.095899990917803990e+00
-2.715808139273216781e+01
-4.754788436689898390e+01
-2.556751500685206935e+01
-1.575813251390278324e+01
-4.047982489678179974e+00
-4.960452703426224730e+01
-2.475367551125306065e+01
-1.231221372555403448e+01
-1.842983776994891443e+01
-1.719165937655796483e+01
-6.829559197223466072e+01
-2.174833246983315149e+01
-1.089464254773049134e+01
-3.089931947854213945e+01
-1.280455339301175854e+01
-6.011505099832726273e+01
-3.150566525544541463e+01
-2.203346339733101189e+01
-1.836159272407635612e+01
-4.403142814624967372e+01
-3.239134090192255400e+01
-1.231221372555403448e+01
-2.070403445631490769e+01
-9.007775512303413734e+01
-8.024573300371724827e+01
-1.877211111444025704e+01
-3.659555845294021026e+01
-1.677249958625868942e+01
-3.725720505758769008e+00
-2.493239244019290268e+01
-3.176735603822623233e+01
-1.330981393508180588e+01
-1.802196452466946752e+01
-4.095829855446286416e+00
-3.705058934168967255e+01
-8.993696568517215439e+01
-1.231221372555403448e+01
-1.848446544420354698e+01
-2.170393987803815605e+01
-2.715808139273216781e+01
-3.301741715726655002e+01
-6.073633566156614449e+01
-1.744956049861353620e+01
-2.233575076658398828e+01
-1.980580905634374389e+01
-4.805593559353803812e+01
-1.776609932326805463e+01
-4.694060040875140771e+01
-3.923042043062758921e+01
-4.826638270246899509e+00
-1.130810870230924792e+01
-4.804995239337250723e+01
-2.686786444199321267e+01
-2.728999181531916918e+01
-8.499649357837620300e+01
-8.673082118297422483e+00
-2.203346339733101189e+01
-1.418386317832312216e+01
-3.250272111357013216e+01
-4.979864574101117825e+00
-2.206329299559784829e+01
-2.206329299559784829e+01
-2.494276563756872633e+01
-3.855296682262934382e+01
-1.912940601985159006e+01
-2.206329299559784829e+01
-2.391638038704866176e+01
-5.701590939850486706e+00
-1.231221372555403448e+01
-6.657096951603627133e+01
-4.335430241866301060e+01
-3.052024426315417927e+01
-2.529279496154294904e+01
-3.625423538205170360e+01
-1.402333517192319334e+01
-3.764964230195069206e+00
-1.873133735215488116e+01
-5.385874882374658057e+00
-3.536420468806866779e+01
-1.038127860908381450e+01
-1.983270760536827382e+01
-3.112878161939221755e+01
-2.600103576122538840e+01
-1.089464254773049134e+01
-2.809718961268091064e+01
-1.484203904036273869e+01
-1.707637103460242756e+01
-2.677067279997663007e+01
-1.418386317832312216e+01
-1.643636837808104900e+01
-2.752731845671145905e+01
-3.150566525544541463e+01
-3.052024426315417927e+01
-1.844917949572968752e+01
-4.051777819983464468e+01
-2.267432137014864679e+00
-2.206329299559784829e+01
-4.819169537699852413e+01
-2.907566334566819677e+01
-5.167183310851747535e+00
-2.236712691695975508e+01
-3.926178017669457176e+01
-6.917151307701796981e+00
-3.023216606476745483e+01
-4.222123885393472165e+01
-2.070057165523434151e+01
-9.090006976945872452e+00
-4.804995239337250723e+01
-3.509807413621970085e+01
-4.819169537699852413e+01
-2.429653930131060946e+01
-1.649552787029847778e+01
-2.846484122242333470e+01
-8.906992638268146578e+00
-3.059959630083720938e+01
-2.376484415797624195e+01
-8.189575950012068972e+01
-2.584426365172210183e+01
-1.418386317832312216e+01
-4.047804225205272388e+01
-3.058012553259356281e+01
-1.593123952288215861e+01
-2.556751500685206935e+01
-3.160739258058303136e+00
-1.075611393462059695e+01
-2.058413457463307239e+01
-3.793927906391782301e+01
-2.867157392459611032e+01
-1.618196075145279877e+01
-2.317685404638763558e+01
-2.206329299559784829e+01
-2.904917182309415580e+01
-2.962879151743154083e+01
-1.444933501241323981e+01
-2.873059299075949369e+01
-1.086462812722853499e+01
-2.730902641458375513e+01
-1.886625452759659538e+00
-1.798504019408249732e+01
-2.589275976505627597e+01
-3.074941599945068305e+01
-3.720983728653634159e+01
-6.057522118644527609e+01
-1.280455339301175854e+01
-2.497203895046196820e+01
-1.771527949404631741e+01
-1.374932310492538079e+01
-2.183512799573756169e+01
-2.602249134688278076e+01
-3.150566525544541463e+01
-1.075611393462059695e+01
-3.519202397645784686e+01
-5.624793966515408528e+00
-2.451589208183364121e+01
-3.374421775231441245e+01
-2.131581457446680616e+01
-2.852033206355798711e+01
-2.286044144172445058e+01
-1.705837375952874879e+00
-3.167194497236060613e+01
-2.650890957676689652e+01
-4.628520963620024276e+01
-1.542627444730985431e+01
-2.366379986294494486e+01
-1.089464254773049134e+01
-4.871030029456419186e+01
-1.944822492648756551e+01
-5.159266407465432280e+01
-1.479628727545790667e+01
-2.705484729208220429e+01
-2.206329299559784829e+01
-4.124406715303972959e+00
-3.882436261275738332e+01
-1.771527949404631741e+01
-1.364607993169801503e+01
-2.715808139273216781e+01
-4.229127434370568039e+01
-1.326848102879257141e+00
-5.226065680977050931e+01
-2.345508211049263281e+01
-1.364607993169801503e+01
-1.823753728755958647e+01
-3.725720505758769008e+00
-6.858297048002529550e+01
-2.504501053658774268e+01
-1.969652996648758148e+00
-2.267432137014864679e+00
-2.337724302190853010e+01
-1.321322929420926329e+00
-4.083167216098993180e+01
-2.529279496154294904e+01
-3.051578794725242005e+01
-2.429653930131060946e+01
-2.117814627442030684e+01
-3.160739258058303136e+00
-1.744956049861353620e+01
-4.440188173380899883e+00
-2.359693109510066478e+01
-4.669650157633874699e+01
-1.771578098212504671e+00
-4.669650157633874699e+01
-4.513834703093550615e+00
-2.272371124706827672e+01
-3.514736848665360469e+01
-1.496272444460100104e+01
-2.958009679106565670e+01
-2.987999256499052692e+01
-4.017589404529762476e+01
-4.118937686392690978e+00
-2.444549602995476789e+01
-1.858110213119603671e+01
-6.962552447941119738e+01
-2.002522527238341610e+01
-1.260918538700432379e+01
-2.783108715579982828e+01
-2.461737925326910670e+01
-1.418386317832312216e+01
-1.983270760536827382e+01
-3.855296682262934382e+01
-1.421451968512669239e+01
-3.059959630083720938e+01
-9.090006976945872452e+00
-2.626093981942714706e+01
-3.834689072341632254e+01
-2.715788820926194091e+01
-2.497203895046196820e+01
-1.429538252977664570e+01
-1.594791744989614912e+01
-1.880103954358588325e+01
-1.858110213119603671e+01
-4.426664045568966088e+00
-1.643636837808104900e+01
-2.363497018061272215e+01
-2.528261547937896836e+01
-2.584426365172210183e+01
-2.383028214178742488e+01
-3.261485015371187046e+01
-3.299415855491309202e+01
-3.299415855491309202e+01
-3.681434153496843464e+01
-2.763014486078073872e+01
-4.669650157633874699e+01
-1.941147619607005126e+01
-4.669650157633874699e+01
-1.606652117690433101e+01
-2.632997914112387150e+01
-4.724657955483268523e+01
-1.697072778196905318e+01
-2.046831829537865133e+01
-1.276074897184435741e+01
-3.522462580046770597e+00
-2.956391729704571958e+01
-7.465559568730306239e+00
-1.962795278342195715e+01
-2.941000797611094342e+01
-3.071874614239317225e+01
-1.983270760536827382e+01
-3.694633520406724614e+01
-2.030595331883486665e+01
-1.217063977893589310e+01
-3.049025712331278370e+01
-1.888836717628290529e+00
-4.931166794030649214e+01
-2.590679484290278012e+01
-1.639963871906928361e+01
-2.500233920552393840e+01
-3.676780513438865228e+01
-1.528413781131452609e+01
-1.629746326196566386e+01
-6.282503177442929854e+00
-2.839994935846542745e+01
-1.983270760536827382e+01
-1.483786882931702067e+01
-2.705733857968627731e+01
-4.118937686392690978e+00
-2.190169129959878802e+01
-2.409918807227562709e+01
-1.537001215112390895e+01
-3.291648085682695068e+01
-2.429653930131060946e+01
-2.735749885131288295e+01
-4.083167216098993180e+01
-1.316910153663876670e+01
-1.983270760536827382e+01
-2.696380408281078900e+01
-1.130810870230924792e+01
-1.663147840762568208e+01
-9.580129470212536802e+00
-2.374559625762530146e+01
-3.676780513438865228e+01
-1.749109628149670925e+01
-2.352473594744568430e+01
-2.172816986181720722e+01
-2.529131332312240588e+01
-2.873059299075949369e+01
-1.480507423670205824e+01
-5.358143320346539440e+01
-2.793045263774349607e+01
-1.893271667817131743e+00
-9.253579426795795371e+00
-7.153409809018281607e+00
-1.467643960309522555e+01
-2.147140777343551576e+01
-6.562485281417576033e+00
-3.259418163872044971e+01
-2.624024949483813529e+01
-2.231235051004268755e+01
-1.244277112284700593e+01
-2.735749885131288295e+01
-3.214053874128604349e+01
-1.725977248698446331e+01
-8.900695666570232589e+00
-3.061410933811060886e+01
-2.482624686486572685e+01
-4.532673854803029201e+01
-2.620975538253012616e+01
-1.927629946214077350e+01
-2.203346339733101189e+01
-1.231295523936903180e+01
-1.354016006522886784e+01
-2.275988946674933544e+01
-2.314996709207307291e+01
-2.691771552643885812e+01
-5.645094933702506523e+01
-1.280455339301175854e+01
-1.663840256651075933e+01
-3.007323401717837541e+01
-2.231339739257142796e+01
-3.926906226529841604e+01
-3.490649815667707401e+01
-3.676780513438865228e+01
-2.417150351160328370e+01
-2.326311382590278143e+01
-2.807069679854278377e+01
-2.504501053658774268e+01
-2.375580554654079535e+01
-2.584426365172210183e+01
-4.428695111209518842e+01
-1.608087346343568669e+01
-2.218075501238373803e+01
-1.983270760536827382e+01
-2.030595331883486665e+01
-3.160739258058303136e+00
-5.401167294389297524e+01
-1.454827386052829397e+01
-3.150566525544541463e+01
-8.217398983405450963e+01
-2.465777603345208036e+01
-8.640830791779683295e+01
-1.736860516377370445e+01
-1.314491543825640463e+01
-2.800710030230474246e+01
-1.498864869972904756e+01
-2.036371489796811218e+01
-2.504501053658774268e+01
-2.460436864454074524e+01
-8.725030811465845204e+01
-2.011858589666912778e+01
-4.100060262222013563e+01
-2.265847056177090124e+01
-2.407570420416882229e+01
-2.733647633629718854e+01
-3.078827221553069649e+01
-2.735749885131288295e+01
-2.227721440527314911e+01
-9.442698454809363540e+00
-1.944738077445221691e+01
-2.236712691695975508e+01
-1.473520689948253803e+01
-2.236712691695975508e+01
-1.823753728755958647e+01
-1.418386317832312216e+01
-3.299415855491309202e+01
-1.874709711437863291e+01
-4.590821207848993168e+00
-2.873059299075949369e+01
-2.229197918087604080e+01
-1.220835095028157724e+01
-1.728413781131452609e+01
-2.167316895672965416e+01
-1.927629946214077350e+01
-7.541959643823403781e+01
-3.016645690494353360e+01
-2.735749885131288295e+01
-7.153409809018281607e+00
-3.044925272108377712e+01
-2.429653930131060946e+01
-2.999349776900938025e+01
-1.080377988999478234e+01
-5.701590939850486706e+00
-1.782514222300383011e+01
-7.686811432171534619e+00
-2.741234822723259867e+01
-3.770775558216608658e+01
-1.089256039029244860e+01
-3.514736848665360469e+01
-3.442507566423195442e+01
-2.030595331883486665e+01
-2.971333717032724309e+00
-2.504501053658774268e+01
-1.959426542084987943e+01
-3.151239438715547436e+01
-1.149467131915153928e+01
-2.308150746175588353e+00
-1.393931645935764507e+01
-5.446035197860494037e+01
-3.007579232913041878e+01
-1.823753728755958647e+01
-8.482141300026333397e+01
-2.030595331883486665e+01
-2.546969217725141377e+01
-1.421451968512669239e+01
-3.054746604200954607e+01
-1.080377988999478234e+01
-2.448619964436113250e+01
-2.574276476062052765e+01
-2.786486655609175855e+01
-3.193460647569743571e+00
-1.983270760536827382e+01
-2.035139526778020169e+01
-2.383028214178742488e+01
-1.392944211171313995e+01
-1.698343381751544712e+01
-2.546969217725141377e+01
-3.632282577580410532e+01
-1.089464254773049134e+01
-2.584426365172210183e+01
-4.145255909744914646e+00
-3.442507566423195442e+01
-1.218458195369601782e+01
-1.947315081967521877e+01
-2.042760548958449007e+01
-1.476599235597496573e+01
-7.465559568730306239e+00
-1.130810870230924792e+01
-4.067559084629826316e+01
-1.321322929420926329e+00
-2.272371124706827672e+01
-1.280455339301175854e+01
-3.254278722385119238e+01
-2.430907487757071550e+01
-5.439871316752519448e+00
-1.771578098212504671e+00
-2.338428690324997561e+01
-3.283757711288028958e+01
-4.791479331050570778e+00
-1.719476321941430896e+01
-1.958957763039308730e+01
-7.825129424535009548e+01
-2.429653930131060946e+01
-2.960528947082861251e+01
-7.970300445292541269e+01
-2.272371124706827672e+01
-3.881087718023923117e+01
-2.271632078684113765e+00
-1.112457090318238073e+01
-1.643636837808104900e+01
-2.960070134995906699e+01
-3.056577532922312557e+01
-2.317685404638763558e+01
-1.793682881571524490e+01
-3.725720505758769008e+00
-2.273325925883349541e+01
-1.321322929420926329e+00
-2.157379446521528266e+01
-3.442507566423195442e+01
-1.192392155636034090e+01
-2.735749885131288295e+01
-4.410886683748583437e+01
-2.240366164110894331e+01
-1.116797057097842938e+01
-3.725720505758769008e+00
-8.666191187572461985e+00
-1.089464254773049134e+01
-5.970060455437989333e+01
-2.482624686486572685e+01
-2.011858589666912778e+01
-1.444883708488918828e+01
-1.983270760536827382e+01
-2.960139623759521044e+01
-2.512220630709729718e+01
-6.197180542344796095e+00
-2.509203560245867948e+01
-3.242418594889027617e+01
-2.592634778336030976e+01
-3.119769824688701121e+01
-1.089464254773049134e+01
-1.927629946214077350e+01
-3.386299150638640754e+01
-4.388046439311986546e+01
-1.727191715863133936e+01
-1.473309478838048747e+01
-3.052024426315417927e+01
-1.244968367304360157e+01
-9.456774247131741618e+01
-3.045013281969486130e+01
-1.102280907393255660e+01
-9.090006976945872452e+00
-1.744956049861353620e+01
-4.636525334886467675e+00
-1.983270760536827382e+01
-3.299866085792164228e+00
-2.649573470628012117e+01
-6.372541578058832812e+00
-4.669650157633874699e+01
-1.760254975383545784e+01
-5.439871316752519448e+00
-1.596941694358917374e+01
-1.024209113852396626e+02
-2.334324186628024478e+01
-4.339503173066233899e+00
-3.068132109444384881e+01
-3.725720505758769008e+00
-1.422268002530772080e+01
-1.848712989278837426e+01
-2.215116345233222361e+01
-2.030595331883486665e+01
-1.444883708488918828e+01
-1.590142157310528503e+01
-2.482184776867344311e+01
-1.388852641047392567e+01
-3.150566525544541463e+01
-8.487308101350495804e+01
-2.598406982474835658e+01
-3.442507566423195442e+01
-2.698666510824230969e+01
-1.604292089789209896e+01
-1.468965453457770565e+01
-1.205083086975196238e+01
-4.124406715303972959e+00
-1.551084875881188907e+01
-1.663840256651075933e+01
-4.000907508684917957e+00
-1.481016424633974893e+01
-3.664976608234913158e+01
-2.042760548958449007e+01
-2.745883596977832042e+01
-1.507933731721459480e+01
-1.292366178857154324e+01
-1.727191715863133936e+01
-1.504205682904508734e+01
-2.379768720019582062e+01
-2.111818921703958196e+01
-2.733252511170515575e+01
-5.325405675554552687e+00
-2.499199404801313662e+01
-2.733115206911273987e+01
-5.799203589770287692e+01
-2.383028214178742488e+01
-2.142154209252984742e+01
-4.850634702306624746e+00
-1.969652996648758148e+00
-2.426475300503338062e+01
-4.226513273379534752e+00
-2.236712691695975508e+01
-2.525662915553115795e+01
-5.701590939850486706e+00
-7.623740329289053363e+01
-2.510285947210952529e+01
-7.625486356887307693e+01
-4.158440617285061336e+01
-2.030595331883486665e+01
-2.042760548958449007e+01
-4.627712717442427959e+00
-2.042760548958449007e+01
-3.244921369509778941e+01
-2.631349856103796014e+01
-3.160739258058303136e+00
-2.438795576684226418e+01
-1.421451968512669239e+01
-1.804369686314336008e+01
-1.421451968512669239e+01
-2.426475300503338062e+01
-2.786486655609175855e+01
-1.268024472295039118e+00
-1.639963871906928361e+01
-2.786486655609175855e+01
-2.941000797611094342e+01
-3.057835854703175116e+01
-1.421451968512669239e+01
-3.664976608234913158e+01
-2.984844800391774911e+01
-4.428695111209518842e+01
-3.140575056479245220e+01
-2.025268234467503348e+01
-1.051095435239528086e+01
-2.917836353221639456e+01
-1.089464254773049134e+01
