-2.247756671674320827e+01
-5.066610629635913909e+01
-5.280580336872218794e+01
-5.376578792054996825e+01
-1.255960697935034709e+01
-2.633912545062773347e+01
-2.208124508505222749e+01
-3.324053571258770035e+01
-1.180265111257775601e+01
-1.159206770219023674e+01
-1.158127657569045610e+01
-2.066024632252705118e+01
-5.420163298350053083e+01
-2.095638190716929117e+01
-3.662010337422798045e+01
-9.744614915383252196e+00
-2.711391551905862229e+01
-2.249671070036068699e+01
-2.370225731276018521e+01
-2.726375756671523831e+01
-2.573608965280896399e+01
-3.264160311581265717e+01
-4.634414883582421396e+01
-4.975060802212544786e+01
-1.162298455120099305e+01
-2.115447091750288777e+01
-1.978745706779796620e+01
-1.960638463520232833e+01
-3.149703117222833626e+01
-7.944854131718072310e+00
-2.573722014182413531e+01
-2.699516887282315025e+01
-1.964714839890825360e+01
-1.272403588934732355e+01
-2.492049240998784043e+01
-3.424881052225656219e+01
-6.704266364274863577e+01
-3.851237037395097218e+01
-1.966105466783754352e+01
-1.549944302766897586e+01
-2.135863794073735278e+01
-1.183085777057788945e+01
-1.999107511347114396e+01
-4.930427669314726558e+01
-2.334789692307358067e+01
-3.465817062010908955e+01
-2.217907009282613728e+01
-2.599402014493007940e+01
-3.593318669328895965e+01
-1.828947124997194251e+01
-6.767135965249957508e+01
-4.954367090715096111e+01
-3.467494410093676294e+01
-1.487627618902346782e+01
-2.077857271783433646e+01
-2.614677065270851486e+01
-2.189299275750379081e+01
-4.907027290061895286e+01
-3.625954750433361085e+01
-1.587636077830281600e+01
-3.439091238560457242e+01
-4.435106061081384610e+01
-5.040268521613703001e+01
-4.598661666689358185e+01
-3.725885990712326645e+01
-2.233431130850002688e+01
-5.342669578823655741e+01
-1.219883662831263926e+01
-2.466430288241106794e+01
-2.518905398387375527e+01
-2.317829795162861473e+01
-1.132481286237401541e+01
-5.837480874910723116e+01
-1.849159532349397850e+01
-6.750949587486120151e+01
-1.797966930583045553e+01
-1.738340871780130570e+01
-2.084020181396995852e+01
-2.340448569669191770e+01
-2.290580645941097515e+01
-3.029117190290254769e+01
-7.120252541379437616e+01
-1.058106316731980812e+01
-7.390697262505425691e+00
-1.004182040472225523e+01
-5.638417238002760712e+01
-3.887270315973855617e+01
-1.279175147990929418e+01
-5.412628656842164787e+01
-4.683489279007142159e+01
-2.842765965443527776e+01
-5.136183597803977818e+01
-1.055139092407418389e+02
-7.080258716746409675e+01
-2.111134160667084103e+01
-5.964461119649208776e+00
-7.950436411114229607e+00
-1.381170571428857841e+01
-4.114714385156665344e+01
-1.231631221835025336e+01
-4.058987544156204308e+01
-4.436259438876739836e+01
-8.253880127099878905e+01
-5.052933194771805248e+00
-2.514661196954802591e+01
-2.306406458664228509e+01
-9.901746077622727071e+00
-1.391964845944249163e+01
-2.052763135346128109e+01
-4.090256054046840006e+00
-2.348443461180031733e+01
-7.548384940016003952e+01
-5.761179003024528811e+01
-3.033521682443974399e+01
-3.357810293255646172e+01
-3.326394686248875132e+01
-4.533645441897785133e+01
-4.103516296616898273e+01
-4.887758347425666017e+01
-1.483056714602542137e+01
-8.453682386303761120e+00
-1.643491384777738418e+01
-2.087968049201064957e+01
-1.245370766877843494e+01
-1.216900782267636849e+01
-4.701817038660868420e+00
-2.741199643873269665e+01
-2.885342582423032098e+01
-6.021236367386181598e+01
-8.460053554155209099e+00
-2.203487672069664427e+01
-2.112838065300586265e+01
-3.673281345466743630e+01
-1.290889472915698022e+01
-2.155349689076833641e+01
-4.408588677547819579e+00
-2.158864804221349232e+01
-2.118251823009111234e+01
-7.493620569339437765e+00
-8.716750917424429090e+00
-8.993149389972105112e+00
-9.993945459176832458e+01
-1.603717266168954581e+01
-1.812237612874238835e+01
-2.698388485184217700e+01
-7.967858538688269654e+00
-5.694616273874552093e+01
-1.726413818002448863e+01
-3.102984640443215980e+01
-2.769043092964905739e+01
-1.127752977842992621e+01
-6.552953824877804756e+00
-3.245528622102424521e+01
-1.384043326805416108e+01
-1.660570495176033035e+01
-2.551539749353483444e+01
-2.343516804912353635e+01
-1.747248417434488843e+01
-3.863509274304998087e+01
-7.286456236798222186e+00
-1.210771352932010991e+01
-1.446231712529776203e+01
-1.291914113083307036e+01
-4.397248440012742066e+01
-2.408504536602059787e+01
-4.919176325729139165e+01
-2.959493391669941786e+01
-6.275058772100783955e+01
-2.876243711310424445e+01
-2.038695539054426931e+01
-1.189978827194069488e+01
-6.640807140512207773e+00
-1.559280615530766489e+01
-1.109521527362240434e+01
-2.211073132181800460e+01
-2.058098355641329391e+01
-4.928857886883790229e+01
-3.974542069708500236e+01
-1.715609030718060879e+01
-1.201629696356020283e+01
-2.286189781519869157e+01
-1.214195318694539871e+01
-3.847473541598603219e+01
-1.420589305967996374e+01
-3.134353019440021626e+01
-1.023725052758235954e+01
-1.976198745702952309e+01
-4.480785417436881346e+01
-9.885859175504588592e+00
-5.184632994380247339e+01
-2.779370003234031827e+01
-5.601892954496367594e+01
-1.282631407032166670e+01
-2.989114869463612578e+01
-3.127471007929067426e+01
-3.062125170105581162e+01
-3.006140796442818441e+01
-2.407776903183187756e+01
-3.344151199658584517e+01
-1.535402976036292877e+01
-3.228764760552913060e+01
-3.938740386058457688e+01
-5.298946603746810524e+01
-4.155628439136272334e+01
-2.182981984760589000e+01
-3.948288652884772887e+01
-1.088063103995465575e+01
-1.952985767566226016e+01
-6.997059687894808810e+00
-3.085566624250907353e+01
-2.615895130996712936e+01
-3.599880771940897262e+01
-2.037048268808704066e+01
-8.573003057875725474e+00
-1.697403093417346653e+01
-1.225147911422228475e+01
-3.248276589550775384e+01
-1.450378252591761097e+01
-1.998722355935580097e+01
-1.818842798211760936e+01
-1.322663491714951789e+01
-1.572798550882464319e+01
-7.072042129438108304e+01
-4.842997108650833127e+01
-5.185624594964719059e+00
-3.086044306415649885e+01
-2.794869777516466414e+01
-1.402694324311157104e+01
-3.569965577730927464e+01
-2.400535086880346469e+01
-2.184117140768627507e+01
-2.140473631207164118e+01
-1.382819310064780360e+01
-2.311450252731451016e+01
-3.024629558616407721e+01
-7.655793263685466421e+00
-1.016751849924329498e+01
-3.656557374728734544e+01
-5.264900808649191077e+01
-2.463868003927895600e+01
-2.499107302446898871e+01
-1.148990651073273739e+01
-5.289466163551276168e+01
-1.894911378118395362e+01
-2.140704836484294304e+01
-1.598024088667209242e+01
-2.447908590475536172e+01
-4.667031034231627729e+01
-1.007005154182834694e+01
-2.049089225572510387e+01
-2.339189572723033095e+01
-1.856669095126976643e+01
-1.869318080997329190e+01
-1.019955774063001641e+01
-6.171584074203060766e+01
-3.765230503599357093e+01
-2.916735355286558118e+01
-1.907538691172135259e+01
-3.932425991627970774e+01
-2.161536613076675906e+01
-4.256719417897220836e+01
-1.898766349284878885e+01
-1.804090316596787602e+01
-1.317745103526581296e+01
-3.979238547379198110e+01
-1.598811931143733744e+01
-2.316256352613731551e+01
-3.714812692061072852e+01
-2.758438650562816719e+01
-1.407353325638933583e+01
-2.467084482878992802e+01
-2.354847122208268217e+01
-4.748275253522877648e+01
-2.418280104248692197e+01
-1.287110736675431788e+01
-3.445787038733408281e+01
-5.128911694859775849e+01
-7.498508694289434118e+01
-8.344106229935071894e+00
-3.344736212251022067e+01
-7.738073485680286012e+01
-2.053714768517600220e+01
-1.338002472193266179e+01
-6.260623429027755549e+01
-2.056191373860168881e+01
-3.437095578837399756e+01
-1.083630811915012693e+01
-3.079819557540071173e+01
-5.961620912566687913e+00
-5.613277650703563992e+00
-6.085346526437130699e+00
-6.028252866784313824e+00
-9.381051679077298644e+00
-3.444863780160574152e+01
-4.794443864083159212e+01
-1.603058248613946901e+01
-2.603721270965513312e+01
-3.777813493626241836e+01
-3.350110105857783793e+01
-1.126145646105930354e+01
-1.035548507617487779e+01
-8.064930204105541733e+00
-2.273466496032061457e+01
-1.174161121072515890e+01
-5.370643700747294957e+01
-1.083677406952188527e+01
-2.002736595199914404e+01
-1.715233451813791277e+01
-1.180058526164940602e+01
-1.493033126512907494e+01
-2.765910033621780073e+01
-4.699309298694953618e+00
-1.697809694827271443e+01
-4.317595552791886604e+01
-4.417427780560851858e+01
-3.154414606307096491e+01
-4.518956656243143755e+01
-4.073929975471498466e+01
-2.539289987628599832e+01
-2.152970467216906059e+01
-4.537852029681884503e+00
-2.724118146482660663e+01
-1.602199168751371516e+01
-2.969345780524878364e+01
-6.469218618951205713e+01
-8.093621544546001800e+00
-7.006349100567993560e+01
-5.556253335633774526e+01
-7.605915372565659993e+01
-4.206843657906846090e+01
-2.162283761635918111e+01
-1.365639380482864595e+01
-4.708985014595248231e+01
-3.030886562514492866e+01
-6.587370418849425846e+01
-1.082399856293803175e+01
-1.982607351017922426e+01
-3.250436519893845855e+01
-3.287889618272161130e+01
-3.110214012805709771e+01
-5.081132103334535088e+01
-2.073762277198417081e+01
-7.985384740515875102e+00
-5.921664351470361254e+01
-2.101504433636229763e+01
-4.917160900803276391e+00
-1.365749361921372795e+01
-5.729376014548111584e+01
-1.295358850476317514e+01
-1.099500060349226160e+01
-2.826719213698626021e+01
-9.199999999999995737e+00
-3.251277594598034426e+01
-1.391930667708901659e+01
-1.348960743212180269e+01
-2.847694796878676371e+01
-2.963393700380497009e+01
-4.356611333513955486e+01
-5.879538512883828894e+00
-2.542295835509011326e+01
-2.596353212191330684e+01
-1.108295879767774750e+01
-8.330350837716947510e+00
-2.355599677109551493e+01
-6.998159640951122640e+00
-4.261963553374033609e+01
-1.153789749677136456e+01
-5.421723935893742130e+00
-5.478914121021615813e+01
-1.592252431873898999e+01
-1.115253462136617557e+01
-2.157365901068873981e+01
-2.909144655121384915e+01
-3.849497269743241645e+01
-1.348958187822153576e+01
-1.552694470826911832e+01
-9.246367892653340803e+00
-7.357688923849499929e+01
-1.154834813269286542e+01
-1.628388931459477362e+01
-4.634907585087078985e+01
-8.906020471920779613e+00
-1.925355211862297722e+01
-1.108021134671272989e+01
-8.153940671128657058e+00
-3.914313460765572472e+01
-1.036194783803310493e+01
-2.320685740183695245e+01
-1.038194142505002304e+01
-9.095675971878822708e+00
-5.501208086333029001e+01
-4.587762650568402023e+01
-6.513806384929449678e+01
-1.528102485615110773e+01
-9.145349706687541769e+00
-9.281930965590960980e+00
-1.974588959635958219e+01
-2.499756954296111644e+01
-1.669648744984870703e+01
-6.336541669134782673e+00
-7.356169242739861147e+01
-1.106709930156394428e+01
-7.844980541634037685e+00
-1.361336552757210505e+01
-1.159040885085816441e+01
-2.979950584959262727e+01
-8.286947430710981166e+00
-1.606780723530420119e+01
-4.861775285714828243e+01
-1.294728236642951380e+01
-2.586420423743073016e+01
-7.149570778262567217e+01
-3.607723001192154300e+01
-2.309602510311920298e+01
-1.252854527541332175e+01
-2.731109934923019722e+01
-1.989708766349819768e+01
-2.197301195362172166e+01
-2.027455257150306522e+01
-9.712218540949635326e+00
-2.403484491559495240e+01
-3.488053660141937939e+01
-2.241473851743692691e+01
-3.256445025675971294e+01
-7.492881933246449577e+00
-2.560044538376324397e+01
-5.005182643570535816e+01
-4.980033937352147611e+00
-9.051550971434597415e+00
-1.260890004776431539e+01
-6.079347799437969257e+01
-9.625282020811827266e+00
-3.201503759233526125e+01
-1.081643783281010229e+01
-8.006813144091825762e+00
-6.592241413365147906e+00
-3.343717870103198919e+01
-2.784649690281277401e+00
-1.478067062435358459e+01
-3.468340127163528308e+01
-4.473459756061417103e+00
-1.231611321258245795e+01
-6.872330232393831295e+01
-8.765583024139889545e+00
-7.750655629888214548e+00
-3.419078444114596493e+01
-3.130244466347276244e+01
-3.140093965843825075e+01
-5.539648375023890736e+00
-1.146697608402273971e+01
-1.959363934610239610e+01
-3.466762032739781318e+01
-1.897669518563820645e+01
-1.309934772226746347e+01
-5.065232746991993551e+00
-7.354107807272630026e+00
-9.558801116271153475e+00
-2.575391486091188398e+01
-1.685479302870958662e+01
-4.436585780619931541e+01
-6.072868853373227793e+00
-9.606215830082916796e+00
-2.517873457296656881e+01
-2.594520548325834497e+01
-2.138347121632559933e+01
-3.872677279227373148e+00
-3.060930745992471103e+01
-9.831380810010868387e+00
-1.265187165042411088e+01
-2.130587481219665236e+01
-2.651196613249658185e+01
-9.398117646359258615e+00
-1.720826517048985593e+01
-2.543320895398513670e+01
-6.580698884992429498e+01
-2.424959747810506272e+01
-1.562506025892046679e+01
-2.667202069863517977e+01
-3.632022570151284668e+01
-1.174467220558331704e+01
-1.840201696502154860e+01
-1.945432045314772651e+01
-1.888834291127040999e+01
-5.025432664829577512e+00
-4.793039697630979390e+01
-3.669834938980145456e+00
-4.281955854447828358e+01
-1.029892375835663643e+01
-8.330279594670535914e+00
-2.754270719667696099e+01
-9.915897916410452595e+00
-6.562637700130384388e+00
-2.919725258986869676e+01
-2.329988649128599576e+01
-1.643971227169911486e+01
-1.823762475431668761e+01
-9.710887016860635157e+00
-1.140719103790195632e+01
-4.682479633695729859e+01
-5.646250925573551882e+01
-1.442317770147408851e+01
-3.850151241306385863e+00
-1.185460725440458774e+01
-9.665599398529673536e+00
-2.095096758887011035e+01
-3.205072538351750211e+01
-1.588721553605915560e+01
-7.655806544619589538e+00
-8.022532546343912330e+00
-3.635341678850167568e+01
-1.451671064609957362e+01
-1.610614535926483271e+01
-1.851305426214736016e+01
-1.251536288244557582e+01
-2.061521850381090815e+01
-1.716999860599681682e+01
-1.458283387819361998e+01
-1.557344211284155122e+01
-2.532023577108948231e+01
-7.417594970444967295e+00
-6.628495172324098128e+00
-8.792445886056423632e+00
-6.209780723342301911e+00
-3.819619831217989514e+01
-8.856943200317154208e+00
-2.118285547138233582e+01
-5.702238718274286633e+00
-6.373301725626730807e+00
-1.307150796210941124e+01
-1.236196525687043746e+01
-1.926475285067548882e+01
-8.689772217752041783e+00
-2.212780162279482710e+01
-3.573081048752831634e+01
-2.116219752280561295e+01
-1.957105417142853199e+01
-7.206495364782343316e+00
-2.056798172687548742e+01
-2.387858536224326755e+01
-4.524089688656387409e+01
-6.311961948845862480e+00
-3.920533185717606450e+00
-5.271419763590817986e+00
-9.418542371277595748e+00
-1.425625699505628674e+01
-7.146877677287694297e+00
-3.587045441195161288e+01
-2.546764444312827891e+01
-2.153634151174319555e+01
-3.557238034567173202e+01
-3.466250709750269721e+01
-1.671280882579321769e+01
-3.314240078663856082e+01
-1.395354920355452855e+01
-8.891932983304499771e+00
-1.464116014816577405e+01
-1.498188627585965449e+01
-1.940557292150742796e+01
-2.851921628292454614e+01
-2.655293811685827166e+01
-5.040171124735132402e+00
-1.796504536732278012e+01
-1.369152726373333806e+01
-7.551049118320968034e+00
-1.243099010521034309e+01
-1.875325362993916301e+01
-2.326439470221862038e+01
-8.629718541912577479e+00
-4.805733790001125882e+00
-2.183109560317737419e+01
-2.114859764846995560e+01
-1.286940542137747379e+01
-6.998661185737401702e+00
-1.664530784657583595e+01
-1.004134722637780008e+01
-5.971883136324287911e+00
-3.938974139359677906e+01
-1.459085361159526251e+01
-1.088031910870775576e+01
-1.342813491258163872e+01
-1.906230820073361443e+01
-1.207668072161116335e+01
-1.773401830261554224e+01
-1.377456338282840598e+01
-3.225823936172011486e+01
-3.793770586582355442e+00
-9.181909064083844996e+00
-1.497587890426698110e+01
-1.704699734780281517e+01
-4.284867839789065158e+01
-5.249295969476460044e+00
-1.806343979437892955e+01
-1.308610977177207246e+01
-1.434308470469333230e+01
-1.038406643459280509e+01
-1.418851982983469284e+01
-3.386013280944211346e+01
-1.552044260905369200e+01
-4.568062037807770537e+01
-6.531971929266320842e+01
-7.573915010067083564e+00
-9.791273331043589323e+00
-4.957749854785330257e+00
-2.631383523528819879e+01
-1.462886416818405344e+01
-5.907020455340854070e+00
-1.530938914416690366e+01
-2.731005307247636349e+00
-6.137316838296967347e+01
-1.280148779367127787e+01
-1.610611517645332924e+01
-2.711374675965518577e+01
-2.185434999956299151e+01
-4.566927853481642430e+00
-2.142277619171467506e+01
-2.349328937089615366e+01
-8.972303899435495111e+00
-1.513931010700142465e+01
-1.784817847391833112e+01
-4.970701249313967729e+00
-2.211631309857203220e+01
-1.442902406905273871e+01
-2.816365938360397436e+01
-1.313890179254629409e+01
-1.701188233444188214e+01
-2.154739861617889218e+01
-2.017198224202656576e+01
-1.902328356016902688e+01
-3.200711190823927854e+00
-1.060493547414701077e+01
-2.589974736372887421e+01
-4.422825803896203922e+01
-7.431115008206254480e+00
-3.110431443574344712e+01
-9.522966063983515639e+00
-5.468041724262311831e+00
-3.016142503540342545e+01
-1.786391908200266698e+01
-3.512860419932670197e+01
-1.538074527638186950e+01
-1.143131740699787713e+01
-1.366400102540809236e+01
-1.586448908135698233e+01
-1.720734787600173021e+01
-1.202327312754225730e+01
-3.474917868989334124e+01
-1.043843055839429645e+01
-8.849837712595547856e+00
-2.471810382229039860e+01
-9.025383498892351142e+00
-5.476225137638294882e+01
-1.096042985290143790e+01
-2.274243729787506396e+01
-6.696614781305548547e+00
-4.185243326879388093e+01
-1.931648552877839364e+01
-1.535686516616616437e+01
-1.522741371776251995e+01
-2.157373635259382638e+01
-1.168714207392063109e+01
-1.885365424248595900e+01
-3.780266094739165794e+01
-6.855972812196138300e+00
-1.896798890289469952e+01
-9.778451546296095032e+00
-8.554999743269393164e+00
-4.178992459584196695e+01
-2.260200986339007656e+01
-2.010273651034435360e+01
-4.894917767373342343e+01
-5.246137329462528953e+01
-2.399469516908263600e+01
-8.505818745466877218e+00
-2.291988474634370476e+01
-2.492026695105665723e+01
-1.034160800005991021e+01
-4.327657588863758775e+01
-2.555515767635964508e+01
-2.388641165099418373e+01
-6.991756447791908080e+00
-1.595670346357096214e+01
-1.871923174335628914e+01
-3.068140818292118510e+01
-1.496606221941415349e+01
-3.561988088940065467e+01
-1.427677963219045765e+01
-9.721289159770496013e+00
-8.393658842634794226e+00
-2.140448139437595998e+01
-4.497352280911152889e+01
-2.114673883259540332e+01
-5.098260963540242940e+00
-6.732006031002994462e+01
-1.489131529654161668e+01
-1.108047797639157217e+01
-1.497031098256822013e+01
-1.061651159935960820e+01
-1.045433840082131915e+01
-3.924052274861631417e+01
-5.344682298770486284e+00
-2.107633795652690623e+01
-3.665731810733331031e+01
-2.193241779285756010e+01
-4.089690468008232926e+01
-2.022869991942854639e+01
-1.709745606791706862e+01
-7.992877788156637742e+00
-4.843419067911223230e+00
-2.544057892797914278e+01
-8.347668169985938746e+00
-6.008415394352201844e+01
-2.463329761429298159e+01
-1.325979281444230296e+01
-1.334728288240565597e+01
-1.646655778681100202e+01
-6.331050039611602287e+00
-1.200955459798224467e+01
-5.081653294546583766e+01
-1.593826461571317488e+01
-1.124773470352172566e+01
-5.907000861058387287e+00
-1.432892231984151898e+01
-2.134847719808796285e+01
-7.594401125849304712e+00
-6.306917272103489402e+00
-8.885656928455704318e+00
-6.939893612990515770e+00
-1.841389438604140949e+01
-2.618347822427587701e+01
-3.358697841344636714e+01
-2.468708162893982205e+01
-1.887317168773400411e+01
-7.608190649892142332e+00
-5.080318758847536031e+00
-1.020134607350061451e+01
-4.575887172839783545e+01
-9.902903358149023560e+00
-1.911481353674810535e+01
-2.267144348804057330e+01
-3.030773519812124306e+01
-1.178338732871876005e+01
-9.013972019427706428e+00
-5.143532101635884146e+00
-6.674458316184636431e+01
-8.495362622042627265e+00
-5.224447261384389662e+01
-2.132451151226156583e+01
-4.287653592949819625e+00
-1.544189800491709441e+01
-2.089279383832642623e+01
-2.088979891433566394e+01
-1.121900375120385718e+01
-2.456973898953989988e+01
-2.354154141066651817e+01
-8.082443478956868432e+00
-4.368145556164087395e+01
-8.931790557477807369e+00
-3.255317947454278027e+01
-2.615004921022411555e+00
-2.335887596694481871e+01
-1.174907800848365547e+01
-1.686331086842215754e+01
-1.393843822493409590e+01
-1.252597004342291953e+01
-1.209100185170271224e+01
-5.084556666584595597e+00
-2.462925414135132662e+00
-3.774805025175710149e+00
-7.961462237395359409e+00
-1.056470750621369525e+01
-1.454619226914342711e+01
-8.031590194527993276e+00
-1.626794322136289850e+01
-2.677780717038373126e+01
-1.546499414763499480e+01
-1.699882502011723062e+01
-9.437101341373525187e+00
-2.208233725727022900e+01
-1.955652706254182149e+01
-5.924614800357323219e+01
-1.884569346228000697e+01
-1.940381631417364261e+01
-5.999406847501523643e+00
-1.345761152809213002e+01
-3.432985288917700473e+01
-2.382570841910468928e+01
-1.389471845734409783e+01
-2.050574447410815893e+01
-2.715006706746743248e+01
-2.721695426487394798e+01
-1.516315634195084172e+01
-4.180270155665437670e+01
-4.848580562316213616e+01
-2.180960794229622124e+01
-1.537819317442714784e+01
-5.957668875850695933e+00
-2.339571893976795636e+01
-1.158630545147061675e+01
-7.932082523131663621e+00
-8.381755211837990771e+00
-2.510914693351619675e+01
-2.658417385542589884e+01
-7.331181602392798702e+00
-2.385772627284631042e+01
-2.924537020573211521e+01
-2.762365233412769427e+01
-1.944619727073179760e+01
-4.973704794799093065e+01
-2.527774133306523652e+01
-2.288171200297345820e+01
-1.399951791091614872e+01
-6.157227476169629732e+00
-1.610369631730740991e+01
-1.434670124100036226e+01
-3.060928126210070133e+01
-9.974006713801951918e+00
-4.776950986241630837e+00
-8.848509061287973765e+00
-1.911283411790384790e+01
-4.318234561341594713e+01
-2.222263474588223175e+01
-8.648316853063777288e+00
-1.866440586840576543e+01
-5.759113188748997914e+00
-6.400606332190027281e+00
-3.718848297306858797e+01
-2.536317690316809248e+01
-2.781845143174024315e+01
-1.420613452637214813e+01
-1.361628546262984685e+01
-1.475827571633389468e+01
-3.837790065287511965e+01
-2.598185011691162671e+01
-1.611725078435445724e+01
-5.798833957890266788e+01
-8.671418634210974474e+00
-6.207321549895206658e+01
-1.452045151788944111e+01
-1.250303733704659237e+01
-1.014120166154104652e+01
-2.082934092482557631e+01
-2.282953863038763842e+01
-1.221143839627124272e+01
-1.668170424602823232e+01
-2.801643587054321571e+01
-4.925705952915722463e+01
-3.197697834309316178e+01
-5.752098928915361675e+00
-3.820698470247752709e+01
-1.644794486988297422e+01
-4.186200885417778572e+00
-4.347085263915984399e+01
-4.509349693471410347e+00
-2.935725958617877041e+01
-1.913690977608700550e+01
-1.441748971889139774e+01
-1.496174814886080107e+01
-1.168878250041736067e+01
-6.860814607839421875e+00
-2.564279450443385855e+01
-8.918322390701543867e+00
-3.393126037717685506e+01
-1.936633799318096294e+01
-1.215429544074104662e+01
-9.571535714691538743e+00
-1.178572430913670921e+01
-1.817755701568774995e+01
-1.239558865772565710e+01
-1.467794238196044532e+01
-1.019100736436702448e+01
-5.890735464264451160e+00
-1.175772511235092388e+01
-2.442084332878340192e+01
-1.636480084999110574e+01
-4.782787792545644123e+01
-1.644693185960165849e+01
-3.977371008145568876e+00
-6.894113468397708999e+00
-6.488240101338432986e+00
-1.201280251469745863e+01
-3.012778046064997639e+01
-2.549211181371974888e+01
-2.469956905042667827e+01
-8.419136668148057723e+00
-1.796202472112756965e+01
-3.272319978893869052e+00
-3.122653411799087309e+01
-2.882017959752186442e+00
-3.956555926346479879e+01
-5.688272009210017188e+01
-6.812141820848323093e+00
-4.189718877193429059e+00
-2.101359113866256934e+01
-4.334363378798086863e+00
-6.102777409140689713e+01
-5.672500430128054383e+00
-1.098014799038397804e+01
-1.396726040370343647e+01
-3.530565295360770506e+01
-1.012834269514553398e+01
-2.524950204587823066e+01
-6.789828712753805284e+00
-1.663798231009764983e+00
-2.829315756041354035e+01
-2.328599104030238109e+01
-1.335381132525786896e+01
-3.822804531473948941e+01
-3.088101186464486503e+01
-8.139719841686071433e+00
-2.174983313147494357e+01
-1.494761109173704661e+01
-9.893684843273495844e+00
-1.882710633052272797e+01
-3.533088781416655877e+01
-3.572044984329151163e+01
-1.660314390121442329e+01
-2.435023407430383813e+01
-6.426430157814156274e+00
-5.229403210304547578e+00
-1.821498354180885215e+01
-3.053673031514826874e+01
-3.202659467052935582e+01
-2.034433267289601943e+01
-4.859276546537572017e+01
-2.556615204416521792e+01
-4.709008915546037599e+01
-2.229161769114672609e+01
-2.054727488974108596e+01
-7.986308229562139260e+00
-6.405292673529524805e+00
-2.025838592201494492e+01
-3.907341004194372136e+00
-1.279019948491853143e+01
-2.507679893972983365e+01
-1.750651873514931367e+01
-3.931244038008905761e+01
-2.083019351389771501e+01
-8.216330034511061697e+00
-4.813222642582097421e+00
-1.358869366078126006e+01
-1.974869238072987088e+00
-6.484934130144496933e+00
-7.152003226147630954e+00
-3.743829549051952199e+01
-2.118519973810026258e+01
-2.041534428135167900e+01
-2.020493455428351837e+01
-5.712386249707223840e+01
-1.690304159652939830e+01
-1.144268204559812041e+01
-1.004235294581451754e+01
-3.405113635529112770e+01
-1.739089644464641538e+01
-2.970847840111951133e+00
-1.865301097841938827e+01
-2.213538330855813641e+01
-1.690788897437759175e+01
-4.696862178310666280e+01
-2.418634818114589180e+01
-1.317962318770548258e+01
-2.841933123606939304e+01
-6.166694250906287067e+01
-5.859156349577951062e+01
-7.749327788235285119e+00
-4.356074571635686965e+01
-1.220330957743537681e+01
-5.346126122804715664e+01
-2.935986274412467978e+01
-2.580451169869616734e+01
-4.846681471841969824e+01
-1.326925650922391453e+00
-2.384036543081300863e+00
-1.288190642839067479e+01
-2.540734121240085486e+01
-2.364642752336170517e+01
-3.687255023633719020e+01
-5.498456195641823996e+01
-6.517906868599417258e+00
-3.754172591810475268e+01
-3.195512152585904531e+01
-2.097704115844391026e+01
-4.576498631150526464e+00
-1.959250624329970591e+01
-1.389489497707658394e+01
-7.709333291974565405e+00
-1.851337364438163746e+01
-1.511076783658350742e+01
-3.224022612889291395e+01
-2.526689838583638092e+01
-3.000134611094717840e+01
-3.717933738244584418e+01
-1.089403950403360888e+01
-4.660554848635186431e+00
-2.813512750424445485e+01
-2.131019957152260957e+01
-4.361084184103043526e+01
-3.280198202752256709e+00
-1.340292154285224058e+01
-5.512730996911689374e+01
-4.860674173580635227e+01
-1.467264902842249086e+01
-3.072186786056266072e+01
-3.564460875179650401e+01
-2.125760749994843835e+01
-8.151670992919981984e+00
-1.973480649765421546e+01
-4.405233887578336294e+01
-6.753634547155756174e+00
-1.300198234808075526e+01
-1.275957786240857317e+01
-4.604402119102459068e+01
-1.738946695513186214e+01
-3.232281754386693962e+01
-5.079157080359343723e+01
-1.090761059266520583e+01
-3.090911262857919084e+01
-2.879605441356291706e+01
-3.417382520082909991e+01
-1.579836808777019996e+01
-1.029242889856016419e+01
-3.070010553465144199e+01
-1.438879922974549608e+01
-5.516298741480352597e+00
-8.332774848560671188e+00
-1.320292729613846738e+01
-4.902892030181169147e+00
-3.854395425771755157e+01
-2.447901816613160619e+01
-2.240904712183203884e+01
-2.402516496713644401e+01
-1.220036675662904635e+01
-2.331516507961793749e+01
-3.793546235579896120e+01
-2.017538056800369972e+01
-3.332150264393089856e+01
-4.682924310112837674e+01
-4.016163138956975587e+01
-4.522101228277169582e+01
-3.510894083404077293e+01
-6.074727188042412962e+00
-3.496955262475136550e+00
-2.044353077863114621e+01
-6.819631021931928494e+00
-1.218800021850147530e+01
-1.059909983395553112e+01
-2.317222223257094882e+01
-2.794172818715459528e+00
-3.100402085182144063e+01
-1.722032930577829646e+01
-3.612761054727803867e+01
-2.475058562996618150e+01
-2.413214194662468870e+01
-9.950876932852963819e+00
-3.080778736203626167e+01
-6.944799231059859856e+00
-1.631645233149756535e+01
-3.757476428517238531e+01
-1.640645786797264094e+01
-2.433277451901589927e+01
-2.208830667526223124e+01
-1.331256728155344682e+01
-5.699557694582994216e+00
-8.330921683924914944e+00
-2.620034209161168448e+01
-3.180625614836473858e+01
-3.528108754683108117e+01
-4.776253543259564971e+00
-2.589708296522109521e+01
-1.262800064094992614e+01
-8.647967271300119663e+00
-2.658603884794188943e+01
-2.317594717529553350e+01
-4.773025337406706825e+01
-2.879392366589275198e+01
-6.343410575500956661e+00
-1.772927206527593569e+01
-1.051650453617996561e+01
-3.668788051936972749e+01
-9.429124380967651931e+00
-6.014556627403671918e+00
-4.358807599093378116e+01
-2.777832361454553478e+00
-8.437902731985245097e+00
-3.234328704046795622e+01
-2.348897404061191452e+01
-3.943070851482062267e+01
-5.327392073871931188e+01
-8.565833108007627317e+00
-2.453122894927199837e+01
-1.581850833362816822e+01
-1.088777672326338219e+01
-1.500193493817660162e+01
-5.565851090572260773e+01
-5.067785443971862946e+01
-1.482811189821668840e+01
-2.498800067234202871e+01
-1.451720968388228528e+01
-4.276956116306364208e+01
-7.668329976836098183e+00
-1.760045608957183427e+00
-4.823580711693580270e+01
-2.975399975862330848e+01
-7.821107639592196570e+00
-4.015444530507257070e+01
-1.160331454404023255e+01
-1.253526125119382151e+01
-1.847188566305018043e+01
-2.605183717646026054e+01
-3.682324616299783138e+00
-1.470056795065240074e+01
-1.423354968066880843e+01
-9.494626698113130203e+00
-2.650008508698519449e+01
-2.679214889641486153e+01
-5.899633102451454647e+01
-8.954497085030828529e+00
-4.710118697611767402e+01
-7.793700348332745165e+00
-3.444110639460370749e+01
-3.385376577548977473e+00
-1.553196727240086261e+01
-4.719829782931353179e+01
-2.784495882418874757e+01
-5.063444817205907356e+01
-1.479902565844280637e+01
-3.498072742357316400e+01
-1.658892172992523584e+01
-3.943334725437954091e+01
-6.766047230695880543e+00
-1.062423794513426145e+01
-1.368057629347867099e+01
-2.342097915748310299e+01
-1.239010059372952632e+01
-2.443581564870753287e+00
-2.756543302314202393e+01
-2.717246493648096717e+01
-3.719703209834860136e+00
-3.204198932358294449e+00
-5.119138029353432984e+01
-3.638560618358712695e+00
-5.467697677960174474e+01
-8.199062923742062026e+00
-3.381910462396099604e+01
-1.398320783379723231e+01
-2.343909642499203372e+01
-2.336958506466119090e+01
-2.430006056359740185e+01
-1.897321626953885954e+01
-1.577234032361434402e+01
-1.884205511119481713e+01
-2.567773040115207195e+01
-9.092907291970757200e+00
-7.767644119878727160e+00
-1.478493503592647329e+01
-3.007936769912412878e+00
-3.746499743978208841e+01
-6.201497172537543179e+00
-2.700769449214141460e+01
-1.728653859596140308e+01
-1.343448058236890574e+01
-1.360370650914693336e+01
-4.964687972884878064e+00
-3.182725295735003712e+01
-1.910238623964112037e+01
-2.074121890925759359e+01
-1.749377920401340702e+01
-3.330376981302284634e+01
-5.051865030390470679e+01
-1.592731703800284926e+01
-3.786412788372626892e+01
-4.129223870454148226e+01
-5.058872589276960241e+01
-3.476402481528950261e+01
-4.649321195458590950e+01
-7.338317468714262048e+00
-2.591509172561698904e+01
-3.050507816047812071e+01
-2.637310309887368120e+01
-3.429877665810147391e+01
-1.212826553528958584e+01
-4.203798631456179180e+01
-3.040071145704186861e+01
-3.569354972786356939e+01
-2.006808320289597347e+01
-3.918114103219376432e+01
-2.573576066461547018e+00
-3.690891228176647942e+00
-1.023615988404993260e+01
-2.364256679580509157e+01
-1.569298655264424092e+01
-3.389313115341647631e+01
-5.618330471240470558e+01
-4.418185756156241695e+01
-2.427533556817326499e+01
-2.844925769953452388e+01
-2.143530569082366100e+01
-2.096419971905709190e+01
-2.025638601736769573e+01
-5.979041727847271837e+00
-5.150331558465706117e+00
-5.417289937761951535e+01
-4.018753554487113888e+01
-4.771235035063341456e+01
-5.800633105541209034e+00
-3.347443648561471008e+01
-2.620879160663340102e+01
-3.200360251059789274e+00
-4.910843607595821503e+00
-1.835500733455562994e+01
-2.083701464026162409e+00
-2.381240814598995570e+01
-5.499744000640132668e+01
-4.377952667230719896e+01
-2.726799608938294028e+01
-2.622858783809923011e+01
-3.909145208865607657e+01
-1.735578883934862304e+01
-4.364225538328989273e+01
-3.907703632935746896e+01
-8.042522537649080761e+00
-1.509021717299645715e+01
-6.562531786335293305e+01
-1.585400055143417042e+01
-1.316291416626899746e+01
-2.367764169355564263e+01
-2.225215170701514111e+01
-7.867532479315986649e+00
-3.852577867674560963e+01
-5.882527007858762147e+00
-9.821604973207538336e+00
-2.244339785152410016e+01
-4.587124497564807513e+01
-2.369497301292048519e+01
-2.103881955960603634e+01
-5.227410251516839423e+01
-1.523026713378919794e+01
-4.534506471775446812e+01
-1.512264062092597428e+01
-6.290368974558164794e+00
-3.297656495999699189e+01
-5.302179553917707011e+01
-9.282410823368767439e+00
-8.230101351830711565e+00
-1.211752499511622361e+01
-1.171537970522298444e+01
-1.960129116905893554e+01
-2.614326789469307144e+01
-1.198408959052868283e+01
-4.917805058465320656e+01
-3.744945004506205777e+01
-1.109848141370541619e+01
-1.218861653107619958e+01
-2.488551541775728282e+01
-1.229920137465677321e+01
-2.314342639773327548e+01
-2.665619307888144718e+01
-3.754043301732112070e+01
-3.718775652353824057e+01
-1.215704157015701981e+01
-3.722956958341824052e+00
-1.285893281554185208e+01
-1.429536879820230588e+01
-2.015619818665431850e+01
-2.826790488916599742e+01
-1.323369509656117060e+01
-1.185483941549823506e+01
-3.712645450186346352e+01
-1.431002448983731767e+01
-9.567519927168035565e+00
-1.741541930859001752e+01
-2.480130629676586551e+01
-1.277959359153626551e+01
-5.714023647006219164e+01
-3.414512116934124464e+01
-2.052454258518532271e+01
-2.775336156866658577e+00
-2.630060179348377769e+00
-1.108720445181206316e+01
-3.250308796476052198e+00
-3.585689188666884775e+01
-1.898873864073963347e+01
-3.308958791218765239e+00
-1.289617529318048916e+01
-4.377167288124996247e+01
-4.740449737480695802e+01
-2.024936929601355473e+01
-8.912689770765412689e+00
-1.650287986340383384e+01
-9.717195213472580306e+00
-2.410984675618338713e+01
-2.268104837477025626e+00
-2.540769485400621264e+01
-8.828370458340824456e+00
-6.580164685955448078e+01
-9.632302843963405081e+00
-1.664687496366523689e+01
-6.098508244538545675e+00
-1.349076656155851595e+01
-3.438744091518392310e+01
-3.675528915253580386e+00
-2.013801438748047801e+01
-2.505699345751771645e+01
-7.356951847555832202e+00
-3.339358576038920035e+01
-1.092235646567256069e+01
-5.010964688579040427e+01
-4.794382475862678739e+00
-2.223420142787881915e+01
-4.307825107804656284e+01
-4.001334849871729205e+01
-1.466845574322229062e+01
-2.035780276020020807e+01
-4.673751270543069580e+01
-2.243914934180706311e+00
-5.098638675701059242e+01
-5.838705607487387539e+01
-4.551279735690094697e+01
-7.761345203342195020e+00
-1.415037609073663916e+01
-1.445222159872311707e+01
-2.430237027854841614e+01
-1.039975192246368429e+01
-4.406100710034813517e+01
-2.522201402435250017e+01
-2.429367658579800349e+01
-3.872356139284995002e+00
-7.167771392944000119e+00
-7.910645201152523676e+00
-1.276067436635381114e+01
-1.127215579871068840e+01
-1.190966516770743766e+01
-5.486792960041928957e+00
-2.354559248913693636e+01
-3.147744522868644701e+00
-1.555412523173054495e+01
-6.687823890481095646e+01
-2.191654599907626633e+01
-1.761260473319856601e+01
-1.493085936831422167e+01
-2.560188590402692910e+01
-9.379250905282905393e+00
-3.363704469275691622e+01
-5.562878332716411300e+00
-2.296572492154498235e+01
-1.284441058973035688e+01
-1.733993180531273737e+01
-4.254999630982170089e+01
-3.072677261575408281e+01
-6.298623088987516994e+00
-4.634380038998883400e+00
-3.042896586242144963e+01
-2.180314612653610240e+01
-6.249867203679071004e+00
-3.110326399609577308e+01
-2.518917115155051789e+01
-3.803872955993156069e+01
-2.287222319288212180e+00
-1.463296552314852050e+01
-1.263583319044949249e+01
-3.195349503584938233e+01
-2.098590138758599721e+01
-2.649007945222790372e+00
-3.284760517872560115e+01
-2.331591345697214734e+01
-7.946964246331813975e+00
-4.322746445670193083e+01
-1.423572288278396947e+01
-3.553352084998610394e+01
-1.032536513649086451e+01
-6.739642415256306585e+00
-1.896584033915715040e+01
-5.363776478433170780e+01
-4.482471746148569025e+00
-2.144487367948401868e+01
-7.742429079791452118e+00
-1.593926952450020629e+01
-2.008360211594981592e+01
-5.900166140317785413e+00
-3.593884642954055408e+01
-3.055412848501391565e+01
-5.728235150288891475e+01
-2.236072279278633346e+01
-1.858707496475073029e+01
-1.200021740968862893e+01
-2.084658537734197736e+01
-1.652185940307760603e+01
-3.724128338525708415e+01
-2.935834411695861590e+01
-4.713228436717891867e+01
-3.560740835917204095e+01
-8.718352437372484331e+00
-1.723901909224912998e+01
-3.387487658226687159e+01
-4.590153487585322978e+01
-1.478565448787327341e+01
-1.907381183510683309e+00
-5.994333457610033378e+01
-1.674005886101672047e+01
-2.114406381833220649e+01
-6.192991256563471048e+00
-4.541677238407255679e+00
-2.661814656407491597e+01
-1.108175207519463079e+01
-2.193872795844317380e+01
-4.451188060850451045e+00
-3.474308265821917985e+01
-1.930893739127752085e+01
-2.771805522530275567e+01
-2.296565242233840820e+01
-1.219432147691545509e+01
-2.276192602257269826e+01
-8.602501693273582717e+00
-4.208091779332151816e+01
-1.101171689691891231e+01
-5.138437671483266911e+00
-1.287455537080733592e+01
-4.826774388441572228e+01
-1.635701797155875425e+01
-2.577188957180031181e+01
-3.792116915330082350e+01
-4.444456104919767370e+01
-6.737335510121375215e+00
-3.565035251295160634e+00
-2.189604974793348546e+01
-3.136258518457409039e+01
-6.326367204832836677e+01
-2.783627967594082619e+01
-5.265330854885847955e+00
-3.664972095621222792e+01
-1.767105465668479880e+01
-3.072742782690292174e+01
-3.907942639912051419e+01
-3.399227245866400438e+01
-1.063487622960548151e+01
-2.733017916530052105e+01
-2.011529616258515318e+01
-4.546514751219007877e+01
-4.795337698776005197e+01
-3.843608222249392270e+01
-1.324684754324166214e+01
-2.230037040567544793e+01
-1.525985209319320290e+01
-3.625578935629959698e+00
-1.553148333616939425e+01
-5.466209692641905349e+01
-1.281058349507758187e+01
-2.936880319228146163e+01
-2.266759459434720725e+01
-1.480426209131484150e+01
-2.397528023994055602e+01
-2.423618793130003723e+01
-4.121802050367138648e+00
-1.597769887655023169e+01
-2.345492171707376983e+01
-1.054745575422299275e+01
-2.075374391058046797e+01
-2.009463182227055356e+01
-3.569492960030101614e+01
-3.429384185220020953e+01
-1.192387854691351556e+01
-8.109155173913638492e+00
-2.162201740475038392e+01
-3.118055752868918518e+01
-6.115318288520820822e+00
-1.674167718171892716e+01
-3.179745035995521008e+01
-4.103284460257668087e+01
-4.906543086610454019e+00
-4.017504772578743832e+00
-5.252560639898612749e+01
-5.456905483011138536e+00
-1.939911370626214548e+01
-1.063525429558778690e+01
-2.512489982341702088e+01
-7.226450047506506102e+00
-4.365645635765689292e+01
-3.663016888779146285e+01
-2.566012495269809435e+01
-4.151265186071839253e+00
-1.625313238614354461e+01
-1.755689782650465247e+01
-2.502281811350207974e+01
-1.637206913309784539e+01
-7.293951922148401934e+01
-1.508122002888594970e+01
-2.114357173585736760e+01
-2.449487165763528296e+01
-1.849645035176517638e+01
-1.173040961058934073e+01
-2.805116818443348592e+01
-3.883575056672286419e+00
-3.453795521820716630e+01
-3.791139149748351400e+01
-3.875814425395762441e+01
-3.090095954788406729e+01
-1.714411954698630680e+01
-3.650840267541453699e+01
-4.752762586733644490e+00
-4.900451347959495330e+00
-2.800149251964536745e+01
-3.516296976957398357e+01
-1.285923639440493993e+01
-2.463512284042387890e+01
-7.259349948877665604e+00
-1.069398743206282099e+01
-1.250067784645265689e+01
-1.085125238746309506e+01
-6.667232761381448825e+01
-2.510794102911258108e+01
-1.151347150158317589e+01
-1.834395555512354292e+01
-2.767139889958562904e+01
-2.149136268734475053e+01
-1.083977797670788057e+01
-1.701535635595615759e+01
-2.506147644918992512e+01
-2.402384884686808419e+01
-2.341510989543840537e+01
-3.513562112272761340e+01
-4.986645435720033603e+00
-4.529263472433027005e+01
-1.199556406053997826e+01
-2.383825296936317173e+01
-9.747375848639569185e+00
-2.482174622073161530e+01
-3.397807416882329790e+01
-3.942313510760945405e+01
-1.990668876856434366e+01
-4.720647985072074704e+01
-2.606299162865154173e+01
-1.753020509012863926e+01
-2.436989155884960567e+00
-3.758799546549133730e+00
-1.524929107340258838e+01
-4.659279444910711732e+01
-2.366215503897983297e+01
-1.455928112609129244e+01
-3.549766327912574582e+01
-1.205281030571138068e+01
-1.142834937401492112e+01
-1.868921999059515926e+01
-3.303455231556552718e+01
-1.024904393882933817e+01
-3.529273521820879722e+01
-2.465616282466083220e+01
-1.759329539884438276e+01
-2.602678092760903539e+01
-2.185604139612913954e+01
-3.936082540468463264e+01
-1.905708819030774492e+01
-5.095285667488381520e+00
-1.126230160246925038e+01
-3.233357706753740501e+01
-2.555158048531581727e+01
-1.800209781198741865e+01
-2.901431458430958443e+01
-2.191287361780622334e+01
-3.046342903438911520e+01
-4.226916079287671124e+01
-4.995077486464128746e+00
-3.193654648670515073e+01
-2.628870758136265096e+01
-2.772960092813002930e+01
-4.437311209126823996e+01
-1.508873111607366546e+01
-2.313876093538645051e+01
-1.498028296699882489e+01
-7.859544098666998657e+00
-3.179693253006785270e+01
-4.077210970739259466e+01
-3.680054707478679887e+01
-1.864464665482138628e+01
-4.410159829187806224e+01
-3.419930042117624680e+01
-4.334802314562877967e+01
-3.125540669220085732e+01
-4.156641555261501253e+01
-1.406356521297152717e+01
-9.056757413990686345e+00
-2.118555252826759272e+01
-1.335173013082597393e+01
-2.463372712352148497e+01
-1.044307316779897121e+01
-3.145227009817850750e+00
-3.237468320571785796e+01
-2.267752849179350605e+01
-3.070128332517774083e+01
-2.658774040814067874e+01
-1.530537424240421096e+01
-2.323732547447117014e+01
-3.750545634593154176e+01
-6.697904784952022794e+00
-1.498028296699882489e+01
-1.868570794616833552e+01
-1.825289624131201194e+01
-4.647863573330575981e+00
-7.726960010015796243e+00
-2.498356850844094978e+01
-1.335973356103656151e+01
-1.283264151294405231e+01
-1.391691009212972219e+01
-2.627047193075841491e+01
-1.305303372751969349e+01
-1.323466207371113867e+01
-9.799845340636752056e+00
-1.118476696971569240e+01
-3.271917900420348246e+01
-5.325694308479454797e+00
-6.065060104475274549e+00
-4.899610060385381161e+00
-2.224528665259042270e+01
-2.734439499439067234e+01
-5.709671498188796335e+01
-3.568382900689709913e+01
-2.068870189809877402e+01
-1.014120148333742399e+01
-2.519214836750433761e+01
-7.283878543633885094e+00
-2.430857049483248744e+01
-2.730834928487231394e+01
-3.644244301736640068e+01
-4.224189822429676866e+01
-4.405023957296980264e+00
-1.110492767376199197e+01
-9.517329599378015814e+00
-5.843377518887095334e+00
-8.051694623900191417e+00
-1.664833729412664809e+01
-2.541377317734199437e+01
-2.495617710587102067e+01
-1.290183696082068998e+01
-1.149122905920004811e+01
-2.967855886010499766e+00
-1.042205165636829634e+01
-3.906677851696291448e+00
-8.049639601754677187e+00
-4.119395994362032631e+00
-3.172957803626780038e+00
-1.970878012839734339e+01
-2.043818033191318762e+01
-3.876753779693589763e+01
-1.931858589666912707e+01
-4.705783526206070988e+00
-2.536927999865675076e+01
-2.024874277051709726e+01
-1.874776546514842224e+01
-2.779940138080074519e+01
-3.533763293461711896e+01
-1.931858589666912707e+01
-2.438681233276176386e+01
-4.073359570159185239e+01
-1.301590251340563142e+01
-3.884217372297938198e+01
-2.444408028642016006e+01
-1.167658617200047644e+01
-7.180723900556809092e+00
-8.943832400782914860e+00
-9.692567735017773245e+00
-3.217091372665292681e+01
-6.908357469768017012e+00
-3.196065345486417542e+01
-1.042302402828977748e+01
-3.085523762458040409e+01
-1.605767821313440891e+01
-5.410914461596206593e+00
-2.767053236383141623e+01
-2.944766679471586457e+01
-3.615817917123298031e+00
-3.735756767334611084e+01
-5.016435060321224881e+00
-3.110165827844135578e+01
-2.114123340707490328e+01
-3.192191437209309868e+00
-1.929442492793112152e+01
-3.818154869239389626e+01
-1.829682117990446599e+01
-1.520417144025756429e+01
-5.009535885609253114e+01
-1.742551481657365287e+01
-1.244058175922204157e+01
-3.529778707681956007e+01
-1.200229308200238698e+01
-1.277253585195949448e+01
-8.180884825992047027e+00
-6.818980021653494816e+00
-2.456367344096478789e+01
-1.155630771742096563e+01
-2.234784429855033849e+01
-1.204100881397576472e+01
-3.678209184426483347e+01
-2.333569471754066171e+01
-2.548116562145787611e+01
-1.327048528296770868e+01
-6.648153021628771420e+00
-2.883768023195402819e+00
-5.689454044217693252e+01
-1.219822165698672123e+01
-4.653774752122334490e+00
-3.778841143443664663e+01
-5.962704466948391513e+00
-1.270271301015983845e+01
-2.246505836025758818e+00
-4.263521200960018120e+01
-3.350232367032340619e+01
-1.888353055998930330e+01
-4.476864289335302338e+00
-1.484921562825062580e+01
-2.821654316460723422e+01
-2.968284028937587138e+00
-2.746921618327646897e+01
-1.026559520994835495e+01
-1.196669988984884547e+01
-2.430895517112876902e+01
-2.040460385387611097e+01
-1.547730245611941280e+00
-1.110009631502760818e+01
-7.067780800541637376e+00
-1.128160582239315524e+01
-1.116967594855501567e+01
-1.100282317102320206e+01
-2.355073843131187061e+01
-2.516790970500067814e+01
-1.336378150067626791e+01
-1.595132280045922535e+01
-2.290639176947362898e+01
-1.086206980432002389e+01
-2.718089885815544449e+01
-2.225027062876842621e+01
-2.325533944330004488e+01
-6.658349112021284100e+01
-3.014942412893580670e+00
-3.089049712759640087e+01
-3.763856265139623503e+01
-2.976316850426345084e+01
-2.119559749371354229e+01
-1.947869485517604815e+01
-2.672920910236653214e+01
-2.615140784496154680e+01
-2.632860727118845290e+01
-1.324939803696855023e+01
-2.980182148184863777e+01
-4.403465953277422074e+01
-2.561467832192602501e+01
-7.819069644131413099e+01
-1.018085530550282414e+01
-1.114028042034403398e+01
-5.079665828572813346e+00
-2.264441201512123314e+01
-4.637751877824241475e+00
-4.094242183736677276e+01
-3.674337722904876813e+01
-1.239731019493324027e+01
-4.523114393583452397e+01
-8.254880781061668671e+00
-6.469057992962441972e+01
-9.735421289293960001e+00
-2.795334787322626724e+01
-1.892390906380845195e+01
-3.588828701101942897e+01
-9.342583115251450465e+00
-4.360622639707155912e+01
-1.608339356632281891e+01
-6.228666010933398667e+01
-2.124776027109363596e+01
-3.236098337641497125e+01
-1.527153422653019277e+01
-2.306299631375575743e+01
-1.246202768913238934e+01
-6.825634844973214932e+00
-2.922734780713130576e+01
-2.287015988704009928e+01
-6.654608884829295334e+01
-3.527013021002260018e+01
-3.219539408980068629e+01
-2.408380850362105807e+00
-2.390743483511751322e+01
-4.413383419633600369e+00
-2.853608671926078344e+01
-2.739923617239150033e+01
-1.236519892369379292e+01
-1.351828665427471776e+01
-2.215878097651111389e+01
-6.618559780430563144e+00
-1.188828071872971215e+01
-3.504350794886285314e+01
-3.775812449114128722e+00
-1.616566793981640160e+01
-4.766113264193191412e+01
-1.088253888782869439e+01
-2.367764569049228740e+01
-3.566736824252669180e+01
-7.210038166918558034e+00
-7.694810652942559948e+00
-5.899999999999997691e+00
-2.441677681991848914e+01
-4.469921632287610436e+01
-3.098893772597097751e+01
-3.153316150219691494e+01
-5.575316513870399504e+00
-1.560046082308135418e+01
-3.406681741737640579e+01
-1.388575789772749403e+01
-1.114287032668496735e+01
-2.839872464241608885e+00
-2.116977473963507883e+00
-7.102667017181003928e+01
-8.698622496810171967e+00
-8.743889637675216875e+00
-3.420343845734284827e+01
-1.244998818068349422e+01
-6.704642822707373284e+01
-1.330734412786160448e+01
-1.267113506018410618e+01
-1.174755230478542778e+01
-4.912948486070875731e+01
-3.685975837132724564e+01
-5.097655397516631659e+00
-1.102263815887292253e+01
-4.294887804781215124e+00
-3.336399535898637225e+01
-2.110999163737238860e+01
-5.572094671434021507e+01
-1.776508124140650935e+01
-8.122588652235325668e+00
-8.924541635705658393e+00
-8.819860082694155778e+00
-3.636163661513543310e+00
-1.327997234246429059e+01
-6.758214136639355729e+01
-1.832855544643735612e+01
-6.659228489871971135e+00
-1.111652898325052519e+01
-6.256169142965646301e+00
-1.049053820404709114e+01
-6.220616153242533919e+00
-4.821522222400074220e+00
-2.135329924555982473e+01
-2.491098050860431456e+00
-9.129162273568605102e+00
-1.389655119329305322e+01
-8.983178478397356059e+00
-1.275078285947988377e+01
-1.460984343581023559e+01
-1.385016561387197775e+01
-4.773147100818198041e+00
-2.019881166575106946e+01
-2.775592933814123242e+01
-3.911396782922407311e+01
-2.779544728537537068e+01
-3.547640480509816996e+01
-1.802216128338490719e+01
-2.481795228160541100e+01
-9.418939075156467666e+00
-9.244386228428449925e+00
-1.267694282776734838e+01
-2.581331996452627919e+01
-1.331427789073374690e+01
-2.954630137163812620e+01
-9.470069481002873601e+00
-4.274086146658878427e+00
-4.341102996741618369e+00
-6.127890047427326792e+00
-1.646907535234783282e+01
-1.597466967006702099e+01
-1.680129290475830217e+01
-3.579858108559702323e+00
-3.911915510131355234e+01
-5.621261916375473788e+01
-9.371354630921121753e+00
-1.240792216468921971e+01
-9.345302923657323291e+00
-4.025770958605973959e+01
-2.668641130253429594e+01
-1.655890738064218937e+01
-1.235562772945199583e+01
-1.108923812408112219e+01
-2.041058053438429454e+01
-1.595669840434517717e+01
-1.072594156270740839e+01
-1.173120311975170971e+01
-6.478524403487201155e+00
-2.336979842536615593e+01
-1.110178785026826809e+01
-2.132986098985418355e+00
-2.529108524763853616e+00
-1.299385053456314054e+01
-7.271965611560144538e+00
-2.145568760479301673e+01
-4.100524819433445600e+00
-1.428458779358490460e+01
-6.209138810443215029e+00
-3.240024395977960125e+01
-4.479960354696764568e+00
-2.825637381500249745e+01
-2.036783948558533552e+01
-5.708832553712215940e+01
-3.424886630898175355e+01
-9.599771689939233354e+00
-1.231870452983539366e+01
-1.993466966563130072e+01
-2.786061101340662205e+01
-2.044222340434554752e+01
-2.520511241355034926e+01
-3.689766648194608756e+00
-3.657768567629312173e+01
-2.132834609871164488e+01
-1.494227142869356229e+01
-2.650186384005115769e+01
-2.007509430951819773e+00
-2.040567202436956329e+00
-1.886747852882628251e+01
-1.392398675948445508e+01
-8.567847755575668600e+01
-2.651430311169079701e+01
-2.651090526644283685e+01
-3.927938840858098501e+01
-4.300823885092452770e+01
-2.366761604127984420e+00
-4.204674692630212718e+01
-3.571007209014320694e+01
-2.018578115789023641e+01
-4.771374012191437686e+01
-8.374465237355158465e+00
-2.441793063326154112e+01
-2.014413885244534796e+01
-1.926678120411417616e+00
-3.241086329147184131e+01
-4.383166013962002694e+01
-4.556168688176113868e+00
-2.283080141792946449e+01
-5.700999872128296175e+00
-3.931082571928173053e+01
-2.644989094513825911e+00
-6.836519760060699724e+00
-2.130907897436326692e+01
-1.082589301511683111e+01
-2.767534175034977650e+01
-2.523701783410430011e+01
-4.704056036659893891e+01
-1.324681192205444802e+01
-2.398158293443708899e+01
-3.864566877224949337e+01
-1.924873884240254540e+01
-2.685321703716782338e+01
-1.204995133353544290e+01
-7.697413285880717382e+00
-8.244036535517151876e+00
-1.393673631615377140e+01
-1.232995163391734472e+01
-1.725926605276940640e+00
-1.545354686074860417e+01
-1.157817302629191758e+01
-2.183546251514144743e+01
-1.053067497632038751e+01
-3.306024970928981510e+00
-2.344501053658774126e+01
-1.517465788418685335e+01
-3.158526283674138568e+00
-1.614093771014528755e+01
-1.067673054685497824e+01
-1.808199663475036800e+01
-3.078827221553069649e+01
-2.570844981452795608e+01
-5.157633784412638533e+00
-2.527948166708180011e+01
-2.023958593931382666e+01
-2.161631487352817516e+01
-1.510155796408024464e+01
-7.639817995397297778e+00
-4.564288922351297018e+00
-5.543911694563386838e+00
-1.583952905871983141e+01
-3.048005630798452259e+01
-5.599999999999998757e+00
-3.578232871673268534e+01
-1.490664928040310322e+01
-1.804287921226811875e+01
-2.235022443700830408e+01
-2.661926602642075590e+00
-4.453736375725117824e+01
-9.780246924491578397e+00
-2.141969550484093077e+01
-1.663810621336118700e+01
-3.102995629430668600e+01
-3.906132744937536039e+00
-6.899999999999999467e+00
-3.961675763760237778e+00
-2.296089790651758378e+01
-1.478653727161734999e+01
-1.848869120581670344e+01
-8.947504134487509475e+00
-4.800000000000000711e+00
-2.750811207882470200e+01
-2.643609944173756787e+01
-2.516816198978361641e+01
-1.946905877673374974e+01
-3.336362221400825945e+01
-3.318979218506623852e+01
-1.759724159657873699e+01
-1.053626947566647942e+01
-7.745586238572656157e+00
-1.825136695208972171e+01
-2.725354650796711553e+01
-3.694386518614786041e+01
-2.801095539346794538e+01
-2.991563306075236461e+00
-2.340878468265514556e+01
-4.489814520102313367e+01
-7.165011639178353597e+00
-2.114206280723141518e+01
-1.310061234716778245e+01
-2.295444080573791013e+01
-2.583515262202841356e+01
-2.201817167714887447e+01
-5.292312476782764286e+00
-3.628459170485210272e+00
-2.133145063024082333e+01
-2.452837794226755186e+00
-2.188279943877089906e+01
-2.597579390795164311e+00
-3.064409704505125731e+00
-1.259101956915253417e+01
-3.188488097903860918e+01
-1.560882817725981120e+01
-1.244425415890752085e+01
-3.626634937970574413e+01
-2.988381816924040635e+01
-2.513858804801866142e+01
-1.204833152927722750e+00
-1.526509048093287646e+01
-1.086390607731448199e+01
-1.130164552801848821e+01
-2.188702965885447682e+01
-1.194711461020422583e+01
-1.887474135785612406e+00
-1.658826551966209095e+01
-1.144898029051732546e+00
-3.266966229847945158e+01
-2.675518619475036530e+01
-2.272210633057500573e+01
-5.228152673507454828e+00
-4.112493848094613824e+00
-4.829793795795997546e+00
-4.460647260611128928e+00
-3.702865230426780840e+01
-2.123737076680055225e+01
-4.978140213315283802e+01
-5.628378229427198676e+00
-3.293512903676417380e+01
-4.567185233102210162e+01
-3.102929250521651383e+01
-5.880120576847413183e+00
-4.555734087224523421e+01
-1.483445394001494400e+01
-6.305057337374480042e+00
-3.436800147707157027e+00
-2.018102052480331565e+01
-2.249062170482998724e+01
-3.473796361251383757e+01
-3.700000000000001954e+00
-2.242022667911943756e+01
-2.382724862607144800e+01
-3.160993753968326558e+01
-2.580559604106048610e+01
-1.555337331715753457e+01
-9.911215869613823060e+00
-1.097767088165099736e+01
-4.223048192638793097e+01
-2.504719736971227206e+01
-1.226365515702832631e+01
-4.501422746188423218e+01
-1.192572465726274267e+01
-3.495177732451005603e+00
-3.627933041222802046e+01
-1.793467499946272170e+01
-3.562127831682732726e+00
-2.721039564238368680e+00
-1.938098260828567021e+01
-2.057662135970208794e+01
-2.201532942075203181e+01
-7.655551482706387745e+00
-2.879463921798583570e+01
-9.159142022490243562e+00
-1.162211354532306018e+01
-1.417537416443921039e+01
-2.128869408820266074e+01
-5.332270184599779306e+00
-2.076483136116646833e+01
-1.087453551635296733e+01
-8.762161737335249612e+00
-4.585366679270541823e+01
-1.013337557569181335e+01
-1.705837375952874879e+00
-2.130663004664011595e+00
-4.360047325705347809e+00
-3.692846875536103113e+01
-2.610730748151812719e+00
-3.331074372946581263e+01
-2.076240808648335712e+00
-3.027826186786986185e+01
-2.668177816255436952e+01
-5.400000000000000355e+00
-1.143743528603829063e+01
-4.376384597225832351e+01
-5.542829172961879891e+01
-5.508973541598233936e+00
-1.155728110298396505e+00
-6.157976218723481310e+01
-5.812001174534211501e+00
-1.901505656540847866e+01
-5.943282729316783985e+01
-3.039267947924998836e+01
-2.730972913313858541e+01
-1.043125250899850265e+01
-5.198172672244319870e+01
-2.769893251860258943e+01
-2.266110031211870179e+01
-2.692826195611674933e+01
-4.981178152860665875e+01
-5.581758283573318380e+01
-8.154460629116186965e+00
-3.556781920580778689e+00
-2.874213708471037521e+00
-2.701043547806705547e+01
-2.507528510684734613e+01
-3.534070123000994812e+01
-1.591258913951598863e+01
-6.329663211194336725e+00
-1.637421195103861393e+01
-3.744171307656844760e+01
-1.002975600805346623e+01
-3.287331741460461387e+01
-5.047387679810208638e+00
-8.939238125791600709e+00
-1.209578154932294503e+01
-7.455560285433176837e+00
-3.672734613102559109e+00
-4.874890630202977349e+01
-2.776347178562507167e+01
-1.259959423533420164e+01
-1.337036252533691716e+01
-1.696536951924563041e+01
-1.108677232512689592e+01
-2.119402019073850063e+00
-2.794097053039032552e+00
-2.744461174383960866e+01
-2.942066519887101350e+01
-2.310139505677178917e+01
-3.835588115351058924e+00
-2.060965949946156428e+01
-1.268420741905415383e+01
-1.838830080108763454e+01
-3.878296463370203639e+01
-3.925907121350340390e+01
-1.886772783151064203e+01
-2.291175724304102346e+01
-2.611495111411706205e+01
-3.579870047572488545e+01
-3.633694944664064508e+01
-2.088257722462063271e+01
-6.199769041486159438e+01
-1.846372152683371581e+01
-1.120723237043496567e+01
-1.782411725010997472e+01
-1.309104957071424380e+01
-2.006391672370592261e+01
-3.680323473397287870e+01
-4.292880539625233638e+00
-1.352859858558243289e+01
-7.611457263271927332e+01
-1.217850888807823218e+01
-5.199999999999999289e+00
-3.475621294883228529e+01
-2.118018717556602226e+01
-6.999914053145650961e+00
-9.856187173410088320e+00
-1.879930488434766289e+01
-4.021539301659503707e+01
-1.313377731060751863e+01
-2.418318873469467079e+01
-4.076709277506997076e+00
-2.652775796881684300e+01
-4.802178063433898814e+01
-1.934138237893487045e+01
-4.432464940455492552e+00
-1.271877509350731650e+01
-3.711769472257682168e+01
-1.107602218898945168e+01
-3.269283764958294825e+01
-2.211788055397867048e+00
-1.714648444686210471e+00
-3.629561403315989310e+01
-2.825507420812318760e+00
-4.658890388102658875e+01
-9.018779583781146414e+00
-1.767766262275590705e+01
-1.769724350971302229e+01
-1.177673235103892324e+00
-2.079878450435456116e+01
-1.238060693246544774e+00
-6.900101305650554906e+00
-1.657924763021723180e+01
-1.314960156426983318e+01
-5.519239604363259843e+01
-6.668961642356840969e+00
-3.855537693426884971e+01
-4.733390809778318697e+01
-4.552051097848101335e+01
-2.675518619475036530e+01
-4.601467016625799289e+01
-1.116084507703158479e+01
-4.006570582076341935e+01
-4.816599291866221222e+01
-2.745660671284788634e+01
-1.099864424315784461e+01
-2.565097809997653400e+01
-2.402416902541569854e+01
-1.835992951368035975e+01
-2.772582150387329136e+01
-2.382627261946011288e+01
-1.169703651852917048e+01
-1.786303635887554719e+01
-3.292728296521455889e+01
-2.246314742269775522e+01
-2.897119207874358615e+00
-3.218927693705428794e+01
-3.567183310851747446e+00
-1.313610700013811261e+01
-2.304574557290414560e+01
-4.478223573087647935e+01
-4.075827608353096565e+01
-6.393555746192643774e+00
-2.268589189922364469e+01
-3.701900565199695592e+01
-1.312814824577214523e+01
-2.689901457473486701e+01
-2.598151557389488886e+01
-5.616325698210994233e+01
-1.339295006865326876e+01
-1.406439150042622899e+01
-2.675518619475036530e+01
-8.846582352097446034e+00
-2.608329139918435757e+01
-1.902752562572412032e+01
-1.162431956138601485e+01
-2.482298221993908172e+01
-6.862146190026064296e+00
-4.024124056250825276e+01
-1.989144486034896175e+01
-2.785457192047477193e+01
-6.450928545961453153e+00
-2.613765420433560394e+01
-9.758301216203641104e+00
-3.982579673544525178e+01
-2.205744941492162781e+01
-2.707026007053120864e+01
-4.672580695492657199e+00
-3.953780228102143468e+01
-3.870581099014709991e+01
-1.564951737105647567e+01
-1.233630592578829877e+01
-2.311984626136954546e+01
-1.413262315681950021e+01
-4.046643650901112110e+00
-3.871109990414331037e+01
-3.333224161194671353e+01
-6.582831915996600891e+00
-4.490137018801038771e+00
-3.508175033635333762e+01
-1.277848227287736282e+00
-2.159531976484629023e+00
-1.821412361069837615e+01
-4.541585507160096569e+00
-3.628088314406407022e+01
-2.124944892620326264e+00
-3.994318062535590741e+01
-2.370545634758071074e+01
-2.342688741382964324e+01
-3.060473816794695434e+00
-2.074737740111126882e+01
-2.855294972903534401e+01
-1.829980095185040057e+01
-1.902624800774392000e+01
-2.403170552950416905e+01
-2.010470150740254880e+01
-7.885230854003587808e+00
-1.280797002805117479e+01
-2.137816914205399499e+01
-3.359185487655413915e+00
-9.397746692279335790e+00
-5.471689963212746477e+00
-2.890067073852497259e+01
-2.476219586661012784e+01
-1.320008602929414643e+01
-7.752874835054692326e+00
-2.837309849413597007e+01
-2.504858204673301447e+00
-1.794164617588825195e+01
-5.388805199409198998e+00
-2.490661463386176067e+01
-3.816205513916080605e+01
-5.908374214603869135e+00
-6.417831808209003341e+00
-1.683473019733079923e+01
-2.484049076407259804e+01
-2.576811407111812358e+01
-1.337795387793197577e+01
-4.469740525009007648e+00
-2.134742782333917432e+01
-3.310567687383911561e+01
-2.647516035336311546e+01
-2.529998998796595089e+01
-3.922246810769698300e+01
-1.990987465102436005e+01
-2.010142273885107578e+00
-3.893333881703428290e+01
-1.069398334999238642e+01
-2.219451158997654261e+01
-3.531153813628715454e+01
-7.829048841723573737e+00
-3.919094226816008586e+01
-7.189764640786938443e+00
-1.537918313242413015e+00
-8.804511730683135085e+00
-3.360604322662813104e+01
-1.221184881644072462e+01
-3.963828133961862399e+00
-1.087830219276355592e+01
-8.949520634125530449e+00
-1.329320114654824181e+01
-4.786294528598006082e+00
-1.100559649111085569e+01
-6.179659159752644904e+00
-2.918679707786702160e+00
-7.104846030047646366e+00
-3.579001373455938761e+01
-1.254028746157129426e+01
-1.229032380097160804e+01
-1.173789657692239174e+01
-2.683778588001269227e+01
-5.188308617168708281e+01
-1.458593151692438283e+01
-7.255944136507548592e+01
-3.924953334009425276e+01
-5.382544228753260107e+00
-2.016026776077935168e+01
-2.322761229567884200e+01
-2.693137223362068156e+01
-3.829166424550334114e+01
-1.482559831700429953e+01
-8.063073538025761877e+00
-2.657470370129533777e+01
-2.863500115047076022e+01
-1.889692921129554293e+01
-4.196914308088140899e+01
-2.232415734814365393e+01
-5.353556060002526351e+01
-3.583969359187342008e+01
-2.161843933448322375e+01
-1.284822513653967491e+01
-4.898301479489450116e+01
-3.706929654865336765e+00
-2.070536960493584999e+01
-1.714123529143740043e+01
-1.730567249018883658e+01
-2.452224369672277149e+01
-2.414052051340644311e+01
-5.657905485300283033e+00
-6.864356852208859827e+00
-2.423368614063830506e+01
-2.747846305650559273e+01
-2.919812392551080649e+01
-4.208519354027848181e+01
-2.051802811523612036e+01
-2.711342035946418250e+01
-3.732324120038678750e+00
-1.231667751049277904e+01
-1.569456443243532817e+01
-2.608221503335498426e+01
-2.326197206813409224e+01
-7.389037016638613409e+01
-2.807907408944374694e+01
-4.207549785198242631e+00
-3.929806841390291083e+01
-3.196488328449668614e+01
-6.317701765423137772e+01
-8.161397255803384709e+00
-1.244010837784399026e+00
-2.521602275765520673e+01
-1.020199905863657186e+01
-3.280147508880347118e+01
-4.903909797288995520e+01
-4.488630549059326569e+00
-1.952070748980486670e+01
-3.199941089625892232e+01
-1.069448402590502667e+01
-3.935949185362345304e+01
-2.253436021322292149e+01
-3.434738674218738907e+00
-4.748370031742683750e+01
-5.207505390380436694e+00
-3.711781538898902255e+01
-2.493696254826566872e+01
-1.789235576964055596e+01
-3.880330019379719886e+01
-4.910068251543551554e+01
-8.211844741453109719e+00
-2.805978796950251919e+01
-4.700000000000000178e+00
-6.239199105134088796e+01
-7.063200126697060988e+00
-1.880366062733850896e+01
-6.314307524027546492e+01
-1.198570228187255715e+01
-2.058757395818070535e+01
-1.779285496823140633e+01
-1.150939042893912223e+01
-1.153012125312570646e+01
-1.093271667817131698e+00
-6.056012619742590530e+00
-1.713081922586353656e+01
-1.320342719247977392e+01
-3.190782184321025383e+01
-6.099482107823953392e+00
-2.326653656232016942e+01
-2.755111086008626842e+01
-2.391820747164516803e+01
-3.387492901047724558e+01
-5.644786469744742163e+01
-8.480590860944536402e+00
-2.572495399132368377e+01
-2.153935679692896343e+01
-2.931806397312659485e+01
-2.500796851708190971e+01
-1.021726249411551990e+01
-1.823333333782355181e+00
-2.997230201846485365e+00
-8.078891895773850251e+00
-2.483577382974821290e+01
-2.429643446687931885e+01
-4.676352189446607355e+01
-4.833712752100728594e+00
-1.112177977020646580e+01
-5.099999999999999645e+00
-4.830679276232943131e+00
-3.883713094272997068e+01
-1.086406667307670304e+01
-1.683640828179194671e+01
-5.334328599459631448e+00
-1.327932461266648545e+01
-3.865610953714525788e+00
-4.200851772293282238e+01
-1.819664776519319460e+01
-4.668331755782265446e+01
-1.779038815736467782e+01
-5.983821462554773518e+01
-2.758741960375200364e+00
-2.452224369672277149e+01
-5.799999999999998046e+00
-2.626571087643924329e+00
-5.344167072677116437e+00
-1.415666020706084005e+01
-8.613940190515009476e+00
-2.008801268282401153e+01
-2.724543228456300703e+00
-2.187173447147126382e+01
-5.733689564616893719e+00
-1.757003211017655531e+01
-3.402557379072109711e+01
-1.384553801791177996e+01
-4.591114621474855539e+01
-6.658686388912459009e+00
-7.264665515498752946e+00
-6.311664663413969478e+00
-6.451535230174658864e+01
-2.416367330737732289e+01
-1.134347349068039001e+01
-1.045203636176009532e+01
-4.005426722526296857e+01
-2.357795755122844117e+00
-1.416488893723949039e+00
-2.119617423784507437e+01
-1.428646956890353437e+01
-1.203705775372483977e+01
-8.867900265961113249e+00
-2.696516724580676438e+01
-2.694378797006742587e+01
-2.506228607697964605e+01
-1.859945248734837620e+01
-2.499614342229023478e+01
-5.178049708551958474e+01
-3.084246706873351584e+01
-2.548152801738242346e+01
-4.971634923225345659e+01
-3.886873238946756715e+01
-2.546722205254966909e+01
-1.188630718745597825e+01
-1.596107683211242190e+01
-1.531811677557445250e+01
-2.113005874607979351e+01
-1.835638650924024162e+01
-1.197988572447436084e+01
-2.423211022951933469e+00
-7.776440554614743483e+00
-1.177673235103892324e+00
-5.760989938019775103e+00
-2.441962168803315336e+01
-1.093561920092885487e+01
-1.733353788828441111e+01
-1.221318933028896048e+01
-6.138814753427267590e+01
-9.093163339057520389e+00
-6.556520872957031898e+00
-1.702737127633081116e+01
-2.146918314237974812e+01
-6.825816955832368649e+01
-1.274536579994252250e+01
-6.623415832548865012e+00
-1.376153673103014441e+01
-3.674427417667017437e+01
-1.149402106703493409e+01
-3.251504242769645714e+01
-2.171976371373378711e+01
-3.410033192254071821e+01
-7.086683869631065136e+01
-6.068710103763502062e+00
-2.262160701899149728e+01
-7.577904489914510933e+00
-2.725416971537783084e+01
-4.809171840891837491e+01
-3.045030672777483005e+01
-3.526044777493133608e+01
-3.145951024170681265e+01
-2.255528490198559410e+01
-3.883650571355270387e+01
-1.131758868963403586e+01
-7.700478063933420714e+00
-2.832030048360985486e+00
-1.059816195616822654e+01
-2.559715456435398906e+01
-3.337612320085776219e+01
-2.841017902753421964e+01
-3.685730402842705189e+01
-1.762112072436984089e+00
-2.068572357811256879e+01
-1.940864595710422691e+01
-9.965657607907695947e+00
-5.677643761531844468e+00
-1.985521755899434693e+00
-2.711726447311590249e+01
-7.417256558657596699e+00
-2.565879648430809823e+01
-8.259731379970878251e+00
-1.356261685966937636e+00
-1.302822995212640755e+01
-9.345473394718547766e+00
-3.790271687425201819e+00
-3.771290593613279896e+01
-3.146889009806792092e+00
-6.513382395330509667e+00
-1.104133685893384564e+00
-3.722447301435075673e+01
-3.154586612614575003e+01
-1.125258111166460218e+01
-2.552477540412326462e+01
-1.288824559231709443e+01
-1.152705127973715804e+01
-2.396065573783779357e+01
-1.654665093738465709e+00
-8.337868714397155046e+00
-6.805761987167175064e+00
-4.438092643475442856e+01
-3.480894110507238537e+01
-2.679453762039239351e+01
-5.602659611434857112e+01
-1.372068174580108391e+01
-1.955283759213329731e+01
-5.610458682962979537e+01
-3.246200325508270090e+00
-1.288798340852556912e+01
-5.368854364293602188e+00
-7.301599607153774762e+00
-9.151243863453169425e+00
-3.775875432321531378e+01
-2.557991579180769914e+00
-2.031934871766030781e+01
-3.302448367420905129e+01
-7.620578943742270184e+00
-9.237666994311362956e+00
-1.834020243649644044e+01
-2.223655738022277362e+01
-4.544252197044844621e+00
-5.030210011014210281e+00
-2.458923516140433918e+00
-4.644385831840137513e+01
-4.640007377223766660e+00
-9.694249307600253829e+00
-1.483083963171324449e+01
-2.488203420667712962e+01
-2.326824859000426926e+01
-1.087437236659911299e+01
-1.349654654896752604e+01
-2.465079731654997985e+01
-4.820569951203565573e+00
-1.083816667472884099e+01
-1.262267770215316709e+01
-2.166091249642889949e+01
-5.444541735552595796e+00
-1.581208384187407834e+00
-1.197358930417747658e+01
-3.799791169454921125e+00
-5.277764314727359363e+01
-7.054127999641300661e+00
-1.386949754637668519e+01
-4.209624237177272477e+01
-1.920532781746587858e+01
-2.135445664186486425e+01
-1.117316444319088298e+01
-3.321775309441780166e+01
-6.442024431919037397e+00
-2.348343941723514305e+01
-4.853828206778347010e+01
-1.526897569590203574e+01
-1.618663666977901272e+01
-2.393788145112907628e+01
-2.274861526145205914e+01
-1.331834004561849305e+01
-4.299842887538755321e+00
-2.151788336234274368e+01
-2.890062051112414210e+01
-5.136872525645985732e+00
-6.304424202475988892e+00
-1.557222875594883682e+01
-7.453210491941211657e+00
-2.431954627006574654e+01
-1.239393441237526616e+01
-1.237244243830953572e+01
-1.085496323879169545e+01
-1.759438665937152635e+01
-8.005573796627508898e+00
-7.347040231293455292e+00
-4.909627893386723230e+01
-1.501460240933936241e+01
-1.660206653793046172e+01
-2.864001721735109030e+01
-2.444194455339865613e+01
-1.153005027570072727e+01
-1.458747900675950504e+00
-4.981462908825056246e+01
-3.198594060179900822e+01
-2.747394478679829177e+01
-1.874711450858787742e+01
-2.311264664627578824e+01
-1.347498264794646872e+01
-5.937746318138054313e+00
-2.180021758446893188e+01
-2.636508514003087456e+01
-1.640596069178159055e+01
-4.468184229146370967e+01
-2.512226858868015711e+01
-1.567795704142223734e+01
-3.724474504155476495e+01
-2.081835429829314066e+01
-2.405285469754496219e+01
-8.280224437993689790e+00
-2.950564018382608111e+01
-3.823681894293329719e+01
-3.855052584303019891e+00
-1.441902263297994402e+01
-2.001517022465505669e+00
-2.438150347141466057e+01
-1.099663584869857047e+01
-5.739166339171291042e+01
-1.662269587100540136e+01
-9.329968173552872557e+00
-1.158952183452661089e+01
-6.157863325496464313e+00
-4.569180438501899033e+01
-5.303467382706511302e+00
-3.209401703258287597e+01
-1.322391706167374359e+01
-1.148974713212277798e+01
-2.121289849504152514e+01
-5.606763547952777316e+00
-5.030165194364265346e+01
-1.711839745694216575e+01
-3.879828992816042899e+01
-4.864277834003289058e+00
-1.093271667817131698e+00
-1.503029703411956497e+01
-2.322644599893011019e+01
-5.895112046422744356e+01
-4.678252775777329475e+01
-3.589694016378757180e+00
-5.567977279345326025e+01
-1.348761128423707767e+01
-1.089623459408428374e+01
-1.925843258178660378e+01
-2.530384481106888472e+01
-2.151613372932534318e+01
-2.531125441491901640e+01
-4.103380096410745637e+01
-2.637336986724631416e+01
-1.491747354322346197e+01
-2.325351228760789368e+01
-2.466986682713075751e+01
-2.189505732234837510e+01
-3.333953634542701217e+00
-2.157741254322437285e+01
-1.418716957140501300e+01
-5.848682636503549581e+00
-2.762216172848776807e+01
-1.654262069652723000e+01
-3.779612761726752268e+01
-9.465157318527406716e+00
-2.721563960098204404e+01
-1.497129454909419843e+00
-1.122348017726510250e+01
-1.013978506413289438e+01
-2.005930371025773340e+01
-3.572230853000990436e+01
-2.179332293629296657e+01
-1.165006691753024981e+01
-2.513725302824374097e+01
-2.921719201893640872e+01
-1.407617207709478890e+01
-6.980963207033587636e+00
-1.071949292320988434e+01
-2.316808522085486999e+01
-4.998749718052188484e+01
-4.781568159722738187e+01
-4.191260122247081199e+01
-2.738858472359467200e+01
-1.976845739065621288e+01
-1.507533426091849016e+01
-3.636458837434686586e+01
-1.710762982258373555e+01
-4.167982570743389914e+01
-6.781834671734368492e+00
-4.912007873196625241e+01
-2.211582107827885224e+01
-2.354258152649703106e+01
-7.718358159975254651e+00
-1.330935975972253882e+00
-7.060041461194943579e+00
-5.202009350207957183e+00
-3.183449697494222974e+01
-5.782464397659957456e+00
-4.983301591159053245e+00
-2.440275712319107271e+01
-1.486671197354786500e+01
-2.357397359289098304e+01
-1.187690636266234279e+01
-1.544358972464728197e+01
-4.235051070724164646e+01
-8.011488987078029922e+00
-1.653794936451768294e+01
-2.313959005293787641e+01
-9.059575543810939990e+00
-2.291107741336319847e+01
-4.726666069414581273e+01
-3.389376668003617965e+01
-2.440529975346184699e+01
-2.336508003590926918e+01
-1.153937742980878944e+01
-2.022326164894704092e+01
-1.071861028401207783e+01
-2.029425544765507894e+01
-3.137317649556035803e+01
-1.143550359517986337e+01
-1.039521287784632442e+01
-3.737636723625009694e+01
-1.616810838630411240e+01
-1.720601200379863016e+01
-2.526435396894485308e+01
-2.812686741498776399e+01
-1.371915044961582097e+01
-3.189953030852361948e+01
-5.405173391817276851e+00
-3.253773757433403091e+01
-3.073556108579607482e+00
-5.472925464723331856e+00
-9.310186288771614471e+00
-7.064173741039426524e+00
-1.440764737411249463e+01
-4.291746554781330758e+01
-2.296336872851618693e+01
-2.296085184874350205e+00
-4.858696764811167412e+01
-1.837413202713093341e+01
-4.092194139381540197e+01
-2.052959675859334254e+01
-8.409417622884300059e+00
-1.278396797279349251e+01
-2.165931166923208906e+01
-3.517139009575009467e+00
-1.940184333406892669e+00
-2.182277170073104600e+01
-1.929508333498599271e+01
-2.364665906501219439e+01
-6.559132838193228565e+00
-4.361626012871599301e+01
-2.376391816888993702e+01
-4.174448676172681161e+01
-5.898563899431858104e+00
-2.328879186557918146e+01
-3.799881541242824312e+01
-8.619216092389907047e+00
-8.716194938323717167e+00
-3.700000000000002398e+00
-1.367914433912432415e+01
-3.510857627295958139e+01
-1.015127818797395065e+01
-1.086608166730535530e+01
-2.149029796684142823e+01
-6.694618290924729820e+01
-2.084967132191521344e+01
-1.454969075888137553e+01
-1.776984932514084958e+00
-1.159297464211245199e+01
-3.660698688922241217e+01
-1.418128679759240462e+01
-2.232092173126274837e+00
-1.655770389350311689e+01
-2.162052577538268494e+01
-6.785435426406392878e+01
-2.540122217537247096e+01
-8.651047264761206890e+00
-3.119086919135967140e+00
-9.711010723871043027e+00
-5.063124662951730137e+00
-5.163729928855464557e+00
-2.702092198069222562e+01
-1.780922777000971635e+01
-1.936969928601315516e+01
-1.914174536941026616e+01
-6.815598313251078899e+00
-1.016991626404223581e+00
-1.918194031134559907e+01
-3.604215167658837515e+01
-2.148825186433175460e+01
-5.715625098606825105e+00
-1.398617123899357217e+01
-3.131285392370874998e+00
-2.800520493531962529e+01
-1.767797485811889402e+01
-2.583278105353157983e+01
-1.112227329187503599e+01
-1.169069399694844869e+01
-3.730739174820396897e+01
-1.352106530293274567e+01
-2.288652302226793367e+01
-2.088260513847810529e+01
-2.053604350069159423e+00
-2.116598892234346607e+01
-9.239722269552526512e+00
-1.621304623979015958e+01
-9.210456221553000589e+00
-6.899846341774024339e+00
-3.582920927360204733e+00
-1.098462654802599658e+01
-2.086512870168027334e+01
-3.151460672062369461e+00
-1.098850546986122190e+01
-3.500873501147759725e+01
-2.803959012018639996e+01
-1.706505672687238828e+01
-3.843887216428999221e+00
-9.583973762813101871e+00
-2.361080450594777602e+01
-2.194657407737949928e+00
-6.717226500886046558e+00
-1.848656670076669428e+01
-3.927560551742135253e+00
-3.613711136610310604e+01
-2.883917998517447856e+01
-2.125619782447208905e+01
-2.857082021188524834e+01
-2.987809727460228615e+01
-1.266853586528786657e+01
-2.324424539929187716e+01
-7.821156716408371068e+00
-1.990733212346409431e+01
-3.095654828950139503e+01
-5.374095062463821293e+00
-1.635281700589261078e+01
-4.439481025877332065e+00
-1.329289318203775316e+01
-1.157926302552352027e+01
-3.986138721644961436e+01
-1.706429993469721751e+01
-1.989870051354742131e+01
-2.051029830001901644e+01
-2.648823863947465185e+01
-9.569789697657636651e+00
-1.277158945333014906e+01
-2.249685277465919953e+01
-2.414607350037799094e+01
-2.402333643377716044e+01
-1.065129966975159093e+01
-5.583919118996689690e+01
-4.399371851381997089e+01
-3.076422377282857568e+01
-2.304536425789254750e+01
-3.701622899599703231e+01
-2.352941746201329209e+01
-2.304410454016773713e+01
-1.176402329088608312e+01
-3.820678234854463540e+01
-1.179952128946905177e+01
-5.667066278256471890e+01
-8.845770363805792513e+00
-2.363962784983460352e+01
-2.828613390446796316e+01
-1.806656019807232738e+01
-2.403882578044949270e+01
-5.515915388705381339e+00
-3.415243560543444357e+00
-7.301782399272312318e+00
-1.094164069759740698e+01
-9.628868523135764024e-01
-2.603827947595365799e+01
-4.007067969387006912e+01
-3.739404966148608178e+00
-1.340345288595854178e+01
-1.296856929502586908e+01
-4.495734653953975624e+01
-5.002484066567308929e+01
-1.987143940393586306e+01
-2.231137543380821242e+01
-3.133516513685576754e+01
-2.573784398807159590e+01
-6.024288562971562122e+00
-2.804998650332433741e+01
-2.929512759329181293e+01
-1.600855038972855482e+01
-1.314230734901451481e+00
-3.700832201065247773e+01
-2.933328525607939596e+01
-1.224291139303585929e+01
-6.228996544124647272e+01
-3.416738347990437319e+01
-3.213807092799445098e+00
-1.454042008468153746e+01
-4.336925212157384024e+00
-4.360922216250907013e+01
-2.444199687664093190e+01
-6.186933774660256624e+00
-9.885479214696397676e+00
-2.765564378805881063e+01
-3.083081723917231542e+01
-6.053529659340129321e+00
-1.235177561184159423e+01
-1.813703350587485374e+01
-3.513478866634825692e+01
-4.189213476700945904e+01
-4.137057477612422929e+01
-7.221488183395683791e+01
-2.246932581536221107e+01
-2.545249031666220318e+01
-6.414406763061929695e+00
-3.380481949568812894e+01
-5.256889425156196616e+00
-9.747997819519028440e+00
-2.427287270172243794e+01
-1.360192172309963610e+01
-1.492096483355974179e+01
-1.795231480518361522e+01
-2.061260671391572430e+01
-2.486563561748338458e+01
-4.701489715108538547e+01
-1.441112027414728214e+00
-1.347452695010771606e+01
-1.591998400654463097e+01
-3.187040352228012452e+01
-2.490573859242957866e+01
-2.070573525404864057e+01
-2.710525605013114969e+01
-2.451808812340383170e+01
-4.876990647215565744e+00
-3.327604140333269100e+01
-2.891173402536588100e+01
-1.343796924496966483e+01
-6.800000000000000711e+00
-1.106508035242222476e+01
-5.122799978220768935e+00
-1.143309539643933270e+01
-1.103142761165236685e+01
-1.383893130041856345e+01
-4.669147518230088423e+01
-4.800505422636897279e+00
-1.801764789801601552e+01
-3.877686089836797123e+01
-2.061264338692491549e+01
-5.240548806823718486e+00
-2.992524933255349140e+01
-2.571782891827633932e+01
-6.866142214628559337e+00
-7.943463444925963124e+00
-3.884238667454546601e+01
