-3.696307238825708197e+01
-9.900000000000002132e+00
-3.988661040506467259e+01
-1.479765429308823244e+01
-3.445350162932477645e+01
-3.272952322612177056e+01
-5.166851601594150623e+01
-1.207352331379600052e+01
-3.922867543307356186e+01
-3.050844294243162125e+01
-5.333377155603647424e+01
-3.161939089003882231e+01
-2.518146359514223320e+01
-4.109459540448640524e+01
-2.605396961657550037e+01
-3.165128612743248837e+01
-1.033867406615993332e+02
-1.283907278733458668e+01
-2.764997892376577227e+01
-3.041900553189880085e+01
-5.616946700414046489e+01
-1.928342546999087759e+01
-1.322863994323988202e+01
-5.498760786475521911e+01
-8.591420385853732355e+00
-2.859744469787202448e+01
-5.992355298178266310e+01
-3.812454791848550428e+01
-3.483158241933838184e+01
-3.976540935368205965e+01
-2.927755594714840015e+01
-1.167505026832756982e+02
-2.788936515992394405e+01
-2.372497064044270232e+01
-2.218919044672268726e+01
-3.541173702042190996e+01
-1.155911929543342254e+01
-2.985103023234525921e+01
-5.707955210262532120e+01
-1.663482807219673987e+01
-1.036564935951989241e+02
-3.611289695383534593e+01
-1.194194515343591156e+01
-4.287695186062957475e+01
-8.225700198461829871e+01
-7.043542948059850062e+01
-2.564530455052484115e+01
-7.007180872772119073e+01
-2.114982923790116942e+01
-1.958648045875935395e+01
-4.119449047732175018e+01
-7.714807895260096871e+01
-4.460628101953366098e+01
-2.876878571851954192e+01
-5.049926248010649488e+01
-5.003252596747479686e+00
-7.403129296989951058e+01
-2.106653352677475155e+01
-1.774628457932152870e+01
-3.880277274273568366e+01
-3.556241566536935039e+01
-1.948345345259985706e+01
-3.299570997377900028e+01
-5.416105323838456798e+01
-6.486145906639991665e+01
-3.948751258464599800e+01
-1.118479690265080819e+02
-3.661537323994077298e+01
-2.888183335562095166e+01
-1.427559762488724004e+01
-2.060356689401178443e+01
-2.468482897779259488e+01
-1.151623422882515086e+02
-1.469310291422917558e+01
-2.932010567573589555e+01
-2.794066196873993491e+01
-3.912125098032720416e+01
-2.259456404106179406e+01
-8.569696577214001820e+01
-1.344471276220335376e+01
-1.941082974110231874e+01
-3.540710276518628774e+01
-1.339562276268522467e+01
-3.503778057543112112e+01
-5.100279271598866870e+01
-2.209506429259090510e+01
-5.148645937104814152e+01
-3.108751812910093548e+01
-1.148299932670113748e+02
-3.256554731173830675e+01
-1.309803952993881815e+01
-8.007458505235327095e+00
-4.438564559239561902e+01
-1.346857894554576696e+01
-1.036618226159271572e+01
-1.900824058412031548e+01
-8.240256232871934117e+01
-2.092913736177805006e+01
-9.469364385793126360e+01
-3.724089753872584652e+01
-2.954252892723608781e+01
-6.344696277167868459e+01
-2.579542358300817284e+01
-4.867892741052561689e+01
-1.641981265798604994e+01
-1.212410389186649340e+01
-3.265719219738686263e+01
-3.882116340879632332e+01
-4.457645750577005117e+01
-5.177885165118065203e+01
-5.632199161312693292e+01
-1.148322852465278032e+02
-4.453903015508974050e+01
-3.909059565299676109e+01
-3.998018840049472544e+01
-2.007489773198084393e+01
-8.474307012657130045e+00
-2.156023627229671646e+01
-1.572098150877333467e+01
-3.455377139633574757e+01
-2.216515121596597027e+01
-4.865462385645808041e+01
-5.717901202431095697e+01
-8.785576257888775942e+00
-1.176186569208962567e+02
-2.562460122072988611e+01
-8.283764847684514265e+00
-5.647304780798044987e+00
-4.601717578963048538e+01
-4.315413470780804062e+01
-8.372434398876128725e+00
-2.569614138039433726e+01
-3.479141818561589616e+01
-2.496288122027423384e+01
-1.130181654212021947e+01
-4.720042640357786468e+01
-1.049253238927530596e+01
-3.761729643778012644e+01
-2.658448265937730426e+01
-2.320521380214871954e+01
-4.286271783787432810e+01
-5.162676088116757711e+01
-4.233934389280508270e+01
-5.700000000000002842e+00
-2.626420244969214224e+01
-3.372634177128310995e+01
-5.329678943218341658e+01
-1.544665139760791206e+01
-2.760904596654002319e+01
-4.857374836410817665e+01
-1.588298841455005039e+01
-9.902867259523011612e+00
-7.383854684948401470e+00
-2.258740301342512069e+01
-6.594233598005541985e+00
-1.465995654107195811e+01
-4.882904409479991159e+01
-2.007851728713139750e+01
-1.586298935125076959e+01
-2.997145293324534165e+01
-1.108039404241818460e+01
-6.872819653090393999e+00
-4.775572854987868965e+01
-1.615499364507272517e+01
-4.431162671309952117e+01
-5.900000000000000355e+00
-3.438571947286261121e+01
-4.335202187322742162e+01
-2.094787298669477948e+01
-2.533032856032254898e+01
-5.321702701165937910e+00
-2.931636635848315109e+01
-2.366862701596224383e+01
-3.936668170123746791e+01
-4.986415397052712706e+01
-2.543999423066236787e+01
-1.965879861065784340e+01
-5.543600497654155390e+01
-3.542212569428906477e+01
-3.645913405683899100e+01
-4.879622245261381153e+01
-5.889965288157686274e+00
-4.968509287040093625e+01
-4.826033761920346876e+01
-4.268653112281368323e+01
-9.606426535030951186e+01
-4.738629773684963631e+00
-8.198656857502386686e+01
-5.377076632330479811e+01
-5.920874015951126523e+01
-4.882736578771054781e+01
-8.497917440970867631e+01
-2.995142756289968489e+01
-1.532658208723329984e+01
-3.994028048072571835e+01
-1.017230585563922673e+01
-3.559958091956902138e+01
-4.796704864032705018e+01
-5.348003556886992271e+01
-4.497149484448621060e+00
-2.750422567236392979e+01
-4.395608623859686048e+01
-1.920750220113340845e+01
-4.040986233369647351e+01
-1.135941006692906967e+02
-5.063598636788912977e+00
-4.914053240614562412e+01
-1.476423665728589008e+01
-2.682910004842170792e+01
-4.500000000000000000e+00
-2.988893558906947945e+01
-4.380241691122294867e+01
-5.108994416356247115e+01
-4.665977899544628116e+01
-3.149159445780640709e+01
-3.121366806156500218e+01
-4.788792373996807328e+01
-4.407639632799638463e+01
-4.112341240467794279e+01
-4.898408373416312855e+01
-2.394918872073191096e+01
-1.623186597893984384e+01
-4.488576419627824521e+01
-1.401976628459847873e+01
-7.703094027062817872e+00
-4.504828038820201996e+00
-2.828573273378976438e+01
-3.970126842753105478e+01
-8.448669795237476876e+01
-5.937191437753025269e+01
-4.427185004385197686e+01
-6.477455546182850910e+00
-9.606333917205931883e+00
-4.260844964487416320e+01
-4.111158192930739830e+01
-1.741712309045408702e+01
-4.746551760360190997e+01
-8.551655373975047780e+01
-5.095762674980703366e+01
-4.379763838759986783e+01
-1.301691753550484165e+01
-1.360920566154864275e+01
-5.830875210269885400e+01
-3.318440436341043664e+01
-6.900000000000002132e+00
-4.058306123604763371e+01
-2.572968849883309517e+01
-6.031783820124739037e+01
-3.355540822546434754e+01
-5.015351119240224165e+01
-3.763343541283245486e+01
-2.897856638818059238e+01
-2.817363268860840719e+01
-1.473695189738880806e+01
-9.013395124617300525e+00
-1.308281856007351074e+01
-5.896887399083436954e+00
-3.185628780703113350e+01
-8.672114563994604453e+00
-5.411008585768872337e+01
-6.649134495155633040e+00
-8.414196342699810316e+00
-1.732228371338119643e+01
-7.465645549334791298e+00
-2.650895983012008017e+01
-2.932467413832206304e+01
-8.524148027248766368e+01
-1.412132228383321397e+01
-9.025807621060836539e+01
-2.439676829035377281e+01
-4.929024505007941315e+01
-3.967660663626732287e+01
-5.000000000000001776e+00
-3.240096435107750494e+01
-1.145802594646486483e+01
-2.667592579012154985e+01
-1.819753239316426630e+01
-5.529000286659762509e+01
-2.618288519205940190e+01
-1.697494906071671750e+01
-4.134980601750298490e+01
-2.983694239992903974e+01
-1.429385013856036579e+01
-9.267356289308283479e+00
-2.515751157006630834e+01
-4.282741717388142888e+01
-1.245800666809818225e+01
-5.817380387000791586e+01
-3.023248863917290663e+01
-4.011822757639706793e+01
-3.210422370078207877e+01
-7.047958603418896573e+00
-8.770740301269508876e+00
-8.573010332129198829e+00
-2.285448906393002133e+01
-4.807911022653850353e+01
-5.253752632963946212e+01
-4.880222439430571058e+01
-8.082747513475666779e+00
-6.841786894000994934e+00
-6.191578934201044326e+00
-6.455145697848093000e+00
-2.846439618658931892e+01
-6.000000000000001776e+00
-7.851325857886060078e+00
-2.874670272219277933e+01
-1.847388755259450832e+01
-4.772156668408555902e+00
-3.299578312840538530e+01
-5.328527994817673630e+01
-8.923548847913943760e+00
-7.374124745665072922e+00
-2.299727963369596040e+01
-2.532709109155266347e+01
-5.498055993204058467e+00
-1.182396432849526846e+01
-4.477513192722356905e+01
-2.493935815629679809e+01
-4.342401643707320602e+01
-1.761812042424864444e+01
-5.548983701034169513e+01
-2.261993649822723285e+01
-1.167245815617927285e+01
-2.798749655381585910e+01
-1.146708745788776440e+01
-1.022107397992343536e+01
-1.137836518922869189e+01
-7.436621540732524238e+00
-2.169985309328959744e+01
-1.190107936888006002e+01
-3.578689776873329720e+01
-5.772185855086920725e+00
-2.447230492432271021e+01
-6.120215862502660364e+00
-6.810904590573315431e+00
-4.500000000000001776e+00
-3.456787564073117380e+01
-7.004990368441506909e+00
-4.300000000000000711e+00
-5.433298991615659546e+00
-5.497141247982801104e+01
-4.496088015343160293e+01
-1.410964463065635854e+01
-2.853938448851414122e+01
-1.270741445610003240e+01
-8.576850293493784250e+00
-2.894075908053616430e+01
-8.759032601730286416e+00
-5.987687701787945826e+01
-4.683161800707326705e+01
-4.786583726219548396e+01
-1.453737366305288070e+01
-5.634263246948527204e+00
-8.952259415065322301e+00
-4.468635079227551898e+01
-7.567810541126055668e+00
-9.524479962874156769e+00
-1.722428670002417306e+01
-3.326381446812592912e+01
-6.566964294725650575e+00
-1.855553714310292435e+01
-2.194779309385005917e+01
-6.200000000000001954e+00
-1.240953753170261997e+01
-1.995046528641010397e+01
-3.986349115908933260e+00
-4.747036070253922446e+01
-4.800000000000000711e+00
-3.924214386680289124e+01
-4.858346841577954933e+01
-2.326941743617190994e+01
-3.656412424282494555e+01
-2.269266647548161941e+01
-2.412156222753257140e+01
-2.548317036033546756e+01
-4.889778956947128563e+01
-1.663511772471477812e+01
-3.936184700426331773e+01
-2.976824763294716902e+01
-1.102766161416126067e+02
-2.634729463625526336e+01
-4.799023778203902424e+01
-3.609881232937267015e+01
-4.665162564184078064e+01
-1.301289741177933124e+01
-1.203562744158115549e+01
-2.882676611996665628e+01
-4.393454037469514617e+01
-4.937915427176201888e+01
-1.689945826332357726e+01
-2.276569638690670416e+01
-5.943538134715741705e+01
-2.442717548175129139e+01
-2.909490548175681113e+01
-3.501626165841830840e+01
-2.070653294419125601e+01
-1.809038124656727931e+01
-2.372319199327850825e+01
-4.949001287818148853e+01
-7.890973599007928385e+00
-2.614875978417036251e+01
-4.413110443841007680e+01
-5.745245678794311139e+00
-1.101053995679558142e+02
-4.515222505216059545e+01
-1.804620158935987817e+01
-1.194916696000152889e+01
-5.134572918006869102e+00
-5.019390910586422194e+01
-5.558415025009976063e+01
-5.806703439652648058e+01
-3.596019889474756326e+01
-1.931588919533799498e+01
-1.203016520475408058e+01
-3.800000000000002043e+00
-2.083505510044458475e+01
-2.376800329140612433e+01
-3.513262356289029498e+01
-5.476410858342174492e+01
-3.135042752059752047e+01
-3.034290506672273580e+01
-6.253118901382266337e+00
-5.532843358015752244e+01
-3.743225694386095626e+01
-2.028051341752573933e+01
-4.573228706144480071e+00
-2.070852416444778399e+01
-3.083562238445579595e+01
-1.969507534562274742e+01
-2.747707638730456381e+01
-5.369288282903098342e+00
-3.292373228716004263e+01
-4.725709854332210114e+01
-6.981153469045152882e+00
-5.764218804613854985e+01
-9.607033654585142912e+00
-4.258114094860601995e+01
-9.798893174204140522e+00
-3.800000000000001599e+00
-9.212357289201321464e+00
-4.214611271736719544e+01
-2.082225526190915943e+01
-1.730478805934946607e+01
-4.449935622977014305e+01
-1.213074482661457942e+01
-3.335254562908483678e+01
-2.294648660732163847e+01
-3.777657027655506994e+01
-4.500000000000000888e+00
-8.301919870192863371e+00
-4.100000000000000533e+00
-4.054283252697013040e+01
-6.020294629955801469e+01
-1.253616222277842418e+01
-2.584069053337120536e+01
-1.863682865764744534e+01
-4.674506029709952770e+01
-2.117106831784208865e+01
-2.639180097574960371e+01
-8.182952229807590072e+00
-6.273496474835761560e+00
-1.832819322427929265e+01
-1.570069847577256184e+01
-3.043100123036099003e+00
-4.419782195006672509e+01
-3.477388152949397959e+00
-1.139165641155615916e+01
-1.674432004035323729e+01
-2.412087930577183670e+01
-2.451339730826222763e+01
-1.835053351905713370e+01
-4.000000000000000888e+00
-7.311067981985338804e+00
-3.632885862648247866e+01
-1.614017958702646283e+01
-1.340266960938244978e+01
-4.290624954055463292e+01
-4.232669668276244579e+01
-2.770547392547615573e+01
-2.170630640828932201e+01
-1.450997507022020727e+01
-5.350287670702223863e+01
-2.800000000000001155e+00
-2.013461610868430895e+01
-1.169760578925652084e+01
-3.092978120289861632e+00
-2.606810468820187410e+01
-1.340289490186116872e+01
-5.003234326312504976e+01
-3.671191379046082393e+00
-1.152852112390929307e+01
-5.854790560569856694e+01
-1.406203774089201630e+01
-5.750175280771529884e+01
-2.792978120289861366e+00
-4.519054900647980588e+01
-1.301055388068369645e+01
-2.127502950844646890e+01
-2.192866661361845004e+01
-2.122678492561342622e+01
-1.706463549313118477e+01
-4.369464572733154029e+01
-4.875451170377877474e+01
-4.615491867026919159e+00
-3.132753486580849955e+00
-5.924001533160478772e+01
-1.541773579861354193e+01
-5.410694527652692543e+00
-3.617475118782091670e+01
-1.486751497009066902e+01
-1.173097888723187232e+01
-4.432539986548502675e+00
-2.900000000000001243e+00
-5.400597278851408944e+00
-1.541773579861354193e+01
-3.782361971090932418e+00
-1.197343699016712648e+01
-4.282077035566425849e+01
-7.641543881020825602e+00
-3.814675598603664497e+01
-3.649461081013233610e+01
-5.106497340488668613e+01
-2.571219399452487764e+01
-3.340450113296756118e+00
-1.454575112847719254e+01
-2.127830423185666220e+01
-2.988092597414775398e+01
-3.177461134382009433e+01
-2.692978120289861277e+00
-4.731662532390561893e+00
-2.409586821534278656e+01
-2.094942657529610841e+01
-1.094881722802656299e+02
-1.433923893456020693e+01
-4.453934104664847382e+01
-3.752068992663717850e+00
-2.037431267162312665e+01
-3.181021020688897494e+01
-1.533523217995606380e+01
-7.219392241906991359e+00
-8.491801911926360802e+00
-4.119149206784714856e+00
-8.784091144941237417e+01
-3.367572659123674317e+00
-3.456687424913575057e+01
-1.753082815754220292e+01
-1.719163521311972076e+01
-3.883534473611477722e+01
-1.602049473643559097e+01
-4.542995449125431406e+01
-2.305766990275461836e+01
-3.455594869370665378e+01
-2.164544963555973922e+01
-2.682061064690275032e+01
-9.214796243032702705e+01
-7.862878644646174919e+00
-4.596619786081821957e+01
-4.601146970679613446e+01
-3.206266325471117895e+00
-2.823947367395878416e+01
-2.258730379039569414e+01
-1.544607856297010251e+01
-2.907509089133263114e+00
-2.463811104640367589e+01
-2.158508323388736727e+01
-2.107370001250007974e+01
-1.186482177248373837e+01
-1.081454056342272452e+02
-3.300000000000001599e+00
-1.261772332097577198e+01
-5.454952137063628470e+00
-4.663546125132744180e+01
-8.624479962874154637e+00
-4.432656039116805147e+01
-3.565957447098652011e+01
-2.188590436410339990e+01
-3.453792605606522681e+00
-6.770982013284310597e+00
-1.000034730126778868e+02
-1.153411313873453636e+01
-1.984952557972469833e+01
-5.032242602820345745e+00
-3.030266056631446325e+00
-4.651550849401260734e+01
-5.411688493923751508e+00
-3.276981197217256447e+00
-2.416107044165702789e+01
-1.044809712597509943e+01
-4.086490890958069855e+01
-5.075340215024753299e+00
-1.443946254225359027e+01
-3.695835288347428360e+01
-2.773746446046454750e+01
-5.764812144735292065e+01
-6.591178873446451369e+00
-5.421616187614372251e+01
-4.561563461847221390e+00
-6.103149034715457333e+00
-4.620754516340118556e+01
-3.457362762302024883e+00
-5.490026776169192324e+00
-3.842974638968746603e+01
-3.658135398753683543e+00
-1.713399376668754215e+01
-3.196572285709166295e+01
-1.122427523806736360e+01
-6.865766623372330457e+00
-2.390143185733244380e+01
-5.036587308051223033e+01
-1.154219295902006692e+01
-1.360826994488099828e+01
-5.841911400495659379e+00
-3.194561740495966973e+01
-2.025204561362021494e+01
-3.997069396076662429e+01
-4.028577354355211781e+01
-3.419726298520571195e+00
-3.393095387504350668e+01
-2.089167869015539480e+01
-5.912806013493699453e+01
-1.175346975946176187e+01
-6.658428140883540181e+00
-4.511945427461532176e+01
-3.840661641972418217e+00
-1.768898041984770941e+01
-2.430126274643503592e+01
-1.124812687359753482e+01
-3.932739230147182408e+00
-2.508951117055057622e+01
-2.270871598332668384e+01
-4.263987570485001299e+01
-3.175919536756355299e+00
-1.801248138144411470e+01
-1.918442875471720654e+01
-4.984569214981195273e+01
-5.017372288830610927e+01
-5.274427114775959780e+01
-1.194575797227861180e+01
-2.014331170803197324e+01
-2.749622356616256624e+01
-4.476668262627222816e+01
-1.018474057287395773e+01
-3.177299125735134311e+01
-3.500000000000001776e+00
-4.960222976825538410e+01
-3.006266325471117717e+00
-3.199664681646905251e+01
-5.457840406194491578e+01
-1.313559446139457521e+01
-2.264292387578609933e+01
-2.652748375702831041e+01
-3.100000000000001865e+00
-4.731662532390561893e+00
-1.317220813909179888e+01
-2.877388152949397426e+00
-4.913844794174050890e+01
-4.519338504086072561e+01
-4.464446463103381291e+01
-1.138327566428492510e+01
-1.716084758909590491e+01
-5.651535250156553047e+01
-3.607509089133263291e+00
-3.276981197217256003e+00
-3.575919536756355210e+00
-5.267692339678644942e+01
-1.563712981981791117e+01
-3.568013748513907402e+00
-3.318969011662276092e+00
-3.578211088249022254e+01
-1.479371815713642313e+01
-1.223518784589328590e+01
-1.310554308422957703e+01
-1.084561764623955185e+02
-4.382843205148586208e+01
-1.958593260817937320e+01
-3.288465988112152516e+00
-1.612596861966609296e+01
-3.468013748513907313e+00
-1.094399592989883452e+01
-9.562847529173408745e+00
-1.008474057287395809e+01
-2.814206492515480562e+01
-3.878040804017640841e+00
-2.152937538103594406e+01
-5.619801456275347995e+00
-5.433958010918579618e+01
-4.006780655098109989e+00
-1.866068288722413371e+01
-2.226472299870183846e+01
-1.150454899717056811e+01
-1.670968486522303209e+01
-1.249042986622868412e+01
-4.721841350952956162e+01
-3.500000000000002220e+00
-2.992978120289861543e+00
-5.997732360290007847e+01
-7.771754001304936210e+00
-1.201220129591220065e+01
-2.220455087034858721e+01
-1.354022763127673024e+01
-5.381702608785838038e+01
-3.510582016395134275e+01
-2.429539313988068372e+01
-9.784740572873957376e+00
-2.818132158288156575e+01
-3.213544391716149917e+00
-4.491500497326238417e+01
-4.372898746987606700e+01
-4.562472544222566029e+01
-5.535468711424761068e+01
-4.588606121595941545e+01
-3.398268514932047957e+00
-2.949556513213853037e+01
-5.511404298165436444e+01
-1.632596861966609225e+01
-3.700000000000002398e+00
-3.526890970107832857e+01
-8.539347584057660256e+00
-1.567957267767324225e+01
-1.163097888723187090e+01
-3.387672474828118396e+01
-3.088465988112152338e+00
-1.336991127291380543e+01
-1.263358570240705347e+01
-6.820149835402098404e+00
-8.953095451270012717e+00
-5.601876002377702690e+01
-1.728383813044148454e+01
-3.555210544456070920e+01
-5.338909555789332728e+01
-5.450008661633724927e+01
-3.803716952423185749e+00
-1.546271952395705540e+01
-1.744018626320701415e+01
-4.465649375732334647e+01
-2.028881106078353369e+01
-1.131649377190923822e+01
-3.119584339245678350e+01
-3.657189790338856739e+01
-3.606702138590647166e+01
-3.635563690248884150e+00
-5.291584240783627990e+00
-1.125913961794489992e+01
-4.686301894890553399e+01
-3.930266056631447125e+00
-5.733016369667293333e+00
-4.480543526195599213e+01
-5.339526359509232378e+01
-3.575919536756355654e+00
-1.340266960938244978e+01
-3.187357896547328195e+01
-5.277748343079655058e+01
-5.343432749832492590e+01
-1.693408071298349782e+01
-1.093424252701807262e+02
-5.617517041199561589e+01
-6.569322654749607082e+00
-1.400844488151083489e+01
-1.098113777775712521e+02
-6.817980057065342159e+00
-1.893586446697894132e+01
-9.712855796605511571e+00
-1.096131926745278946e+02
-1.804086915453807904e+01
-2.286784010033525050e+01
-3.462542093018976885e+01
-3.275919536756354944e+00
-2.600000000000000977e+00
-4.990670450378927114e+01
-1.130583229608594387e+01
-1.238561268544205696e+01
-2.261673239929557511e+01
-8.116507001636090735e+00
-1.416722259530437356e+01
-2.200674666409530644e+01
-1.175762240978785478e+01
-1.380070109549108004e+01
-1.051273117849580707e+01
-2.857877156433711008e+01
-4.032357601610929265e+00
-1.813019453403638437e+01
-1.249042986622868412e+01
-3.949184497253757087e+01
-1.090210149970463931e+02
-3.910309501334158000e+01
-1.138151076162451858e+01
-4.650317178145267150e+01
-3.314062065117122202e+00
-4.789261291248537589e+01
-3.105335361234720537e+00
-3.000000000000001332e+00
-9.861181723687128198e+00
-7.329042698671463185e+00
-3.739306447398422328e+00
-3.627061095899324350e+00
-2.061319576693699673e+01
-2.461969008039058338e+01
-1.164219295902006657e+01
-3.733585466605663328e+01
-4.518275735322729503e+01
-5.478166008798085684e+00
-1.223246988866447182e+01
-9.165036956674736501e+00
-3.248331336960005089e+00
-1.123198473741199166e+01
-4.738711095883489577e+01
-4.432569953642115479e+01
-2.603071774546469186e+01
-1.065120227029323274e+01
-1.191316612430198241e+01
-9.861181723687126421e+00
-1.097278867908396904e+01
-5.200276055139204878e+00
-3.000000000000001332e+00
-3.147500570411368770e+00
-5.945258033208765625e+01
-4.378703792262373895e+01
-2.582092411069877969e+01
-2.987693560955007932e+00
-3.256107706916885292e+01
-5.663100824343153050e+01
-1.057829905288794059e+01
-4.263816326062664785e+01
-1.731078880419277510e+01
-2.616787111670765853e+01
-1.175762240978785478e+01
-2.091931342454303078e+01
-1.715721285352778835e+01
-4.315288598919043039e+01
-1.757560544599073893e+01
-5.666123736457980442e+01
-1.062758422136351300e+01
-6.067099042291555833e+00
-1.043764544951580220e+01
-3.000000000000001332e+00
-2.505945561423000356e+01
-5.104549545241369657e+01
-5.328366339554235509e+01
-5.945258033208765625e+01
-1.422951867712946061e+01
-2.267762075878644978e+01
-2.318935781542332464e+01
-1.154100545129174549e+01
-2.900000000000001243e+00
-3.476260993220599715e+01
-4.933016369667292622e+00
-4.805823975103203693e+00
-3.615835288347428644e+01
-1.174219295902006621e+01
-2.483510451601996749e+01
-1.544327807310498102e+01
-9.337901907566994453e+00
-5.433615415165057527e+01
-1.299140182804926269e+01
-1.146098045854245662e+01
-9.421802993947236970e+00
-4.757420313351733654e+01
-4.367392477677492479e+01
-3.545734743945637746e+01
-2.839797418816878150e+01
-3.129068732649569284e+01
-8.659581752369332364e+00
-5.006350115945960511e+01
-2.567677042650770147e+01
-5.908351684708664209e+01
-1.644115980975286817e+01
-1.836258532217271267e+01
-7.124706164247545104e+00
-8.667752960251300820e+00
-8.948182384039743198e+00
-1.678591557842787196e+01
-4.466093021594582524e+01
-3.508825064727696486e+01
-1.126605523605539716e+01
-4.765197522209660264e+01
-5.831012852375744870e+01
-2.476619008913464270e+01
-1.566627645277311842e+01
-1.219157845220841274e+01
-1.477354552472217719e+01
-5.647366940835805593e+01
-1.294557896327899549e+01
-5.433770315892876113e+01
-3.219728182406871753e+01
-4.166417904620032431e+01
-3.057362762302024528e+00
-8.705567538625915702e+00
-2.800000000000001155e+00
-4.891005365827878393e+01
-3.341250910299828902e+00
-4.203811157419268341e+01
-3.494418045059242672e+01
-5.348293562603824824e+01
-5.921266064578996691e+01
-2.185186574231187251e+01
-1.164129035867237505e+01
-1.020205930671786376e+01
-2.019965347480067663e+01
-1.029500715131950273e+01
-3.894086271067814664e+01
-9.082797759047577912e+00
-3.999176417688257157e+00
-2.386047904140728448e+01
-1.155755100051218953e+01
-1.138442580503063084e+01
-1.174965892619165508e+01
-3.557362762302024084e+00
-1.092696539864031458e+01
-5.181869435720349770e+01
-1.656563536355949395e+01
-3.970583065636791531e+01
-1.009257597835844145e+01
-5.791354197526461434e+01
-1.380606413090192497e+01
-5.696102921324236945e+01
-2.400000000000000799e+00
-1.487098879304060262e+01
-4.533182785182945373e+00
-3.804409945291603634e+01
-2.480061377353478491e+01
-1.003764544951580362e+01
-1.066615593085955815e+01
-1.756235737665711483e+01
-1.003764544951580362e+01
-2.506516835244994468e+01
-8.538899105955396251e+00
-1.627336848831635052e+01
-1.142797344591430431e+01
-1.220488506035394316e+01
-4.555647117015675462e+01
-4.884087718340748552e+01
-4.075054849934419465e+00
-4.872865191018517805e+01
-5.470025583579987583e+00
-1.829753769444273104e+01
-1.422700115863333892e+01
-1.000369842791360853e+01
-1.350200246827471950e+01
-2.129879620800929985e+01
-1.180475938650030265e+01
-1.104485777147458521e+02
-5.371187224935214388e+00
-4.605823975103204404e+00
-4.535522115434817181e+01
-3.605335361234720981e+00
-2.974375688368880333e+01
-1.414812826676064184e+01
-1.008534323863449522e+01
-7.565881343268588743e+00
-1.158741081160873243e+01
-1.084022742932409678e+01
-5.318013800654664891e+00
-1.057385857485457414e+01
-1.031181182229945215e+01
-1.198294411563712636e+01
-4.169756295866165630e+01
-1.732152117994554175e+01
-2.982262977556149863e+01
-2.331480970280946252e+01
-1.085135666178488378e+01
-1.161950663438457276e+01
-2.413808701420402869e+01
-4.080109575612893025e+01
-4.328592485653784649e+01
-2.900000000000001243e+00
-9.734867198834839641e+00
-1.150196788558205974e+01
-2.559198082565815469e+01
-1.197207974966634403e+01
-4.030266056631446325e+00
-3.100000000000001421e+00
-1.287329232665277878e+01
-9.919426992564611467e+00
-4.230266056631445615e+00
-3.515307521948176372e+01
-3.738224594526313282e+00
-1.348114751702022218e+01
-8.881900075760668756e+00
-2.901248378995839872e+01
-1.132748354788247447e+01
-4.259619625872324633e+01
-5.489605529978850740e+01
-4.379897950241129223e+01
-6.676139962648771409e+00
-4.651572615064763028e+01
-7.553308198695185105e+00
-5.039015244814531513e+01
-6.164899280713511232e+00
-1.616130928553452151e+01
-3.840980676042678255e+01
-2.845984640267525290e+00
-2.416011243969684230e+01
-1.136795213571131313e+01
-1.102053466966523700e+02
-5.329624955159778743e+00
-4.975892980564220380e+01
-4.838976155721402250e+01
-1.799397564445571618e+01
-5.277350020768378158e+01
-5.618013800654663825e+00
-3.660208468151079142e+00
-5.138237309937584740e+01
-4.430733343044585126e+01
-3.132572826484836881e+01
-1.007212429212549765e+01
-1.643037090624264351e+01
-1.178697881000987202e+01
-3.900000000000001688e+00
-3.132114148231100259e+01
-1.486412955322895257e+01
-1.797145190490489242e+01
-3.830266056631446592e+00
-1.063138338680446715e+01
-4.015386596566067112e+01
-2.877388152949397426e+00
-1.672776830081967248e+01
-3.156117911888717043e+00
-1.098409290036556563e+01
-4.878419235275443100e+01
-3.510724342675607801e+01
-3.909924733008122644e+01
-7.008344915140854781e+00
-1.149175713302617829e+01
-6.255143324494683021e+00
-6.398994614537091508e+00
-5.696677202309565757e+01
-4.479132090612436912e+01
-6.841652300093741701e+00
-3.157047871123559890e+00
-4.048276937035464762e+00
-1.313749678894938455e+01
-1.400413372129485090e+01
-1.094665517712967251e+01
-8.939590820194762699e+00
-3.560208468151079053e+00
-1.289435834123625213e+01
-1.222980319224254764e+01
-5.232979380231830291e+00
-4.366494607962199836e+01
-2.974375688368880333e+01
-5.032242602820345745e+00
-9.228677383427157821e+00
-5.806326267538183927e+00
-4.546847919958447193e+01
-3.100000000000001421e+00
-4.031464461723722081e+01
-5.247345275277145760e+01
-2.505070615171658588e+01
-9.526963539255641322e+00
-4.017553429716897995e+01
-9.861105929534680570e+00
-3.218969011662276003e+00
-2.900000000000001243e+00
-4.221716237539276939e+00
-3.600000000000001865e+00
-3.660208468151079142e+00
-9.857685830108630753e+00
-1.076931680835144967e+01
-1.102927037688316325e+01
-1.003764544951580362e+01
-5.544462483778295336e+01
-1.817948899554872355e+01
-7.339173789083795363e+00
-1.114493778127166834e+01
-1.030369842791360924e+01
-1.096615209148742309e+02
-5.633129601415575394e+00
-3.020926418147549253e+00
-5.115084716147669042e+01
-5.232890337924274604e+00
-3.384665630764154276e+00
-1.197978245431767341e+01
-8.944193506760020895e+00
-1.455035317304757392e+01
-4.469006348517531535e+01
-1.378123645442832235e+01
-1.114493778127166834e+01
-1.095499569568531797e+02
-1.119594880436588547e+01
-2.435543556839856194e+01
-4.811124945565983779e+01
-5.440648462442803535e+00
-3.763804578218918451e+00
-3.167778987713359129e+01
-4.949463772605006362e+00
-3.521716237539278094e+00
-4.487943738003267669e+01
-2.992978120289861543e+00
-2.145329822022119615e+01
-4.425558771257033897e+01
-1.431965490443040601e+01
-4.371901779420362288e+01
-6.229624955159775546e+00
-1.010369842791360817e+01
-8.195308827841202515e+00
-1.964664302411127039e+01
-1.184772281181913556e+01
-3.119260299904983214e+00
-4.506191132901171414e+01
-2.974375688368880333e+01
-5.059615450133660630e+01
-1.324561083106998716e+01
-5.529624955159778921e+00
-1.880756792422986123e+01
-1.020369842791360959e+01
-3.020926418147549253e+00
-6.204922332155699394e+01
-1.125913961794489992e+01
-2.466956997800994600e+01
-2.913310827299643968e+00
-1.072927037688316254e+01
-5.218364092459444947e+01
-3.038483425210461064e+01
-1.864839509473436152e+01
-1.153440675888315958e+01
-5.310227257571916226e+01
-5.119502071351934802e+01
-2.968854836645795814e+01
-5.647798612651459216e+00
-1.382823632833760641e+01
-5.119774415792721101e+01
-5.318013800654664891e+00
-1.704329733992219076e+01
-3.452068992663717584e+00
-2.900000000000001243e+00
-1.114493778127166834e+01
-4.786624348664202699e+01
-8.155759830457526505e+00
-8.105388969960937828e+00
-9.361181723687126421e+00
-3.020926418147548809e+00
-1.092225392876984991e+01
-4.817306444383651609e+01
-4.817306444383651609e+01
-6.418035738903401288e+00
-1.420294740500356845e+01
-3.013310827299644057e+00
-4.505823975103204759e+00
-3.376789803474164575e+00
-2.416960604061560147e+01
-3.835113901302221961e+01
-2.227747936269111406e+01
-5.105823975103204404e+00
-4.371069766194985817e+01
-3.500490118903559278e+01
-3.006987379716219433e+00
-1.187207974966634438e+01
-5.250074010448622630e+01
-4.913941140694773679e+01
-1.401118368768052314e+01
-1.679389295118906844e+01
-1.125913961794489992e+01
-2.649835180953609282e+01
-3.979042527709268917e+00
-2.117914120278468459e+01
-4.534572918006870346e+00
-3.300000000000002043e+00
-2.900000000000001243e+00
-2.541490235958843158e+01
-5.347981949244461575e+00
-3.771208066885894272e+00
-2.538133490657556024e+01
-1.484575374501748080e+01
-1.114493778127166834e+01
-3.372509639245832602e+01
-5.368571989094312613e+01
-2.088668188732659914e+01
-4.980804799330896770e+01
-3.671208066885894183e+00
-1.033764544951580255e+01
-5.388290440233841849e+01
-7.695995394494614672e+00
-2.173239721317581541e+01
-3.106987379716219522e+00
-2.972868309546069199e+01
-1.864839509473436152e+01
-1.175762240978785478e+01
-3.818969011662276092e+00
-5.867672739186011732e+00
-4.422519091812022651e+01
-3.384665630764154276e+00
-5.357414518582754681e+01
-3.133568834903676770e+00
-1.154219295902006692e+01
-2.210818137428961450e+01
-5.032242602820345745e+00
-1.093055612574361390e+02
-2.027395081009714772e+01
-1.057852769817904282e+01
-4.142358594585144260e+01
-1.114493778127166834e+01
-3.156117911888717043e+00
-5.034339553694663039e+01
-2.974375688368880333e+01
-3.340661641972418217e+00
-3.296202062492256601e+01
-2.116034713902272202e+01
-1.114493778127166834e+01
-3.156901185571316759e+01
-2.282538917298699843e+01
-3.106987379716219522e+00
-3.013310827299644057e+00
-5.038823921029845820e+01
-3.340661641972418217e+00
-1.894839509473436578e+01
-1.124493778127166799e+01
-5.969610750583973058e+00
-1.736355606839883237e+01
-5.871712202360649258e+01
-4.651608433185246838e+01
-4.507391950893174482e+01
-9.155369245026609093e+00
-2.405580077185714671e+01
-3.184055979011819204e+01
-2.649835180953609282e+01
-9.669417027657200236e+00
-5.229624955159778210e+00
-3.000000000000001332e+00
-4.099254977358451413e+01
-3.419729226801712940e+01
-5.474603839758665913e+01
-1.161008727600238721e+01
-5.448907524938225322e+01
-5.318013800654664891e+00
-3.518969011662275825e+00
-2.311673239929557866e+01
-2.951747442479363670e+01
-3.992816970297167867e+00
-1.902413692568658377e+01
-4.221380322701414833e+00
-4.341795940370497675e+01
-3.145103686201118975e+01
-5.332890337924274249e+00
-5.032242602820345745e+00
-2.204411899161730659e+01
-5.189796849005732327e+01
-4.378462605704543620e+01
-3.092978120289862076e+00
-1.706971612031970054e+01
-4.797397611805999418e+01
-3.742550451837349357e+01
-4.260438220228435569e+01
-3.630266056631446858e+00
-1.484104227514702501e+01
-1.418837383704017441e+01
-3.492816970297167867e+00
-4.354600454565696310e+01
-5.410286690749291694e+00
-3.356631764593696943e+01
-5.844354780700831498e+01
-3.549344379556217177e+01
-3.742550451837349357e+01
-4.788290338386093481e+01
-3.548385816818526450e+01
-2.169807127261869084e+01
-4.825048123639647457e+01
-1.278629739112199282e+01
-3.431111370399887672e+00
-4.181219629135821236e+00
-8.774057457864707033e+00
-4.486052947048969841e+00
-2.399698326419097327e+01
-1.541361848987904359e+01
-8.318694840655004086e+00
-4.473437373078080981e+01
-1.709666699740557050e+01
-3.921728080083608514e+00
-6.741652300093741168e+00
-9.584740572873956310e+00
-2.667046258168678818e+01
-1.913145924495048433e+01
-3.133568834903676770e+00
-1.263319454521125351e+01
-1.057488853787267402e+01
-4.876362213649499466e+01
-5.114103383409604930e+01
-4.861308093899520344e+01
-3.449180435168601733e+00
-4.505823975103204759e+00
-1.163568535900973089e+01
-1.116769136445291188e+01
-1.042846757144752701e+01
-3.185958518704970288e+01
-3.300000000000001599e+00
-9.961181723687127842e+00
-4.493316742096670424e+01
-5.760399752051007027e+01
-4.949538497584038410e+00
-5.147981949244462285e+00
-1.660670719995495759e+01
-5.481233451902944864e+00
-4.234572918006870523e+00
-5.550760474647043452e+01
-5.386763538911944948e+01
-5.466968996190708197e+00
-1.395690643434864775e+01
-3.730607970935000139e+01
-2.940661641972417861e+00
-1.873627066376510086e+01
-4.007011057221338746e+01
-3.800512976898004780e+01
-1.430061234598830744e+01
-1.059146653373600344e+01
-1.602021058421157207e+01
-4.669070016416704050e+01
-3.133568834903676770e+00
-1.733082815754220363e+01
-1.834839509473436081e+01
-1.154219295902006692e+01
-1.059146653373600344e+01
-1.067084117640362884e+01
-1.984952557972469833e+01
-1.114493778127166834e+01
-1.634452803900612849e+01
-4.964914286501759477e+01
-1.364997876876698690e+01
-3.156117911888717043e+00
-4.149538497584038588e+00
-5.474249527174402630e+01
-2.116034713902272202e+01
-3.875919536756355477e+00
-1.393724495411698072e+01
-9.561181723687127487e+00
-1.344014904811035294e+01
-5.276831350240572149e+00
-5.362834296316725258e+00
-5.129159343812769833e+01
-2.900000000000001243e+00
-6.741652300093741168e+00
-8.860080714897071275e+00
-6.748709603382653022e+00
-1.118718234418270008e+01
-2.028889305945173049e+01
-4.163276751271230580e+01
-2.302804012167712600e+01
-3.100000000000001865e+00
-1.114493778127166834e+01
-3.352068992663717939e+00
-4.246430542709931188e+01
-8.624479962874154637e+00
-6.741652300093741168e+00
-1.894186343589046118e+01
-1.092730196286848212e+02
-3.375456354468357567e+00
-3.108794705990294460e+01
-3.656234380282705132e+01
-1.839560837483786671e+01
-2.900000000000001243e+00
-4.260470407576556084e+01
-5.533016369667292267e+00
-4.361563461847221213e+00
-2.642293478087302105e+01
-5.258757353940369939e+01
-1.830044751393494806e+01
-2.992978120289861543e+00
-1.329967908475616589e+01
-2.900000000000001243e+00
-1.258567567069251503e+01
-1.286668869178961572e+01
-1.097254180862747432e+02
-5.227478266646404137e+01
-1.059146653373600344e+01
-1.109819508853006553e+01
-2.900000000000001243e+00
-2.222388439974375984e+01
-2.681130212585033235e+01
-3.020926418147549253e+00
-2.992978120289861543e+00
-5.951172105104473786e+01
-4.363156772736432032e+01
-5.021856230059758275e+01
-8.869748426545198683e+00
-4.476465018935432028e+01
-1.295183469305121093e+01
-1.154219295902006692e+01
-1.955753170804648988e+01
-5.100441809833784390e+01
-2.416960604061560147e+01
-1.125913961794489992e+01
-4.415640769819162870e+01
-2.406296286779868865e+01
-4.361563461847221213e+00
-4.689161636878957928e+00
-2.513519861774155828e+01
-1.884049251986862217e+01
-1.214973291068145578e+01
-5.691124772070047300e+00
-4.361563461847221213e+00
-8.624479962874154637e+00
-5.448878839106146188e+01
-1.169782673858168742e+01
-3.030266056631446325e+00
-4.131032696813594640e+01
-1.105159383349855240e+01
-8.624479962874154637e+00
-3.020926418147549253e+00
-1.880682780939030607e+01
-7.533269709529621494e+00
-1.846557157691798068e+01
-1.913011100262493258e+01
-3.705734992791948201e+01
-1.397609825370227199e+01
-1.743086884359392030e+01
-5.204298640014878430e+01
-5.032242602820345745e+00
-5.427968173159953125e+01
-2.271673239929557653e+01
-5.324427622787457182e+01
-1.602596861966609509e+01
-3.100000000000001421e+00
-4.149538497584038588e+00
-5.303980162975950208e+01
-5.861709079408394274e+01
-1.069401484927737656e+01
-1.187207974966634438e+01
-3.492978120289861543e+00
-5.653469880490983002e+01
-1.984952557972469833e+01
-2.604034045325280644e+01
-4.658886712345921666e+00
-1.327887457250300862e+01
-2.536033393924141777e+01
-2.974375688368880333e+01
-1.340266960938244978e+01
-4.958886712345920600e+00
-3.030266056631446325e+00
-2.116034713902272202e+01
-6.741652300093741168e+00
-1.867818588975742955e+01
-2.900000000000001243e+00
-2.416960604061560147e+01
-1.873726517937874192e+01
-9.484740572873956665e+00
-1.194973291068145649e+01
-2.649835180953609282e+01
-4.887807641643313872e+01
-4.946121345618764309e+01
-3.809301558299219437e+01
-3.267529359141764189e+01
-3.052068992663717673e+00
-5.530087638079349688e+01
-1.055694328753130229e+01
-3.156117911888717043e+00
-5.062302488149414614e+01
-5.867672739186011732e+00
-1.149983752730010345e+01
-2.420067907054927048e+01
-4.363928639731565085e+00
-3.075919536756355210e+00
-1.612596861966609296e+01
-1.665024460192118738e+01
-2.527071157783395350e+01
-1.984952557972469833e+01
-5.789209987129636659e+01
-2.974375688368880333e+01
-1.636712270204034425e+01
-3.536123536205256102e+01
-5.032242602820345745e+00
-4.718768517609053958e+01
-4.287882039349934615e+01
-5.125772900008813338e+01
-3.615835288347428644e+01
-3.215616060443779123e+00
-1.834839509473436081e+01
-2.508906496173088030e+01
-2.011327832362464108e+01
-9.361181723687126421e+00
-5.011688493923751153e+00
-4.870882933022378580e+01
-2.116034713902272202e+01
-3.779332169546988496e+01
-1.187207974966634438e+01
-4.149538497584038588e+00
-4.028966616381385535e+01
-3.075919536756355210e+00
-4.881071775088401665e+01
-3.157704348639208192e+01
-5.114103383409604930e+01
-5.867672739186011732e+00
-1.128746598441785665e+01
-1.154698926413207616e+01
-1.531954982445618008e+01
-1.903761691954056445e+01
-2.489757943887136804e+01
-4.911688493923751508e+00
-4.149538497584038588e+00
-1.448676254889023163e+01
-4.995036047239778298e+01
-1.114493778127166834e+01
-1.256539167699510884e+01
-6.672511724642172126e+00
-6.163755687217512325e+00
-3.220926418147548986e+00
-1.830415837760012465e+01
-1.214973291068145578e+01
-3.133568834903676770e+00
-2.705793941060885643e+01
-2.476171276068302163e+01
-3.005866907447338576e+01
-1.658701356387197379e+01
-1.340266960938244978e+01
-2.160156614864609992e+01
-5.050840006710285479e+01
-1.717872920054009356e+01
-1.119782673858168742e+01
-1.247255447788475102e+01
-1.003764544951580362e+01
-2.251673239929557369e+01
-4.125006321953351573e+01
-5.263233071882869041e+00
-3.013310827299644057e+00
-3.200000000000001954e+00
-1.010369842791360817e+01
-2.818145088648141794e+01
-1.873726517937874192e+01
-4.022162865483804239e+01
-1.061273117849580672e+01
-3.267529359141764189e+01
-3.430266056631446681e+00
-4.561563461847221390e+00
-3.600000000000002309e+00
-3.306987379716220143e+00
-1.081273117849580778e+01
-4.911688493923751508e+00
-5.867672739186011732e+00
-7.424319368642331440e+00
-5.255225715988258273e+00
-4.313483130559356482e+01
-1.119782673858168742e+01
-3.636633101704041593e+01
-6.741652300093741168e+00
-1.621614969852563348e+01
-1.049704946306746933e+01
-1.984952557972469833e+01
-3.347285160320528696e+00
-1.882558068469544921e+01
-3.617025114643418249e+01
-5.867672739186011732e+00
-5.345085888743228253e+01
-2.400586268115845812e+01
-3.267529359141764189e+01
-5.748422291329039524e+01
-2.140156614864610063e+01
-5.108814860109598754e+01
-9.361181723687126421e+00
-1.003764544951580362e+01
-1.294516757692016640e+01
-1.119782673858168742e+01
-2.489757943887136804e+01
-1.718122889489940164e+01
-1.545308434976336187e+01
-5.867672739186011732e+00
-2.796094357865827007e+01
-1.114493778127166834e+01
-9.142732329660249846e+00
-1.092486090219002079e+02
-5.048612909685529360e+01
-2.974375688368880333e+01
-5.433720680419838800e+00
-3.000000000000001332e+00
-2.940661641972417861e+00
-1.114493778127166834e+01
-2.839020567341975010e+01
-2.900000000000001243e+00
-2.900000000000001243e+00
-2.900000000000001243e+00
-1.067084117640362884e+01
-8.624479962874154637e+00
-5.547981949244460864e+00
-2.034350705599456433e+01
-4.405011769888676554e+01
-2.005699696699019796e+01
-1.003764544951580362e+01
-2.940661641972417861e+00
-4.886263005230910039e+01
-3.837978396670932568e+01
-3.620731150176035129e+01
-1.119476817491960077e+02
-1.244219295902006728e+01
-3.615835288347428644e+01
-4.369864038015906971e+01
-2.900000000000001243e+00
-8.624479962874154637e+00
-3.675919536756355299e+00
-5.342849630115559023e+00
-2.116034713902272202e+01
-2.900000000000001243e+00
-1.896900764988864552e+01
-1.187207974966634438e+01
-4.316800796151977693e+01
-5.046677063282422893e+01
-3.430266056631447125e+00
-5.802682080406505349e+01
-4.428882712263377819e+00
-2.537011655110941177e+01
-2.900000000000001243e+00
-5.675729894245246498e+01
-4.379093483864990333e+01
-1.881039238516971324e+01
-4.169780292399448030e+01
-3.020926418147549253e+00
-6.741652300093741168e+00
-3.636633101704041593e+01
-3.774144443286415651e+01
-4.451000904868639196e+01
-2.251673239929557369e+01
-1.885383941329324742e+01
-1.153440675888315958e+01
-2.340078494468845349e+01
-5.205308748721874323e+00
-1.134470472983730538e+01
-1.105530575172161001e+01
-5.866479902653859568e+01
-2.900000000000001243e+00
-3.013310827299644057e+00
-1.474910817054526468e+01
-1.294516757692016640e+01
-4.276948503239919575e+01
-1.722928229681708245e+01
-5.391990755933684376e+00
-5.032242602820345745e+00
-2.900000000000001243e+00
-1.713399376668754215e+01
-1.114493778127166834e+01
-4.451000904868639196e+01
-3.821185096627224720e+00
-4.100000000000001421e+00
-1.853328403027013138e+01
-1.862685760925005596e+01
-2.649835180953609282e+01
-4.149538497584038588e+00
-1.873726517937874192e+01
-2.167687020779135665e+01
-1.237131011125988422e+01
-2.152140458093041175e+01
-1.235237107646508470e+01
-3.678817414385234130e+00
-4.427213840918406085e+00
-3.400000000000002132e+00
-1.481341543756245294e+01
-4.856877793800369858e+01
-4.647845672024735109e+01
-5.068518881248273544e+01
-3.200000000000001954e+00
-2.649835180953609282e+01
-1.113570874728364046e+01
-3.980812727725428157e+00
-2.649835180953609282e+01
-1.051264052327676346e+01
-3.100000000000001421e+00
-2.033030686225972161e+01
-5.307733912662506270e+01
-1.187207974966634438e+01
-9.542802035367948577e+00
-1.451389219818362619e+01
-3.267529359141764189e+01
-5.629277994494879422e+00
-1.890072467352158014e+01
-4.687723873013721843e+00
-5.417556855559370632e+01
-1.139782673858168849e+01
-3.652068992663717761e+00
-1.705642285187121843e+01
-1.457957489554089037e+01
-1.147129941444737433e+01
-5.793123879952228350e+01
-1.187207974966634438e+01
-2.940661641972417861e+00
-1.082935066714430761e+01
-4.457102073888700744e+01
-1.853328403027013138e+01
-5.928175392166399860e+01
-2.488820272206776707e+01
-4.389371600592584599e+01
-5.549461599682037161e+01
-1.089847784091339378e+02
-2.024952557972469691e+01
-3.267836549695002901e+01
-4.425294689263614600e+01
-4.781139136010033752e+01
-2.770884258288147350e+01
-4.128882712263378885e+00
-2.983939613402353075e+01
-8.624479962874154637e+00
-4.505823975103204759e+00
-1.853328403027013138e+01
-3.220926418147548986e+00
-2.281922604561346191e+01
-2.988751932821838508e+01
-4.349538497584038765e+00
-2.900000000000001243e+00
-1.599830622836434380e+01
-3.267529359141764189e+01
-3.100000000000000977e+00
-1.406442427686269170e+01
-4.561563461847221390e+00
-1.590622854086695881e+01
-1.686929411943500767e+01
-5.867672739186011732e+00
-2.940661641972417861e+00
-5.441760719934605817e+01
-1.890072467352158014e+01
-1.044450100300140782e+01
-5.011688493923751153e+00
-3.267529359141764189e+01
-2.292211784277233377e+01
-1.715775166161695964e+01
-1.134470472983730538e+01
-1.938947052178306052e+01
-2.485333476059042468e+01
-4.387023617668900499e+01
-2.945402664253932912e+01
-1.251266868266961296e+01
-2.132022233505903230e+01
-9.488411989073004094e+00
-1.463685624322253709e+01
-1.883301529448863576e+01
-4.451000904868639196e+01
-2.335611180661824093e+01
-4.658886712345921666e+00
-1.193070079579754506e+01
-5.855523137767505659e+01
-4.103299546801120634e+00
-2.443933196339035874e+01
-6.008853997630786381e+01
-4.361563461847221213e+00
-4.999062568633586778e+01
-3.030266056631446325e+00
-4.457959006337436847e+01
-3.200000000000001954e+00
-1.283000848100496327e+01
-1.982227578018298786e+01
-1.207207974966634367e+01
-5.111688493923750798e+00
-3.200000000000001510e+00
-1.728813461901629012e+01
-2.649835180953609282e+01
-5.542849630115560089e+00
-3.600000000000002309e+00
-1.853328403027013138e+01
-2.410115121128799842e+01
-4.361563461847221213e+00
-1.139782673858168849e+01
-1.340266960938244978e+01
-2.649171730728587448e+01
-3.790563295759049822e+01
-1.637854523022622288e+01
-1.476328545128394509e+01
-2.404687920288845504e+01
-3.205056424846948637e+00
-4.298605310945276159e+01
-2.665362801363930245e+01
-3.985747277718282788e+01
-4.055496998280614385e+00
-4.449538497584039298e+00
-1.109819508853006553e+01
-1.683408071298349640e+01
-5.381029613887079677e+01
-5.564553663626413282e+01
-3.649461081013233610e+01
-7.177627928498280241e+00
-2.404687920288845504e+01
-1.569830622836434486e+01
-5.949030275874846296e+01
-3.649062332423804733e+00
-4.450904039933523393e+01
-5.166557242970157660e+01
-3.100000000000001421e+00
-9.004890929015529011e+00
-2.838246762389845657e+01
-2.101195477441050130e+01
-1.646223999994410647e+01
-3.975919536756355122e+00
-8.972271162462041261e+00
-2.434150740314370154e+01
-1.985637995199006411e+01
-2.000937017007226615e+01
-3.536796217175170565e+00
-2.095819794734598673e+01
-5.324108554141306371e+01
-1.169782673858168742e+01
-3.787017385698244976e+00
-1.340756065701971700e+01
-1.428027721917751158e+01
-2.990558915835846321e+01
-1.420767639966149076e+01
-4.979775020458361467e+01
-3.056217350021323043e+01
-1.739063791799238601e+01
-2.013827938234850023e+01
-2.075819794734598744e+01
-1.957083003974158331e+01
-1.183112065300735694e+01
-1.129782673858168884e+01
-4.389271085721141219e+01
-7.768826878882912901e+00
-8.954937055438472626e+00
-1.184973291068145507e+01
-3.818969011662276092e+00
-1.923228732805057817e+01
-4.307570120564886196e+01
-1.590828747420619038e+01
-2.004706292575828286e+01
-5.529277994494879778e+00
-4.861563461847221213e+00
-2.053422307020771953e+01
-5.724739688796310588e+01
-5.011843239088869417e+00
-6.036259362078737922e+01
-1.513867279562664514e+01
-3.500000000000001776e+00
-3.605835288347428502e+01
-1.143957160897778103e+01
-3.983954440534861874e+01
-4.212216843423058243e+00
-1.402690535544260975e+01
-1.139782673858168849e+01
-3.158406072382287988e+01
-3.623118786599851759e+00
-1.854202491021801080e+01
-3.968229072153083337e+01
-2.054350705599456361e+01
-1.601302841680211841e+01
-5.389893666754327484e+01
-1.481341543756245294e+01
-3.600000000000001865e+00
-3.206775266081488951e+01
-1.481341543756245294e+01
-3.623118786599851759e+00
-1.423899292787842441e+01
-5.871651498484739307e+01
-4.344968211444679440e+01
-2.257910261817611897e+01
-4.273984963984777607e+01
-5.039348885985076976e+01
-3.320932004128013482e+00
-2.991161703121413495e+01
-1.184973291068145507e+01
-6.841652300093741701e+00
-3.156117911888717043e+00
-2.404687920288845504e+01
-3.006987379716219433e+00
-5.463757032949049375e+01
-3.195076082593226374e+01
-2.363951243568464378e+01
-1.153025158320218679e+01
-4.361563461847221213e+00
-1.184973291068145507e+01
-1.334115214480702427e+01
-2.023384322572167804e+01
-4.858886712345920955e+00
-3.498549087413437775e+01
-1.874696247883516165e+01
-7.569180700792037975e+00
-9.066942716957393955e+00
-1.401118368768052314e+01
-2.940661641972417861e+00
-5.839155797932520819e+00
-3.707047371504994970e+00
-3.500000000000002220e+00
-3.484476262704454985e+00
-3.099253170044404015e+01
-2.081959059593780736e+01
-1.292467520887415056e+01
-3.730266056631446947e+00
-1.238561268544205696e+01
-1.811671413342025971e+01
-5.824942283503961704e+01
-4.697656009712026304e+01
-1.999459784794967732e+01
-1.214269676306432011e+01
-4.627912811644037561e+01
-4.427925063912706349e+01
-5.078340818579051330e+01
-1.999459784794967732e+01
-3.675919536756355299e+00
-4.480018360308427816e+01
-5.250906968362285454e+01
-4.127696078600005336e+01
-4.834572918006870168e+00
-4.285597502606456999e+01
-3.646633101704041735e+01
-1.022429237987338269e+01
-1.109819508853006553e+01
-1.370786705811559791e+01
-4.931926493631743114e+01
-1.019976783228718631e+01
-2.839020567341975010e+01
-1.136153092430106604e+01
-1.453709460911351314e+01
-4.300000000000000711e+00
-2.036186437549826422e+01
-1.132118700234752993e+02
-9.123074173845024504e+00
-1.488927313118754192e+01
-2.968854836645795814e+01
-1.473733843955661804e+01
-1.151408494512337910e+01
-1.075456855421768942e+01
-3.747234079756433633e+00
-2.503301013184801960e+01
-3.701256100424720419e+00
-3.755703509535115892e+00
-3.342615931727012679e+01
-5.931750825797362836e+01
-5.931750825797362836e+01
-1.142699976547023333e+01
-7.038797998533193656e+00
-5.947981949244459443e+00
-1.798110290228068564e+01
-3.200000000000001510e+00
-1.358138534182490531e+01
-4.842352782342396722e+01
-5.347981949244461575e+00
-5.005823975103203871e+00
-5.361765674086371547e+01
-1.058420041569907610e+01
-3.829595915375904269e+01
-4.198474604498925089e+01
-1.666224078157731725e+01
-1.343637524903333258e+01
-6.862521730035116008e+00
-2.095324891468459683e+01
-3.635835288347428218e+01
-2.164274422806121123e+01
-5.707581595029981969e+00
-5.062544816179686080e+01
-1.164588851845679329e+01
-1.869390074551247594e+01
-4.530134909537928678e+01
-1.302710962559352836e+01
-2.054350705599456361e+01
-4.302164762568118306e+01
-5.387830614500774118e+01
-5.524827510091237315e+01
-1.912399980197294269e+01
-5.030442279985916798e+01
-1.071491280311153460e+01
-3.428152344184520928e+01
-5.410286690749291694e+00
-2.459580279018831561e+01
-3.717559233964404086e+01
-3.979162829895984288e+01
-5.457840046494984776e+00
-4.461563461847221745e+00
-1.488927313118754192e+01
-4.291959804058847538e+01
-5.895595584975284353e+00
-1.606221726237781766e+01
-1.728252804942465914e+01
-1.864305820553800430e+01
-5.687723873013719178e+00
-4.708384709246184485e+01
-4.291214481140607440e+00
-4.486309818959765039e+01
-5.089321049811838193e+00
-1.380934675109363674e+01
-5.802225298398172271e+01
-4.291214481140607440e+00
-4.369462768014932408e+01
-1.981524168723336388e+01
-1.506216284693194929e+01
-3.278817414385233775e+00
-7.844505263816427210e+00
-9.712542679796561274e+00
-5.767036502724627667e+01
-2.900000000000001243e+00
-5.213264533047765781e+01
-2.226385425972474863e+01
-4.505823975103204759e+00
-1.599830622836434380e+01
-3.400000000000001688e+00
-1.482087814733858266e+01
-5.590817565138077327e+01
-3.353398276390981092e+00
-3.523118786599852115e+00
-2.360907234261217980e+01
-1.663932714963639370e+01
-8.842504149034837724e+00
-1.678252804942465204e+01
-1.844466468565304496e+01
-5.042489802681046029e+01
-2.260030420513363225e+01
-3.328497666389377230e+01
-1.132013707548171944e+01
-3.300000000000002043e+00
-2.444242632048857899e+01
-1.383714359895912871e+01
-3.200000000000001954e+00
-1.760053593452834164e+01
-4.366641403667268406e+01
-3.408923142155194874e+00
-1.401118368768052314e+01
-5.297836439257178398e+00
-3.901256100424720596e+00
-3.153398276390980470e+00
-4.845842199210170520e+01
-2.223459661415719779e+01
-2.140482965574574337e+01
-2.063879558612410747e+01
-6.015171763919110681e+00
-3.244633884515179290e+01
-3.278817414385233775e+00
-3.200000000000001510e+00
-4.275050648110219242e+01
-3.353398276390980648e+00
-5.011688493923751153e+00
-5.823389537278517736e+01
-5.707581595029981969e+00
-1.318405498400876397e+01
-4.993653150449537748e+01
-3.100000000000001421e+00
-5.772966050044314557e+01
-6.738183333772322037e+00
-3.500000000000001332e+00
-1.391689585139409679e+01
-9.981850816819338945e+00
-1.558162187579014102e+01
-3.200000000000001954e+00
-1.862685760925005596e+01
-2.900000000000001243e+00
-1.149161834644387881e+02
-4.320212894799058034e+01
-1.109819508853006553e+01
-4.362261850948905106e+01
-3.200000000000001954e+00
-3.318969011662276092e+00
-3.420926418147549608e+00
-2.649171730728587448e+01
-3.900000000000002132e+00
-1.873587525025931555e+01
-1.333637524903333293e+01
-5.857393628367204741e+01
-1.418284577514232403e+01
-6.993969057516000731e+00
-5.457840046494984776e+00
-1.750524740439880844e+01
-3.100000000000001421e+00
-1.165686947487263048e+01
-5.619445269087489692e+01
-3.536796217175170565e+00
-1.096279148387634805e+01
-2.237245275998283134e+01
-4.611843239088869950e+00
-8.709357621038817499e+00
-3.724088209678669870e+01
-3.400000000000002132e+00
-5.978903529130815464e+00
-1.087618035429401289e+02
-2.190770030449064620e+01
-3.484665630764154365e+00
-1.785821535105915103e+01
-7.566809971959123082e+00
-1.451587955815297981e+01
-1.099857696809794021e+02
-5.978903529130815464e+00
-1.613503189666339921e+01
-5.978903529130815464e+00
-5.806967909940487971e+01
-1.783910508593966782e+01
-1.315855454917092260e+01
-1.445229845641981470e+01
-3.718969011662276447e+00
-2.486276410384543567e+01
-2.900000000000001243e+00
-1.915512700120542533e+01
-7.388310627969975286e+00
-1.187207974966634438e+01
-1.708594036476986133e+01
-1.162458540561590858e+01
-2.226385425972474863e+01
-4.935042233043709103e+01
-2.991161703121413495e+01
-1.843782472049767662e+01
-3.092978120289861632e+00
-1.489708784755898208e+01
-4.530134909537928678e+01
-4.425929645137615154e+01
-3.000000000000001332e+00
-1.188076787815253965e+01
-2.238485421745341242e+01
-1.096854150409004980e+01
-4.686886254128680207e+00
-3.100000000000001421e+00
-3.594476894530163236e+01
-1.516135679154121263e+01
-1.467845694128173584e+01
-3.908923142155195318e+00
-6.187537937281175182e+00
-2.040640621960218581e+01
-1.112082583975664107e+01
-3.747234079756433633e+00
-1.186364818365788665e+01
-1.430064317194900703e+01
-1.668641227725138165e+01
-5.084656739322174701e+01
-5.455225715988259338e+00
-1.892491147619641012e+01
-1.891241819493208709e+01
-5.037884603487407986e+01
-1.382309696591845061e+01
-7.535043987050935144e+00
-2.079257996012385235e+01
-4.530134909537928678e+01
-3.831111370399887583e+00
-5.455225715988259338e+00
-3.609292129551463546e+01
-1.988047171170993721e+01
-1.546044261803849551e+01
-5.937332430516310211e+01
-2.199160971699145861e+01
-1.215198179643487286e+01
-6.086167324674141454e+00
-8.624479962874154637e+00
-2.116850860563261705e+01
-1.180527723336495072e+01
-3.617369382349532003e+01
-3.518969011662275825e+00
-1.459317179325229574e+01
-1.745642285187122056e+01
-1.288443895220159696e+01
-4.549538497584038943e+00
-2.381250667441202395e+01
-1.488927313118754192e+01
-3.145676988708470390e+01
-3.901256100424720596e+00
-1.904038226948669887e+01
-2.101591347779989860e+01
-1.822330081813698399e+01
-5.292387586483839357e+01
-1.503208224249367575e+01
-1.443081228738411959e+01
-3.399366127560822548e+01
-1.078780787616689452e+01
-1.904568300462479868e+01
-1.747913975926716290e+01
-3.776583119762304364e+01
-4.149538497584038588e+00
-3.300000000000002043e+00
-1.972458379621307856e+01
-1.046042954969066763e+01
-2.414730935660535494e+01
-6.016909869200029348e+00
-4.530134909537928678e+01
-1.115538217974082080e+01
-1.188076787815253965e+01
-5.055225715988258983e+00
-2.802603015272003972e+01
-3.747234079756433633e+00
-3.565608957444343918e+00
-1.745642285187122056e+01
-5.860185515089236219e+01
-5.906326267538183572e+00
-1.609830622836434699e+01
-4.457959006337436847e+01
-2.430284710089290812e+01
-1.481341543756245294e+01
-2.111880527495877047e+01
-3.234546526135220290e+01
-4.352243802269287443e+01
-1.903130753198691494e+01
-1.201772332097577234e+01
-6.881148787894794339e+00
-1.136153092430106604e+01
-1.791719285131457440e+01
-2.432080141672480877e+01
-1.879152413930673404e+01
-1.854016640837913243e+01
-1.186867677561669865e+01
-2.940661641972417861e+00
-7.388310627969975286e+00
-5.324108554141306371e+01
-1.812024091942618043e+01
-7.388310627969975286e+00
-3.706518607532316878e+00
-9.384740572873957021e+00
-3.464934318355926735e+01
-1.476582754513144735e+01
-5.557577784198928228e+00
-3.200000000000001954e+00
-5.906326267538183572e+00
-1.114493778127166834e+01
-5.067253208831030520e+01
-5.747275741906403113e+01
-3.935491261011738118e+01
-4.352243802269287443e+01
-1.152118734754368568e+01
-1.288443895220159696e+01
-1.546044261803849551e+01
-1.322467520887415127e+01
-5.886167324674143941e+00
-1.791719285131457440e+01
-8.624479962874154637e+00
-3.755703509535116336e+00
-1.944038226948669745e+01
-4.043641537447427936e+00
-1.477649214068540395e+01
-2.116850860563261705e+01
-1.188076787815253965e+01
-1.294516757692016640e+01
-1.058179462195151110e+01
-1.382309696591845061e+01
-5.105400393146380367e+01
-1.533985020565995860e+01
-9.265930257528175673e+00
-2.652922713644548125e+01
-1.853328403027013138e+01
-1.114493778127166834e+01
-4.997929560553571093e+01
-9.165930257528174252e+00
-1.045268549033175098e+01
-2.829940406682966270e+01
-1.497417017389760296e+01
-3.595527502152114607e+01
-4.298605310945276159e+01
-4.653678277631874494e+01
-5.055225715988258983e+00
-3.300000000000002043e+00
-3.607872216081305794e+01
-5.390060109051484005e+01
-5.355626701034436365e+01
-2.889047109829809301e+01
-9.600537018277639945e+00
-1.791719285131457440e+01
-3.531111370399887761e+00
-1.075268549033175169e+01
-2.649171730728587448e+01
-4.398268277444581997e+01
-3.525591066089585013e+01
-1.546044261803849551e+01
-3.197830002960663975e+01
-1.482087814733858266e+01
-5.806326267538183927e+00
-4.360841824840796477e+01
-1.098474057287395667e+01
-1.382309696591845061e+01
-1.937570933664342832e+01
-1.710972560310694845e+01
-4.371752901271725733e+01
-2.208716526847285877e+01
-1.124470472983730573e+01
-5.707581595029981969e+00
-8.713467218526794511e+00
-1.382309696591845061e+01
-4.935146409555579083e+01
-1.853328403027013138e+01
-3.158862950977629680e+01
-2.619574253859030577e+01
-3.422906542602129321e+01
-1.108487654707696635e+02
-1.294516757692016640e+01
-1.294516757692016640e+01
-3.453398276390980737e+00
-1.673869100943003119e+01
-1.858746868635871152e+01
-1.392719101735903564e+01
-4.530134909537928678e+01
-1.352467520887415020e+01
-5.005308748721873258e+00
-1.330496990052123074e+01
-4.356422489249098362e+01
-1.389160378799697781e+01
-1.094326255059083053e+01
-1.823465433893269250e+01
-3.755703509535116336e+00
-1.094698926413207651e+01
-1.384130128141539551e+01
-1.791719285131457440e+01
-9.600537018277639945e+00
-3.787831479865210582e+01
-3.097487159460443173e+00
-9.065930257528176384e+00
-1.038999627427215877e+01
-2.188333616202538323e+01
-1.791719285131457440e+01
-1.075268549033175169e+01
-9.600537018277639945e+00
-5.933720680419837024e+00
-1.874839509473436294e+01
-3.200000000000001954e+00
-2.794077777065369617e+01
-2.192697460219398664e+01
-4.317549920227349247e+01
-3.520926418147549253e+00
-5.055225715988258983e+00
-6.333720680419833826e+00
-4.358621963617431305e+01
-5.667743996838374443e+01
-3.200000000000001954e+00
-1.195036908684795662e+01
-4.887723873013722020e+00
-4.387553882625135238e+00
-2.934163253645187552e+01
-9.600537018277639945e+00
-7.535043987050935144e+00
-3.582522147531921775e+01
-2.275987189132131050e+01
-1.113169654536034869e+01
-1.497417017389760296e+01
-1.768445254196871375e+01
-4.100013119600470191e+01
-5.132979380231828870e+00
-5.507581595029982680e+00
-1.881606195538560300e+01
-2.885558965664490572e+01
-4.400885651801553422e+01
-3.750206778663991258e+01
-1.126701315474737441e+01
-1.089949495492081866e+01
-1.862040276023340013e+01
-2.149889960688087953e+01
-7.898946870322419045e+01
-3.540661641972417950e+00
-1.176832604413927363e+01
-4.784003497096920654e+01
-5.061947477791817818e+01
-3.826323286900421294e+01
-1.784708903187303619e+01
-4.417811749526003240e+01
-5.162892365722402133e+01
-3.665835288347428644e+01
-1.095750744905372365e+01
-1.075268549033175169e+01
-5.429192615751714079e+00
-1.401118368768052314e+01
-9.744409578668939531e+00
-4.505823975103204759e+00
-1.777872920054009498e+01
-3.661369325840438904e+01
-4.308923142155194341e+00
-1.136153092430106604e+01
-4.216102652746183566e+00
-2.410545249176475835e+01
-3.820926418147549963e+00
-2.649171730728587448e+01
-1.481341543756245294e+01
-6.449669176126108461e+00
-1.108866909435099330e+02
-9.165930257528174252e+00
-8.687052860204374838e+00
-1.184762439345010598e+01
-2.191888159914783785e+01
-3.409338742896870666e+00
-1.777872920054009498e+01
-2.202339899458396388e+01
-4.298605310945276159e+01
-3.300000000000002043e+00
-3.600000000000002309e+00
-2.420653297916661728e+01
-7.390195442627534028e+00
-1.131810426369377254e+01
-5.887511132367232847e+01
-2.239138462733200896e+01
-4.346662773297170190e+01
-2.939448940653515052e+01
-3.300000000000002043e+00
-3.200000000000001954e+00
-8.509357621038818209e+00
-1.210686473694497955e+01
-8.809357621038817143e+00
-5.292172078060256979e+01
-3.579072292543115452e+01
-2.239138462733200896e+01
-1.546044261803849551e+01
-1.554083865960012112e+01
-3.320926418147549519e+00
-3.620926418147549342e+00
-1.768445254196871375e+01
-6.222872160983283329e+00
-2.859477461390890340e+01
-1.003617019878863381e+01
-6.153290039736403827e+01
-1.064337601830721169e+01
-2.900000000000001243e+00
-7.069418307365689103e+00
-5.418381796234147885e+01
-1.125750744905372258e+01
-2.189598792359554835e+01
-5.193747007069432442e+01
-1.096202140156790428e+01
-1.075268549033175169e+01
-4.287553882625135593e+00
-3.219186160164166211e+01
-3.908923142155195318e+00
-1.186867677561669865e+01
-1.457957489554089037e+01
-6.954982701603750428e+00
-1.294624272058165992e+01
-6.469322654749607437e+00
-2.140482965574574337e+01
-3.721991900553924371e+00
-1.481341543756245294e+01
-5.887511132367232847e+01
-3.200000000000001954e+00
-1.900876322090842407e+01
-9.079659123130577214e+00
-5.726459499145736487e+01
-2.481581386731465955e+01
-1.205616288729147634e+01
-4.746118046882433106e+00
-3.200000000000001954e+00
-1.644364001595773672e+01
-4.287553882625135593e+00
-2.900000000000001243e+00
-9.527278471057551101e+00
-5.659161105377662437e+01
-2.390278684956422239e+01
-1.590755504269012732e+01
-1.854016640837913243e+01
-1.497417017389760296e+01
-2.132595676387304451e+01
-3.820926418147549963e+00
-1.580027984593129808e+01
-5.086295424035975898e+00
-4.125225099449042432e+01
-2.900000000000001243e+00
-2.401092399343797368e+01
-4.561563461847221390e+00
-5.206920423272499931e+00
-6.142160773839318466e+00
-1.227207974966634474e+01
-1.685825436082518181e+01
-5.238931418394150086e+01
-6.767672739186011199e+00
-1.914038226948669674e+01
-1.194762439345010563e+01
-8.687052860204374838e+00
-3.400000000000002132e+00
-1.247207974966634403e+01
-4.808558852352077650e+01
-4.561563461847221390e+00
-1.904038226948669887e+01
-1.197978245431767341e+01
-4.418298467488306613e+01
-3.453398276390981181e+00
-2.826098910946792842e+01
-8.524479962874154992e+00
-5.263017568507930122e+01
-1.195036908684795662e+01
-1.212909488711512473e+01
-1.791719285131457440e+01
-5.176252325294997547e+01
-4.283171756484501458e+01
-1.237207974966634438e+01
-5.420871898626885610e+01
-5.445474948448556063e+01
-3.918969011662276625e+00
-6.096443672187055185e+00
-5.577914786211973563e+01
-7.388310627969975286e+00
-6.543908767311099162e+00
-2.040545827046813088e+01
-3.040661641972417950e+00
-1.294516757692016640e+01
-1.527903683349644126e+01
-1.180527723336495072e+01
-5.318654899108230438e+01
-2.040545827046813088e+01
-6.114237752832923256e+00
-1.644313649235521169e+01
-3.086861894181148713e+01
-2.908508921093211441e+01
-5.919937269553464887e+01
-7.388310627969975286e+00
-4.402940679109224931e+01
-1.659849702121015014e+01
-4.298924670498330158e+01
-3.240661641972418128e+00
-7.790195442627534383e+00
-5.455225715988259338e+00
-5.833016369667292977e+00
-1.075268549033175169e+01
-2.466117498523796314e+01
-2.280319007185959990e+01
-2.368268271120830804e+01
-1.102545550907543799e+02
-1.621614969852563348e+01
-1.143957160897778103e+01
-5.077532338287426228e+01
-2.322803650180178892e+01
-1.467845694128173584e+01
-1.554022100359776459e+01
-4.249538497584039121e+00
-1.903130753198691494e+01
-5.952705084895448806e+01
-1.904038226948669887e+01
-1.864320868477258486e+01
-2.821888368590728646e+01
-2.401092399343797368e+01
-3.679237706951804654e+01
-1.154698926413207616e+01
-1.388861854759104197e+01
-1.903130753198691494e+01
-2.149955414453679836e+01
-1.416658795911455293e+01
-1.154698926413207616e+01
-4.390245943317902544e+01
-1.192672631353996593e+01
-6.382870859680009445e+00
-1.151408494512337910e+01
-1.746083185638802959e+01
-4.397915069660041532e+00
-7.841213180680701278e+00
-3.935491261011738118e+01
-2.406434807613970861e+01
-4.120926418147549342e+00
-2.983939613402353075e+01
-4.562008651805319204e+01
-5.370239202887990615e+01
-5.072134027529636313e+01
-4.879553452897283705e+00
-3.719695197588233526e+01
-1.146069871710508359e+01
-3.092576134449218728e+01
-1.436861485106443403e+01
-1.673387278790615085e+01
-5.497870433582225047e+00
-1.853328403027013138e+01
-5.233191272338805788e+01
-1.136153092430106604e+01
-3.821185096627224276e+00
-1.433081228738411994e+01
-5.115049006632674633e+01
-1.443081228738411959e+01
-1.433081228738411994e+01
-1.858342686128839105e+01
-2.431330237780290560e+01
-1.853328403027013138e+01
-1.051185985955548041e+01
-4.934572918006870701e+00
-1.791719285131457440e+01
-4.324275728768499505e+01
-5.874313726946718361e+01
-1.099216118444761747e+02
-7.919707914081033806e+00
-1.481341543756245294e+01
-3.695835288347428360e+01
-1.180527723336495072e+01
-3.918969011662276625e+00
-3.455703509535116069e+00
-1.342467520887415056e+01
-2.811534039614138791e+01
-1.421601133066279488e+01
-1.075268549033175169e+01
-4.099234191825624407e+01
-1.195036908684795662e+01
-1.467845694128173584e+01
-1.022429237987338269e+01
-3.600000000000001865e+00
-5.418013800654664536e+00
-4.086560477260737123e+00
-2.209996576424417114e+01
-2.908689160551354291e+01
-2.352441057759840959e+01
-1.467845694128173584e+01
-1.662937042202576521e+01
-5.155225715988258628e+00
-1.938273106536364310e+01
-1.533309239952412106e+01
-2.040640621960218581e+01
-1.854016640837913243e+01
-2.526024633456936996e+01
-9.744409578668939531e+00
-6.708765285455360328e+00
-4.303381518264590255e+01
-1.051185985955548041e+01
-2.983939613402353075e+01
-5.607581595029982324e+00
-1.292081257326799992e+01
-1.006118172368712749e+01
-1.107870419383053360e+02
-6.065293194824019452e+01
-4.401233187974362693e+01
-2.281104787261425315e+01
-4.487553882625133994e+00
-1.481341543756245294e+01
-1.681105824449692676e+01
-1.877819268655366614e+01
-1.490870396769199502e+01
-2.040640621960218581e+01
-5.833205656678939732e+01
-2.464348366765500131e+01
-6.114237752832923256e+00
-2.891809752988665494e+01
-1.322467520887415127e+01
-2.187216046542616965e+01
-6.623418832714381033e+00
-4.187553882625135948e+00
-5.220848029714366589e+01
-1.481341543756245294e+01
-2.467569698184220073e+01
-5.055225715988258983e+00
-5.607581595029982324e+00
-1.111995737524192407e+01
-3.091440163547014208e+01
-1.854016640837913243e+01
-6.895710659024295808e+00
-1.524712482947343695e+01
-1.042437536794821540e+01
-5.607581595029982324e+00
-3.425047069979657977e+01
-7.352257839347799973e+00
-8.431195341658218823e+00
-3.675835288347428076e+01
-1.126202140156790499e+01
-4.500000000000000000e+00
-2.835219716809128343e+01
-3.335645941338506759e+01
-4.500000000000000000e+00
-8.855840991522367034e+00
-2.366946831795617356e+01
-1.382309696591845061e+01
-3.653398276390981358e+00
-3.700293116567812035e+01
-1.223044216207759938e+01
-4.028494142997351979e+00
-4.261552022202772960e+00
-3.157645045610518864e+01
-9.274057457864707033e+00
-5.761536855253844891e+01
-4.233731548960873425e+01
-1.773182628534943106e+01
-3.113310827299644146e+00
-9.055206251107385640e+00
-1.791719285131457440e+01
-1.481341543756245294e+01
-3.733341101460229794e+01
-5.664596781399766456e+01
-2.903232787642938462e+01
-6.440885030914847320e+00
-5.222455428839375458e+01
-4.461563461847221745e+00
-3.261460628603906997e+01
-9.309357621038817143e+00
-1.708594036476986133e+01
-1.681105824449692676e+01
-7.994177060858965511e+00
-1.184762439345010598e+01
-5.324108554141306371e+01
-1.913726517937874405e+01
-4.128494142997351624e+00
-5.155225715988258628e+00
-1.494813907612078729e+01
-1.180527723336495072e+01
-4.334572918006870168e+00
-1.342467520887415056e+01
-1.439955162921240550e+01
-3.336036361011597506e+01
-1.481341543756245294e+01
-1.040894772602736573e+01
-3.219186160164166211e+01
-8.855206251107384574e+00
-4.261552022202772960e+00
-8.944193506760020895e+00
-9.230829420356705839e+00
-8.468920105360867367e+00
-3.200000000000001954e+00
-5.746822508053645606e+01
-1.481341543756245294e+01
-9.781571270188274880e+00
-8.944193506760020895e+00
-7.388310627969975286e+00
-1.277207974966634474e+01
-1.853328403027013138e+01
-5.911648962652165551e+01
-5.344898485048586423e+01
-3.553398276390980826e+00
-1.224506555975480993e+01
-2.383538906876209040e+01
-3.200000000000001954e+00
-2.900000000000001243e+00
-1.057917388065839503e+01
-7.994177060858965511e+00
-1.445983928237503413e+01
-1.650988647125040032e+01
-1.497417017389760296e+01
-8.944193506760020895e+00
-8.296957093791167637e+00
-2.428641558462815198e+01
-2.137104281909222436e+01
-7.994177060858965511e+00
-4.508575066973025791e+00
-3.631111370399887406e+00
-1.600672817236761603e+01
-5.930690613698327951e+01
-1.791719285131457440e+01
-3.700000000000002398e+00
-5.374971040817921875e+01
-6.407849792706635128e+01
-4.555653434623679487e+01
-3.463247907849159191e+01
-9.778185270422087072e+00
-4.563158841958400558e+01
-1.421601133066279488e+01
-1.077188108812538658e+01
-3.253398276390981003e+00
-9.684740572873957731e+00
-6.449669176126108461e+00
-1.467587617124777921e+01
-2.302593866697245062e+01
-1.382309696591845061e+01
-4.234572918006870523e+00
-1.224506555975480993e+01
-1.546206370185890755e+01
-1.055588701467417678e+01
-1.148457670263613117e+01
-3.675835288347428076e+01
-1.801287032508573915e+01
-4.861563461847222101e+00
-1.224678645580637948e+01
-1.220809206541890646e+01
-8.848801444719285314e+00
-1.230662393770025709e+01
-1.041954755357443574e+01
-3.920926418147549608e+00
-5.507581595029982680e+00
-5.410158367813862412e+01
-8.206771634721580000e+00
-2.926110394706224582e+01
-1.129485973106180197e+01
-5.709123975733167811e+01
-2.271104787261425173e+01
-1.224047851039436807e+01
-2.040640621960218581e+01
-6.114237752832923256e+00
-1.401118368768052314e+01
-3.153356152633200438e+01
-9.041351322195188445e+00
-4.187553882625135948e+00
-8.468920105360867367e+00
-5.296520755218907794e+01
-2.281104787261425315e+01
-1.294516757692016640e+01
-5.239938858688769407e+00
-1.854016640837913243e+01
-2.281104787261425315e+01
-1.137435259771917018e+01
-5.239938858688769407e+00
-8.955840991522366679e+00
-1.853328403027013138e+01
-6.097348414983795806e+01
-1.853328403027013138e+01
-1.999896398863920766e+01
-1.148457670263613117e+01
-5.746822508053645606e+01
-2.362596967675859005e+01
-1.293398834428262312e+01
-1.096202140156790428e+01
-2.226385425972474863e+01
-3.153398276390980470e+00
-5.177108825173948503e+01
-3.463247907849159191e+01
-2.833160424987293524e+01
-1.148457670263613117e+01
-1.784609140078124767e+01
-6.148575584683150197e+01
-4.528168457786696166e+01
-8.854891614152503365e+00
-1.196867677561669829e+01
-1.853328403027013138e+01
-1.144181922521574108e+02
-1.279106826092731097e+01
-6.114237752832923256e+00
-1.587946427956379480e+01
-2.381250667441202395e+01
-8.492697116504825061e+00
-5.408220708859295200e+01
-2.505574804194797878e+01
-2.900000000000001243e+00
-7.067443197787693698e+00
-1.496547020664870331e+01
-4.149538497584038588e+00
-1.200654762293397582e+01
-1.215198179643487286e+01
-5.824377722798008250e+01
-4.266267232747654958e+00
-4.298639166225728303e+01
-1.581473984848951631e+01
-1.227207974966634474e+01
-9.141718967649588024e+00
-1.879161492256869437e+01
-2.429727901940738022e+01
-1.621614969852563348e+01
-1.697883500960461944e+01
-4.847981949244461575e+00
-1.600672817236761603e+01
-6.449669176126108461e+00
-3.400000000000001243e+00
-4.500000000000000000e+00
-6.414237752832923967e+00
-1.780635296672868861e+01
-1.148457670263613117e+01
-4.699999999999999289e+00
-2.032640634339965402e+01
-6.373148569839096211e+01
-2.604034045325280644e+01
-5.239938858688769407e+00
-2.110652090833640315e+01
-1.854016640837913243e+01
-5.239938858688769407e+00
-4.441558859938997017e+01
-5.244548686854452768e+01
-4.588648222536256327e+01
-9.865930257528173541e+00
-1.709052811119592974e+01
-4.818050715951336116e+01
-2.900000000000001243e+00
-8.564310592775019160e+00
-5.530356775934411928e+01
-1.107084117640362919e+01
-5.049416879358439303e+01
-3.200000000000001954e+00
-7.154475632540361119e+00
-4.933016369667292622e+00
-1.631933726049049582e+01
-5.838845631458818985e+01
-4.847981949244461575e+00
-5.724435012931369471e+00
-2.397144902607416483e+01
-1.187207974966634438e+01
-1.401118368768052314e+01
-4.339452548476586458e+01
-1.596034076926459733e+01
-1.067286855578905147e+01
-2.178317320977353688e+01
-2.040640621960218581e+01
-6.522048636227915530e+00
-1.106985472270670954e+02
-1.777872920054009498e+01
-1.777872920054009498e+01
-1.067286855578905147e+01
-5.239938858688769407e+00
-4.461563461847221745e+00
-3.531111370399887761e+00
-1.180527723336495072e+01
-1.401118368768052314e+01
-1.456442427686269170e+01
-3.091440163547014208e+01
-1.559696591569287882e+01
-1.055013462182348150e+01
-1.033124318977025524e+01
-1.061185985955548006e+01
-3.634940802668706539e+01
-4.887723873013722020e+00
-5.196722914346585398e+00
-1.497417017389760296e+01
-2.435543556839856549e+01
-5.347981949244461575e+00
-5.601525347757743845e+01
-7.184651412518176627e+00
-2.235419101070066361e+01
-1.791719285131457440e+01
-4.996722914346586109e+00
-4.839155136475265628e+00
-7.885479139055036946e+00
-2.355917038028630728e+01
-4.028494142997351979e+00
-1.879161492256869437e+01
-7.758794588392187386e+00
-5.162021730725011359e+00
-9.490936954948667292e+00
-5.421493940790597321e+01
-1.395539372999870587e+01
-5.421493940790597321e+01
-3.134766162769398079e+01
-4.966030687644609287e+01
-4.305274918857080024e+01
-3.634940802668706539e+01
-5.984875133115172474e+01
-1.215198179643487286e+01
-5.196722914346585398e+00
-9.265930257528175673e+00
-1.180527723336495072e+01
-9.490936954948667292e+00
-1.421601133066279488e+01
-3.553398276390980826e+00
-1.357571357967174741e+01
-3.385250752915347761e+01
-1.224047851039436807e+01
-9.265930257528175673e+00
-5.798716862273399641e+01
-3.101440163547014350e+01
-1.187207974966634438e+01
-3.553398276390980826e+00
-2.040640621960218581e+01
-5.657010990373533588e+01
-2.354924818417448051e+01
-6.154543269077023382e+01
-2.309178208158779455e+01
-6.009629091955662972e+01
-4.449538497584039298e+00
-1.868598387199741140e+01
-4.187553882625135948e+00
-4.397915069660041532e+00
-2.271104787261425173e+01
-2.185553884705863226e+01
-5.876378266631672176e+00
-3.303388547708909329e+01
-4.449538497584039298e+00
-1.599852373615790846e+01
-5.507581595029982680e+00
-1.159645048798918765e+01
-1.061185985955548006e+01
-1.791719285131457440e+01
-1.401118368768052314e+01
-5.113893276150516698e+01
-2.444316055823361111e+01
-1.075268549033175169e+01
-1.071185985955548148e+01
-4.324643348987737568e+01
-4.187553882625135948e+00
-2.505574804194797878e+01
-3.645087543225777438e+01
-2.174563902069299459e+01
-1.147084117640362777e+01
-7.994177060858965511e+00
-3.400000000000002132e+00
-4.706475346429764173e+00
-4.220723740622054265e+01
-5.082365082509002718e+01
-4.187553882625135948e+00
-2.846444223809571383e+01
-5.607581595029982324e+00
-5.898958831380743106e+01
-5.847644459269920958e+01
-4.847981949244461575e+00
-3.462953887095189032e+01
-4.139521128874685019e+01
-1.461341543756245365e+01
-5.011688493923751153e+00
-3.695835288347428360e+01
-1.596221726237781802e+01
-1.801287032508573915e+01
-3.997003944064650227e+01
-9.643972650171933836e+00
-5.033016369667293155e+00
-1.294516757692016640e+01
-3.446845702573101278e+01
-9.455077011601179748e+00
-7.994177060858965511e+00
-7.154475632540361119e+00
-7.958794588392187563e+00
-1.215144368444765099e+01
-1.777872920054009498e+01
-4.028494142997351979e+00
-3.650424680630683838e+01
-4.494649422354714119e+01
-6.015364740338466021e+01
-1.209645048798918765e+01
-3.265249584878864653e+01
-5.283020012575173041e+01
-8.855840991522367034e+00
-2.806720692552212526e+01
-6.033228094137321307e+01
-3.278817414385233775e+00
-1.180527723336495072e+01
-4.296478965263092675e+01
-7.885479139055036946e+00
-5.047981949244461752e+00
-1.587946427956379480e+01
-1.212847284887544852e+01
-1.180527723336495072e+01
-5.769347885237785079e+00
-2.784945028140107226e+01
-3.619559011724970077e+01
-5.907299639690855031e+00
-4.128494142997351624e+00
-1.452078324492257266e+01
-4.287553882625135593e+00
-4.606475346429764528e+00
-1.451341543756245223e+01
-3.640277940073612939e+01
-1.095268549033175276e+01
-5.758117800599585223e+01
-3.500000000000002220e+00
-3.383783691401023219e+01
-4.706475346429765061e+00
-1.546044261803849551e+01
-2.965755607241803560e+01
-1.578435896839073571e+01
-2.040640621960218581e+01
-5.011688493923751153e+00
-1.202847284887544888e+01
-7.235043987050935321e+00
-6.069347885237784013e+00
-4.004752029975874450e+01
-3.646919491909390842e+01
-5.530390154838607941e+01
-4.232095191980334903e+01
-1.401118368768052314e+01
-1.481341543756245294e+01
-1.195402384504049031e+01
-5.710624236606172133e+01
-5.965610346883133985e+01
-1.196867677561669829e+01
-2.827329225288020709e+01
-8.855840991522367034e+00
-1.600672817236761603e+01
-4.004752029975874450e+01
-4.780820405437140863e+01
