-6.853889765690115610e+01
-7.387752330219458941e+01
-6.878898423255326122e+01
-6.331816484020178137e+01
-7.433401821349129079e+01
-7.115308301391245038e+01
-6.700114854355913963e+01
-6.855623022815559864e+01
-5.865230711960779786e+01
-6.535272837825455383e+01
-5.838207344526357900e+01
-5.670161430218976761e+01
-5.513697110356510223e+01
-6.631440220898511484e+01
-4.819960121941705466e+01
-6.784632822286903320e+01
-6.655845648487292010e+01
-5.438708133922889232e+01
-8.482466373467518395e+01
-7.781583037465864550e+01
-7.187115583224787940e+01
-6.956395697707169745e+01
-6.982934760864800694e+01
-6.873313211468533268e+01
-6.645257222021490406e+01
-6.732475285489465477e+01
-6.783462124591669351e+01
-6.206280268070065631e+01
-7.145915228006691677e+01
-7.008804665019175673e+01
-6.142322030870240468e+01
-6.270550866347124241e+01
-5.531215302839447645e+01
-6.486932600969655027e+01
-5.004336436380678066e+01
-6.106536898694285753e+01
-5.222549720602822276e+01
-5.783809632616033980e+01
-2.717813102691678040e+01
-4.758363554651494098e+01
-3.745597663708828406e+01
-4.464813560547567306e+01
-4.346117964003346401e+01
-2.488126235157565702e+01
-2.396909333972504186e+01
-2.868911714139923319e+01
-3.444122288096325235e+01
-2.410674788601850338e+01
-1.999332112192141153e+01
-2.291003663921401667e+01
-3.916687083621361865e+01
-1.843069187629094685e+01
-2.927027530299503510e+01
-1.546937953357679341e+01
-4.321592278210470539e+01
-3.535389532274744795e+01
-1.552394766590489539e+01
-1.876425301621571151e+01
-3.406395125714921335e+01
-3.252360737209928487e+01
-1.585240136006925304e+01
-2.150442919208697390e+01
-2.761542440331603032e+01
-2.221075622240164904e+01
-3.223910138161171801e+01
-2.645955890486236584e+01
-1.612672231683248469e+01
-1.597043387770869671e+01
-2.044451747852396650e+01
-1.064079624290428505e+01
-7.060372348244857044e+00
-2.149800928961544955e+01
-2.403704463570465677e+01
-1.997864192241160808e+01
-2.244051360005947515e+01
-8.354558787415667709e+00
-9.892886650054231623e+00
-3.689916600234159461e+01
-1.673896907494613728e+01
-2.391798635149055130e+01
-6.657181989233121655e+00
-1.172098911177045899e+01
-1.651550719893827690e+01
-1.347478425118616130e+01
-4.022315969346724529e+01
-2.472708046325757891e+01
-2.034038393918116938e+01
-2.181856716680931640e+01
-1.968150737112199522e+01
-1.280511888413316157e+01
-8.562431094315632762e+00
-1.424917860687907911e+01
-2.498912822773100473e+01
-1.140123868552875130e+01
-2.092074021083565327e+01
-2.492418019857325007e+01
-2.190985897995147269e+01
-1.452602054077700089e+01
-9.220475096609387577e+00
-1.197774806237522860e+01
-5.243521878152055393e+00
-4.308632138046053939e+01
-1.908074727679125715e+01
-1.308356761921764111e+01
-4.330598438053720400e+01
-5.981964691288395919e+00
-1.117455866556056421e+01
-7.229989717177165431e+00
-9.326756857535666967e+00
-5.354911887909227453e+00
-4.138317936612216030e+00
-1.541124157250456683e+01
-3.740018720168638566e+01
-1.564974741191603869e+01
-3.098691122771076678e+01
-1.517526414871653095e+01
-1.968098598505967090e+01
-1.485866624085404375e+01
-1.622438460985178921e+01
-1.659692045374233871e+01
-1.574690816399699322e+01
-1.199022502384229583e+01
-1.838675785572269206e+01
-8.647512639522656031e+00
-6.245328970719903339e+00
-6.298310112740201916e+00
-3.827041872996360006e+00
-1.110692339136883966e+01
-9.594494413466653882e+00
-2.547127397719819086e+01
-9.407360224086900757e+00
-1.759334127017590532e+01
-1.574202564644277302e+01
-1.472833789963614848e+01
-1.689290235307474575e+01
-9.503219389775496850e+00
-6.112612339310954823e+00
-7.919573079066399401e+00
-7.913222633599445999e+00
-1.982174254644854727e+01
-1.546534021104541523e+01
-8.192156774858519341e+00
-1.114705211697595466e+01
-2.946993844044078159e+01
-8.054795273457660443e+00
-1.511013556351458753e+01
-9.841060682346006061e+00
-1.465512186981295883e+01
-3.647065797723171521e+00
-1.325892298373236500e+01
-1.294129001945485236e+01
-1.224273432544621265e+01
-7.732225023701511546e+00
-1.131021013859498403e+01
-1.305157767582737449e+01
-6.210844661191044835e+00
-3.911248497727772389e+01
-5.956187850316545074e+00
-8.160009035508213771e+00
-1.574202564644277302e+01
-5.527142497692048906e+00
-5.705111387998342387e+00
-1.335543381240985994e+01
-1.325892298373236500e+01
-1.793106084698365876e+01
-1.768756438823488608e+01
-6.258431881433942578e+00
-1.154975429158742273e+01
-1.759659079659605396e+01
-1.810449411282287713e+01
-2.291591505862717781e+01
-1.229300776235104564e+01
-5.024632412317267871e+00
-2.149927582928529191e+01
-2.021203728854693438e+01
-5.243521878152055393e+00
-2.332942205831452398e+01
-8.718570322176094622e-01
-1.171682086368737608e+01
-9.411625104069518244e+00
-1.626924490695664005e+01
-9.841060682346006061e+00
-1.324991189782673828e+01
-1.624824522955597672e+01
-2.574004723344219414e+01
-8.192156774858519341e+00
-1.835426678712746096e+01
-1.293579658178900083e+01
-1.909092864084584207e+01
-5.121995811406760524e+00
-1.158540602477242309e+01
-1.501288492604627223e+01
-1.211187626512162652e+01
-7.461002625397609833e+00
-1.909181874171185811e+01
-1.035487664786913520e+01
-2.688319989848768898e+01
-7.817637939505036826e+00
-1.595313312325840549e+01
-7.732793644165308677e+00
-6.267166458021958597e+00
-5.519911309488149342e+00
-3.782360195290385363e+00
-2.437033256613584697e+01
-4.930134929060288052e+00
-9.208367740421659065e+00
-8.630740843283700059e+00
-1.325892298373236500e+01
-7.235368202480758626e+00
-1.864805880505400992e+01
-1.325892298373236500e+01
-5.517946445318650639e+00
-7.374718599428240040e+00
-8.097115079437424257e+00
-9.857278653861690998e+00
-6.374981646288227388e+00
-9.675260871435693133e+00
-5.591615885078533132e+00
-1.757181989233122854e+00
-1.626229701251808279e+01
-5.858436883377065030e+00
-1.229359934750837091e+01
-5.506685451868087888e+00
-2.943072455447767410e+00
-2.468950926166116844e+01
-4.486645863377494159e+00
-2.411241254302976245e+01
-7.346654165114401280e+00
-1.025499257506128892e+01
-1.942890541607989974e+01
-1.650139087589697295e+00
-6.522137035195414434e+00
-2.899043950896043853e+01
-2.220368883996050968e+01
-1.511542187782361957e+01
-7.774981646288226855e+00
-2.156347454872642189e+01
-9.110517474493976309e+00
-6.130639872353291331e+00
-9.964026358444348919e-01
-4.486645863377494159e+00
-1.342353544138449450e+01
-3.133721441606561964e+00
-1.210946459397624153e+01
-6.238290949482895975e+00
-1.249934632713615912e+01
-4.092141996936878634e+00
-1.052392300881132314e+01
-4.176159507251919756e+00
-8.422142261212124836e+00
-7.847230337309081705e+00
-9.841060682346006061e+00
-1.753523021430675399e+01
-8.607337967209760521e+00
-8.497718710084811278e+00
-1.760896865046523274e+01
-1.757181989233122854e+00
-2.508652086315391472e+01
-8.036621920254843232e+00
-1.342857753769027873e+01
-3.442980787396810349e+00
-1.371866031615798498e+01
-7.346654165114401280e+00
-5.416089941151017051e+00
-2.844053733273712581e+00
-7.235368202480758626e+00
-9.204443655484142894e+00
-1.752422718896679044e+01
-1.039322881590707581e+01
-1.864805880505400992e+01
-1.115019112699386916e+01
-8.196186921070761855e+00
-9.398836009395761693e+00
-1.759659079659605396e+01
-1.293579658178900083e+01
-1.179321778017141398e+01
-1.759659079659605396e+01
-1.060359664692127346e+01
-8.611185354836274897e+00
-1.143178925280532887e+01
-3.011749955144632729e+00
-2.844053733273712581e+00
-7.937355694469700573e+00
-9.964026358444348919e-01
-5.858436883377065030e+00
-1.809767493905327385e+01
-8.194319276654869810e+00
-8.550376239600902650e+00
-6.519279999461144115e+00
-4.176159507251919756e+00
-5.024632412317267871e+00
-2.696680573744533849e+00
-9.013827618301778699e+00
-1.511542187782361957e+01
-1.757181989233122854e+00
-4.176159507251919756e+00
-2.024982086935301240e+00
-1.698099177953594818e+01
-1.169967376884899490e+00
-1.325892298373236500e+01
-1.910773871640260779e+01
-1.210946459397624153e+01
-1.169967376884899490e+00
-2.026203444958338196e+01
-1.161764930518001471e+01
-3.011749955144632729e+00
-1.342857753769027873e+01
-8.550376239600902650e+00
-2.024982086935301240e+00
-1.115019112699386916e+01
-9.873744995605260755e+00
-7.260902405320501352e+00
-2.087929675440728605e+00
-9.277602759183995573e+00
-1.864805880505400992e+01
-1.835426678712746096e+01
-9.296399209642459027e+00
-7.460771851892606499e+00
-3.536457790361702536e+01
-1.169967376884899490e+00
-5.858436883377065030e+00
-2.696680573744533849e+00
-1.910773871640260779e+01
-1.874694387625256553e+01
-1.910773871640260779e+01
-1.760896865046523274e+01
-2.237979431035018862e+01
-3.516172023808091129e+00
-1.809767493905327385e+01
-5.570538946848142992e+00
-2.468950926166116844e+01
-3.694198569442195890e+01
-1.494817929405174439e+01
-1.167454599776021418e+01
-2.086574241868000001e+01
-1.342857753769027873e+01
-3.417447922362657931e+00
-1.293579658178900083e+01
-1.574202564644277302e+01
-3.947946716404384215e+00
-6.383179366122166964e-01
-2.177199839387053260e+01
-7.064548172737618259e+00
-8.748580586651923952e+00
-1.571542936161630699e+01
-1.169967376884899490e+00
-1.485699193530022733e+01
-6.628526280409531068e+00
-1.864805880505400992e+01
-3.417447922362657931e+00
-2.224264893453099745e+01
-5.575433320532117598e+00
-1.650139087589697295e+00
-8.192156774858519341e+00
-1.511542187782361957e+01
-1.909092864084584207e+01
-4.212821192782730151e+01
-4.486645863377494159e+00
-1.030371639478070200e+01
-9.964026358444348919e-01
-4.743350087550815886e+00
-4.212821192782730151e+01
-8.192156774858519341e+00
-1.240409222195495964e+01
-3.534706476955732590e+00
-4.486645863377494159e+00
-7.415213791441581215e+00
-2.638843814972296187e+01
-9.296399209642459027e+00
-3.694198569442195890e+01
-1.909092864084584207e+01
-4.743350087550815886e+00
-1.293579658178900083e+01
-1.100556818874417608e+01
-5.243521878152055393e+00
-1.759659079659605396e+01
-1.095158870644547022e+01
-6.383179366122166964e-01
-1.650139087589697295e+00
-8.194319276654869810e+00
-8.545214736373084818e+00
-4.547162439043964000e+00
-1.095158870644547022e+01
-1.864805880505400992e+01
-1.485699193530022733e+01
-2.026203444958338196e+01
-1.229359934750837091e+01
-9.816917370396692988e+00
-3.448031307391274680e+01
-2.024982086935301240e+00
-7.415213791441581215e+00
-1.910773871640260779e+01
-5.570538946848142992e+00
-7.346654165114401280e+00
-1.095158870644547022e+01
-1.511542187782361957e+01
-7.599519048260904519e+00
-5.570538946848142992e+00
-1.394220114172287239e+01
-3.694198569442195890e+01
-7.599519048260904519e+00
-1.757181989233122854e+00
-1.208667032109749684e+01
-1.319303693002300193e+01
-2.026203444958338196e+01
-9.841060682346006061e+00
-3.694198569442195890e+01
-1.864805880505400992e+01
-8.718570322176094622e-01
-9.026270885385262233e+00
-5.908148181788421383e+00
-3.442980787396810349e+00
-8.550376239600902650e+00
-7.346654165114401280e+00
-8.192156774858519341e+00
-8.422142261212124836e+00
-8.718570322176094622e-01
-1.325892298373236500e+01
-1.809767493905327385e+01
-1.325892298373236500e+01
-2.913277011523380366e+00
-2.087929675440728605e+00
-1.809767493905327385e+01
-9.816917370396692988e+00
-3.694198569442195890e+01
-7.599519048260904519e+00
-5.908148181788421383e+00
-6.383179366122166964e-01
-2.359604125632273863e+01
-2.696680573744533849e+00
-2.943072455447767410e+00
-2.224264893453099745e+01
-6.275433320532117776e+00
-3.534706476955732590e+00
-5.243521878152055393e+00
-1.511542187782361957e+01
-4.370485810937344340e+00
-5.575433320532117598e+00
-1.650139087589697295e+00
-1.434189914987991266e+01
-3.066809110956260298e+00
-1.614738065236183573e+01
-9.493802814905837550e+00
-6.705397432547943737e+00
-2.508652086315391472e+01
-4.766866031952949889e+00
-7.055759851076635059e+00
-1.342857753769027873e+01
-8.550376239600902650e+00
-6.628526280409531068e+00
-1.732056756338078785e+01
-4.578226577827576804e+00
-2.026203444958338196e+01
-3.011749955144632729e+00
-1.095158870644547022e+01
-1.035487664786913520e+01
-2.224264893453099745e+01
-5.505443206016341406e+00
-9.493802814905837550e+00
-2.696680573744533849e+00
-9.020228424402002787e+00
-2.087929675440728605e+00
-9.844577807568523298e+00
-2.666955863996913223e+01
-2.313207919802972157e+01
-8.192156774858519341e+00
-3.448031307391274680e+01
-1.179321778017141398e+01
-2.666955863996913223e+01
-1.030451320907354607e+01
-1.809767493905327385e+01
-2.086574241868000001e+01
-1.229359934750837091e+01
-5.514241013873193431e+00
-3.534706476955732590e+00
-1.342857753769027873e+01
-5.037777454043102843e+00
-4.212821192782730151e+01
-3.516172023808091129e+00
-7.113814987000349532e+00
-1.210946459397624153e+01
-1.910773871640260779e+01
-8.545214736373084818e+00
-1.342857753769027873e+01
-6.520742049946788299e+00
-7.947145374719117861e+00
-5.908148181788421383e+00
-2.087929675440728605e+00
-3.516172023808091129e+00
-2.715978698351445431e+01
-8.194319276654869810e+00
-9.493802814905837550e+00
-2.087929675440728605e+00
-4.954709323615368533e+00
-1.010747392286444857e+01
-2.508652086315391472e+01
-3.694198569442195890e+01
-5.575433320532117598e+00
-1.909092864084584207e+01
-2.056794835252350495e+01
-5.858436883377065030e+00
-8.718570322176094622e-01
-1.535734500878158748e+01
-8.192156774858519341e+00
-3.442980787396810349e+00
-2.689188141828609346e+01
-1.305619041073532394e+01
-2.508652086315391472e+01
-2.508652086315391472e+01
-4.486645863377494159e+00
-6.140094969430486493e+00
-1.325892298373236500e+01
-7.599519048260904519e+00
-9.030145122366583621e+00
-1.864805880505400992e+01
-7.822020602657429045e+00
-4.392539533835284615e+00
-5.714410056535279558e+00
-4.092141996936878634e+00
-6.520742049946788299e+00
-1.210946459397624153e+01
-2.157227863153806524e+01
-8.545214736373084818e+00
-9.816917370396692988e+00
-1.511542187782361957e+01
-6.238290949482895975e+00
-9.277602759183995573e+00
-2.508652086315391472e+01
-5.570538946848142992e+00
-1.757181989233122854e+00
-1.626799380807158357e+01
-9.493802814905837550e+00
-3.694198569442195890e+01
-8.545214736373084818e+00
-6.393215259923262783e-01
-9.493802814905837550e+00
-1.257663897483142357e+01
-1.229359934750837091e+01
-1.286426308396502627e+01
-3.694198569442195890e+01
-2.024982086935301240e+00
-6.977369402334975490e+00
-1.179321778017141398e+01
-8.718570322176094622e-01
-2.141276562931581040e+01
-1.511542187782361957e+01
-2.591195527688167743e+00
-1.835426678712746096e+01
-1.169967376884899490e+00
-1.034820022631567049e+01
-1.179321778017141398e+01
-1.909092864084584207e+01
-8.718570322176094622e-01
-5.908148181788421383e+00
-1.584128340857657591e+01
-4.212821192782730151e+01
-3.011749955144632729e+00
-1.909092864084584207e+01
-1.342857753769027873e+01
-1.864805880505400992e+01
-1.659709650880917309e+01
-5.048831279164792463e+00
-2.090129912389338074e+01
-1.574202564644277302e+01
-1.910773871640260779e+01
-1.864805880505400992e+01
-7.113814987000349532e+00
-8.748889190396200277e+00
-9.493802814905837550e+00
-1.325892298373236500e+01
-1.757181989233122854e+00
-1.910773871640260779e+01
-1.650139087589697295e+00
-3.516172023808091129e+00
-7.415213791441581215e+00
-7.113814987000349532e+00
-1.760896865046523274e+01
-4.705328505711655396e+00
-1.910773871640260779e+01
-7.508599806575012359e+00
-1.760896865046523274e+01
-5.889951576557729496e+00
-7.629233564352629671e+00
-4.486645863377494159e+00
-1.228384945376557624e+01
-9.277602759183995573e+00
-1.264649247733916759e+01
-5.024632412317267871e+00
-7.346654165114401280e+00
-9.277602759183995573e+00
-1.650139087589697295e+00
-7.113814987000349532e+00
-7.927738294655507723e+00
-1.639618714794244880e+01
-2.231500963819755512e+01
-1.018930648254066362e+01
-1.115019112699386916e+01
-5.243521878152055393e+00
-8.192156774858519341e+00
-7.599519048260904519e+00
-3.546772803684034248e+00
-1.688108873383257347e+01
-9.088908085750167842e+00
-8.422142261212124836e+00
-3.534706476955732590e+00
-6.520742049946788299e+00
-9.964026358444348919e-01
-1.095158870644547022e+01
-4.743350087550815886e+00
-1.671648216442873647e+01
-6.843649647410724235e+00
-9.841060682346006061e+00
-1.789009011006725203e+01
-2.087929675440728605e+00
-8.718570322176094622e-01
-1.342857753769027873e+01
-1.178845343946596458e+01
-3.442980787396810349e+00
-4.212821192782730151e+01
-3.534706476955732590e+00
-2.331541136157613892e+01
-1.910773871640260779e+01
-6.238290949482895975e+00
-6.238290949482895975e+00
-2.638843814972296187e+01
-7.113814987000349532e+00
-6.383179366122166964e-01
-6.073772439843780013e+00
-3.011749955144632729e+00
-2.029391947791504691e+01
-3.899629749779987975e+01
-8.422142261212124836e+00
-9.493802814905837550e+00
-5.037777454043102843e+00
-2.199530022208352165e+01
-8.550376239600902650e+00
-8.422142261212124836e+00
-1.179321778017141398e+01
-1.178845343946596458e+01
-2.026203444958338196e+01
-6.520742049946788299e+00
-1.035487664786913520e+01
-5.434973409779201958e+00
-4.092141996936878634e+00
-5.858436883377065030e+00
-1.910773871640260779e+01
-3.534706476955732590e+00
-1.809767493905327385e+01
-3.417447922362657931e+00
-4.551857237856488325e+00
-5.121995811406760524e+00
-7.415213791441581215e+00
-9.493802814905837550e+00
-1.035487664786913520e+01
-3.640680560868895022e+00
-1.909092864084584207e+01
-1.773003061823984794e+01
-6.498799378750883093e+00
-9.493802814905837550e+00
-1.789522422786720313e+01
-5.575433320532117598e+00
-1.103602141862280206e+01
-1.087338594173134254e+01
-3.826170856650730201e+01
-9.816917370396692988e+00
-6.705397432547943737e+00
-2.943072455447767410e+00
-5.858436883377065030e+00
-8.422142261212124836e+00
-1.197247802484148060e+01
-1.017355040182686032e+01
-9.493802814905837550e+00
-1.270406979487494148e+01
-2.620288473183216738e+01
-2.927957047058675144e+01
-1.899806894088185771e+01
-8.194319276654869810e+00
-5.037777454043102843e+00
-8.192156774858519341e+00
-1.439087996849987583e+01
-1.547149691973186769e+01
-2.844053733273712581e+00
-1.147493728650535161e+01
-1.503624487424186817e+01
-6.628526280409531068e+00
-4.092141996936878634e+00
-9.163178541949200451e+00
-2.026203444958338196e+01
-3.191615675175577493e+01
-4.743350087550815886e+00
-1.920623948938401071e+01
-4.766866031952949889e+00
-1.835426678712746096e+01
-5.024632412317267871e+00
-9.296399209642459027e+00
-1.760896865046523274e+01
-1.078563528100199775e+01
-7.113814987000349532e+00
-1.543592294867911718e+01
-5.570538946848142992e+00
-9.296399209642459027e+00
-1.551080900195779266e+00
-7.599519048260904519e+00
-3.417447922362657931e+00
-1.325892298373236500e+01
-7.113814987000349532e+00
-3.975706405765753004e+01
-5.037777454043102843e+00
-1.574202564644277302e+01
-5.570538946848142992e+00
-3.536457790361702536e+01
-5.121995811406760524e+00
-1.191691737039669263e+01
-1.991858096511329990e+01
-4.056419483925545677e+01
-9.816917370396692988e+00
-7.346654165114401280e+00
-3.417447922362657931e+00
-1.115019112699386916e+01
-1.525965631983074111e+01
-8.550376239600902650e+00
-2.888975719173604872e+01
-1.835426678712746096e+01
-2.024982086935301240e+00
-8.550376239600902650e+00
-1.010344785863313000e+01
-2.024982086935301240e+00
-1.276238250456369983e+01
-1.053679425463535857e+01
-1.210946459397624153e+01
-8.550376239600902650e+00
-5.908148181788421383e+00
-7.346654165114401280e+00
-4.092141996936878634e+00
-3.959571547961040494e+01
-1.342857753769027873e+01
-1.425954496614277112e+01
-1.235806808061079920e+01
-9.816917370396692988e+00
-1.972273477235525618e+01
-4.743350087550815886e+00
-7.415213791441581215e+00
-1.809767493905327385e+01
-1.169967376884899490e+00
-1.757181989233122854e+00
-4.311941992926624323e+01
-2.638843814972296187e+01
-4.176159507251919756e+00
-8.718570322176094622e-01
-7.544336724381736303e+00
-6.509770117476191942e+00
-1.095158870644547022e+01
-5.706035676227707576e+00
-1.650139087589697295e+00
-2.086574241868000001e+01
-2.267484931250196212e+01
-5.908148181788421383e+00
-1.342857753769027873e+01
-2.086574241868000001e+01
-4.621408404448668961e+01
-8.194319276654869810e+00
-3.448031307391274680e+01
-1.650139087589697295e+00
-3.534706476955732590e+00
-1.340896644198345200e+01
-1.210946459397624153e+01
-2.403135653434224750e+01
-7.113814987000349532e+00
-4.176159507251919756e+00
-5.037777454043102843e+00
-3.706855329920222886e+01
-1.574202564644277302e+01
-2.087929675440728605e+00
-9.841060682346006061e+00
-6.705397432547943737e+00
-9.964026358444348919e-01
-2.087929675440728605e+00
-1.650139087589697295e+00
-2.307739717993595718e+01
-1.688108873383257347e+01
-1.169967376884899490e+00
-5.243521878152055393e+00
-4.176159507251919756e+00
-1.571542936161630699e+01
-8.194319276654869810e+00
-1.835426678712746096e+01
-1.103602141862280206e+01
-1.792718818414907389e+01
-1.398525420949261466e+01
-6.393215259923262783e-01
-1.626799380807158357e+01
-1.511542187782361957e+01
-2.612428982593420912e+01
-6.383179366122166964e-01
-1.909092864084584207e+01
-5.575433320532117598e+00
-9.213148669399297219e+00
-1.688108873383257347e+01
-5.037777454043102843e+00
-1.691610105155322952e+00
-3.417447922362657931e+00
-1.809767493905327385e+01
-5.575433320532117598e+00
-3.516172023808091129e+00
-7.015984046787581363e+00
-1.809767493905327385e+01
-1.909092864084584207e+01
-1.644622426823671901e+01
-1.169967376884899490e+00
-3.448031307391274680e+01
-1.342857753769027873e+01
-1.811760566220496571e+01
-1.571542936161630699e+01
-1.626799380807158357e+01
-9.277602759183995573e+00
-1.229359934750837091e+01
-1.912222064024094692e+01
-4.176159507251919756e+00
-5.121995811406760524e+00
-7.415213791441581215e+00
-1.342857753769027873e+01
-3.534706476955732590e+00
-3.850872407864930835e+01
-2.844053733273712581e+00
-1.103602141862280206e+01
-8.194319276654869810e+00
-1.809767493905327385e+01
-7.599519048260904519e+00
-8.785498650485781269e+00
-1.650139087589697295e+00
-8.652565058334912962e+00
-3.263520854959344319e+01
-3.448031307391274680e+01
-2.468950926166116844e+01
-3.536457790361702536e+01
-9.257426350728946929e+00
-2.096128833957565973e+01
-1.760896865046523274e+01
-1.809767493905327385e+01
-1.197247802484148060e+01
-2.079967061719997901e+01
-3.417447922362657931e+00
-1.720315965705480821e+01
-1.577676130536011812e+01
-6.705397432547943737e+00
-2.115163969940350341e+01
-2.024982086935301240e+00
-2.642164119677750023e+01
-5.037777454043102843e+00
-2.184307680339523472e+01
-7.599519048260904519e+00
-2.368454321467126178e+01
-6.119260063840040687e+01
-1.035487664786913520e+01
-3.448031307391274680e+01
-8.422142261212124836e+00
-1.688108873383257347e+01
-6.520742049946788299e+00
-2.234860107014820940e+01
-1.103602141862280206e+01
-3.442980787396810349e+00
-1.342857753769027873e+01
-1.197247802484148060e+01
-1.325892298373236500e+01
-4.092141996936878634e+00
-9.277602759183995573e+00
-3.442980787396810349e+00
-2.638843814972296187e+01
-2.224264893453099745e+01
-1.121829802262444176e+01
-3.516172023808091129e+00
-1.910773871640260779e+01
-2.087929675440728605e+00
-5.858436883377065030e+00
-5.570538946848142992e+00
-1.663494758185498412e+01
-5.570538946848142992e+00
-1.325892298373236500e+01
-1.103602141862280206e+01
-1.134281581398554017e+01
-9.841060682346006061e+00
-1.757181989233122854e+00
-2.528678425052511969e+01
-2.943072455447767410e+00
-1.757181989233122854e+00
-2.308992656707945557e+01
-5.570538946848142992e+00
-3.011749955144632729e+00
-1.688108873383257347e+01
-1.923841294825720993e+01
-1.794719268874982276e+01
-2.068098851630501045e+01
-7.947020213483246387e+00
-2.468950926166116844e+01
-2.508652086315391472e+01
-2.610276190646285244e+01
-5.575433320532117598e+00
-8.550376239600902650e+00
-5.908148181788421383e+00
-1.115019112699386916e+01
-3.417447922362657931e+00
-3.516172023808091129e+00
-1.095158870644547022e+01
-1.407071439547996938e+01
-1.144452154633649421e+01
-3.534706476955732590e+00
-2.024982086935301240e+00
-1.169967376884899490e+00
-7.346654165114401280e+00
-1.103602141862280206e+01
-1.835426678712746096e+01
-1.650139087589697295e+00
-2.943072455447767410e+00
-1.688108873383257347e+01
-2.696680573744533849e+00
-1.422945249117643662e+01
-1.688108873383257347e+01
-1.103602141862280206e+01
-1.342857753769027873e+01
-2.087929675440728605e+00
-1.835426678712746096e+01
-3.413064606230032272e+00
-4.938254208784076837e+00
-1.650139087589697295e+00
-4.766866031952949889e+00
-4.766866031952949889e+00
-5.037777454043102843e+00
-2.087929675440728605e+00
-1.210946459397624153e+01
-1.103602141862280206e+01
-2.549074292095447092e+01
-5.480195845466028004e+00
-4.766866031952949889e+00
-1.864805880505400992e+01
-1.446275550269126775e+01
-1.778540789279633216e+01
-6.520742049946788299e+00
-3.011749955144632729e+00
-1.757181989233122854e+00
-1.910773871640260779e+01
-7.113814987000349532e+00
-8.194319276654869810e+00
-1.210946459397624153e+01
-4.416395285476045274e+01
-4.092141996936878634e+00
-8.550376239600902650e+00
-3.536457790361702536e+01
-5.037777454043102843e+00
-1.179321778017141398e+01
-9.493802814905837550e+00
-3.534706476955732590e+00
-1.342857753769027873e+01
-1.103602141862280206e+01
-1.626799380807158357e+01
-2.696680573744533849e+00
-1.178845343946596458e+01
-9.277602759183995573e+00
-3.950827815402484333e+01
-2.087929675440728605e+00
-7.113814987000349532e+00
-6.383179366122166964e-01
-9.296399209642459027e+00
-1.103602141862280206e+01
-9.882539769252266737e+00
-1.835426678712746096e+01
-1.511542187782361957e+01
-8.194319276654869810e+00
-5.121995811406760524e+00
-9.964026358444348919e-01
-3.557746555434741254e+01
-1.179321778017141398e+01
-1.325892298373236500e+01
-4.986018225346088073e+00
-3.192209312278798450e+01
-1.115019112699386916e+01
-1.759659079659605396e+01
-9.476511551644085429e+00
-5.429069893411391234e+00
-9.816917370396692988e+00
-1.650139087589697295e+00
-4.743350087550815886e+00
-9.964026358444348919e-01
-2.024982086935301240e+00
-2.638843814972296187e+01
-1.785192677451242815e+01
-1.909092864084584207e+01
-2.468950926166116844e+01
-2.118664113501406376e+01
-9.277602759183995573e+00
-2.118664113501406376e+01
-8.601478014219923196e+00
-8.545214736373084818e+00
-2.844053733273712581e+00
-5.908148181788421383e+00
-5.121995811406760524e+00
-1.187996403694251413e+01
-9.203091935766353870e+00
-2.313207919802972157e+01
-1.531177855086477813e+01
-7.113814987000349532e+00
-1.178845343946596458e+01
-5.024632412317267871e+00
-1.759659079659605396e+01
-6.279828893146356172e+00
-7.113814987000349532e+00
-1.293579658178900083e+01
-1.342353544138449450e+01
-9.010727023154924353e+00
-3.442980787396810349e+00
-3.417447922362657931e+00
-6.383179366122166964e-01
-9.964026358444348919e-01
-6.347407416394827528e+00
-2.508652086315391472e+01
-9.277602759183995573e+00
-3.596500131541470324e+01
-1.079609893204323612e+01
-2.313207919802972157e+01
-1.035487664786913520e+01
-2.459899526872566256e+01
-1.169967376884899490e+00
-4.176159507251919756e+00
-1.209793118719174387e+01
-3.592887516412976368e+01
-2.024982086935301240e+00
-5.946853318940302557e+00
-1.097247274015991003e+01
-8.545214736373084818e+00
-1.035487664786913520e+01
-9.964026358444348919e-01
-4.092141996936878634e+00
-9.106929277683983415e+00
-1.894818806592175520e+01
-1.119301508183958305e+01
-1.326950485328299045e+01
-1.169967376884899490e+00
-1.442314752576539227e+01
-1.864805880505400992e+01
-1.189041279368450432e+01
-8.718570322176094622e-01
-1.115019112699386916e+01
-1.571542936161630699e+01
-9.331037533007847884e+00
-3.011749955144632729e+00
-1.229359934750837091e+01
-7.415213791441581215e+00
-7.944581848715286831e+00
-3.516172023808091129e+00
-3.032945561167354143e+01
-1.311561269620383108e+01
-2.508652086315391472e+01
-2.696680573744533849e+00
-3.707466262855268013e+01
-1.240461646112742500e+01
-8.422142261212124836e+00
-1.690580327199265653e+01
-1.115019112699386916e+01
-9.277602759183995573e+00
-1.035373416082952680e+01
-4.092141996936878634e+00
-1.342353544138449450e+01
-1.809767493905327385e+01
-2.086574241868000001e+01
-9.841060682346006061e+00
-9.841060682346006061e+00
-1.650139087589697295e+00
-1.511542187782361957e+01
-1.210946459397624153e+01
-6.705397432547943737e+00
-2.705993422253411751e+01
-2.026203444958338196e+01
-1.759659079659605396e+01
-1.210946459397624153e+01
-2.224264893453099745e+01
-1.511542187782361957e+01
-6.924817367126308909e+00
-3.644840444641427535e+00
-1.574202564644277302e+01
-1.114906773755894420e+01
-1.650139087589697295e+00
-2.095977024155214608e+01
-2.468950926166116844e+01
-9.961007087805143101e+00
-7.376532213452579256e+00
-1.809767493905327385e+01
-1.126287230274902917e+01
-1.485699193530022733e+01
-6.238290949482895975e+00
-1.809767493905327385e+01
-4.176159507251919756e+00
-2.696680573744533849e+00
-1.574202564644277302e+01
-2.468950926166116844e+01
-6.814107894152678924e+00
-1.077776055292155455e+01
-1.229359934750837091e+01
-4.766866031952949889e+00
-1.342353544138449450e+01
-6.651977337199155293e+00
-9.296399209642459027e+00
-1.169967376884899490e+00
-1.342857753769027873e+01
-7.599519048260904519e+00
-1.315479615035839700e+01
-3.239387935230853799e+01
-7.599519048260904519e+00
-8.545214736373084818e+00
-3.514909787562132237e+01
-5.570538946848142992e+00
-1.169967376884899490e+00
-2.468950926166116844e+01
-2.219885311742166678e+01
-2.087929675440728605e+00
-1.293579658178900083e+01
-4.486645863377494159e+00
-2.024982086935301240e+00
-2.056046927822584180e+01
-2.026203444958338196e+01
-4.448174178271597867e+01
-1.325892298373236500e+01
-1.697191486818382344e+01
-2.696680573744533849e+00
-1.688108873383257347e+01
-9.277602759183995573e+00
-3.236819101500793749e+01
-1.486673592650066134e+01
-2.433983349116378037e+01
-1.626799380807158357e+01
-1.759659079659605396e+01
-1.511542187782361957e+01
-8.194319276654869810e+00
-2.224264893453099745e+01
-2.024982086935301240e+00
-7.599519048260904519e+00
-7.346654165114401280e+00
-8.194319276654869810e+00
-7.599519048260904519e+00
-3.534706476955732590e+00
-8.545214736373084818e+00
-3.448031307391274680e+01
-1.688108873383257347e+01
-1.325892298373236500e+01
-1.741185796733859803e+01
-6.238290949482895975e+00
-7.415213791441581215e+00
-5.575433320532117598e+00
-2.943072455447767410e+00
-1.325892298373236500e+01
-1.103602141862280206e+01
-2.696680573744533849e+00
-6.510830732476531324e+00
-2.844053733273712581e+00
-1.809767493905327385e+01
-3.011749955144632729e+00
-2.856146309087116464e+01
-1.626799380807158357e+01
-1.325892298373236500e+01
-1.650139087589697295e+00
-6.900724443268662078e+00
-6.242993028516631959e+00
-3.448031307391274680e+01
-1.210946459397624153e+01
-2.313207919802972157e+01
-7.193971366920955290e+00
-1.103602141862280206e+01
-7.548269777075135245e+00
-1.828753534134276393e+01
-3.448031307391274680e+01
-1.103602141862280206e+01
-1.759659079659605396e+01
-1.626799380807158357e+01
-4.176159507251919756e+00
-2.619699811920584054e+01
-1.910773871640260779e+01
-1.485699193530022733e+01
-2.024982086935301240e+00
-1.927677208495730099e+01
-8.194319276654869810e+00
-8.194319276654869810e+00
-2.837840551991939364e+01
-8.422142261212124836e+00
-3.516172023808091129e+00
-1.012407696137345070e+01
-1.836405162248667722e+01
-8.550376239600902650e+00
-4.766866031952949889e+00
-6.174092240385107289e+00
-5.570538946848142992e+00
-2.212729433850698513e+01
-4.766866031952949889e+00
-8.422142261212124836e+00
-1.760896865046523274e+01
-1.786587321937920336e+01
-1.741185796733859803e+01
-1.385672633736967008e+01
-2.087929675440728605e+00
-1.909092864084584207e+01
-2.943072455447767410e+00
-1.910773871640260779e+01
-7.599519048260904519e+00
-6.516965911761484165e+01
-3.417447922362657931e+00
-4.039794695901253618e+00
-1.759659079659605396e+01
-2.026203444958338196e+01
-5.908148181788421383e+00
-1.835426678712746096e+01
-4.486645863377494159e+00
-6.080366585967058768e+01
-1.759659079659605396e+01
-1.438131691721125982e+01
-2.087929675440728605e+00
-2.687597780486037280e+01
-4.092141996936878634e+00
-1.910773871640260779e+01
-3.442980787396810349e+00
-3.516172023808091129e+00
-3.417447922362657931e+00
-2.498863938682162811e+01
-2.027481628776321898e+01
-1.044823400126176693e+01
-5.121995811406760524e+00
-8.550376239600902650e+00
-1.864805880505400992e+01
-1.757181989233122854e+00
-1.760625892291492889e+01
-2.146406861738380556e+01
-1.255335098574716213e+01
-1.620792023123589942e+01
-7.346654165114401280e+00
-5.575433320532117598e+00
-5.858436883377065030e+00
-1.835426678712746096e+01
-1.095158870644547022e+01
-1.307145339337660062e+01
-1.760896865046523274e+01
-8.718570322176094622e-01
-1.250986174523134409e+01
-9.296399209642459027e+00
-1.197247802484148060e+01
-9.841060682346006061e+00
-1.293579658178900083e+01
-2.514094277647555487e+01
-1.695198740153686146e+01
-2.086574241868000001e+01
-5.858436883377065030e+00
-1.472430073881124635e+01
-1.809767493905327385e+01
-3.448031307391274680e+01
-2.625101566913969720e+01
-6.520742049946788299e+00
-1.293579658178900083e+01
-6.161377870292755965e+00
-5.858436883377065030e+00
-3.516172023808091129e+00
-5.575433320532117598e+00
-2.691493811590854435e+01
-6.383179366122166964e-01
-2.087929675440728605e+00
-2.472237391432715725e+01
-3.698820908546298369e+01
-5.121995811406760524e+00
-6.238290949482895975e+00
-1.511542187782361957e+01
-9.521976004718343489e+00
-3.448031307391274680e+01
-2.508652086315391472e+01
-7.346654165114401280e+00
-9.493802814905837550e+00
-1.626799380807158357e+01
-2.508652086315391472e+01
-1.809767493905327385e+01
-1.650139087589697295e+00
-5.024632412317267871e+00
-6.310123423598804848e+00
-2.700764532993212086e+01
-5.959350443668406605e+00
-1.103602141862280206e+01
-3.417447922362657931e+00
-6.520742049946788299e+00
-9.296399209642459027e+00
-5.539255436694927148e+00
-2.943072455447767410e+00
-4.932780713785477111e+00
-4.514866547928252061e+01
-1.004445553171835748e+01
-1.035487664786913520e+01
-1.650139087589697295e+00
-1.485699193530022733e+01
-8.550376239600902650e+00
-4.176159507251919756e+00
-2.508652086315391472e+01
-6.213865196897709886e+00
-8.718570322176094622e-01
-1.342353544138449450e+01
-6.238290949482895975e+00
-1.626799380807158357e+01
-1.178845343946596458e+01
-1.864805880505400992e+01
-2.696680573744533849e+00
-1.035487664786913520e+01
-6.238290949482895975e+00
-1.179321778017141398e+01
-7.113814987000349532e+00
-1.215547688576288365e+01
-2.216044563616702590e+01
-1.178845343946596458e+01
-1.207599163188521274e+01
-1.909092864084584207e+01
-4.486645863377494159e+00
-3.691056298765602151e+01
-2.003093923805692356e+01
-4.743350087550815886e+00
-2.696680573744533849e+00
-1.458976799041580996e+01
-9.345023142062181876e+00
-1.278004561264540317e+00
-5.836777216796800616e+00
-1.452192587691123471e+01
-6.520742049946788299e+00
-1.523251217633419863e+01
-3.536370327011179704e+00
-8.205153602027330351e+00
-8.978267819986644582e+00
-1.864805880505400992e+01
-4.743350087550815886e+00
-2.024982086935301240e+00
-1.224918773531896221e+01
-1.292921351411520625e+01
-1.835426678712746096e+01
-5.858436883377065030e+00
-5.024632412317267871e+00
-1.809767493905327385e+01
-2.026203444958338196e+01
-1.757181989233122854e+00
-1.035487664786913520e+01
-7.346654165114401280e+00
-1.095158870644547022e+01
-8.545214736373084818e+00
-3.011749955144632729e+00
-2.844053733273712581e+00
-1.024455365347766822e+01
-6.520742049946788299e+00
-2.943072455447767410e+00
-4.743350087550815886e+00
-1.229359934750837091e+01
-4.766866031952949889e+00
-2.943072455447767410e+00
-1.279735906048148308e+01
-1.342857753769027873e+01
-7.346654165114401280e+00
-6.383179366122166964e-01
-1.759659079659605396e+01
-2.466871224522434858e+01
-2.086574241868000001e+01
-5.908148181788421383e+00
-9.816917370396692988e+00
-9.816917370396692988e+00
-2.696680573744533849e+00
-3.984690858570305494e+01
-4.766866031952949889e+00
-3.120127805542056620e+01
-1.933653159044961356e+01
-3.442980787396810349e+00
-4.766866031952949889e+00
-2.024982086935301240e+00
-3.707466262855268013e+01
-1.663770354682822727e+01
-1.095158870644547022e+01
-8.545214736373084818e+00
-1.103602141862280206e+01
-2.943072455447767410e+00
-1.809767493905327385e+01
-1.626799380807158357e+01
-1.129669244672379413e+01
-4.238554920364975942e+01
-1.759659079659605396e+01
-4.486645863377494159e+00
-2.024982086935301240e+00
-6.238290949482895975e+00
-1.405860787132884582e+01
-1.342353544138449450e+01
-1.757181989233122854e+00
-8.893666005139543529e+00
-8.948637734693669188e+00
-1.169967376884899490e+00
-1.757181989233122854e+00
-1.809767493905327385e+01
-1.982464795609634223e+01
-2.026203444958338196e+01
-2.844053733273712581e+00
-1.136137431190092961e+01
-5.243521878152055393e+00
-1.809767493905327385e+01
-9.493802814905837550e+00
-6.383179366122166964e-01
-5.024632412317267871e+00
-1.035487664786913520e+01
-7.118166302992406713e+00
-1.658225247829825122e+01
-1.342353544138449450e+01
-1.169967376884899490e+00
-4.176159507251919756e+00
-3.509171723572263346e+01
-6.393215259923262783e-01
-2.657596575088415136e+01
-2.696680573744533849e+00
-1.293579658178900083e+01
-1.864805880505400992e+01
-6.435065718431892456e+00
-1.178845343946596458e+01
-1.864805880505400992e+01
-1.293579658178900083e+01
-1.342353544138449450e+01
-1.143075603922635608e+01
-2.313207919802972157e+01
-2.943072455447767410e+00
-2.943072455447767410e+00
-1.760896865046523274e+01
-1.688108873383257347e+01
-1.950131336482471056e+01
-3.730929557153650222e+01
-4.548490625807796839e+00
-1.571542936161630699e+01
-2.498605494856037623e+01
-8.545214736373084818e+00
-1.910773871640260779e+01
-9.841060682346006061e+00
-3.011749955144632729e+00
-5.037777454043102843e+00
-1.035487664786913520e+01
-9.964026358444348919e-01
-8.550376239600902650e+00
-1.864805880505400992e+01
-5.024632412317267871e+00
-2.108190256489957903e+01
-5.121995811406760524e+00
-2.026203444958338196e+01
-2.892354820406739968e+00
-1.249417580611651246e+01
-1.179321778017141398e+01
-4.092141996936878634e+00
-5.716980986257603092e+00
-7.197102003608689458e+00
-5.854939070814713098e+00
-5.037777454043102843e+00
-1.103602141862280206e+01
-1.642709975949261647e+01
-2.844053733273712581e+00
-4.904329796315922607e+01
-2.026203444958338196e+01
-2.086574241868000001e+01
-1.809767493905327385e+01
-3.448031307391274680e+01
-8.550376239600902650e+00
-2.026203444958338196e+01
-3.417447922362657931e+00
-2.468950926166116844e+01
-3.516172023808091129e+00
-1.809767493905327385e+01
-2.943072455447767410e+00
-8.545214736373084818e+00
-2.506947959170378581e+01
-5.885426705340080389e+00
-5.908148181788421383e+00
-5.121995811406760524e+00
-8.506589512434370448e+00
-9.784402839390105910e+00
-5.207315442288500407e+00
-1.210946459397624153e+01
-1.152056489230063008e+01
-8.550376239600902650e+00
-8.194319276654869810e+00
-5.024632412317267871e+00
-4.486645863377494159e+00
-1.835426678712746096e+01
-5.570538946848142992e+00
-2.024982086935301240e+00
-5.012715450609732670e+00
-1.197247802484148060e+01
-1.197247802484148060e+01
-4.504414727659590767e+01
-2.976026647976607542e+00
-1.571542936161630699e+01
-9.841060682346006061e+00
-3.516172023808091129e+00
-5.121995811406760524e+00
-1.485699193530022733e+01
-1.179321778017141398e+01
-9.277602759183995573e+00
-2.026203444958338196e+01
-4.486645863377494159e+00
-4.599371966435210624e+01
-1.387144004672172493e+01
-5.908148181788421383e+00
-2.358046992335666658e+01
-6.520742049946788299e+00
-8.545214736373084818e+00
-9.624912725598296248e+00
-9.493802814905837550e+00
-8.569715281756138836e+00
-1.485699193530022733e+01
-1.653702632865406486e+01
-4.766866031952949889e+00
-2.004212321709246236e+00
-1.571542936161630699e+01
-5.575433320532117598e+00
-1.035487664786913520e+01
-2.844053733273712581e+00
-1.169967376884899490e+00
-2.224264893453099745e+01
-1.342353544138449450e+01
-6.705397432547943737e+00
-1.688108873383257347e+01
-7.113814987000349532e+00
-1.056027815396308611e+01
-1.003587587217263533e+01
-1.485699193530022733e+01
-8.923017818711056037e+00
-9.252483715496072847e+00
-7.103127048450749825e+00
-1.650139087589697295e+00
-3.417447922362657931e+00
-6.238290949482895975e+00
-8.545214736373084818e+00
-1.688108873383257347e+01
-3.534706476955732590e+00
-1.757181989233122854e+00
-1.511542187782361957e+01
-1.574202564644277302e+01
-1.288475353545146307e+00
-1.179321778017141398e+01
-9.277602759183995573e+00
-1.511542187782361957e+01
-5.858436883377065030e+00
-9.556825428694276425e+00
-1.511542187782361957e+01
-2.712562344271455217e+01
-1.197247802484148060e+01
-8.192156774858519341e+00
-8.545214736373084818e+00
-1.235734937125573296e+01
-1.688108873383257347e+01
-2.933400814409028712e+01
-3.868348946343794381e+01
-8.946127501380461311e+00
-2.297957848873352305e+01
-1.229359934750837091e+01
-9.816917370396692988e+00
-1.346521580791861616e+01
-1.211187626512162652e+01
-1.293579658178900083e+01
-1.103602141862280206e+01
-2.379438403058952645e+01
-1.325892298373236500e+01
-1.342857753769027873e+01
-1.511542187782361957e+01
-5.858436883377065030e+00
-1.197247802484148060e+01
-5.858436883377065030e+00
-8.192156774858519341e+00
-2.087929675440728605e+00
-1.293579658178900083e+01
-2.087929675440728605e+00
-8.550376239600902650e+00
-3.655217018201329893e+01
-1.229359934750837091e+01
-4.193241070544228677e+01
-1.760896865046523274e+01
-1.909092864084584207e+01
-8.192156774858519341e+00
-6.393215259923262783e-01
-1.909092864084584207e+01
-6.383179366122166964e-01
-1.918205768519963073e+01
-7.418115190837142769e+00
-1.538916965273363324e+01
-9.816917370396692988e+00
-6.705397432547943737e+00
-2.696680573744533849e+00
-6.520742049946788299e+00
-1.298161587081742852e+01
-1.864805880505400992e+01
-2.026203444958338196e+01
-6.152302629112925025e+00
-1.293579658178900083e+01
-2.696680573744533849e+00
-7.346654165114401280e+00
-9.816917370396692988e+00
-1.688108873383257347e+01
-2.001769795575563649e+01
-8.192156774858519341e+00
-9.493802814905837550e+00
-3.442980787396810349e+00
-8.422142261212124836e+00
-1.229359934750837091e+01
-3.442980787396810349e+00
-9.296399209642459027e+00
-6.238290949482895975e+00
-2.086574241868000001e+01
-1.655515646517349726e+00
-2.562282002977752526e+01
-4.092141996936878634e+00
-2.297957848873352305e+01
-5.570538946848142992e+00
-3.044198417799161049e+01
-4.176159507251919756e+00
-1.485699193530022733e+01
-3.534706476955732590e+00
-3.011749955144632729e+00
-2.175479665245389427e+01
-2.024982086935301240e+00
-1.210946459397624153e+01
-9.296399209642459027e+00
-6.705397432547943737e+00
-9.296399209642459027e+00
-4.916192942631079532e+00
-1.864805880505400992e+01
-2.582098055282412119e+01
-2.943072455447767410e+00
-1.574202564644277302e+01
-3.516172023808091129e+00
-2.024982086935301240e+00
-3.417447922362657931e+00
-8.194319276654869810e+00
-2.508652086315391472e+01
-3.596841061502732373e+01
-1.655064208364850487e+01
-3.011749955144632729e+00
-5.858436883377065030e+00
-2.024982086935301240e+00
-3.919007714510483353e+00
-2.497595039606712675e+01
-7.113814987000349532e+00
-1.650139087589697295e+00
-9.795388893020692933e+00
-8.192156774858519341e+00
-1.252948358254748484e+01
-5.908148181788421383e+00
-1.792718818414907389e+01
-1.169967376884899490e+00
-1.511542187782361957e+01
-1.485699193530022733e+01
-4.092141996936878634e+00
-2.315301172979423328e+01
-5.024632412317267871e+00
-8.194319276654869810e+00
-2.638843814972296187e+01
-1.574202564644277302e+01
-1.574202564644277302e+01
-1.197247802484148060e+01
-1.293579658178900083e+01
-3.867015036886092361e+01
-3.548138766191488713e+01
-1.210946459397624153e+01
-4.486645863377494159e+00
-7.346654165114401280e+00
-2.844053733273712581e+00
-1.909092864084584207e+01
-1.169967376884899490e+00
-1.197247802484148060e+01
-7.177840438714817139e+00
-3.536457790361702536e+01
-4.743350087550815886e+00
-1.210946459397624153e+01
-6.383179366122166964e-01
-1.760896865046523274e+01
-1.488802777240728581e+01
-9.816917370396692988e+00
-9.277602759183995573e+00
-2.087929675440728605e+00
-2.115590050639966080e+01
-1.342857753769027873e+01
-2.508652086315391472e+01
-1.035487664786913520e+01
-1.757181989233122854e+00
-1.909092864084584207e+01
-7.415213791441581215e+00
-6.705397432547943737e+00
-8.718570322176094622e-01
-5.037777454043102843e+00
-1.095158870644547022e+01
-2.078788728587398893e+01
-6.520742049946788299e+00
-1.035487664786913520e+01
-1.281464291888105578e+01
-6.520742049946788299e+00
-5.858436883377065030e+00
-1.115019112699386916e+01
-1.342353544138449450e+01
-1.342857753769027873e+01
-5.915229148762377598e+00
-1.909092864084584207e+01
-8.704368902008463138e+00
-8.141995179942751903e+00
-5.570538946848142992e+00
-1.342857753769027873e+01
-1.210946459397624153e+01
-2.014248063478654416e+01
-1.253778086604546438e+01
-1.759659079659605396e+01
-1.469728011585999816e+01
-1.688108873383257347e+01
-7.346654165114401280e+00
-4.768252105589197321e+00
-8.550376239600902650e+00
-3.611437930945719188e+01
-5.575433320532117598e+00
-9.362971815392281627e+00
-9.296399209642459027e+00
-1.178845343946596458e+01
-9.493802814905837550e+00
-1.650139087589697295e+00
-5.322350125040405722e+00
-7.113814987000349532e+00
-8.192156774858519341e+00
-2.618206705196063311e+01
-8.550376239600902650e+00
-1.983161377008135062e+01
-9.816917370396692988e+00
-1.229359934750837091e+01
-2.943072455447767410e+00
-3.549077161235765487e+01
-3.536457790361702536e+01
-9.964026358444348919e-01
-1.103602141862280206e+01
-1.542807735807840075e+01
-1.650139087589697295e+00
-4.212821192782730151e+01
-9.841060682346006061e+00
-9.814932279671154447e+00
-2.844053733273712581e+00
-1.314699041860623829e+01
-1.468699117516612596e+01
-2.638843814972296187e+01
-1.342857753769027873e+01
-8.550376239600902650e+00
-6.393215259923262783e-01
-4.486645863377494159e+00
-1.986775474993132207e+01
-5.024632412317267871e+00
-8.859086279062804437e+00
-3.534706476955732590e+00
-3.417447922362657931e+00
-3.131481620685158163e+01
-7.415213791441581215e+00
-1.650139087589697295e+00
-1.757181989233122854e+00
-8.252431615229443906e+00
-4.664919069646791883e+01
-1.208941537584690273e+01
-3.417447922362657931e+00
-1.866979884704905146e+01
-8.194319276654869810e+00
-1.626799380807158357e+01
-1.229359934750837091e+01
-2.026192770239721241e+01
-4.092141996936878634e+00
-1.210946459397624153e+01
-4.624598015897797509e+00
-6.238290949482895975e+00
-1.909092864084584207e+01
-8.545214736373084818e+00
-1.571542936161630699e+01
-2.224264893453099745e+01
-8.192156774858519341e+00
-4.092141996936878634e+00
-7.765287674802159756e+00
-8.422142261212124836e+00
-1.550810752985446683e+00
-5.908148181788421383e+00
-1.910773871640260779e+01
-2.508652086315391472e+01
-8.700582151270804587e+00
-1.298961659862104234e+01
-1.571542936161630699e+01
-1.407071439547996938e+01
-3.130014137302294230e+01
-2.087929675440728605e+00
-1.511542187782361957e+01
-1.095158870644547022e+01
-9.277602759183995573e+00
-3.516172023808091129e+00
-2.508652086315391472e+01
-4.895820110391689184e+01
-6.383179366122166964e-01
-2.224264893453099745e+01
-2.508652086315391472e+01
-1.325892298373236500e+01
-1.909092864084584207e+01
-8.192156774858519341e+00
-2.943072455447767410e+00
-2.943072455447767410e+00
-1.342857753769027873e+01
-2.024982086935301240e+00
-1.760896865046523274e+01
-8.194319276654869810e+00
-2.313207919802972157e+01
-2.224264893453099745e+01
-3.840117908533745794e+00
-1.448768718628281604e+01
-4.743350087550815886e+00
-1.809767493905327385e+01
-5.570538946848142992e+00
-1.197247802484148060e+01
-7.346654165114401280e+00
-9.964026358444348919e-01
-1.154502860265131581e+01
-6.775312654390070577e+00
-9.687751279976311025e+00
-1.571542936161630699e+01
-3.960032516824530280e+00
-2.566480816655070640e+01
-9.907490678387718575e+00
-8.422142261212124836e+00
-1.571542936161630699e+01
-1.626799380807158357e+01
-2.844053733273712581e+00
-2.330438890150157505e+01
-5.570538946848142992e+00
-9.192230902067295872e+00
-3.417447922362657931e+00
-8.501004104279672902e+00
-4.092141996936878634e+00
-2.468950926166116844e+01
-2.024982086935301240e+00
-3.516172023808091129e+00
-3.417447922362657931e+00
-4.713919957612882072e+00
-9.816917370396692988e+00
-9.548467446237033585e+00
-8.550376239600902650e+00
-5.775051978216598769e+00
-5.243521878152055393e+00
-1.688108873383257347e+01
-1.835426678712746096e+01
-3.534706476955732590e+00
-3.889873700611317986e+01
-7.198239520107758693e+00
-1.342353544138449450e+01
-1.809767493905327385e+01
-1.688108873383257347e+01
-2.844053733273712581e+00
-1.103602141862280206e+01
-1.999826242859838743e+01
-1.757181989233122854e+00
-1.103602141862280206e+01
-1.755218701217246746e+01
-3.965009754798546560e+00
-4.105361572574319773e+00
-1.650139087589697295e+00
-1.910773871640260779e+01
-2.087929675440728605e+00
-1.864805880505400992e+01
-3.442980787396810349e+00
-2.638843814972296187e+01
-1.650139087589697295e+00
-5.908148181788421383e+00
-4.581347456416219899e+01
-1.688108873383257347e+01
-9.693460379364767121e+00
-8.194319276654869810e+00
-9.964026358444348919e-01
-1.757181989233122854e+00
-2.224264893453099745e+01
-1.809767493905327385e+01
-9.296399209642459027e+00
-9.296399209642459027e+00
-1.485699193530022733e+01
-2.313207919802972157e+01
-8.718570322176094622e-01
-2.026203444958338196e+01
-4.737499148702347007e+00
-6.383179366122166964e-01
-4.486645863377494159e+00
-1.592175594744822575e+01
-2.224264893453099745e+01
-4.486645863377494159e+00
-2.306509026906455162e+01
-1.835426678712746096e+01
-2.186596596765230416e+01
-1.139824158545949651e+01
-9.841060682346006061e+00
-7.346654165114401280e+00
-4.766866031952949889e+00
-2.024982086935301240e+00
-1.372997075616604690e+01
-4.743350087550815886e+00
-1.760896865046523274e+01
-3.417447922362657931e+00
-2.087929675440728605e+00
-1.835426678712746096e+01
-7.415213791441581215e+00
-3.516172023808091129e+00
-1.688108873383257347e+01
-1.293579658178900083e+01
-1.511542187782361957e+01
-1.197247802484148060e+01
-1.760896865046523274e+01
-1.574202564644277302e+01
-2.330294328654129998e+01
-7.599519048260904519e+00
-1.293579658178900083e+01
-2.468950926166116844e+01
-7.970984875215520127e+00
-5.570538946848142992e+00
-1.910773871640260779e+01
-1.325892298373236500e+01
-1.035487664786913520e+01
-6.393215259923262783e-01
-5.742149064316601326e+00
-1.547180533121131951e+01
-1.574202564644277302e+01
-1.809767493905327385e+01
-1.485699193530022733e+01
-9.816917370396692988e+00
-4.486645863377494159e+00
-1.776157864014864884e+01
-5.591245563931654061e+00
-5.575433320532117598e+00
-1.571542936161630699e+01
-2.593162696398486844e+01
-6.393215259923262783e-01
-5.121995811406760524e+00
-3.638291180426979743e+00
-8.550376239600902650e+00
-2.136572245610262755e+01
-4.766866031952949889e+00
-3.011749955144632729e+00
-7.415213791441581215e+00
-4.176159507251919756e+00
-9.296399209642459027e+00
-2.024982086935301240e+00
-2.844053733273712581e+00
-8.192156774858519341e+00
-3.516172023808091129e+00
-1.179321778017141398e+01
-7.415213791441581215e+00
-1.178845343946596458e+01
-6.520742049946788299e+00
-1.235504544198012411e+01
-1.650139087589697295e+00
-2.943072455447767410e+00
-1.759659079659605396e+01
-1.626799380807158357e+01
-5.858436883377065030e+00
-7.474426005249614313e+00
-9.030735793850523052e+00
-1.115019112699386916e+01
-5.037777454043102843e+00
-1.325892298373236500e+01
-7.346654165114401280e+00
-6.705397432547943737e+00
-1.112431883656383036e+01
-8.718570322176094622e-01
-8.194319276654869810e+00
-2.224264893453099745e+01
-1.688108873383257347e+01
-1.169967376884899490e+00
-2.086574241868000001e+01
-2.943072455447767410e+00
-4.453148852000143876e+01
-8.602845169491251553e+00
-7.113814987000349532e+00
-5.570538946848142992e+00
-1.325892298373236500e+01
-1.035487664786913520e+01
-1.342353544138449450e+01
-8.194319276654869810e+00
-7.415213791441581215e+00
-5.243521878152055393e+00
-5.575433320532117598e+00
-1.485699193530022733e+01
-1.095158870644547022e+01
-1.405771228297697917e+01
-4.486645863377494159e+00
-8.192156774858519341e+00
-1.626799380807158357e+01
-1.169967376884899490e+00
-1.095158870644547022e+01
-1.097592691979986057e+01
-9.816917370396692988e+00
-1.485699193530022733e+01
-5.908148181788421383e+00
-2.313207919802972157e+01
-1.103602141862280206e+01
-1.325892298373236500e+01
-4.486645863377494159e+00
-8.360653478768133695e+00
-1.760896865046523274e+01
-1.757181989233122854e+00
-8.550376239600902650e+00
-1.293579658178900083e+01
-1.197247802484148060e+01
-2.844053733273712581e+00
-2.313207919802972157e+01
-5.037777454043102843e+00
-1.910773871640260779e+01
-5.570538946848142992e+00
-9.493802814905837550e+00
-2.030684677903499491e+01
-2.468950926166116844e+01
-6.393215259923262783e-01
-1.759659079659605396e+01
-9.964026358444348919e-01
-1.546662601118943492e+01
-7.674975273410056253e+00
-9.816917370396692988e+00
-9.296399209642459027e+00
-5.858436883377065030e+00
-1.115019112699386916e+01
-9.296399209642459027e+00
-2.313207919802972157e+01
-1.229359934750837091e+01
-1.169967376884899490e+00
-1.325892298373236500e+01
-1.103602141862280206e+01
-6.941176496987123024e+00
-5.243521878152055393e+00
-2.943072455447767410e+00
-1.864805880505400992e+01
-1.759659079659605396e+01
-1.909092864084584207e+01
-1.909092864084584207e+01
-7.113814987000349532e+00
-7.415213791441581215e+00
-3.448031307391274680e+01
-2.087929675440728605e+00
-4.876417660318513647e+00
-5.204926027466152405e+00
-3.778210723908987489e+00
-1.035487664786913520e+01
-2.638843814972296187e+01
-9.296399209642459027e+00
-1.588646678829712933e+01
-5.121995811406760524e+00
-9.493802814905837550e+00
-3.442980787396810349e+00
-1.411151991806324091e+01
-2.496124286127543002e+01
-2.313207919802972157e+01
-3.534706476955732590e+00
-3.534706476955732590e+00
-3.516172023808091129e+00
-6.393215259923262783e-01
-9.816917370396692988e+00
-1.485699193530022733e+01
-2.508652086315391472e+01
-1.656078781818370871e+01
-1.035487664786913520e+01
-1.210946459397624153e+01
-3.997113887694851986e+00
-1.325892298373236500e+01
-3.516172023808091129e+00
-1.080444901448911921e+01
-1.809767493905327385e+01
-1.688108873383257347e+01
-5.575433320532117598e+00
-9.493802814905837550e+00
-1.574202564644277302e+01
-1.178845343946596458e+01
-7.349119631830353327e+00
-3.647851010762280310e+01
-8.192156774858519341e+00
-7.415213791441581215e+00
-2.451651777433294299e+01
-1.169967376884899490e+00
-3.011749955144632729e+00
-7.346654165114401280e+00
-2.086574241868000001e+01
-1.342353544138449450e+01
-6.705397432547943737e+00
-8.545214736373084818e+00
-3.536457790361702536e+01
-3.011749955144632729e+00
-2.468950926166116844e+01
-8.175200264903956793e+00
-2.026203444958338196e+01
-2.224264893453099745e+01
-1.759659079659605396e+01
-2.087929675440728605e+00
-9.493802814905837550e+00
-5.024632412317267871e+00
-3.694198569442195890e+01
-1.909092864084584207e+01
-5.499008552310732156e+00
-1.688108873383257347e+01
-3.448031307391274680e+01
-1.293579658178900083e+01
-5.908148181788421383e+00
-2.058570928699295166e+01
-1.759659079659605396e+01
-3.011749955144632729e+00
-3.960032516824530280e+00
-3.448031307391274680e+01
-1.849612822085209984e+01
-1.835426678712746096e+01
-1.397591456442274982e+01
-1.342353544138449450e+01
-7.415213791441581215e+00
-1.089491866099627515e+01
-1.035487664786913520e+01
-1.068564534641121710e+01
-1.609186246417366561e+01
-4.620293564788965135e+00
-1.759659079659605396e+01
-6.393215259923262783e-01
-1.028828307068444659e+01
-9.964026358444348919e-01
-1.910773871640260779e+01
-1.169967376884899490e+00
-9.296399209642459027e+00
-1.210946459397624153e+01
-6.520742049946788299e+00
-3.536457790361702536e+01
-4.092141996936878634e+00
-7.599519048260904519e+00
-1.115019112699386916e+01
-4.743350087550815886e+00
-1.103602141862280206e+01
-4.092141996936878634e+00
-1.760896865046523274e+01
-2.026203444958338196e+01
-6.705397432547943737e+00
-1.760896865046523274e+01
-4.766866031952949889e+00
-2.696680573744533849e+00
-3.448031307391274680e+01
-9.277602759183995573e+00
-2.844053733273712581e+00
-2.224264893453099745e+01
-1.342857753769027873e+01
-1.342353544138449450e+01
-5.121995811406760524e+00
-6.462826592575630968e+00
-7.599519048260904519e+00
-9.277602759183995573e+00
-1.342857753769027873e+01
-3.011749955144632729e+00
-6.520742049946788299e+00
-1.325892298373236500e+01
-5.508625812623828999e+00
-6.520742049946788299e+00
-1.103602141862280206e+01
-3.534706476955732590e+00
-9.493802814905837550e+00
-5.243521878152055393e+00
-1.485699193530022733e+01
-7.113814987000349532e+00
-8.422142261212124836e+00
-1.916734473721577814e+01
-1.910773871640260779e+01
-1.688108873383257347e+01
-9.493802814905837550e+00
-6.520742049946788299e+00
-5.858436883377065030e+00
-2.347316290021308482e+00
-1.095158870644547022e+01
-4.486645863377494159e+00
-1.864805880505400992e+01
-6.705397432547943737e+00
-1.179321778017141398e+01
-3.534706476955732590e+00
-1.650139087589697295e+00
-3.516172023808091129e+00
-8.194319276654869810e+00
-3.282703278475471365e+01
-1.293579658178900083e+01
-2.638843814972296187e+01
-2.026203444958338196e+01
-1.035487664786913520e+01
-2.468950926166116844e+01
-1.759659079659605396e+01
-5.575433320532117598e+00
-1.909092864084584207e+01
-1.103602141862280206e+01
-5.037777454043102843e+00
-8.422142261212124836e+00
-1.388891647139520202e+01
-2.026203444958338196e+01
-3.534706476955732590e+00
-1.197247802484148060e+01
-5.570538946848142992e+00
-1.115019112699386916e+01
-1.835426678712746096e+01
-2.313207919802972157e+01
-9.277602759183995573e+00
-8.422142261212124836e+00
-3.011749955144632729e+00
-1.210946459397624153e+01
-6.383179366122166964e-01
-7.346654165114401280e+00
-1.526664631789968851e+01
-1.347432818259873422e+01
-4.486645863377494159e+00
-1.342353544138449450e+01
-8.242445321035326344e+00
-1.717749092351921192e+01
-1.760896865046523274e+01
-5.570538946848142992e+00
-1.759659079659605396e+01
-1.197247802484148060e+01
-9.296399209642459027e+00
-1.229359934750837091e+01
-1.971793396728238434e+01
-1.586821095706107165e+01
-2.943072455447767410e+00
-1.342353544138449450e+01
-5.037777454043102843e+00
-2.009462961872577225e+01
-1.115019112699386916e+01
-1.760896865046523274e+01
-1.342353544138449450e+01
-5.121995811406760524e+00
-3.054703287416061119e+00
-1.293579658178900083e+01
-8.194319276654869810e+00
-4.176159507251919756e+00
-3.824192385225472890e+01
-4.979368281723468570e+00
-8.718570322176094622e-01
-4.105347462117175716e+00
-8.194319276654869810e+00
-6.705397432547943737e+00
-6.291656033205320853e+00
-1.910773871640260779e+01
-9.277602759183995573e+00
-2.024982086935301240e+00
-6.393215259923262783e-01
-4.176159507251919756e+00
-1.571542936161630699e+01
-1.626799380807158357e+01
-8.545214736373084818e+00
-1.809767493905327385e+01
-1.910773871640260779e+01
-6.383179366122166964e-01
-9.964026358444348919e-01
-4.803565057563831786e+00
-1.877650701010841416e+01
-1.008526854355076807e+01
-4.486645863377494159e+00
-4.905665604997780704e+00
-2.024982086935301240e+00
-2.390211404159563457e+01
-5.117252460471563680e+00
-1.485699193530022733e+01
-8.486721655650079299e+00
-3.011749955144632729e+00
-1.835426678712746096e+01
-7.599519048260904519e+00
-4.262905196593172974e+01
-1.759659079659605396e+01
-3.837993543689931286e+00
-1.103602141862280206e+01
-4.176159507251919756e+00
-2.695068157736768910e+01
-4.766866031952949889e+00
-3.362058764269714839e+00
-4.027443357404344226e+01
-6.714127084708694682e+00
-2.634818722347966968e+01
-1.298218691624736820e+01
-5.121995811406760524e+00
-6.383179366122166964e-01
-6.705397432547943737e+00
-1.789009011006725203e+01
-2.146817759736154230e+01
-9.296399209642459027e+00
-1.910773871640260779e+01
-5.709438678510763587e+00
-3.603474628644340783e+01
-1.909092864084584207e+01
-2.026203444958338196e+01
-2.638843814972296187e+01
-3.536457790361702536e+01
-1.688108873383257347e+01
-2.508652086315391472e+01
-8.304964775529615650e+00
-4.138676635401636617e+01
-7.846317180270467873e+00
-1.688108873383257347e+01
-6.511890479329323966e+00
-3.534706476955732590e+00
-2.508652086315391472e+01
-1.210946459397624153e+01
-2.555598802131723701e+01
-2.508652086315391472e+01
-4.379036323508722184e+00
-6.238290949482895975e+00
-3.442980787396810349e+00
-1.229359934750837091e+01
-7.346654165114401280e+00
-7.346654165114401280e+00
-7.905479291749189841e+00
-3.536457790361702536e+01
-2.313207919802972157e+01
-1.653319921149653027e+01
-5.905157317738232159e+00
-5.024632412317267871e+00
-4.486645863377494159e+00
-4.486645863377494159e+00
-1.650139087589697295e+00
-3.534706476955732590e+00
-1.342857753769027873e+01
-1.511542187782361957e+01
-1.918101220824730291e+01
-7.599519048260904519e+00
-9.296399209642459027e+00
-1.511542187782361957e+01
-1.035487664786913520e+01
-7.415213791441581215e+00
-2.514769150710617751e+01
-1.197774806237522860e+01
-1.910773871640260779e+01
-2.571643074262742701e+01
-1.139824158545949651e+01
-2.468950926166116844e+01
-1.063542125132348204e+01
-8.422142261212124836e+00
-2.022236236172529900e+01
-2.087929675440728605e+00
-3.417447922362657931e+00
-2.468950926166116844e+01
-1.327028664616003439e+01
-2.330377715331025357e+01
-2.224264893453099745e+01
-5.024632412317267871e+00
-5.024632412317267871e+00
-1.809767493905327385e+01
-6.705397432547943737e+00
-4.367885744424883754e+00
-6.383179366122166964e-01
-5.037777454043102843e+00
-2.224264893453099745e+01
-1.412513485474268116e+01
-2.943072455447767410e+00
-1.341070958050228690e+01
-2.696680573744533849e+00
-2.508652086315391472e+01
-5.024632412317267871e+00
-1.760896865046523274e+01
-2.224264893453099745e+01
-8.194319276654869810e+00
-2.462282918021721656e+01
-8.194319276654869810e+00
-7.113814987000349532e+00
-1.342857753769027873e+01
-9.277602759183995573e+00
-8.422142261212124836e+00
-5.024632412317267871e+00
-1.103602141862280206e+01
-8.545214736373084818e+00
-3.829400428867970874e+01
-2.024982086935301240e+00
-1.835426678712746096e+01
-6.393215259923262783e-01
-1.297244359858351714e+01
-4.176159507251919756e+00
-8.783941106277403321e+00
-2.224264893453099745e+01
-1.247257334265966833e+01
-3.442980787396810349e+00
-9.493802814905837550e+00
-8.192156774858519341e+00
-5.908148181788421383e+00
-1.169967376884899490e+00
-4.709844804826333053e+00
-5.037777454043102843e+00
-1.692456796168379540e+01
-7.312401378609204805e+00
-1.169967376884899490e+00
-8.194319276654869810e+00
-2.943072455447767410e+00
-5.570538946848142992e+00
-8.477121126614324709e+00
-5.570538946848142992e+00
-9.493802814905837550e+00
-4.838317936612216208e+00
-1.574202564644277302e+01
-5.024632412317267871e+00
-1.411216692286438068e+01
-8.422142261212124836e+00
-1.169967376884899490e+00
-2.026203444958338196e+01
-4.743350087550815886e+00
-1.757181989233122854e+00
-1.095158870644547022e+01
-9.277602759183995573e+00
-4.743350087550815886e+00
-1.115019112699386916e+01
-1.029719188169145916e+01
-8.454080936746716901e+00
-1.925290812688366771e+01
-3.719768353065174171e+00
-4.486645863377494159e+00
-1.571542936161630699e+01
-2.943072455447767410e+00
-4.092141996936878634e+00
-5.570538946848142992e+00
-3.860868381296939589e+01
-6.520742049946788299e+00
-1.511542187782361957e+01
-4.716836160892425056e+01
-8.194319276654869810e+00
-9.296399209642459027e+00
-9.816917370396692988e+00
-2.508652086315391472e+01
-2.024982086935301240e+00
-5.908148181788421383e+00
-1.909092864084584207e+01
-2.816664099965189649e+01
-1.567051453961818019e+01
-2.943072455447767410e+00
-1.115019112699386916e+01
-1.093434805157058243e+01
-1.511542187782361957e+01
-5.570538946848142992e+00
-1.864805880505400992e+01
-9.493802814905837550e+00
-6.383179366122166964e-01
-6.383179366122166964e-01
-1.864805880505400992e+01
-1.197247802484148060e+01
-5.573080528607524009e+00
-2.143451992890829416e+01
-1.757181989233122854e+00
-1.485699193530022733e+01
-1.688108873383257347e+01
-2.086574241868000001e+01
-4.766866031952949889e+00
-9.964026358444348919e-01
-7.710604212592401474e+00
-5.858436883377065030e+00
-5.575433320532117598e+00
-1.171731453031556036e+01
-5.575433320532117598e+00
-2.461278559548666323e+01
-8.550376239600902650e+00
-1.267215036300777697e+01
-6.238290949482895975e+00
-1.757181989233122854e+00
-9.493802814905837550e+00
-1.909092864084584207e+01
-1.103602141862280206e+01
-2.086574241868000001e+01
-6.527250420197468372e+00
-1.760896865046523274e+01
-5.048117242193042919e+00
-4.486645863377494159e+00
-9.816917370396692988e+00
-3.607490700747604961e+01
-6.393215259923262783e-01
-1.210946459397624153e+01
-4.100252578621196520e+00
-5.575433320532117598e+00
-1.892231897480961678e+01
-1.178845343946596458e+01
-3.409327257855164817e+01
-6.705397432547943737e+00
-2.224264893453099745e+01
-3.773963576769349348e+00
-4.486645863377494159e+00
-2.468950926166116844e+01
-2.844053733273712581e+00
-3.534706476955732590e+00
-3.534706476955732590e+00
-8.677363373113182732e+00
-1.115019112699386916e+01
-3.536457790361702536e+01
-6.599340570386746485e+00
-1.169967376884899490e+00
-1.463398777682217933e+01
-3.909860379115733053e+01
-1.093137969888159411e+01
-6.285875646186060983e+00
-2.943072455447767410e+00
-5.858436883377065030e+00
-3.011749955144632729e+00
-3.516172023808091129e+00
-1.210946459397624153e+01
-2.708431446237285911e+01
-1.909092864084584207e+01
-9.277602759183995573e+00
-2.026203444958338196e+01
-9.493802814905837550e+00
-1.421426372425485063e+01
-4.743350087550815886e+00
-1.325892298373236500e+01
-9.493802814905837550e+00
-6.501468819631458729e+00
-4.092141996936878634e+00
-2.844053733273712581e+00
-5.858436883377065030e+00
-2.638843814972296187e+01
-2.313207919802972157e+01
-7.846317180270467873e+00
-7.599519048260904519e+00
-7.186775220794585195e+00
-7.346654165114401280e+00
-2.696680573744533849e+00
-1.642234092546807034e+01
-1.939090312453856768e+01
-2.458060010289533537e+01
-1.835426678712746096e+01
-1.179321778017141398e+01
-3.442980787396810349e+00
-4.486645863377494159e+00
-7.346654165114401280e+00
-6.393215259923262783e-01
-1.095158870644547022e+01
-1.571542936161630699e+01
-2.087929675440728605e+00
-8.422142261212124836e+00
-2.696680573744533849e+00
-2.224264893453099745e+01
-3.417447922362657931e+00
-1.485699193530022733e+01
-6.520742049946788299e+00
-1.571542936161630699e+01
-1.571542936161630699e+01
-1.115019112699386916e+01
-3.536457790361702536e+01
-1.342857753769027873e+01
-6.140544744835938928e+00
-1.178845343946596458e+01
-1.179321778017141398e+01
-4.092141996936878634e+00
-4.479858487150355018e+01
-2.508652086315391472e+01
-7.415213791441581215e+00
-1.035487664786913520e+01
-3.417447922362657931e+00
-1.910773871640260779e+01
-1.179321778017141398e+01
-1.835426678712746096e+01
-1.178845343946596458e+01
-5.024632412317267871e+00
-3.534706476955732590e+00
-1.757181989233122854e+00
-2.087929675440728605e+00
-9.277602759183995573e+00
-1.635902462579395689e+01
-1.760896865046523274e+01
-1.325892298373236500e+01
-1.626799380807158357e+01
-2.313207919802972157e+01
-6.393215259923262783e-01
-1.909092864084584207e+01
-1.229359934750837091e+01
-2.597206532943480184e+01
-3.536457790361702536e+01
-6.520742049946788299e+00
-2.468950926166116844e+01
-2.844053733273712581e+00
-1.210946459397624153e+01
-4.876417660318513647e+00
-2.224264893453099745e+01
-5.908148181788421383e+00
-1.909092864084584207e+01
-2.313207919802972157e+01
-6.705397432547943737e+00
-1.102179457079978953e+01
-2.792887903799513438e+01
-1.169967376884899490e+00
-9.841060682346006061e+00
-1.511542187782361957e+01
-6.520742049946788299e+00
-4.092141996936878634e+00
-1.757181989233122854e+00
-3.536457790361702536e+01
-2.597516489747030022e+01
-2.891067136942156424e+01
-1.910773871640260779e+01
-3.442980787396810349e+00
-1.179321778017141398e+01
-1.688108873383257347e+01
-2.087929675440728605e+00
-5.024632412317267871e+00
-4.092141996936878634e+00
-1.057834462202030856e+01
-1.511542187782361957e+01
-1.809767493905327385e+01
-7.346654165114401280e+00
-2.226146396941601679e+01
-1.899633294041356635e+01
-1.103602141862280206e+01
-3.417447922362657931e+00
-1.095158870644547022e+01
-4.486645863377494159e+00
-9.978054407271695680e+00
-2.844053733273712581e+00
-4.176159507251919756e+00
-5.858436883377065030e+00
-2.943072455447767410e+00
-3.536457790361702536e+01
-1.342857753769027873e+01
-2.044325593693100274e+01
-1.658408476305002210e+01
-5.243521878152055393e+00
-1.688108873383257347e+01
-2.844053733273712581e+00
-2.656494738853848148e+01
-7.415213791441581215e+00
-8.545214736373084818e+00
-1.974092450130493148e+01
-1.325892298373236500e+01
-8.718570322176094622e-01
-8.718570322176094622e-01
-1.167832108243410616e+01
-1.346917091377400943e+01
-1.945357121204162709e+01
-1.773812349085363849e+01
-4.743350087550815886e+00
-1.095158870644547022e+01
-1.169967376884899490e+00
-5.570538946848142992e+00
-4.212821192782730151e+01
-1.210946459397624153e+01
-3.417447922362657931e+00
-1.197247802484148060e+01
-7.777914808173439276e+00
-1.650139087589697295e+00
-8.718570322176094622e-01
-5.024632412317267871e+00
-1.835426678712746096e+01
-9.964026358444348919e-01
-5.121995811406760524e+00
-1.911170531304617981e+01
-8.550376239600902650e+00
-8.192156774858519341e+00
-5.908148181788421383e+00
-9.296399209642459027e+00
-8.192156774858519341e+00
-2.087929675440728605e+00
-8.422142261212124836e+00
-2.034242137998299782e+01
-1.909092864084584207e+01
-1.103602141862280206e+01
-3.534706476955732590e+00
-9.349829823326611944e+00
-2.468950926166116844e+01
-2.086574241868000001e+01
-1.724927508248984509e+01
-5.600278380066413320e+00
-9.841060682346006061e+00
-1.971752340373216583e+01
-8.422142261212124836e+00
-3.011749955144632729e+00
-8.545214736373084818e+00
-3.011749955144632729e+00
-8.422142261212124836e+00
-5.024632412317267871e+00
-3.516172023808091129e+00
-1.511542187782361957e+01
-7.346654165114401280e+00
-2.844053733273712581e+00
-2.844053733273712581e+00
-3.536457790361702536e+01
-1.571542936161630699e+01
-2.313207919802972157e+01
-1.485699193530022733e+01
-4.743350087550815886e+00
-1.853489860277443313e+01
-6.393215259923262783e-01
-6.238290949482895975e+00
-2.086574241868000001e+01
-1.197247802484148060e+01
-3.330097351348550117e+00
-2.844053733273712581e+00
-9.243232832465688276e+00
-1.573757321631251216e+01
-2.224264893453099745e+01
-7.346654165114401280e+00
-1.015388354394198878e+01
-1.835426678712746096e+01
-7.212763488116867627e+00
-2.844053733273712581e+00
-1.035487664786913520e+01
-6.415603275419035967e+00
-3.330097351348550117e+00
-1.325892298373236500e+01
-1.574202564644277302e+01
-3.764847397933335316e+01
-5.908148181788421383e+00
-8.718570322176094622e-01
-2.508652086315391472e+01
-1.342353544138449450e+01
-9.841060682346006061e+00
-5.858436883377065030e+00
-1.757181989233122854e+00
-5.037777454043102843e+00
-3.235216559002608960e+01
-1.169967376884899490e+00
-1.169967376884899490e+00
-5.908148181788421383e+00
-7.113814987000349532e+00
-2.696680573744533849e+00
-1.293579658178900083e+01
-9.236738241357572932e+00
-1.688108873383257347e+01
-6.393215259923262783e-01
-7.415213791441581215e+00
-1.485699193530022733e+01
-9.277602759183995573e+00
-7.706742285984637952e+00
-1.013144197418884218e+01
-1.375011075503284497e+00
-3.442980787396810349e+00
-6.393215259923262783e-01
-4.766866031952949889e+00
-5.858436883377065030e+00
-1.809767493905327385e+01
-9.816917370396692988e+00
-2.313207919802972157e+01
-1.757181989233122854e+00
-9.277602759183995573e+00
-1.606030716608468367e+01
-6.520742049946788299e+00
-1.582930049486056490e+01
-9.917988385206271573e+00
-5.024632412317267871e+00
-3.320714764301665411e+01
-7.599519048260904519e+00
-1.574202564644277302e+01
-2.212321443857963033e+01
-1.060293896401526759e+01
-3.516172023808091129e+00
-3.417447922362657931e+00
-5.692118422721682336e+00
-1.825986720017852960e+01
-8.192156774858519341e+00
-1.293579658178900083e+01
-1.238940585182290910e+01
-4.743350087550815886e+00
-3.536457790361702536e+01
-2.313207919802972157e+01
-6.238290949482895975e+00
-9.277602759183995573e+00
-7.113814987000349532e+00
-8.718570322176094622e-01
-1.757181989233122854e+00
-2.943072455447767410e+00
-2.026203444958338196e+01
-6.393215259923262783e-01
-8.718570322176094622e-01
-6.520742049946788299e+00
-7.113814987000349532e+00
-3.516172023808091129e+00
-2.024982086935301240e+00
-5.037777454043102843e+00
-8.422142261212124836e+00
-9.493802814905837550e+00
-8.077287419966532767e+00
-9.816917370396692988e+00
-5.908148181788421383e+00
-3.442980787396810349e+00
-1.574202564644277302e+01
-5.570538946848142992e+00
-9.900210489587527363e+00
-5.858436883377065030e+00
-2.024982086935301240e+00
-3.911682620860641180e+01
-7.415213791441581215e+00
-1.757181989233122854e+00
-1.103602141862280206e+01
-7.415213791441581215e+00
-1.021857811615407030e+01
-1.115019112699386916e+01
-3.210661886935845644e+00
-7.113814987000349532e+00
-2.943072455447767410e+00
-1.095158870644547022e+01
-2.511777413761268107e+01
-1.664161058647741953e+01
-2.813323967721355245e+01
-8.194319276654869810e+00
-5.024632412317267871e+00
-2.266123666504019596e+01
-8.545214736373084818e+00
-1.864805880505400992e+01
-1.759659079659605396e+01
-1.325892298373236500e+01
-1.757181989233122854e+00
-9.296399209642459027e+00
-4.260695485851152853e+01
-7.383265508074067007e+00
-5.908148181788421383e+00
-1.383323198809702426e+01
-1.760896865046523274e+01
-4.303782225373105064e+00
-1.342353544138449450e+01
-1.626799380807158357e+01
-3.516172023808091129e+00
-1.293579658178900083e+01
-8.194319276654869810e+00
-1.169967376884899490e+00
-6.705397432547943737e+00
-4.766866031952949889e+00
-1.087092494632129025e+01
-9.964026358444348919e-01
-9.637294694265643002e+00
-8.194319276654869810e+00
-3.781313760900732035e+01
-4.342546351875040500e+01
-5.037777454043102843e+00
-7.599519048260904519e+00
-1.378236987497236221e+01
-8.545214736373084818e+00
-3.694198569442195890e+01
-5.858436883377065030e+00
-2.226817943609014705e+01
-3.011749955144632729e+00
-6.238290949482895975e+00
-1.571542936161630699e+01
-1.368383674872758604e+01
-4.766866031952949889e+00
-9.816917370396692988e+00
-1.005659611889589655e+01
-1.033197807046406247e+01
-1.169967376884899490e+00
-8.545214736373084818e+00
-2.696680573744533849e+00
-1.794577232939336753e+01
-9.226453462820966678e+00
-6.238290949482895975e+00
-3.641836998213713628e+01
-1.910773871640260779e+01
-9.277602759183995573e+00
-4.176159507251919756e+00
-9.877998882692111238e+00
-9.964026358444348919e-01
-6.415603275419035967e+00
-2.696680573744533849e+00
-6.299565904763781532e+00
-3.534706476955732590e+00
-2.130610142816392738e+01
-6.383179366122166964e-01
-1.035487664786913520e+01
-1.325892298373236500e+01
-2.844053733273712581e+00
-6.238290949482895975e+00
-1.179321778017141398e+01
-1.327317011735204311e+01
-1.342857753769027873e+01
-5.908148181788421383e+00
-3.694198569442195890e+01
-1.835426678712746096e+01
-9.277602759183995573e+00
-1.292921351411520625e+01
-1.115019112699386916e+01
-1.325892298373236500e+01
-1.115019112699386916e+01
-7.113814987000349532e+00
-3.694198569442195890e+01
-4.345427495400048201e+01
-7.415213791441581215e+00
-1.499965803098637274e+01
-3.534706476955732590e+00
-4.322993141761836000e+01
-1.574202564644277302e+01
-1.342857753769027873e+01
-1.115019112699386916e+01
-9.559853152486825323e+00
-3.442980787396810349e+00
-6.520742049946788299e+00
-1.342857753769027873e+01
-1.035487664786913520e+01
-1.293579658178900083e+01
-5.069695467606422312e+00
-5.243521878152055393e+00
-7.684746650162635362e+00
-1.001099925104241883e+01
-2.854363069175817103e+01
-2.468950926166116844e+01
-4.176159507251919756e+00
-8.422142261212124836e+00
-2.508652086315391472e+01
-6.705397432547943737e+00
-4.212821192782730151e+01
-8.718570322176094622e-01
-8.194319276654869810e+00
-8.194319276654869810e+00
-1.210946459397624153e+01
-1.342353544138449450e+01
-1.515803524675130731e+01
-9.493802814905837550e+00
-4.636033060753743662e+00
-1.103602141862280206e+01
-1.574202564644277302e+01
-1.835426678712746096e+01
-4.092141996936878634e+00
-9.964026358444348919e-01
-1.409907551930789893e+01
-3.448031307391274680e+01
-3.011749955144632729e+00
-6.023684795254991009e+00
-1.757181989233122854e+00
-1.338946970147542181e+01
-1.013175331341224705e+01
-3.011749955144632729e+00
-1.325892298373236500e+01
-2.508652086315391472e+01
-1.405705630774612480e+01
-5.858436883377065030e+00
-8.194319276654869810e+00
-3.694198569442195890e+01
-1.035487664786913520e+01
-1.689021430301273341e+01
-1.909092864084584207e+01
-9.292168764634912037e+00
-2.024982086935301240e+00
-2.207504908722924952e+01
-9.277602759183995573e+00
-1.197247802484148060e+01
-1.909092864084584207e+01
-2.087929675440728605e+00
-2.313207919802972157e+01
-2.224264893453099745e+01
-1.910773871640260779e+01
-1.760896865046523274e+01
-1.571542936161630699e+01
-1.229359934750837091e+01
-3.448031307391274680e+01
-5.575433320532117598e+00
-1.910773871640260779e+01
-1.229359934750837091e+01
-2.026203444958338196e+01
-3.613338760347626533e+01
-2.086574241868000001e+01
-1.567882825132724989e+01
-1.819686965875112961e+01
-3.338313385103444375e+01
-8.194319276654869810e+00
-6.520742049946788299e+00
-6.540525519896463358e+00
-3.534706476955732590e+00
-6.651001978236125822e+00
-1.293579658178900083e+01
-4.092141996936878634e+00
-1.169967376884899490e+00
-3.867869800016690363e+01
-4.743350087550815886e+00
-4.766866031952949889e+00
-2.086574241868000001e+01
-5.121995811406760524e+00
-1.103602141862280206e+01
-4.766866031952949889e+00
-2.313207919802972157e+01
-2.086574241868000001e+01
-2.158215773997318010e+00
-4.766866031952949889e+00
-1.115019112699386916e+01
-9.051063640599787519e+00
-2.561870662985416658e+01
-1.255832752639365069e+01
-3.516172023808091129e+00
-2.638843814972296187e+01
-5.832371307902934454e+00
-3.417447922362657931e+00
-2.024982086935301240e+00
-2.468950926166116844e+01
-1.238940585182290910e+01
-2.026203444958338196e+01
-6.705397432547943737e+00
-7.382731907612525291e+00
-1.650139087589697295e+00
-1.746583148874292490e+01
-1.759659079659605396e+01
-8.192156774858519341e+00
-2.086574241868000001e+01
-1.809767493905327385e+01
-4.486645863377494159e+00
-1.574202564644277302e+01
-8.192156774858519341e+00
-4.092141996936878634e+00
-1.511542187782361957e+01
-3.946357479093249054e+01
-1.571542936161630699e+01
-2.943072455447767410e+00
-1.485699193530022733e+01
-8.897169187498528586e+00
-1.634029062661093690e+01
-1.043165948012256550e+01
-7.599519048260904519e+00
-2.170545625288383462e+01
-1.514359502613602437e+01
-8.038683991720329658e+00
-5.575433320532117598e+00
-2.026203444958338196e+01
-3.417447922362657931e+00
-9.841060682346006061e+00
-4.956170309481036540e+00
-4.633641504513030362e+00
-4.486645863377494159e+00
-7.599519048260904519e+00
-2.313207919802972157e+01
-1.035487664786913520e+01
-1.011494435691300176e+01
-1.058193706669219658e+01
-1.233093485798092281e+01
