-4.930700922268362518e+01
-5.376638546581563105e+01
-6.224564531834430170e+01
-3.141218605594260538e+01
-2.312906100672547183e+01
-7.143735038213286259e+01
-4.868318104117222589e+01
-6.352897232062924360e+01
-2.012426481570179533e+02
-2.763348263648055791e+01
-1.321564806389895637e+02
-3.541562342552101228e+01
-3.039543970532366757e+01
-3.326298881223685555e+01
-1.006166849315655440e+02
-4.306092933069070483e+01
-4.242578579841510589e+01
-4.627952956969559750e+01
-5.539027423842119902e+01
-1.128418650636352680e+02
-6.415607075437021933e+01
-2.997187151159936747e+01
-3.007027039259828172e+01
-1.232148124980863031e+02
-3.536346895358969533e+01
-2.851703964300488892e+01
-8.379013656848131575e+01
-1.330127666007731477e+02
-5.904006144135939849e+01
-9.900360991610774875e+01
-1.551924513500769081e+02
-4.304197536495254894e+01
-4.195570572048752922e+01
-3.858614361582321806e+01
-2.866104444297814524e+01
-2.730802331897526969e+01
-2.434679167536797095e+01
-1.984211665276393433e+01
-2.811141676283768831e+01
-1.912837510445949007e+01
-1.404242448767301141e+02
-5.465392290033067013e+01
-7.686667751971242524e+01
-2.829810197243371306e+01
-6.985241503445318756e+01
-6.920601299980437204e+01
-2.278814086116545568e+01
-1.490792979460333001e+01
-2.055711395204472680e+01
-4.587447666229743248e+01
-1.037829006822247635e+02
-1.271977246487392676e+02
-2.316327335391084219e+01
-6.354958887849613802e+01
-3.103938666046901673e+01
-1.130792631742117607e+02
-1.815507185071538032e+01
-1.055136971377995252e+02
-4.353022818875965783e+01
-7.444735907786105145e+01
-1.464726420990528766e+01
-5.025431374142519303e+01
-1.807065884858082327e+01
-2.053120081706081379e+01
-2.583911387777506263e+01
-1.824013645846570952e+01
-2.714160013175892061e+01
-2.228671600426903510e+01
-1.025441117539543256e+02
-4.817769704424209465e+01
-2.444061159555642959e+01
-4.795776358330000733e+01
-2.183109965199439984e+01
-7.072445695938910148e+01
-2.461998291233748049e+01
-2.461041519305376468e+01
-1.034786470969923471e+02
-2.521241453430110369e+01
-4.687548543692492586e+01
-1.547339400372429630e+01
-6.594038582159308248e+01
-1.004276394130334609e+02
-3.810651452600951927e+01
-1.781774774600985367e+01
-2.496067251289488453e+01
-2.435742178974220096e+01
-1.443987708219850497e+01
-5.691926551455923544e+01
-1.435529688623827838e+02
-3.011149361447747808e+01
-6.214189344564555739e+01
-4.184353679433759510e+01
-6.459487511687918015e+01
-1.066968848097081413e+01
-2.779140805162429828e+01
-3.148860707148068272e+01
-1.279803838766040514e+01
-7.884086704199860662e+01
-1.781831789911273489e+01
-1.122733968813094947e+02
-7.326648011180974152e+01
-2.964001911935100253e+01
-2.522405782566413990e+01
-5.792436851252181640e+01
-1.220214047462073204e+01
-1.835427003480432262e+01
-4.257534682641261981e+01
-6.943781209305949176e+01
-1.457698088453945928e+01
-1.514122355176358425e+01
-4.268066043087729611e+01
-4.412481287675921493e+01
-5.416768223734456456e+01
-7.255130637461833487e+01
-1.986145425139894982e+01
-1.674671184641095678e+01
-2.051978390509477990e+01
-6.892913775430889700e+01
-2.429214965194701747e+01
-3.372129463082605128e+01
-1.301538623906782810e+01
-2.563674352156104419e+01
-4.919124656678889096e+01
-6.808196345292441265e+01
-9.044239659542473930e+01
-4.114368070157070179e+01
-6.590877929995694728e+01
-2.481060240571598996e+01
-3.844921539106482555e+01
-1.185391595947307941e+01
-1.185498578322644114e+01
-2.393829288860870719e+01
-4.390264259586297158e+01
-2.270100225229176516e+01
-5.784014172396834397e+01
-1.573579158531256361e+01
-8.409780482485727759e+01
-6.664873617456160559e+01
-2.123472450372096976e+00
-3.564335380661095343e+01
-3.662622321823922888e+00
-1.821455148660815482e+01
-1.034260260317622340e+02
-1.068648846029351951e+01
-5.436469826427594576e+00
-4.856969024891157716e+01
-1.187929725771087774e+01
-1.952884659415225954e+01
-6.564945760314802214e+01
-1.733514108101634221e+01
-4.809273623098287231e+01
-5.340408578430145781e+01
-9.782516466422607948e+01
-6.995414388669217054e+00
-1.487303207197621191e+02
-2.868972868502258411e+00
-3.068986265310806161e+01
-7.869142332114079430e+00
-1.387967361371225365e+02
-3.719976417879573916e+01
-2.723033566892643265e+01
-3.930064943284030932e+01
-1.367187829023315615e+01
-1.055224582466106575e+01
-1.337687004732550378e+01
-2.670541753136747687e+01
-4.646001346213760996e+01
-2.590219291138719626e+01
-4.933480753081916248e+01
-1.030793547882106367e+02
-1.919999999999999574e+01
-7.690272259477742978e+01
-2.970998175031246902e+01
-3.416563516387480348e+01
-3.768497266172960281e+01
-3.496189017688111278e+01
-1.256750546694935906e+02
-4.046876992627281311e+01
-3.787091119301673103e+01
-6.157591052551295263e+01
-3.372158946115354183e+01
-3.341850719453201179e+01
-3.823257727387146332e+01
-4.565141479965772930e+01
-2.408157438967702291e+01
-3.262478850510321138e+01
-9.822651501433600885e+00
-2.426373415085491558e+01
-2.938662348378345612e+01
-3.159603079877650345e+01
-2.865820979389219403e+01
-1.034708971641607747e+02
-5.108172310127763183e+01
-8.253428491619368401e+01
-1.445000336480850223e+01
-5.150474612449772849e+01
-5.634904581887046504e+01
-2.757537789146401153e+01
-7.417321393062016455e+01
-6.202797682780879995e+01
-3.619284706899667725e+01
-5.115072066594371591e+01
-2.476571119578425240e+01
-4.742323082808322710e+01
-7.012446098102040537e+01
-1.335327548932849773e+01
-7.394950374122429082e+01
-4.764043707279908091e+01
-1.680140395563045530e+01
-2.798559897806656593e+01
-1.104704674704422160e+02
-4.421019415488545690e+01
-3.152591539370626705e+01
-5.698635272100290194e+01
-6.017450658300901978e+01
-2.943578076489510309e+01
-6.401040799155611083e+00
-7.389922739382116745e+00
-1.021208235878798121e+01
-1.957230192079931896e+01
-4.082939614052295951e+01
-2.585025605765349255e+01
-5.731394744288242293e+01
-8.296836631101663784e+01
-3.995308388008769640e+01
-1.786449944574756898e+01
0.000000000000000000e+00
-2.690400064004134251e+01
-3.825862277655781440e+01
-1.988579358433304378e+01
-4.224475872730720027e+01
-2.814367300744746814e+01
-8.296836631101663784e+01
-2.189715323390401736e+01
-2.358066148927863281e+01
-1.791249898881906333e+01
-1.231211764202073944e+01
-3.581962419110011808e+01
-8.547671742506585701e+01
-2.383878606099038677e+01
-5.640148489753967098e+00
-1.937927598123664907e+01
-2.216549502312348352e+01
-8.228142310845350949e+01
-9.442619923696139494e+01
-8.651460258845054341e+01
-2.457677612774924469e+01
-3.317139984519873508e+01
-1.843907388029189320e+01
-2.913428454667932144e+01
-5.684782157357149401e+01
-2.871961642717440455e+01
-1.328755475347613668e+01
-1.600383266957039723e+02
-5.781288156902708408e+01
-2.642529623929344140e+01
-4.368784665251742183e+01
-6.282430882677337536e+01
-4.376359063072064259e+01
-2.017409183404086903e+01
-4.253071308939280470e+01
-2.019044292772122162e+01
-3.469151543950410144e+01
-2.583387310680226889e+01
-2.183695175552562873e+01
-1.161448503717007696e+01
-6.337574728524663215e+01
-2.121148753683913668e+01
-4.478707214303618400e+01
-7.266398669725890613e+01
-1.747919880241709478e+01
-1.610495138516415992e+01
-3.284798195701037571e+01
-1.088399119001740303e+02
-1.867438752191440088e+01
-1.328219811238226455e+01
-1.220567753305024361e+01
-6.563086591286705129e+01
-1.026008830950403450e+02
-4.408123372016115837e+01
-1.729237881655815912e+01
-4.895383637034784385e+01
-1.428868157244889687e+02
-5.603882108020397368e+01
-5.963585912866719241e+01
-6.577099996945170801e+01
-1.287995752433437779e+01
-1.295820190569490364e+02
-2.175631873880998413e+01
-1.279903237056583798e+01
-3.886341589993921986e+01
-1.516918216758613482e+02
-5.181763543928747140e+01
-5.514871333241958951e+01
-4.605524890822682949e+01
-7.468228678226577699e+01
-3.399100748992968590e+01
-4.576736994327414720e+01
-1.021083101910835751e+02
-3.082491726952724331e+00
-3.982630447298424059e+01
-3.337474463189546547e+00
-1.963812868501683440e+01
-6.201276166924159838e+01
-3.784365591997964628e+01
-2.248559714522112074e+01
-4.860624538914623649e+00
-2.308979666339601167e+01
-2.624744843644769077e+01
-1.351733919214822208e+02
-1.460593387664948750e+02
-2.244476050055545713e+01
-4.924775973090822134e+01
-5.087340377111391376e+01
-5.049391145251512114e+01
-3.361954216242222060e+01
-1.146482229200800873e+01
-9.147783985108527816e+01
-3.453393608544534032e+01
-1.170653188629403729e+01
-2.958352888660003543e+01
-8.451316385307325163e+01
-2.987410739600176512e+01
-1.623237811422989196e+01
-7.541752337218023960e+00
-7.060012486886192562e+01
-2.823621656564507276e+01
-7.267607281868528446e+01
-2.942785590265492246e+01
-5.495070407897947007e+01
-1.550424443187956669e+01
-1.788723112336543153e+01
-3.847869966664572416e+01
-3.699745721085839989e+01
-5.310717303794771738e+01
-3.119147539141532732e+01
-6.635461463884901434e+00
-3.309906694045075426e+01
-4.156816886888302065e+01
-4.136043624885600423e+01
-1.815429188128801385e+01
-8.062535320436521147e+01
-6.681394115756434360e+01
-1.441996786392578933e+01
-5.925892070718173699e+01
-6.231423880998432807e+00
-2.949138239096457426e+01
-3.217786774688241280e+01
-2.976299139638698321e+01
-9.918792468742424262e+01
-3.754776231279596743e+01
-1.006198063472613136e+01
-8.842866579978959862e+01
-3.424208189001934954e+01
-7.222160445952764007e+01
-1.241127311782749274e+02
-1.371118407672751260e+01
-8.483509863279795127e+01
-9.578291375585753542e+01
-1.372019250746868657e+01
-9.447725832822143843e+01
-7.460132815531358119e+01
-7.307054905697718539e+01
-1.611450309371589640e+02
-1.407109457623811188e+01
-2.814367300744746814e+01
-8.010503425800200716e+01
-3.423459619591593395e+01
-4.052715389607742935e+01
-9.808221869750931887e+01
-2.569384779566036769e+01
-6.769377788641094185e+01
-5.140112033014956694e+01
-9.047796134062322437e+01
-6.643055468068186542e+01
-4.459213348757511142e+01
-1.225852950614170709e+02
-6.524966630168466963e+01
-6.597919684011364438e+01
-4.284412108374414174e+01
-8.508834613722623885e+01
-4.086423191977501546e+01
-2.227110896030137255e+01
-1.365769909873501931e+01
-2.967705910146329984e+01
-1.073719570517577750e+02
-6.170571662538109337e+01
-1.913808432955750760e+01
-2.235053870969667500e+01
-4.155269944977635532e+01
-6.508113636466327989e+01
-2.188965864264603489e+00
-9.865452508705923051e+00
-1.299521405162011263e+02
-3.738037052877887589e+01
-1.403092344475260518e+02
-7.576513537328382597e+01
-1.880303437255089705e+01
-1.092268504332868773e+01
-4.302533794249039545e+01
-2.291698684953762211e+01
-2.069956391291302111e+01
-1.408120084940462569e+01
-1.552095951366539417e+01
-7.338303771128747144e+01
-7.555514643383084206e+01
-1.218242133704691383e+02
-2.085895845740376231e+01
-2.412885235619837943e+01
-3.233774811693659501e+01
-8.882351461183329633e+00
-4.799999999999998934e+00
-2.699999999999999734e+00
-4.521649813930515194e+01
-2.820261617384785069e+01
-7.791280181184292530e+01
-2.910197189432483000e+01
-6.017713878158837559e+01
-3.236063670253525260e+01
-2.509125444108217806e+01
-4.898427007976742686e+01
-5.338329630812880922e+00
-6.851118709708525500e+01
-4.506721518604652488e+01
-6.110499162991806799e+01
-2.064165731062110609e+01
-7.238709007397213213e+01
-3.365686559778393416e+01
-8.376117163633215057e+01
-2.408068913231214481e+01
-3.588362858295572266e+01
-1.063298895444440006e+02
-6.057004843219608858e+01
-1.008897660132373275e+01
-1.385373135814490020e+01
-4.492684978130169782e+01
-8.564451825393611273e+00
-3.141603940991985411e+01
-4.095566068482165178e+01
-5.863292428125345168e+01
-1.304978581196405116e+02
-4.851315641936403011e+01
-7.641147655184337850e+01
-3.450540539752164193e+01
-1.635299154003303812e+01
-4.348600044418247990e+01
-1.304167168059463933e+01
-4.463963946011833173e+01
-1.049432313168177977e+01
-6.424395354913654899e+01
-6.226804074024147440e+01
-4.948697162541089511e+01
-4.641383449852142462e+01
-5.816094209464795028e+01
-1.336916579876756472e+01
-7.802340289328631684e+01
-6.334151417545973217e+00
-2.263072473793406303e+01
-5.384575078819203497e+01
-1.049566551801955683e+01
-1.122910170680764175e+01
-9.037879010527760215e+00
-8.852414417823265325e+00
-4.161343146906340706e+01
-1.868505229727039207e+01
-2.081019107204020813e+01
-2.658778944289361945e+01
-4.459843447850749953e+01
-2.006640852226408356e+01
-4.204215397084452377e+01
-1.152251323259890228e+02
-7.186961339271390159e+01
-1.500000000000000000e+00
-8.622340437112111999e+01
-5.945647062121626192e+01
-3.752432677986367082e+01
-8.707727433099414327e+01
-2.072805104030826939e+01
-2.513496203001442453e+01
-3.866838264278259629e+01
-1.173326315899500685e+02
-5.330023946605967922e+01
-5.480100310502258765e+01
-3.023496906523936545e+01
-6.021629039340582779e+01
-2.125671647940760778e+01
-1.408888022671189155e+01
-9.139997625691972161e+00
-2.347057355853296201e+01
-1.679530524594116514e+01
-1.503747715210113078e+01
-9.817689949846882769e+01
-4.084899755463803217e+01
-3.818078083481294271e+01
-5.578319025143601095e+01
-1.436098191202085843e+02
-1.460376430489139743e+01
-1.605310343526744532e+01
-6.950083957703428439e+01
-5.876676734823156067e+01
-1.038541014755325165e+01
-9.032554018800063034e+00
-7.227113406223369907e+01
-4.670964293008594836e+01
-5.171846500054652296e+01
-1.430402440806870743e+02
-1.015153575326558837e+02
-4.417597374692408607e+01
-1.420693977044535927e+02
-7.129553578183107732e+01
-1.251204946527853537e+02
-6.718429990144001351e+01
-2.853670077985967879e+01
-1.456522782430908691e+01
-2.100549288702404382e+01
-8.591192982219907037e+01
-1.479612946234133730e+01
-2.413844719950931150e+01
-2.516577977190556581e+01
-5.918797254331999369e+01
-5.084300247165823095e+01
-6.987644375370143734e+01
-6.334597672238302835e+01
-3.095985400664766729e+01
-1.887678392217736700e+01
-2.814367300744746814e+01
-8.259746984651297907e+01
-7.593312064120669902e+01
-5.102276558332861356e+01
-3.272367793632209754e+01
-7.912554829862065731e+01
-1.337085119141702307e+02
-3.311459706243302037e+01
-2.464101116094213140e+01
-1.990407447739274716e+01
-3.995563924594158323e+01
-4.703805348950231036e+01
-3.329392427021461032e+01
-7.521913324531794842e+00
-5.718450960826465490e+01
-9.778472167642880208e+01
-2.568820642012287792e+01
-6.053632478897581137e+01
-6.548098148967415000e+01
-1.544635584777048720e+01
-8.554640262300779341e+00
-9.741093572675410428e+00
-1.000433269026311365e+02
-1.690878557110481850e+01
-2.959958702559283239e+01
-1.227093649211381887e+01
-3.123184684843901593e+01
-4.790522824296233040e+01
-1.280459953097501113e+01
-4.594700944300848278e+01
-2.970108723862479394e+01
-5.528015477891671026e+01
-2.055228587076644686e+01
-1.986439897608921257e+01
-1.490734836358056903e+01
-2.814367300744746814e+01
-1.886371746924776049e+00
-3.381090140702767144e+01
-2.258036112684324692e+01
-1.491679252600994587e+01
-1.235438525198098247e+01
-4.240349935088343614e+01
-1.253181210519102393e+02
-1.618887085541850723e+01
-2.157373616443473452e+01
-2.333187542474836818e+01
-1.401440132327568335e+02
-1.216981936008092546e+01
-4.548706534280787395e+01
-1.413808835922845049e+02
-2.300751532198426830e+01
-2.512320937524433528e+00
-6.693980458932003330e+01
-3.740007589274581790e+01
-3.509748679125922877e+01
-4.219215320628110533e+01
-1.407543000377463471e+01
-8.702155658142339689e+01
-1.147366043520294312e+02
-1.505110542152127664e+02
-1.758608124364063130e+01
-2.814367300744746814e+01
-6.715226309133515770e+01
-5.068558851878674432e+01
-7.601472724533391556e+01
-2.408068913231214481e+01
-1.307904723726295515e+01
-1.921968987135851492e+01
-1.383356425808535164e+02
-6.640327316135800118e+01
-8.296836631101663784e+01
-2.960853589199352243e+01
-8.946418618081428065e+01
-3.912569967015363659e+01
-8.901983336411248615e+01
-1.282313901329854104e+02
-9.572044515693634992e+01
-8.203603627359741779e+01
-1.068358413606864872e+02
-1.766285092579165905e+02
-4.162603300832866893e+01
-1.212224856871502610e+01
-1.887678392217736700e+01
-1.166374082100062708e+02
-1.313129599477011666e+01
-1.005542935152753614e+02
-1.791250753481645219e+01
-6.061666574833367349e+01
-5.375805336268496859e+01
-4.773206805155464849e+01
-2.274954312196570072e+00
-2.700489087964903945e+01
-7.119073970956087294e+01
-1.255759918503738426e+01
-4.420835700803328194e+01
-1.678200638356655716e+01
-1.879300503492417818e+01
-3.432156385344840288e+01
-5.511679656583125109e+01
-1.291269901533039111e+01
-3.876518543387471283e+01
-3.101929676595159080e+01
-8.870742802939750504e+01
-2.298563078526045800e+01
-6.654906201083043982e+01
-8.810486254807233308e+01
-4.190770043991376070e+01
-9.091222818288522944e+01
-1.315561859203967643e+01
-1.403305059710010383e+01
-1.038541014755325165e+01
-2.564812034659543016e+01
-1.049432313168177977e+01
-9.162655722290236326e+01
-1.351310850313824403e+02
-1.669844555474984205e+01
-3.740007589274581790e+01
-3.305611277403721004e+01
-3.924807553794386195e+01
-1.261701184797072095e+01
-2.073184634235146007e+01
-6.210109586472754017e+01
-5.810747690725430914e+01
-1.299301998771557010e+02
-1.117734855669658600e+02
-1.226895560092531383e+02
-7.357057477241265531e+01
-4.083931929291111373e-01
-2.239907391376540602e+01
-5.095371348808329515e+01
-1.783326858620898037e+01
-8.618435546316408136e+01
-6.094043063891477630e+01
-2.426131421009184308e+01
-2.691510920741400525e+01
-8.934216480319266296e+00
-3.920960053865674411e+01
-8.296836631101663784e+01
-7.144676025269271236e+01
-5.695579446929881584e+01
-7.168983831433324383e+01
-6.526008333501722802e+01
-3.625028922289212829e+01
-9.038263207323393544e+01
-5.459542491787449592e+01
-3.336470053679340708e+01
-2.741513222119238424e+00
-1.889836149905785589e+01
-4.475882248910868100e+01
-7.023444510201827029e+01
-4.335144969322826825e+01
-1.196212465697755789e+02
-1.014798715404072880e+02
-1.600626898947470522e+01
-2.470646977710315184e+01
-4.952172556696756800e+01
-1.799085248600186659e+01
-2.502812354576715137e+01
-2.333187542474836818e+01
-3.240119297605869519e+01
-5.329638895725998538e+01
-3.021205046651071058e+01
-4.690004383038449021e+01
-2.399999999999999911e+00
-4.083931929291111373e-01
-2.352702996249685441e+01
-3.259087977197035002e+01
-1.202562303408881093e+02
-1.073814192775569154e+02
-1.500000000000000000e+00
-2.568068529302189518e+01
-1.644786487324896740e+01
-2.678707131333569080e+01
-3.969948137258152343e+01
-8.252682989170743610e+01
-7.546223381882437309e+01
-1.293825886125730449e+02
-9.243659415138974822e+00
-3.761306283365710268e+00
-8.073293958356585165e+01
-8.500857753294468466e+00
-4.524104794270241570e+01
-3.427219482675391760e+01
-1.317530217229019529e+00
-4.454796443543406070e+01
-4.132935197719213249e+01
-1.148195521465242592e+02
-5.474528087858900705e+01
-5.450051098811557182e+01
-3.508051782647716976e+01
-3.570610478007073141e+01
-1.228579902231787742e+02
-1.349608867127891898e+01
-7.338219216776381870e+01
-3.324685023485533009e+01
-1.927100699101851333e+01
-3.248705185323298394e+01
-3.740007589274581790e+01
-4.757248533271445723e+01
-5.010661426644196581e+01
-3.676473394921978155e+01
-1.841513222119238735e+00
-1.333087223525687364e+02
-1.669844555474984205e+01
-7.069826993162965323e+01
-5.285602958049154410e+01
-2.701697484023431528e+01
-7.037645599601975732e+01
-1.200748184970869517e+02
-1.279766737119293651e+01
-1.767831808609753352e+01
-7.304363065785685727e+00
-4.555212372690593270e+01
-6.727300826753686636e+01
-2.114867858223473718e+01
-2.419324565506256874e+01
-1.664178952564683911e+01
-5.497325397706612193e+01
-7.195631672145350421e+01
-3.635195027984442362e+01
-8.856267089874157250e+01
-6.794828179869936946e+01
-4.295590806017530383e+01
-5.341965838890574503e+01
-6.876799619984136314e+01
-8.875088115280240686e+01
-2.108280757062176392e+01
-1.413820359709025309e+00
-1.393390443427583421e+02
-1.247314183791396971e+02
-7.135916433973676476e+01
-2.441523248006064506e+01
-8.694042066587616802e+00
-3.229133570043600798e+01
-5.017064775144489630e+01
-3.915372651086175892e+01
-4.909533530558380932e+01
-4.908606337612830828e+01
-2.047870803701083631e+01
-4.733365862673359459e+01
-3.905555476951156635e+01
-2.365478736434339169e+01
-1.292254261376066324e+02
-6.644091846818299985e+01
-3.425905484582349914e+01
-6.763709698787641855e+01
-4.567127551083617121e+00
-1.178048881761682232e+01
-3.000289894741127839e+01
-2.209172916440592616e+01
-3.517583895276023043e+01
-1.326154591093647639e+01
-1.908743036438303520e+01
-2.554517115195301447e+00
-6.590081674749647789e+01
-4.218022475251514436e+01
-2.884469039881684438e+01
-3.202649713011415855e+01
-3.322020957301673150e+01
-8.815597499156133665e+01
-3.340400940412608577e+01
-1.164572860632387972e+02
-3.151164578493895263e+01
-1.252231378248816043e+02
-2.035348117463055928e+01
-8.453741965354305421e+01
-3.382860081076223935e+01
-3.740007589274581790e+01
-4.416783795334920271e+00
-6.999825199667174047e+01
-2.452672200006144010e+01
-2.063071112672065510e+01
-1.227285905821959133e+01
-3.869535859448203041e+01
-4.272402741235829637e+01
-2.780870009690362110e+01
-1.291737146841742323e+01
-9.808895282330408349e+01
-8.296836631101663784e+01
-1.178381880304960703e+02
-1.791250753481645219e+01
-3.037669861815583161e+01
-2.925961261709413108e+01
-5.459542491787449592e+01
-1.237596962046218252e+01
-2.452403448581067380e+01
-3.438775218203051054e+01
-7.163184295287285863e+01
-3.293693618659025901e+01
-7.086596749476100854e+00
-2.741513222119238424e+00
-1.118805179930054550e+02
-1.571207775839666354e+01
-1.299140342282870719e+01
-7.841261016498692982e+01
-3.192943166608790051e+01
-3.984139586819256351e+01
-4.717692098205256457e+01
-1.733805128330708456e+01
-8.299290977651099865e+01
-3.794500771399662398e+01
-7.637585675239060734e+00
-8.491333983554773113e+01
-5.705775407491194606e+00
-1.096115630917462198e+02
-4.934425442991582145e+00
-7.004450782371069550e+00
-4.793501537900012011e+01
-1.856308053116674017e+01
-9.653274610219894214e+01
-2.439943154160672023e+01
-1.328867513587724503e+01
-2.000857740828336517e+01
-3.051221057231377642e+01
-1.259342987069689279e+01
-5.210795339052125286e+01
-9.465879361998247532e+01
-7.594400215621533334e+01
-9.551002280810209299e+00
-2.696439111866814642e+01
-3.820094511639844370e+01
-3.801065532493741728e+01
-9.759408784666385728e+00
-5.285602958049154410e+01
-1.592856162856547364e+01
-1.460910035012320130e+01
-3.041513222119238247e+00
-4.027778839815641732e+01
-1.887678392217736700e+01
-2.133234734892219109e+01
-3.013006080314162460e+01
-3.969543400189179749e+01
-1.419341310610564335e+02
-6.038735510696646713e+01
-1.765887067694491463e+01
-2.889488804482571993e+01
-9.917648427341977424e+01
-3.715344628178795716e+01
-3.578751434327521252e+01
-9.329651989371029686e+01
-4.981594108988561942e+01
-4.294604351953017840e+01
-5.553518615480519571e+01
-3.230403706102799077e+01
-3.745308597799056116e+01
-2.680472274236910479e+01
-1.344155353136742193e+01
-4.375475099304450310e+01
-8.190048405306040991e+01
-5.235037336568824884e+01
-4.436230348460387773e+01
-1.166567560350341211e+02
-2.250809782782108925e+01
-8.745146374882251550e+00
-3.378885385061248314e+01
-3.576826087596708703e+01
-3.857672672298979677e+01
-1.822924499835369971e+01
-8.547097704251825689e+01
-1.643599200119481196e+01
-8.296836631101663784e+01
-3.265174706889953882e+01
-3.740007589274581790e+01
-4.009484035013051084e+01
-6.377444288061382593e+01
-1.078840683576972168e+02
-3.524980576528000675e+00
-7.150436244500288296e+01
-1.187613491709428359e+02
-2.640119472456925820e+01
-3.319458477514985795e+00
-2.220503491076839708e+01
-5.724091163803305449e+01
-3.383915289430642304e+01
-6.145534820215183380e+00
-1.095151487725558468e+02
-4.853946786205990094e+01
-2.557663120584589223e+01
-7.037809732634293880e+01
-2.465012134765546747e+01
-3.967256445989086444e+01
-2.087591486795114548e+01
-1.172953249974056718e+02
-9.658758077784362683e+01
-7.633951389771357299e+01
-2.420874212668134362e+01
-2.623855003635210892e+01
-4.427401003639875654e+01
-4.909533530558380932e+01
-6.769849481202732022e+01
-3.964914060747452140e+01
-2.011799156883482809e+01
-1.608910876058812534e+01
-2.741513222119238424e+00
-3.001382894765684739e+01
-5.484925821263654910e+01
-3.240208856915932500e+01
-1.567179757583861388e+01
-5.804697774701268287e+01
-3.170796888552406401e+01
-7.313109739765150152e+01
-1.152980477630790901e+01
-2.317752590335510732e+01
-8.787214064956302195e+00
-1.537783501542346620e+01
-1.315173468940138157e+01
-2.038703179483803396e+01
-3.744204447077085263e+01
-3.228194531049908278e+01
-6.288414554638144693e+01
-1.217007485021671265e+01
-1.012296858207790251e+02
-5.789789363749376605e+01
-8.564740056099269339e+01
-5.579575370324215022e+00
-8.291688462415315541e+01
-3.123628756361441461e+01
-2.123643892910775577e+01
-3.914072194266767468e+01
-1.627715311506040408e+01
-1.061892808831175898e+02
-5.289233299319543136e+01
-7.495516978832692701e+01
-8.964450834892333830e+01
-1.254519807059412386e+02
-1.364497199339735971e+02
-4.228964119541577560e+01
-2.212320937524433706e+00
-1.884893852291865457e+01
-6.860538858165772069e+01
-3.067715656990356976e+01
-8.194609558685034756e+01
-1.353034240487233753e+01
-5.283225603419309380e+01
-4.126131094292499313e+01
-1.525442360985957535e+01
-9.766761350043265111e+01
-9.078410557935150393e+00
-8.296836631101663784e+01
-3.147911547504896390e+01
-8.958845856572269284e+00
-1.832013465032017052e+01
-1.066201294404424438e+01
-1.199999999999999956e+00
-3.591161738973377027e+01
-5.906731068980531774e+01
-1.463502125728700065e+01
-1.891049804642857879e+01
-5.547300065764785870e+01
-9.483875438835913485e+01
-4.351994288673067501e+01
-8.802566567767220818e+01
-2.737898941485614657e+01
-1.362333416791416951e+01
-8.049435768065156083e+01
-1.606479102419996252e+01
-2.643768862506215811e+01
-3.357212179840922062e+01
-3.067711985834726374e+00
-5.785738452437365709e+01
-2.836516683565155361e+01
-4.177663799312065862e+01
-1.832668416942563638e+01
-9.527798503710340583e+01
-1.885037353671137694e+01
-2.983995529325829565e+01
-2.675899791887571411e+01
-2.682303766973385706e+01
-3.725531698637161071e+01
-1.484235598623580188e+02
-4.575291054640429422e+01
-9.137510229738055045e+01
-1.042678875702288082e+02
-5.609837194072941458e+01
-4.803973827524661999e+01
-1.161452468496987578e+01
-6.430169543783883057e+01
-2.381615849116440131e+01
-1.024532711410215313e+01
-1.500000000000000000e+00
-1.523002743957827931e+01
-3.007593748499825992e+01
-5.181550152999773218e+01
-3.144218233385979744e+01
-9.858461660907670421e+01
-8.396454373881257993e+01
-1.249999652545911033e+01
-3.300812062863660401e+01
-6.494564545366063157e+01
-1.367847260263928604e+02
-3.504927075660676650e+01
-1.386211768789401155e+01
-6.033570277169480534e+01
-9.510447366210004816e+01
-2.294524412982407924e+01
-7.882755416862569575e+01
-2.581026116905538004e+01
-6.086813119070660605e+01
-2.957002967446140929e+01
-2.952380383807916431e+01
-1.281601449656587306e+02
-2.160901797016143178e+01
-8.296836631101663784e+01
-6.271787764354748163e+01
-4.354954792595669488e+01
-1.932876549758710283e+01
-6.111015271818688532e+00
-4.713378993878791334e+01
-3.433769197146031615e+01
-2.930426979349341821e+01
-4.737892867902605332e+01
-1.570493268893114802e+01
-7.347763518349680112e+00
-1.064531744886804354e+01
-1.685628873762277067e+02
-6.875571173913581902e+01
-4.593564718763099819e+01
-8.296836631101663784e+01
-1.658389126353681675e+01
-1.690659813201198247e+01
-7.142227817314667604e+00
-1.247560665655727696e+01
-4.208095624257079237e+01
-2.944793697976868430e+01
-6.633665664870655121e+00
-1.378712238716471177e+02
-9.333324458537902046e+01
-5.411434655040952180e+01
-8.796633253576301570e+01
-2.205064415359358421e+01
-6.329102488159077922e+01
-5.455036682665284786e+01
-3.469812721638344044e+01
-1.517680978072745823e+01
-5.398236406512741326e+01
-2.301836431018147167e+01
-2.337746925935986653e+01
-3.306376598844949655e+01
-2.685931684916666384e+01
-1.281802068901824043e+02
-1.120871515645508865e+01
-5.258534896943528025e+01
-7.026782373589890085e+01
-9.527235707893729000e+01
-4.191262112452236011e+01
-6.103887797044191643e+01
-2.610622061002032979e+01
-9.411922210779071207e+00
-3.755729222584707827e+01
-3.066978044581256313e+01
-2.864329806746577134e+01
-1.791250753481645219e+01
-2.079525218162151035e+01
-6.208770377833432264e+01
-5.164038148739975043e+01
-1.314076410022888908e+01
-5.605111968227858199e+01
-1.225437144795665567e+01
-3.545772570691099901e+01
-1.266306382349212356e+02
-2.871140922555253638e+01
-3.154781347587261209e+01
-3.112320937524433173e+00
-2.120911429993692465e+01
-2.039781765829338767e+01
-2.233108867471991843e+01
-3.680247275286134823e+01
-7.404425471628910316e+01
-3.239343254978975750e+01
-1.887678392217736700e+01
-1.122442755151597282e+01
-1.195500722566417018e+01
-4.239422701551583827e+01
-4.850913138318504281e+01
-1.403454735900105810e+01
-1.646836858023103645e+01
-1.351344784641126573e+01
-8.280200960499573171e+01
-1.418682126271619204e+01
-6.275206252434124110e+01
-2.138749854405791240e+01
-8.430723040751018971e+01
-1.152850314958133424e+02
-3.740007589274581790e+01
-8.116077338247859529e+01
-4.897632268684088785e+01
-2.061496508424645313e+01
-1.343946030869866171e+01
-1.013800308454994905e+02
-4.379175344955607585e+01
-9.648873108521758013e+01
-8.286724536847474099e+01
-2.706260517656397724e+01
-4.263169581473060532e+01
-6.292926558671594250e+01
-4.374187586171857767e+00
-4.909533530558380932e+01
-1.125803037997557681e+02
-6.199447687443606192e+00
-1.092091800394537842e+02
-1.624012222114880544e+01
-4.458778244118990486e+00
-2.015476051582542993e+01
-5.233189765631324519e+01
-2.711001967697189485e+01
-1.766680609581001349e+01
-2.514920998023365328e+01
-1.521242355781635780e+01
-3.802057686575575701e+01
-6.051518850111486358e+01
-4.030607302743604237e+00
-1.877460478586188941e+01
-3.085643399974973278e+01
-1.006234794019988854e+01
-9.663590687653116618e+01
-8.694114190240455287e+01
-1.036676065744443065e+02
-3.039000202804958661e+01
-1.270466547694554649e+01
-7.978891323937898505e+01
-2.170613901636808407e+01
-1.293572204317256436e+01
-4.874255460623503211e+01
-1.700035392127614386e+01
-1.900503198534756422e+01
-1.345035858424352249e+01
-7.545771948766347492e+00
-1.694965994233195161e+01
-3.756743241796757449e+00
-2.419597637285250613e+01
-2.847706334589673105e+01
-9.507618855687599080e+01
-1.089842988854038310e+02
-7.365051763913440652e+01
-7.677613704644296710e+00
-8.321602658903479721e+00
-1.063269020996873948e+01
-2.199151230728650575e+01
-8.296836631101663784e+01
-4.494297685701531009e+01
-1.954375109515675746e+01
-7.272340059133154000e+01
-6.375470135813080219e+01
-7.250387341290334575e+01
-5.024682400972045571e+01
-5.110656312775169852e+01
-1.780360896724102915e+01
-4.473952235743697159e+00
-7.022191294670439277e+01
-6.976699039319819917e+01
-3.977487718404847783e+01
-7.298044601168049894e+01
-1.010823759321109172e+01
-5.416570028356755273e+01
-2.741513222119238424e+00
-3.577142120591052787e+01
-1.254600977921895932e+01
-1.236995511539048742e+01
-7.897765724748882121e+01
-2.509972107455692480e+01
-8.122169463905107989e+01
-1.829764109251377846e+01
-3.018595367302226862e+01
-1.223533116870442683e+01
-1.884643522015291595e+01
-4.414224242060410575e+01
-3.449951127850714272e+01
-8.853224626821189602e+00
-1.410832335172647234e+01
-3.530570686710441919e+01
-2.194110044006533045e+01
-1.372463520828005201e+01
-2.518449304405962152e+01
-7.854825323483288457e+01
-9.516076646732681610e+00
-2.978216702915683456e+01
-1.508173731950211227e+01
-4.448494295995104153e+01
-8.296836631101663784e+01
-3.872404912330172522e+01
-4.705335969119865069e+01
-9.699464179669815778e+00
-2.954281654705171789e+00
-5.807645330789696914e+01
-1.524481433634266736e+01
-7.194023416049225261e+01
-2.371744100782873232e+01
-5.964317364209072991e+00
-7.406015685990027464e+01
-6.282077020105082710e+01
-6.851439708199296597e+00
-3.324780602653962092e+01
-1.133371831302333845e+02
-5.708011885325386459e+01
-6.534800483552595551e+01
-1.400631896713799396e+00
-3.095271968324999534e+01
-2.664934521283803903e+01
-2.275550606690452327e+01
-4.712676772271760228e+01
-7.681559095216493915e+01
-4.792851236201710208e+01
-1.109997325844178206e+01
-8.296836631101663784e+01
-7.143463121325004295e+01
-1.482959981446530939e+01
-1.967483313386063060e+01
-9.833641104773910513e+01
-2.039330665687796085e+01
-2.139484006972982044e+01
-7.468671484141611927e+01
-2.525937289740657832e+01
-4.909533530558380932e+01
-3.027346081559851498e+01
-4.693696800602237040e+00
-2.812320937524433351e+00
-2.731049544679704155e+01
-3.290904856014643087e+01
-3.608594080735846887e+01
-6.234292098241593294e+01
-7.083059134048451710e+01
-4.672219496698761532e+01
-1.032628164541254456e+01
-2.534679643922786241e+01
-7.350373218033304568e+01
-2.345327834446436910e+01
-1.684188247451228904e+01
-5.816094209464795028e+01
-2.699611187728447703e+01
-4.959218305722362174e+01
-5.471309301555394455e+01
-2.814367300744746814e+01
-1.025451787494331946e+01
-2.540428946194269599e+01
-8.395110051701154319e+00
-8.808719513713205274e+00
-3.944217276511621151e+01
-1.955475776323222448e+01
-1.442835768629270987e+01
-3.821226762830453083e+01
-1.776725167841337694e+01
-7.655779426247389097e+01
-1.643573440488434301e+01
-6.156199463134188932e+01
-1.045278304786119072e+01
-4.875801627176683439e+01
-2.840033532777740177e+01
-8.296836631101663784e+01
-1.901788813072725048e+01
-1.552333968917784013e+01
-7.821686394126328423e+01
-8.169276188299761543e+00
-2.555396431234279220e+01
-1.852054276982771697e+01
-6.525364999924810228e+00
-1.215504621062737733e+01
-1.351876544767577037e+01
-1.065749816828085450e+01
-1.788470837454303819e+01
-5.476193884954016511e+01
-3.049807765334758969e+01
-4.860424342733877268e+01
-3.582190371798340323e+01
-1.394016413414303912e+01
-8.472166193038589199e+01
-8.335771986881097462e+01
-6.914349603812532052e+01
-4.772849470062308797e+01
-3.614484375965591312e+01
-5.809402857466326964e+01
-4.718831828443025955e+01
-1.626795862563311346e+01
-8.635826644200738755e+00
-1.479612946234133730e+01
-9.900000000000002132e+00
-1.374234703156500004e+01
-3.631833951976310004e+01
-4.742383624602176440e+01
-5.125093891363944465e+01
-2.322439674819376521e+01
-2.282771460196679314e+01
-3.497404793481796048e+01
-1.547995028023249731e+01
-3.695742968160227804e+01
-2.814367300744746814e+01
-7.268286025205864576e+01
-1.954763416624053463e+01
-3.712573878924486337e+01
-5.345521091813762382e+01
-1.479612946234133730e+01
-1.099315935499249974e+01
-2.807666721201706039e+01
-2.403291644451917364e+01
-5.874503455399289464e+01
-2.539998105104880111e+01
-1.231464723004318813e+02
-6.164189393173454334e+01
-2.582788454820559210e+01
-3.422925343796251241e+01
-4.967900315394338406e+01
-4.909533530558380932e+01
-1.720878995650306109e+01
-2.972312003739375896e+01
-1.686175802253946543e+01
-7.003692381711121584e+01
-4.565301009965197387e+00
-2.016082972289795805e+01
-2.337810897934754450e+01
-7.477494275414102276e+01
-1.210406192311690354e+01
-3.040809168186371281e+01
-1.469856046022716782e+02
-1.407323395443663401e+02
-5.905826430407059746e+01
-2.333651078189970107e+01
-5.904534174978799399e+01
-3.911333055126318925e+01
-5.376055606422261235e+01
-2.799374059133045733e+01
-1.993989813015448309e+00
-5.327888656448708105e+01
-1.670819960270628712e+01
-4.736328923865699814e+00
-1.627731132982844642e+01
-2.573353963813337231e+01
-1.767133325636229202e+01
-3.372287619783744361e+01
-6.754929224350922823e+01
-8.481330678893931108e+00
-6.630548433539362918e+01
-5.553779613598666742e+01
-1.055332615491173165e+01
-8.474581198017742167e+01
-4.550564323439671455e+01
-4.025860210035893516e+01
-1.412340043012202351e+01
-4.083931929291111373e-01
-3.343283095234309599e+01
-8.846811954092643759e+00
-1.466263245955129157e+01
-2.081940312455280306e+01
-3.657755001093897818e+01
-1.745301460228019863e+01
-5.365118665783170115e+01
-1.498283325489506623e+01
-2.999999999999999556e+00
-4.586893212876496762e+01
-5.976794265145248630e+01
-6.490447679770238665e+01
-8.134220513336487102e+01
-1.178076586763642908e+01
-2.814367300744746814e+01
-1.636175494618290571e+01
-6.458028749181492500e+00
-4.491763258011008020e+01
-6.701007623844031968e+01
-5.791622910296926818e+01
-4.909533530558380932e+01
-1.636175494618290571e+01
-1.800000000000000044e+00
-5.908741477851744150e+01
-1.500000000000000000e+00
-1.832953917009719547e+01
-3.608923355765492147e+01
-1.350461889608563482e+01
-4.109167078183056532e+01
-6.626636394985588652e+01
-1.676437036643696388e+01
-3.683987140794484816e+01
-1.782331515780912667e+01
-4.207077621078293816e+01
-2.705525937687754023e+01
-7.678068582646685059e+01
-2.302964524888125197e+01
-8.296836631101663784e+01
0.000000000000000000e+00
-2.462879488082635504e+01
-1.885851110121056706e+01
-1.165696593071886156e+01
-9.401954362318403469e+01
-9.515543971124163392e+00
-6.653990459605398655e+01
-7.920837484861905864e+01
-2.076581950125838461e+01
-6.291307437405696845e+01
-2.636278625425798339e+01
-5.236502571972613396e+01
-2.753482413110587856e+01
-2.814367300744746814e+01
-3.258196501144807655e+01
-8.997456548194453063e+00
-2.668498003669903795e+01
-6.422006251921328790e+00
-1.593608590541331615e+01
-2.540480583037268758e+01
-2.881774479536730738e+01
-4.106119444394629170e+01
-2.750410213332277465e+01
-1.383728135234550649e+01
-3.371409289415839794e+01
-4.879159050684870635e+01
-4.909533530558380932e+01
-5.254034267282148107e+01
-9.409033888796633605e+00
-2.542211492160802422e+01
-4.206611954465303427e+01
-3.076882505738282703e+00
-1.718004492059946431e+00
-6.231756325777999450e+01
-6.317561829894606262e+01
-2.569534618469693754e+01
-9.168516441376047510e+01
-8.716462935676695167e+00
-6.594041385114695686e+01
-7.758047560607623439e+01
-1.141736339606665496e+01
-4.058512810415960814e+01
-1.012284556076893693e+01
-3.173605403703690442e+01
-3.909038298799183053e+01
-9.350412709706615644e+00
-2.158334484269242637e+01
-3.808204130886008443e+01
-1.636175494618290571e+01
-3.869710460032433730e+01
-4.909533530558380932e+01
-1.368477437376270522e+01
-1.199999999999999956e+00
-1.323705184341627472e+01
-1.196885210020341361e+01
-7.995638814320044219e+01
-5.972779841822774927e+01
-7.692440972715968428e+01
-2.480267544333579011e+01
-7.489523916928891367e+01
-3.922193566459073111e+01
-4.218768097527318162e+01
-1.673928277441686063e+01
-2.175115240570697850e+01
-6.385365830745246996e+01
-1.655396533707456541e+01
-7.347740908661813819e+01
-1.193452503701158918e+01
-3.437858349341014019e+01
-2.006878819344807141e+01
-1.873169785473534787e+01
-1.860408093366584836e+01
-2.881774479536730738e+01
-1.181939519118711246e+01
-2.861601665453547838e+01
-2.265471835319674199e+01
-2.913444097928014287e+01
-5.934593432061076612e+01
-1.362387561529716518e+00
-2.300503762935246144e+01
-2.978254828869554416e+01
-7.030681378849804730e+01
-4.747833726199586124e+01
-2.973529070008148167e+01
-6.097441397347711955e+00
-5.008487196548378506e+01
-4.386113430647733935e+01
-7.102886897934506294e+01
-1.259549971334255858e+01
-3.163503149834266992e+01
-3.077045286538906765e+01
-5.796167158865924307e+01
-2.734426343674412863e+01
-8.457463758215965299e+01
-3.054497200507029220e+01
-3.490615844208998197e+01
-1.141736339606665496e+01
-1.723722843657188264e+01
-2.765998752203927680e+01
-9.863263096460189061e+00
-3.570863609089804669e+01
-2.995230979857526421e+01
-3.834034845043186834e+01
-5.226731853969577912e+01
-4.664757348215889010e+01
-2.937213513771265383e+01
-6.859643101815463240e+01
-4.382683396944739229e+01
-2.812460654446846675e+01
-3.779819966989684588e+01
-2.079343901066873457e+01
-5.350825476151139526e+01
-4.404981688373432291e+01
-6.981045355396355490e+01
-1.331528450469701284e+02
-1.612320937524433617e+00
-1.564048147262312405e+01
-3.541274376013819847e+01
-4.610691702330170472e+01
-1.232991805358461423e+00
-8.405844436026995936e+01
-3.202445613168625016e+01
-3.197316196758311335e+01
-8.921222900854603566e+00
-1.159579441102497555e+01
-7.138242140464376462e+01
-3.618972702554562204e+01
-6.219384193822435236e+01
-2.594424322765794955e+01
-1.570619112303620035e+01
-4.915891571959264184e+01
-3.156992101908048198e+01
-6.064328694475662473e+01
-2.499646844475699226e+01
-3.917247604993972843e+00
-7.586335452241189437e+00
-2.954172828509591042e+01
-2.202964674933077660e+01
-1.495578161171386178e+01
-2.814367300744746814e+01
-4.837444843629864266e+00
-1.026848126080468759e+01
-1.213589714999123004e+01
-2.814367300744746814e+01
-5.796167158865924307e+01
-1.008448020390861899e+01
-8.749041312525213243e+01
-6.649934527522039218e+01
-2.875099353289468240e+01
-8.487336089053282961e+00
-5.358168762581779987e+00
-1.325679810007804349e+01
-6.035452589433726445e+01
-1.287264828422841489e+01
-6.264470914949756519e+01
-8.916525846063264282e+01
-1.596194767134471348e+01
-2.277437468355444139e+01
-3.492072730092457533e+01
-2.159982593537500151e+01
-3.643485794837768310e+01
-2.038418567914817459e+01
-2.292044560851324775e+01
-1.614890649720265614e+01
-8.634147852999408457e+00
-2.954346747850246757e+01
-1.127460761041430999e+02
-3.160190998672571538e+01
-1.560738648749663682e+01
-6.973350312298434517e+01
-4.870084141819409496e+01
-5.210874041422970038e+01
-7.784301688709388145e+01
-1.345160460947013625e+01
-3.691979109222003785e+00
-5.796167158865924307e+01
-1.850778704377131234e+01
-3.440338570879812607e+01
-3.746522872472024090e+00
-2.872828883357277618e+01
-7.496521996445495439e+00
-1.761764515288127697e+01
-1.719250396933544067e+01
-5.796167158865924307e+01
-1.562616237031048350e+01
-3.740007589274581790e+01
-7.939086306473149079e+01
-4.403809591989359973e+01
-1.884310818067812576e+01
-5.114372503689938299e+01
-6.685547719578403303e+01
-2.712777868907875956e+01
-2.024170314551584227e+01
-3.219686327785463220e+01
-1.257843070643175025e+02
-1.253300598512848651e+01
-1.659434640357717328e+01
-3.464842709881908434e+01
-2.870399750614391721e+01
-1.253300598512848651e+01
-4.434658205607031789e+01
-3.772764995637326990e+01
-1.802791872854729505e+01
-1.253619474571497960e+01
-2.849970673434691903e+01
-3.031690909011046386e+01
-6.922521549138704700e+01
-3.341897172024343377e+01
-1.385930801570683002e+01
-1.209818659457584289e+01
-1.196885210020341361e+01
-1.336297852860641342e+02
-1.935663115222899222e+01
-3.813691264794719871e+01
-4.850559285371947027e+01
-1.618629856471397233e+01
-7.448963575159842776e+01
-6.146773638328916434e+01
-9.516669875778481469e+01
-5.694001545093277628e+01
-5.976652267191313683e+01
-1.987011375521990431e+01
-4.410948048230622476e+01
-6.901560123176922446e+01
-7.120046695335005005e+00
-1.247330959264057348e+01
-3.166193153455377640e+01
-6.864234495779166423e+01
-3.635113166378150851e+01
-2.471526350215287238e+01
-3.266463589172236937e+01
-2.205337031573703399e+01
-1.318242501793459098e+01
-3.740007589274581790e+01
-2.704821444965528698e+01
-3.936392754425271789e+01
-3.316737868079581375e+01
-8.156677799256314643e+01
-4.256321414700325079e+01
-8.397247876041927128e+00
-1.909634948733643611e+01
-4.546074833540232873e+01
-2.334856047932360568e+00
-5.342524497520381033e+01
-3.506892672549295042e+01
-3.918592931180003802e+01
-3.228147745488473674e+01
-1.570778384047392962e+01
-2.662827477559605782e+01
-8.290049190850254490e+00
-7.532219877146259179e+00
-1.154315465040810729e+01
-1.284802330855846009e+01
-3.273387818090373713e+01
-5.942663679301354307e+01
-3.094586126301399176e+01
-3.435638489493554459e+01
-5.935703063322522866e+01
-1.205038603267414388e+01
-3.788028956206410669e+01
-3.135490728673233463e+01
-1.789437687980619529e+01
-3.092725212120026512e+01
-1.579376763070000678e+01
-1.183605230184146961e+01
-2.952269727483416162e+01
-3.264575715928798161e+01
-4.644673400588824386e+00
-5.796167158865924307e+01
-3.812569890581040966e+01
-2.642764265133190094e+01
-4.008027121131739534e+01
-4.512102193484382440e+01
-3.193941985235916903e+01
-7.478802590985056398e+00
-6.256089866994718562e+01
-4.131614710220881648e+01
-5.689580887212318316e+01
-2.884703064397728767e+01
-1.182569784466918961e+01
-3.865780625391960967e+01
-2.658174971624876548e+01
-4.946726526355075748e+01
-2.814367300744746814e+01
-3.660451311714142264e+01
-2.537673702033738721e+01
-5.613938217562620991e+01
-5.796167158865924307e+01
-3.180014302810728211e+01
-3.175929568697446470e+01
-1.143497064424617982e+01
-2.765998752203927680e+01
-3.635621142238490222e+01
-5.059878540870440133e+01
-1.087069476271876667e+01
-2.088318477259938533e+01
-1.694327984293719425e+01
-3.056240618176909862e+01
-2.676502031593031106e+01
-1.537019429569276419e+01
-4.847299671379819586e+01
-5.325011853008809481e+01
0.000000000000000000e+00
-7.108758320430405320e+01
-6.812306499936551063e+01
-1.221296611751843919e+01
-3.660624538914623916e+00
-4.286328613340991467e+01
-2.672855744710890491e+01
-2.970696637536896390e+01
-2.744711204727263265e+01
-3.315611810652714553e+01
-5.592001641029475678e+01
-2.276374621200760728e+01
-1.791250753481645219e+01
-3.422965932004463241e+01
-3.472252816507507589e+01
-2.610643109078240442e+01
-5.796167158865924307e+01
-4.941073839651278377e+01
-1.109355275340941915e+01
-1.094265304431979757e+02
-8.296836631101663784e+01
-6.350718050764200484e+01
-2.832662215186033094e+01
-4.054828639107613952e+01
-2.705662463315083244e+01
-1.179437977543908644e+01
-4.105614834117544376e+01
-3.345929892189576549e+01
-5.717058418095610506e+01
-1.740667886430271594e+01
-3.226815824595044546e+01
-1.098389635107848363e+02
-6.015986276750975748e+01
-1.304649124662811488e+01
-3.487798329265470443e+01
-2.508521698660059229e+01
-4.145244712438099555e+01
-2.875658559564936922e+01
-2.227379269467980194e+01
-2.108700851804020360e+01
-3.169379321243770775e+01
-1.044959826995870245e+01
-1.729648011667599050e+01
-7.702533528688942255e+00
-2.807325048650015642e+00
-2.218846826194051758e+01
-2.142240398558755921e+00
-3.149739186759573784e+01
-2.885536230909622191e+01
-1.986176437295408093e+01
-6.851394540175692782e+01
-2.435590268762976507e+01
-2.754221438769888408e+01
-2.522211332361282032e+01
-4.182345208358455579e+01
-3.249553750877455371e+01
-3.386882074756921668e+01
-3.590606632158589662e+01
-1.124269382361833749e+02
-3.776793715691168529e+01
-1.344350653603859413e+01
-3.274511692056042023e+01
-2.814367300744746814e+01
-4.244171214978250362e+01
-4.312632860110529975e+01
-2.259433105132844233e+01
-5.419562763323245491e+01
-3.711590739229512792e+01
-3.161983697746941857e+01
-3.338389600396016021e+01
-2.807325048650015642e+00
-3.877376524793208290e+01
-1.385930801570683002e+01
-5.294526404886194371e+01
-4.105388209393625232e+01
-5.796167158865924307e+01
-1.197960408428196999e+01
-6.308301151923194539e+01
-1.654287046117890014e+01
-2.063203070200633960e+01
-7.317263899567089425e+01
-6.086177150235682376e+01
-1.905329975362595363e+01
-2.782240858501710434e+01
-5.999999999999999778e-01
-1.812715149375686607e+01
-1.486296851484275905e+01
-8.441806651592743904e+00
-1.515497671306971306e+01
-1.465296017369706760e+01
-1.642327680070680884e+01
-2.373160429506385682e+01
-6.533756492958585227e+01
-2.607729740478250946e+01
-5.916151657548060427e+01
-3.145765062210525542e+01
-6.138495880852049424e+01
-4.083931929291111373e-01
-3.133044954389725589e+01
-5.123761552973337530e+01
-1.703210384877705152e+01
-2.896092237535416203e+01
-1.084220022130640046e+02
-7.414547344111509730e+00
-2.867475640770652845e+01
-2.651874973016003167e+01
-4.932100312020627086e+01
-1.253300598512848651e+01
-6.006322548781184167e+01
-1.668507275672722656e+01
-4.292776965293305125e+01
-1.199999999999999956e+00
-2.900086663564971445e+01
-3.785276590526041929e+01
-1.114205953635150337e+02
-1.364646338227879596e+01
-3.712955733729056362e+01
-8.911078547693147556e+00
-3.018390951638699349e+01
-1.003925854567102505e+01
-2.779266356790767389e+01
-4.218095763025617373e+01
0.000000000000000000e+00
-3.533043247463962189e+01
-6.283495735123501902e+01
-2.570255945237484951e+01
-2.771194802063745399e+01
-1.686968992323545180e+01
-1.177195876986613143e+01
-3.087129076673863182e+01
-4.269505095731110345e+01
-4.368631152468339707e+01
-6.821110721723538717e+00
-2.786273488134019516e+01
-3.156632585087197640e+01
-3.521870502165724304e+01
-3.491523331364254545e+01
-3.785700488457444379e+01
-1.479612946234133730e+01
-9.408499509684716600e+00
-3.075965721054086544e+01
-4.352626483503288313e+01
-1.886371746924776049e+00
-1.161738350542559459e+02
-5.952135529761552846e+01
-1.826445061568564299e+01
-7.093663121332818378e+01
-1.536051570646232989e+01
-4.348552954928327097e+01
-1.018607783927252513e+02
-4.834836168296612868e+01
-2.264235196969184827e+01
-1.332081338822020022e+01
-3.096388657514761888e+01
-2.599495894405506746e+01
-1.468994561909414109e+01
0.000000000000000000e+00
-5.816035778119986333e+01
-2.562524549927334405e+01
-2.116516923341579215e+01
-1.506567102849591500e+01
-1.062165136577941098e+02
-6.112310091840714676e+01
-3.826306785486328721e+01
-3.698839729116121333e+01
-3.958671336259332918e+01
-2.872676195040952152e+01
-1.536051570646232989e+01
-1.898849805340013575e+01
-4.404844002284688997e+01
-3.484682180959691067e+01
-3.206461178839067827e+01
-4.158151713547299266e+01
-1.026811582321519367e+01
-1.351300951205233858e+01
-7.632668049838291324e+01
-6.224588480765978815e+00
-2.021595204059382311e+01
-2.588873229282557631e+01
-3.687801874389123213e+01
-3.137362108718754428e+01
-2.633073465766788601e+01
-1.226425430728003185e+01
-6.547931265302980819e+01
-2.706768919994226863e+01
-2.676015386604312241e+01
-4.337701138473786955e+01
-2.027609488427362550e+01
-4.118824769386450413e+01
-4.465048752514635311e+01
-2.883162417596415139e+01
-3.336126666237476712e+01
-6.339160095625406655e+01
-2.459412558034128438e+01
-2.532545792220264858e+01
-1.536051570646232989e+01
-2.377328806254346460e+01
-2.049011521328094432e+01
-1.526934980849860501e+01
-2.678475703771083616e+01
-6.943387430705004526e+00
-5.021530184105021988e+01
-3.956504309888111237e+01
-3.162504983508092238e+01
-3.193830028052588688e+01
-2.941251788452822069e+01
-2.796149218593969010e+01
-6.015102895847874009e+01
-1.308103967012155522e+01
-2.519324899275744656e+01
-1.053618548604536187e+02
-3.251091893543777189e+01
-1.442636126776529615e+01
-1.302033007382278340e+00
-1.445832255103800179e+01
-4.551858415297519223e+00
-4.695325624821072807e+01
-1.993753255060316931e+01
0.000000000000000000e+00
-4.909533530558380932e+01
-3.573913844645718996e+01
-1.637216919950761707e+01
-1.606225069157547125e+01
-8.070108622598652914e+01
-1.249132862702879088e+01
-5.119688920473640792e+01
-3.065737491194973963e+00
-3.424281001066672303e+01
-1.326055072240026433e+01
-3.755785621126973695e+01
-3.126568082861306763e+01
-1.233442964660705599e+01
-2.777689609075857291e+01
-3.330334542132304421e+01
-5.989693954635998629e+00
-1.988732273121148708e+01
-1.643023219252070177e+01
-1.134908205712992384e+02
-2.674017929649228620e+01
-1.124310621637682495e+01
-2.511263877686299395e+01
-2.424967390903683651e+01
-4.322785001471515187e+01
-3.957795614284766827e+01
-2.678891718187048809e+01
-5.829828863013779028e+01
-3.394431770726184538e+01
-2.728820197354533050e+01
-2.397973914322468048e+01
-2.467096815998265669e+01
-4.609056159373599826e+01
-6.684096900417921461e+01
-1.609398652658136797e+01
-9.968610508758591493e+01
-2.461480446964850088e+01
-1.651860009463752021e+01
-3.268017076811935340e+01
-6.029323535458729566e+01
-2.340412388656431730e+01
0.000000000000000000e+00
-2.593609159577425061e+01
-3.803178880304815834e+01
-2.096793936464671759e+01
-4.083725254590414977e+01
-3.148055991921891561e+01
-2.738443404378164203e+01
-3.566795026234430566e+01
-2.814367300744746814e+01
-3.874401951149444301e+01
-2.662540156031155902e+01
-6.026271169350106760e+01
-3.462672395071497533e+01
-3.467900934691613912e+01
-3.740007589274581790e+01
-3.778548374116309105e+01
-2.688297636494818121e+01
-2.937750272266811180e+01
-1.313764900539363722e+01
-3.369408479850564220e+01
-3.878197375546528747e+01
-4.909533530558380932e+01
-3.180794828642548566e+01
-4.906671796735281532e+01
-7.532219877146259179e+00
-4.563647634666644137e+01
-3.630196116232049519e+01
-1.612320937524433617e+00
-3.480997299797327571e+01
-4.889300052187159906e+00
-2.622011793214629094e+01
-1.426034004435764402e+01
-3.136191138156257097e+01
-2.739059687867125348e+01
-2.521079951754536808e+01
-8.911019269744123505e+00
-3.041513222119238247e+00
-8.210132885328086161e+01
-1.401631855522761150e+01
-2.386158993267703465e+01
-8.296836631101663784e+01
-7.723555428163564329e+01
-3.190829487797316233e+01
-1.874232793314411083e+01
-2.948279853530906536e+01
-1.492927047325926537e+01
-2.687364265635521576e+01
-2.940195091068097000e+01
-3.656895309274543848e+01
-1.799999999999999822e+00
-2.040845987670740058e+01
-1.648234602235285351e+01
-3.206944136994158612e+01
-3.097468875880134931e+01
-2.978287692331333147e+01
-1.243461838084687976e+01
-3.214572886178454070e+01
-1.994290892502730372e+01
-2.823920922070681883e+01
-4.232072497826824531e+01
-1.864588536896786408e+01
-3.103211225716832544e+01
-8.999999999999999112e-01
-1.541263319970829393e+01
-1.840936091598473112e+01
-1.103228304157554263e+01
-1.340811169718464768e+01
-1.038541014755325165e+01
-2.378189068173571741e+01
-1.919708717170521695e+01
-6.340410154437643087e+01
-4.151468014662789585e+01
-5.967215504480948596e+01
-4.361558935700386996e+01
-4.783698865966943004e+01
-1.369737460003856100e+01
-2.110516637085140701e+01
-1.495134752657448551e+01
-2.042949892630678121e+01
-6.931991710871641033e+01
-1.468544368407366107e+01
-4.764344141607998040e+01
-3.825208854696306560e+01
-2.872428513946683992e+01
-1.182798985676169679e+02
-3.907544806665364945e+01
-6.002124046151961068e+01
-2.515931992490827440e+01
-9.722168266689029892e+00
-7.150551973083357105e+00
-2.409413947304739523e+01
-8.453399179485819559e+01
-1.351300951205233858e+01
-3.511754777652761561e+01
-1.791250753481645219e+01
-1.387283137631720997e+01
-3.971056581501778737e+01
-2.774472862810181084e+01
-4.017003254122268174e+01
-1.116765249139008063e+02
-3.393945599782837519e+01
-5.236129869819920657e+01
-9.677631553424851063e+01
-1.320294414280579431e+01
-3.009767081033451674e+01
-4.154375673423405857e+01
-1.365769909873501931e+01
-3.746569641297172382e+01
-4.244148213826530736e+01
-1.971313741063546177e+00
-4.285265205084308349e+01
-3.071516572308887305e+01
-1.282629871651903031e+01
-1.307904723726295515e+01
-3.630883555885382918e+01
-6.368200643748916434e+01
-2.647812457301966660e+01
-3.629147483968722554e+01
-2.288684980926403156e+01
-5.796167158865924307e+01
-6.697812059627268866e+01
-9.879620391178670502e+01
-5.814863135963990715e+01
-2.883795784861413836e+01
-4.384104849686053740e+01
-1.057182781514652170e+01
-1.536416814743905768e+01
-7.123050335043882342e+01
-4.972683907356572064e+01
-7.142697779614965725e+01
-5.076337415071623127e+01
-3.443860403926174740e+01
-2.315265335714004280e+01
-5.490519064129733096e+01
-1.391671423096271276e+01
-4.533703236548167581e+01
-4.369414524486791152e+01
-1.621545233825941423e+01
-1.057182781514652170e+01
-4.538134077528992805e+01
-3.189732803585272336e+01
-2.846025222479054406e+01
-1.848034144660236322e+01
-2.790891010975271769e+01
-1.967640194585618119e+01
-4.057003086271573977e+01
-9.563749195350854393e+01
-1.600591535056375392e+01
-2.612070771857749207e+01
-4.287655649271519565e+01
-2.045748225852337754e+01
-1.680953012654298107e+01
-3.678508850864930224e+01
-2.033874855342274657e+01
-8.296836631101663784e+01
-2.814367300744746814e+01
-5.922831098160064300e+01
-9.162622627217020010e+01
-2.345002784354845815e+01
-1.247902427309487905e+01
-1.529246251204389750e+01
-2.075748225852337825e+01
-2.027446198426324742e+01
-3.847263541687365773e+01
-6.263382252321236621e+01
-3.667485332231898099e+01
-1.990675546679240426e+01
-5.777721479656581494e+01
-2.447227609398047576e+01
-4.688918255008094604e+01
-4.211109032651585693e+01
-3.875994359133865430e+01
-2.288474019560023365e+01
-1.620969144841729914e+01
-3.382941492885582591e+01
-2.283894310959055929e+01
-1.567902897529305939e+01
-2.962133673610186335e+01
-4.403679184544193248e+01
-2.615468660727351136e+01
-3.172557979323531541e+01
-2.025467293289157666e+01
-4.780870921138262020e+01
-6.022984683626346225e+01
-7.046332452859286377e+01
-1.339997087318782221e+01
-1.166094607136424699e+01
-3.866886630404315639e+01
-3.973260038301675934e+01
-3.341429665245783553e+01
-2.770741975387359801e+01
-2.989834379516291207e+01
-1.000205494881706336e+01
-7.769886384442332883e+01
-4.056518469098698176e+01
-2.234642766761528776e+01
-1.645205103357590204e+01
-4.568398063617276250e+01
-3.263959945306018540e+01
-1.578276775058412973e+01
-2.591498517552723158e+01
-1.365769909873501931e+01
-2.718184598657617101e+01
-4.334683187715297237e+01
-3.153870744183652874e+01
-4.934425442991582145e+00
-1.695149246137834353e+01
-4.291910051603471032e+01
-1.402456286288290954e+01
-3.205877625638876793e+01
-3.412320937524433440e+00
-2.017873421853359162e+01
-2.795857490299055925e+01
-2.333187542474836818e+01
-1.180587579411606747e+01
-3.278864370925944627e+01
-2.054730558009529062e+01
-4.035266273822392691e+01
-2.146491150170187723e+01
-1.418344585496095789e+01
-1.817051420225677205e+01
-2.282933118384340077e+01
-8.999999999999999112e-01
-2.814367300744746814e+01
-2.002798634027926639e+01
-3.109253023818781259e+01
-4.662363932214098838e+01
-1.314093461853269318e+01
-1.077417301745712024e+02
-2.473260423728889279e+01
-1.479612946234133730e+01
-3.875134843704783805e+01
-2.276909688750914285e+01
-7.030995862398978602e+01
-2.563420992173964663e+01
-2.616707059756414111e+01
-2.582497693193672461e+01
-2.342366956338076278e+01
-2.890591808709556076e+01
-3.415573359404146458e+01
-2.619928396685067185e+01
-1.434307976405566798e+01
-3.214079917308630741e+01
-8.999999999999999112e-01
-2.825243051434194541e+01
-4.934425442991582145e+00
-1.795692266011437610e+01
-4.492448104267664633e+01
-4.014570933807343067e+01
-3.127825380102606090e+01
-4.909533530558380932e+01
-3.545867168894272936e+01
-3.187499057499316990e+01
-2.584014652676045998e+01
-3.075312586590521136e+01
-2.531670438172250925e+01
-1.709239603656003936e+01
-3.244455660344888059e+01
-3.503412343167570953e+01
-5.297353740351764628e+01
-1.038541014755325165e+01
-5.058322348534416868e+00
-1.704277928278797560e+01
-2.243513433890444109e+00
-5.479615232945751480e+00
-2.234605247288752849e+01
-3.672239078146790803e+01
-1.038541014755325165e+01
-2.198863906717197381e+01
-2.251967455263369544e+01
-6.727088090496854988e+01
-2.013094357266495393e+01
-2.484424652451451365e+01
-8.268399529038120477e+01
-6.504760109503713750e+01
-8.283548200076150181e+01
-3.014686823253303061e+01
-1.320294414280579431e+01
-4.023411636628544841e+01
-1.524647628510447461e+01
-4.996752252701550390e+01
-3.173119492528448760e+01
-2.329981765992878806e+01
-6.720224477314089029e+01
-1.339997087318782221e+01
-2.364988904997360031e+00
-2.362996067678485090e+01
-7.901389415768360891e+01
-4.909533530558380932e+01
-3.730851935767928040e+01
-4.081443163029982202e+01
-4.040624669991395734e+01
-2.853414445701238833e+01
-4.238965387989253486e+01
-3.273805894192805965e+01
-1.995577651090097504e+01
-4.050623908199482770e+01
-8.296836631101663784e+01
-3.660032603653226602e+01
-3.319911581194854477e+01
-1.393620950150436144e+01
-2.089721008400042379e+01
-4.046552789765202363e+01
-1.678200638356655716e+01
-3.039742262677726714e+01
-3.171402959800467514e+01
-3.307529450950355709e+01
-1.370684197251267022e+01
-2.712087723906411796e+01
-1.783262867674575602e+01
-1.365769909873501931e+01
-2.149056542004111492e+01
-1.372365595425800322e+01
-3.745698731757772748e+01
-1.566605693595599824e+01
-3.591130742152111566e+01
-3.854303561861388516e+01
-2.170121186224678311e+01
-8.459937913280704436e+00
-4.865753346711355931e+01
-2.156703128520270241e+01
-1.125799290486695980e+02
-5.875994451221894366e+01
-1.328219811238226455e+01
-1.791250753481645219e+01
-5.796167158865924307e+01
-4.270510618202169439e+01
-1.440214274562576513e+01
-1.372365595425800322e+01
-1.112252685593915302e+01
-2.353319424543849081e+01
-3.815325423398202531e+01
-3.134536603401996757e+01
-1.180587579411606747e+01
-2.512320937524433528e+00
-2.125099582858018366e+01
-2.668739540770032903e+01
-2.219654434226844231e+01
-1.791250753481645219e+01
-3.287832775514885952e+01
-2.822847594247287262e+01
-2.790221707720204947e+01
-5.796167158865924307e+01
-1.791250753481645219e+01
-7.748110890812405671e+00
-1.830070330119530198e+01
-3.905217919578641528e+01
-2.026155009864148582e+01
-1.771322143958301609e+01
-3.650936517821076421e+01
-3.528993338680720626e+01
-6.833362440765402823e+01
-1.527223255679851022e+01
-2.042208148256088407e+01
-1.148728568883019108e+01
-4.334953096768359160e+01
-2.369175295787425384e+01
-2.735344058983323734e+01
-6.778115681630680456e+01
-2.397026962082958335e+01
-4.002618686762610878e+01
-2.144208845432862987e+01
-2.508053627815063180e+01
-7.696508751450855357e+01
-1.356000143382330059e+01
-1.005639594053963037e+02
-2.825780412623829463e+01
-3.118326123674702188e+01
-2.186306779406428902e+01
-3.672453174658423336e+01
-3.171032981476390589e+01
-3.953364271285708043e+01
-1.324261964410933956e+01
-2.638773937134835634e+01
-1.392690386240791334e+01
-1.383114659675050362e+01
-3.455358676999738066e+01
-5.097997849837975437e+00
-3.783585004610951330e+01
-2.959718445056139657e+01
-6.417735946203931618e+00
-3.386158887457060018e+01
-2.782510809082564052e+01
-1.988439041372540572e+01
-4.083931929291111373e-01
-4.739172608756265959e+01
-6.359684008921099974e+01
-1.816900455294391392e+01
-3.951027277747387245e+01
-5.022128154919936804e+01
-8.362797280340858208e+01
-2.146022542807031641e+01
-3.545867168894272936e+01
-1.180587579411606747e+01
-6.820577378802819624e+01
-4.829010107829817144e+01
-3.814524714272471329e+01
-1.423246853821096636e+01
-3.259149615130139921e+01
-3.321098754219542570e+01
-7.243971196003850821e+01
-2.917447430110110318e+01
-1.046974800263723182e+01
-3.128334644020070598e+01
-1.339997087318782221e+01
-1.038541014755325165e+01
0.000000000000000000e+00
-4.083931929291111373e-01
-3.065636545966648185e+01
-4.083931929291111373e-01
-4.068529485561057868e+01
-1.631547309986231653e+01
-3.687995650623186350e+01
-1.575841848693199410e+01
-2.728216384365439851e+01
-3.107133430647072103e+01
-3.819954797924044243e+01
-2.486265178933457420e+01
-3.822951091240749122e+01
-8.296836631101663784e+01
-4.833648220673827822e+00
-1.690590328910939988e+01
-2.851179067153492497e+01
-2.076143165925519085e+01
-2.651905236820126888e+01
-3.133911593086512326e+01
-8.335771986881097462e+01
-3.545867168894272936e+01
-4.273088938621502564e+01
-1.690348734280920340e+01
-5.482696299226461889e+01
-2.363187542474836889e+01
-6.239884835002723662e+01
-1.535645396103779703e+01
-6.303448230757944515e+01
-1.791250753481645219e+01
-2.680439384493331190e+01
-2.718514561279165775e+01
-3.116241314499569626e+01
-2.807848018390341593e+01
-5.448038430107145302e+01
-2.555032805733818435e+01
-1.479612946234133730e+01
-4.083931929291111373e-01
-3.269432389822068785e+01
-1.550718642271458769e+01
-4.055034413104144164e+01
-3.870120732888045723e+01
-2.690109608263166763e+01
-4.214786948494160157e+01
-1.577374741490845089e+01
-1.444384027964513884e+01
-2.044403565533641753e+01
-8.296836631101663784e+01
-2.603123320481809344e+01
-4.910556377953201945e+01
-1.339997087318782221e+01
-4.614564714526841271e+01
-3.647791367041957500e+01
-5.216844307631875211e+01
-6.191613798995687290e+01
-2.333187542474836818e+01
-2.676542127354994349e+01
-3.519073845077851814e+01
-4.372567592502997513e+01
-1.946830096326580062e+01
-1.666625766345825355e+01
-3.023243842728722086e+01
-1.725254130647633843e+01
-1.912320937524433662e+00
-3.272497791582829763e+01
-3.045534297571706972e+01
-6.505179420910569377e+01
-3.023208520152780210e+01
-3.865764601390728217e+01
-4.531783108615646682e+01
-1.340609501792510727e+01
-1.583255705549495573e+01
-1.570970032112834325e+01
-2.362572958697176428e+00
-3.897674171837296342e+01
-3.370718823955591859e+01
-3.394473708333280371e+01
-6.479549740665508750e+01
-1.479612946234133730e+01
-2.728851967375566900e+01
-3.369203405593961520e+01
-5.097997849837975437e+00
-1.225682247599021792e+02
-2.814367300744746814e+01
-2.883786278277204218e+01
-8.296836631101663784e+01
-3.059606750420016752e+01
-4.242682288421288206e+01
-6.486036016994707154e+01
-1.802432996994567915e+01
-8.398530419448880480e+01
-5.081738036089738841e+01
-4.123944072392825433e+01
-1.956409081685625040e+01
-4.000402181313351946e+01
-4.909533530558380932e+01
-2.772491349821800455e+01
-4.542852071149451376e+01
-3.146228419571490775e+01
-3.936979252705248200e+01
-3.970809035920612473e+01
-2.039317492258918207e+01
-2.046198529238624175e+01
-5.133786224288543565e+01
-6.352456847938064755e+01
-3.545867168894272936e+01
-8.999999999999999112e-01
-8.296836631101663784e+01
-2.916146225790375723e+01
-2.056740847397442806e+01
-4.077024053179045637e+01
-5.891377981521928575e+01
-3.113277106200674993e+01
-1.300581434929653746e+01
-3.767427077495543131e+01
-2.157427774676177279e+01
-1.633460541294389046e+01
-3.593609551365545940e+01
-3.062108409315832702e+01
-3.027718975390025236e+01
-4.731202460808399479e+01
-1.352386777873066137e+01
-3.059766459303254038e+01
-1.936266052540177185e+01
-1.753581742388701059e+01
-3.041023357831826246e+01
-1.352639616695223523e+01
-5.055906402234243480e+00
-4.424341424998943495e+01
-3.876773462838626472e+01
-1.967426593978934335e+01
-1.791250753481645219e+01
-2.823315846984759858e+01
-1.989120100671197022e+01
-5.924035687599733535e+01
-3.953937592743896801e+01
-4.617384141001443965e+01
-3.960601453625120882e+01
-4.156043794226219745e+01
-3.358737699390408693e+01
-5.929909245630837944e+01
-2.363187542474836889e+01
-3.979135198782789473e+01
-4.928565506763776938e+01
-2.423187542474837031e+01
-1.583597466393949915e+01
-1.337685239732056175e+01
-3.883669010424041801e+01
-2.423187542474837031e+01
-2.650496883693306671e+01
-2.579027476221055082e+01
-6.557870428660865514e+01
-2.383029087111477295e+01
-6.753942765858255370e+01
-7.851006749631848436e+01
-4.091928363807647884e+01
-3.296199346704318600e+01
-2.931410658384262291e+01
-6.875005228890802300e+01
-2.429135005186864760e+01
-1.858445291141604017e+01
-1.307853114325583022e+01
-3.523148143041352398e+01
-2.703262470236331794e+01
-6.582975711487625858e+01
-4.909533530558380932e+01
-4.729590817182496920e+01
-5.259629531398250180e+01
-2.781836253441710483e+01
-2.976408522400805978e+01
-2.009174634733120612e+01
-2.665840071489522245e+01
-4.623836218603034176e+00
-3.997987838331619059e+01
-1.321389415004683343e+01
-1.123106538082121375e+01
-1.417923147440777853e+01
-2.641660618084432599e+01
-4.146459947491081266e+01
-4.679425330042789710e+01
-2.712596690821928647e+01
-2.309166818255817333e+01
-3.112320937524433617e+00
-1.722598195931622200e+01
-2.325603367991662651e+01
-3.768067359595323040e+01
-5.163188875402939004e+01
-3.350491148321543733e+01
-3.580476648002353102e+01
-2.479670883094873446e+01
-4.727698038220673027e+01
-3.318224503733693354e+01
-3.174228384892416344e+01
-2.814367300744746814e+01
-7.813436366203939087e+01
-1.799999999999999822e+00
-3.399910072801644390e+01
-2.767176931330283196e+01
-1.351300951205233858e+01
-4.195782871663112701e+01
-7.817776050107644892e+01
-4.276883684562803012e+01
-3.730221681962787272e+01
-1.038541014755325165e+01
-3.614676727514064680e+01
-3.143104183931367857e+01
-1.130705469550554909e+01
-3.683823117083679222e+01
-1.597296960093921925e+01
-1.519095947537112501e+01
-3.788215643519724551e+01
-5.058322348534416868e+00
-3.107882254381242859e+01
-3.929119428403188863e+01
-3.899051403476109101e+01
-1.992997910394004535e+01
-2.149604793475057463e+01
-1.550486753057955802e+01
-1.910501296779868596e+01
-5.055906402234243480e+00
-3.176254352357268473e+01
-3.508811931062302847e+01
-1.801543117918407333e+01
-3.147520162981470548e+01
-1.038541014755325165e+01
-2.423187542474837031e+01
-1.969314153679342994e+01
-1.791250753481645219e+01
-2.903555235140019519e+01
-3.442149151213982350e+01
-4.021843059540610454e+01
-2.049783534731626489e+01
-5.028547844591714977e+01
-6.557119524205451455e+01
-9.419233890911179685e+01
-4.880480946796190267e+00
-5.566114681147816157e+01
-2.613208352252460998e+01
-1.734803533325427694e+01
-3.777943509437147185e+01
-2.814367300744746814e+01
-5.198091392880422745e+01
-4.262050739297580293e+01
-7.654764501349836792e+01
-3.413134220746643877e+01
-2.922674132683039616e+01
-1.738998151845501994e+01
-4.028093724543307985e+01
-2.545235533470430411e+01
-2.872427054227537369e+01
-4.697414709593483195e+01
-3.166407089781086626e+01
-8.296836631101663784e+01
-6.273505717943238835e+01
-2.721061831742814263e+01
-4.516742031802005641e+01
-5.000212641427768290e+01
-1.232053750317654206e+01
-2.356517933036455048e+01
-1.698510869362997511e+01
-3.714706077447782917e+01
-2.776301884803942599e+01
-1.607449350574170310e+01
-9.882126497865289849e+00
-3.001888436501151602e+01
-3.811117282655137473e+01
-5.168022714761790581e+01
-6.072756714452741278e+01
-8.575873369576260785e+00
-1.670081508681814597e+01
-1.148939165217209890e+01
-2.016499320090372294e+01
-1.863079143564484852e+01
-1.928800102462114907e+01
-2.604868303069213908e+01
-2.474555896355983720e+01
-3.151048018243832871e+01
-1.362917211653175009e+01
-1.101142357848423181e+01
-2.738831318919523383e+01
-5.796167158865924307e+01
-3.017549580299273515e+01
-1.056621479167369237e+01
-5.214539822842078109e+01
-3.703776430787399931e+01
-2.441174759600539801e+01
-3.125928327593515377e+01
-6.281191747276642090e+00
-2.349284531317124802e+01
-2.076712607235452168e+01
-4.957564038404007078e+01
-3.311050519579966078e+01
-4.982080284755305399e+01
-1.704764175038057061e+01
-1.188968442336131659e+01
-1.202425793975281820e+01
-5.277255172128438687e+01
-1.510948854373690509e+01
-1.324261964410933956e+01
-2.964637288316286501e+01
-4.000979211508511924e+01
-4.503689670325266547e+01
-1.318951363516914554e+01
-4.031127196774685473e+01
-3.216222438241171488e+01
-7.136763818613289345e+01
-2.912310824022008759e+01
-3.842160775293306330e+01
-4.066486129792933468e+01
-2.899002165320365521e+01
-8.609464340730031751e+00
-3.747604943691263912e+01
-2.561338117862708330e+01
-1.479612946234133730e+01
-2.402889986186686855e+01
-2.667811712307249294e+01
-3.545867168894272936e+01
-2.557965387053880590e+01
-6.552136372310127399e+01
-3.981694232716312598e+01
-1.749256867960096073e+01
-2.280767500758066113e+00
-1.597732113795390596e+01
-4.410631422049934258e+01
-2.386173625140553156e+01
-3.472869790111572286e+01
-3.324095536157384601e+01
-2.171405845977053417e+01
-2.396015542727078085e+01
-3.367667928232948071e+01
-4.425644853957187763e+01
-1.038541014755325165e+01
-1.858138694225675280e+01
-7.052380130209277809e+01
-3.698337119342453150e+01
-1.038541014755325165e+01
-2.155274649314333857e+01
-3.898687041831307454e+01
-3.783121184457802144e+01
-3.807061641546592767e+01
-4.021692324843247945e+01
-2.333187542474836818e+01
-1.126615044785153827e+02
-1.294330857730615847e+01
-1.038541014755325165e+01
-2.756786293364056917e+01
-7.255789554792643514e+01
-2.045748225852337754e+01
-4.072152821126697120e+01
-3.634435830363999287e+01
-4.259232684458805807e+01
-4.662522710240033774e+01
-4.410671178059617148e+01
-3.812256921384208397e+01
-3.350447002430438204e+01
-5.264413660655487348e+01
-3.499618280166443895e+01
-5.796167158865924307e+01
-1.933790669315590804e+01
-1.511057241253540262e+01
-7.578217688164999188e+00
-2.734726252595389440e+01
-4.102366510303049552e+01
-5.796167158865924307e+01
-3.439920823861370991e+01
-1.874753462263450388e+01
-4.329409169424643267e+01
-1.339997087318782221e+01
-3.565704919546043783e+01
-1.829024702961332594e+01
-2.236289755207855734e+01
-3.442696792141821049e+01
-2.562716393138309101e+01
-2.241091999454521755e+00
-3.101011304301878369e+01
-3.610623866436974083e+01
-3.974020809597964643e+01
-3.917831674606526349e+01
-1.781587834918029500e+01
-3.740007589274581790e+01
-2.241091999454521755e+00
-6.496019335343459034e+01
-3.340912771292621386e+01
-1.920664741424021571e+01
0.000000000000000000e+00
-3.230945049266253477e+01
-2.925141906306834372e+01
-4.310435015366054756e+01
-3.263732917028036695e+01
-3.348980198896623506e+01
-2.523764530190244315e+01
-2.053228960217723653e+01
-2.814367300744746814e+01
-2.999999999999999889e-01
-1.307904723726295515e+01
-3.567360509440673866e+01
-3.269255238581398970e+01
-1.798749761062633112e+01
-3.387178971902326907e+01
-5.325264819395444249e+01
-3.564925805086538446e+01
-3.893300918769374164e+01
-4.647593781878283892e+01
-3.131847272604791854e+01
-2.045748225852337754e+01
-2.598783956689794650e+01
-5.796167158865924307e+01
-2.804375842824732601e+01
-4.083931929291111373e-01
-4.930523608479683162e+01
-2.814367300744746814e+01
-4.820637685164411579e+01
-3.415545809800978816e+01
-2.814367300744746814e+01
-4.380696627894516837e+01
-3.051114102655727933e+01
-3.843234129157812617e+01
-3.965128769822202059e+01
-4.934425442991582145e+00
-2.368226114950612526e+01
-8.296836631101663784e+01
-3.487635613071117291e+01
-8.593864200159682554e+00
-5.796167158865924307e+01
-2.954936323826568767e+01
-2.531970507032480810e+01
-3.415456298858667594e+01
-6.483563723888235586e+01
-3.510383013957497411e+01
-3.704272510815729902e+01
-1.071725247913316004e+01
-2.500237793020346899e+01
-3.496138034820618401e+01
-4.909533530558380932e+01
-4.494559913822047292e+01
-2.241091999454521755e+00
-1.305032174320045257e+01
0.000000000000000000e+00
-4.903860659267644451e+01
-2.333187542474836818e+01
-3.527419211074399641e+01
-3.970412422084437765e+01
-3.028558197540237984e+01
-1.657154914554788760e+01
-3.723383548923851549e+01
-3.845918707873429554e+01
-4.998399901629212394e+01
-3.339276438379850021e+01
-8.296836631101663784e+01
-5.490619405123345587e+01
-1.229084660164109977e+01
-2.689329343949892248e+01
-2.410689675215863303e+01
-4.950868526376153511e+01
-5.999999999999999778e-01
-1.853172561751292235e+01
-2.557616002010991352e+01
-6.325734154317566293e+01
-2.762321057263543622e+01
-2.710128463237916918e+01
-2.856891430449786284e+01
-2.835113281679833364e+01
-3.740007589274581790e+01
0.000000000000000000e+00
-1.866224905419896984e+01
-2.045748225852337754e+01
-1.721820756023227972e+01
-2.765204582884802065e+01
-2.317010120022957764e+01
-2.777832017165921386e+01
-3.925373980134457241e+01
-3.758721814502115421e+01
-4.541598199150777759e+01
-5.796167158865924307e+01
-1.998732836092298726e+01
-2.258373076182072126e+01
-1.362741040017323080e+01
-2.316838510792184636e+01
-1.338673516924114004e+01
-1.328219811238226455e+01
-2.661400268173292716e+01
-1.576882505738283369e+00
-4.778504108164422348e+01
-3.265207831373274416e+01
-3.064224179869098563e+01
-4.254045995867979002e+01
-3.235029536037884412e+01
-3.740007589274581790e+01
-3.354856802311377351e+01
-3.199315910945761843e+01
-4.640058762557492855e+01
-2.839542726210504142e+01
-3.004046002517239700e+01
-4.089259348996540666e+01
-3.366123566144806034e+01
-4.264165050254180755e+01
-1.340668211899870421e+01
-2.180047218551675670e+01
-1.778808797560576593e+01
-5.058322348534416868e+00
-3.602268655387503316e+01
-4.205494626652028245e+01
-2.483731486619247164e+01
-1.612320937524433617e+00
-3.567935498130061944e+01
-2.510995467026765482e+01
-1.263463807401239691e+01
-2.536597141397278321e+01
-5.898426501031316604e+01
-3.909287291349863835e+01
-2.597817941271463482e+01
-4.163801671018616446e+01
-4.083931929291111373e-01
-3.826216111933115371e+01
-2.777832017165921386e+01
-4.092357369802419953e+01
-2.961644477601733882e+01
-4.987404242117247577e+01
-5.643909854635228385e+01
-2.494208316154320926e+01
-1.769575869553128200e+01
-4.909533530558380932e+01
-2.598331170372033583e+01
-3.351171818828755988e+01
-3.778274597396836043e+01
-4.132978075579640631e+01
-3.790507119238376532e+01
-6.469681807975695165e+01
-1.594745169570190768e+01
-3.235974631454051575e+01
-1.328219811238226455e+01
-2.919860927862536570e+01
-3.386683217884323938e+01
-2.986220920545323665e+01
-1.171128979717356522e+01
-4.440806137778645279e+01
-1.868328179472166184e+01
-4.116742582349743884e+01
-1.982427985006031079e+01
-1.798102500621603994e+01
-2.617862919034621783e+01
-1.612320937524433617e+00
-2.270074986675501449e+01
-2.060414427120822012e+01
-4.816018085849601960e+01
-3.336302596112267338e+01
0.000000000000000000e+00
-9.129970938342346187e+00
-1.819294301689382820e+01
-5.176385646113781291e+01
-2.127029884197008869e+01
-3.051362142042874481e+01
-4.014084567776112777e+01
-1.327369653037664499e+01
-1.744864352746473557e+01
-2.946412188160431711e+01
-1.498956719095070689e+01
-2.627926559051262245e+01
-3.385733291389506405e+01
-1.096230099798319024e+01
-1.920289863557258769e+01
-3.037979185428512352e+01
-4.751850472013187954e+01
-3.529498158586375212e+01
-2.485191126774345349e+01
-2.027267984442993409e+01
-4.606960783262832138e+01
-3.885228692188984212e+01
-1.094628070964356112e+02
-4.473550255743792547e+01
-2.237555271595359230e+01
-4.713592719571953182e+01
-3.492255551930700364e+01
-4.204212902283912001e+01
-5.796167158865924307e+01
-1.005437685860199508e+02
-4.083931929291111373e-01
-5.253231813069528755e+01
-3.109881415485627087e+01
-1.773428919997785957e+00
-2.726008769456478475e+01
-1.930449527348099181e+01
-3.876120521659443341e+01
-3.125410849507164457e+01
-1.039691906575529146e+01
-4.041629074926163412e+01
-3.753833195613387375e+01
-3.953131669137186321e+01
-2.300136536131421394e+01
-1.648076790049546858e+01
-4.023640128927119974e+01
-1.339997087318782221e+01
-5.735261307532022101e+01
-5.230113182560845075e+01
-2.306182249542302642e+01
-1.254753875688908060e+01
-2.932539748758957643e+01
-3.611847983814952556e+01
-2.590219851928731387e+01
-5.796167158865924307e+01
-4.626814937085944734e+01
-2.389196782623027104e+01
-3.124755221363045976e+01
-1.340668211899870421e+01
-1.996180134605911505e+01
-2.892238012303613459e+01
-5.407207193784289956e+01
-4.083931929291111373e-01
-3.345354142174713274e+01
-2.260889101374248611e+01
-4.909533530558380932e+01
-1.737461638642204065e+01
-4.346948276105415232e+01
-1.910892864543021474e+01
-4.290402369538004734e+01
-2.091149179427487681e+01
-2.270760997378011936e+01
-1.340668211899870421e+01
-4.365207650022426122e+01
-4.812775241829591266e+01
-3.112233733997029361e+01
-1.504492888259938965e+01
-1.851379099244126891e+01
-3.454969756781112267e+01
-4.942767771713901936e+01
-4.031397670128819044e+01
-4.197039758360435258e+01
-1.782456787881760718e+01
-1.545871484581006605e+01
-1.612320937524433617e+00
-1.125598929253686009e+01
-1.819887240223187419e+01
-3.400741709976664140e+01
