-1.913799347237539905e+02
-7.172331391280413015e+01
-1.502801369832603484e+02
-1.039344405900910715e+02
-8.973011259228350411e+01
-1.927513181486952192e+02
-9.916547486446351911e+01
-1.352604959443410166e+02
-6.619283543786177404e+01
-3.621754651399535163e+01
-3.382686410679555422e+01
-1.211938461028643843e+02
-3.563952275318471408e+01
-9.281520988567379504e+01
-1.116785362109149986e+02
-1.431333380533262982e+02
-4.343106995416859206e+01
-6.631989375619430405e+01
-9.512903787047055459e+01
-8.336900518797696691e+01
-6.585118654821381767e+01
-1.316574868001818004e+02
-1.434599191590428688e+02
-5.696669242954322243e+01
-9.011785178331638235e+01
-2.605135912703918066e+01
-1.531439998143440562e+02
-7.601616543774318302e+01
-6.777287705195676892e+01
-8.272701821098414143e+01
-8.603409813554890206e+01
-6.630555608548117164e+01
-3.878405998981293124e+01
-3.310221329622599740e+01
-3.101871430736186497e+01
-1.705515394668711053e+02
-6.829709034511061816e+01
-4.198087677061143808e+01
-5.314099618700657146e+01
-1.978203558527801675e+01
-6.028762952523661056e+01
-8.801041609937145438e+01
-8.818787028902828240e+01
-7.041392915721765178e+01
-3.286582319830521470e+01
-9.167341140828335710e+01
-6.160271956339025223e+01
-2.139319726381307163e+01
-3.660257947267114531e+01
-2.611417892925103601e+01
-7.897708983213786382e+01
-9.175288422917330422e+01
-1.575445506252127537e+01
-3.376670054904249696e+01
-1.933523901412374002e+01
-5.238718500320295846e+01
-1.386986093079852367e+02
-6.583409526973271397e+01
-4.424308847070938100e+01
-8.780430556051881297e+01
-9.772993789293353473e+01
-6.955672491004632718e+01
-1.479461937454770570e+01
-1.027718473058115656e+01
-1.848511503678249923e+01
-1.276935080137920266e+02
-2.368702440791854613e+01
-2.357428957099757127e+01
-1.032542273135258313e+02
-6.593373126662231698e+01
-9.004862373258934838e+01
-3.556096158040216437e+01
-5.769295464796721262e+01
-5.246882657389944882e+01
-3.904317774822504106e+01
-2.411258248770001344e+01
-8.550027536240280313e+01
-3.366728261727076443e+01
-8.844632872419960279e+01
-2.921122889772775011e+01
-7.442507046617264166e+01
-5.591840603006042443e+01
-6.372108625210304922e+01
-6.039102125557848666e+01
-9.107820354216049452e+01
-1.188061102749086295e+01
-2.637451278910832997e+01
-2.111943338040984131e+01
-9.614654171734787980e+00
-9.227956008854877723e+01
-2.473203192276569595e+01
-5.735444255323705676e+01
-4.907931397767006843e+01
-4.952905028384071784e+01
-1.001007348175669449e+02
-1.113385132627683483e+01
-1.077077905593864493e+01
-1.870272812203202406e+01
-1.701842663759723564e+02
-2.901371438529356439e+01
-2.206731737488844942e+02
-1.346988986770410079e+01
-4.813051141484952922e+01
-1.442503700632517223e+02
-2.147411896211901450e+01
-4.180746672628001193e+01
-5.493772469506167511e+01
-4.562981691451187771e+01
-5.472519689107927121e+01
-1.279262005099996315e+02
-7.778317360982129891e+00
-1.882557259783495951e+01
-5.965142743660913993e+01
-8.618684432161096254e+01
-1.428610539608002910e+02
-2.472490801595899157e+01
-3.065407300540148583e+01
-7.336664117888132353e+01
-9.939732821545486274e+01
-9.151692442216767631e+01
-5.907880455481205217e+01
-5.099999999999999645e+00
-1.163859062461887994e+01
-8.306075823578522943e+01
-1.468982316972028279e+01
-9.998528289585524931e+01
-1.252523021611650051e+02
-1.549121443926850894e+01
-2.696273010669845505e+01
-8.086353655226368176e+01
-6.398454387872467208e+01
-1.332500738271419323e+02
-3.498995228184888617e+01
-8.937670627499298348e+01
-4.362483250956658765e+01
-3.807995630487955907e+01
-2.890504178846950367e+01
-7.646723825760524562e+01
-4.439717484947539106e+01
-2.306488929485185224e+01
-6.720400010251880474e+01
-1.245767332026836627e+01
-2.346047058943221586e+01
-2.770303502605923995e+01
-1.930851125624557696e+01
-6.809402488045773794e+01
-7.233680396524906087e+01
-1.708906047446181731e+01
-1.042233254075232196e+02
-1.958841148913144892e+01
-1.040458800398084378e+02
-2.956792284885004207e+01
-1.280197305268422880e+01
-6.039237181105782781e+01
-1.560437297215293917e+01
-9.664402149504507378e+00
-8.243188217042536792e+01
-1.735695372849335882e+01
-8.296108059202586560e+01
-7.918410031562169138e+01
-1.116071778657433242e+02
-7.499213907152920910e+01
-5.849094893590918076e+01
-5.309499912763889107e+00
-8.296108059202586560e+01
-5.859797103116927985e+01
-1.966007377196110042e+02
-2.984131047836920914e+01
-5.118055869765473886e+00
-8.966912661756607861e+01
-1.160598603077012569e+01
-7.693925491865145716e+01
-7.109140044630267141e+01
-4.647743353221332541e+01
-5.507439902106096952e+01
-5.845531956842012988e+01
-7.947404291818710220e+00
-1.063320922095876853e+02
-8.550567944852498670e+01
-5.597498676871215650e+01
-1.776042081433807596e+00
-7.762754074646379898e+00
-4.116246972199740384e+01
-4.998517820622876684e+01
-8.766119225425937245e+00
-6.503602469927238872e+01
-1.142677056595909022e+02
-1.818123547045214394e+01
-1.585375760854510929e+01
-4.967507056213766248e+01
-5.791341857052588438e+01
-2.245017437025100548e+01
-7.188939034314179821e+01
-1.919860787635547013e+02
-1.821989825350106571e+02
-7.706622474930593114e+01
-6.607346440003708210e+01
-1.273643002765337116e+02
-1.756131007045966044e+02
-8.655364693758627936e+01
-1.717745237510580694e+02
-5.947728694551007322e+01
-7.644627701391156904e+01
-5.364055793988655552e+01
-5.945743037959604749e+01
-1.194075373337068839e+02
-1.073376841648216100e+02
-2.009344052881524192e+02
-5.466331911782215514e+01
-1.550906537175749733e+01
-2.746409069566364280e+01
-1.236008849418170570e+02
-1.651173320799401623e+01
-1.648174881394624265e+02
-9.120129918481396203e+01
-1.211949266885728633e+02
-4.108917558372345624e+00
-6.257455883187979850e+01
-8.921750123832001123e+01
-4.376688588024386206e+01
-7.689322340503741771e+01
-9.850982314700912923e+01
-3.836737348361996425e+01
-6.778393898642454474e+01
-8.875155217404441998e+01
-4.098974823402694767e+01
-1.199197967126406894e+02
-5.002726514846566630e+01
-3.847439557888007755e+01
-7.421358557926625110e+01
-5.652936943204233700e+01
-1.624726430861711606e+02
-2.942908747704871786e+01
-8.289297407743660528e+01
-2.901652298844364708e+01
-5.014629359705708822e+01
-1.892965159018322652e+01
-6.287091005920404285e+01
-4.520673076038021065e+01
-2.549370925857094150e+01
-8.584749047919248710e+01
-2.310783726968427132e+01
-1.983441252023415657e+01
-1.203007355175011668e+02
-2.279191847275943417e+01
-7.737188442381085451e+01
-1.776042081433807596e+00
-7.644627701391156904e+01
-5.400000000000000355e+00
-1.527398587998109125e+00
-1.085745688347714548e+02
-2.672094434616649750e+01
-4.206070592630182148e+01
-2.942908747704871786e+01
-3.529489613672053494e+00
-6.212518501380069580e+01
-3.331407933709029123e+01
-5.951478447955482665e+01
-5.054093672091246958e+01
-8.958954664051577765e+01
-1.003663625895473217e+02
-1.328056420141639649e+02
-2.730406384704037137e+01
-4.825103135898730500e+01
-8.145992844499762953e+01
-3.132114860299166637e+01
-3.048148831582484419e+01
-2.942908747704871786e+01
-7.056824280387388626e+00
-4.520673076038021065e+01
-8.450900282276510467e+00
-6.515393016215330135e+01
-5.000781312921849775e+01
-8.389277705568726873e+00
-4.595210690743470394e+01
-2.455205897223864397e+01
-3.660224932485017746e+01
-5.012786788752957534e+01
-2.715620654837580972e+01
-6.935209688156623997e+01
-5.852824491197685575e+01
-1.185917157261325627e+02
-1.801607824124268120e+01
-1.459178141469554362e+02
-1.963718816998045824e+01
-4.621367067588390398e+01
-2.818684233066976930e+01
-9.489337922663574432e+01
-6.880471429709976405e+01
-1.958378384417030205e+01
-8.389277705568726873e+00
-1.037200901194818847e+01
-4.265687329771629521e+01
-3.984665153969703333e+00
-8.884104713205420722e+00
-1.121294810186647197e+02
-1.460246315508011037e+02
-2.136533761354777283e+01
-2.458656388649427171e+01
-7.745792796005602554e+01
-1.278040871676347763e+02
-9.749091083934027324e+01
-2.729920408980961355e+01
-3.559663443349496958e+01
-2.370061789693497190e+01
-3.167933979952813672e+01
-1.671158635917509017e+01
-1.342179505013969809e+01
-2.904915074852770474e+01
-4.097116923254328213e+01
-5.013260077503436918e+01
-2.159780860757032883e+01
-3.274131512218056628e+01
-2.455205897223864397e+01
-6.320258560763274147e+01
-2.707320572460261587e+01
-9.082374228290649398e+01
-3.412850112845590900e+01
-3.116631654598374723e+01
-1.035092530620463833e+02
-7.924422467131797987e+01
-3.251530037860887745e+01
-8.747831860339405807e+01
-1.776235801827148819e+01
-9.261411539472003085e+01
-5.867036013529430249e+01
-5.646685756378263932e+01
-2.597750464771027978e+01
-1.458226681871828134e+02
-3.715068290667074535e+01
-4.026455563503799340e+01
-2.158355846878009388e+01
-3.535522607445417265e+01
-9.791218220127470317e+01
-4.765652644824281481e+01
-4.944315951029583545e+01
-7.523607991566181852e+01
-2.560335872397888579e+01
-2.455205897223864397e+01
-5.076133915589618084e+01
-2.027740320953095932e+01
-4.085363134374249228e+01
-2.797032834337487017e+01
-6.858831489640328982e+01
-7.158209566637985688e+01
-5.136061184088180198e+01
-8.008174654822227012e+01
-3.856101481791235130e+01
-9.824566732206145048e+01
-7.147775342043516389e+01
-4.471496551065679625e+01
-4.885085614818758160e+01
-2.664309281196272394e+01
-2.088675982434954292e+01
-2.963210409365304088e+01
-5.268479675972172060e+01
-6.756464278773319165e+01
-5.288182386739865848e+01
-7.639233991063207441e+01
-3.764884861679203709e+01
-1.013913304854360398e+01
-2.994833257362932244e+01
-3.433022381587466754e+01
-9.685771194991343691e+01
-2.327305640048420088e+01
-1.398202451712806393e+01
-3.251530037860887745e+01
-6.389138473856317546e+01
-2.561762091628546756e+01
-3.762826145669509970e+01
-7.945590581014016607e+00
-2.001767684100838096e+01
-8.450900282276510467e+00
-5.711331970256537716e+01
-3.794709253582492181e+01
-3.318792607179246801e+01
-1.155173670466856493e+02
-3.394868428416463413e+00
-2.455205897223864397e+01
-3.936612761297524798e+01
-8.830348451699725842e+01
-6.090870177384252315e+01
-3.573176332193243354e+01
-4.675478282528986540e+01
-3.801732880278058246e+01
-3.836737348361996425e+01
-2.984131047836920914e+01
-7.782503654183551589e+01
-3.943764607528805755e+01
-3.836737348361996425e+01
-7.762356431729368467e+01
-2.030992657013859315e+01
-8.634217833027287270e+01
-7.451119015316275807e+01
-9.525241275727269397e+01
-4.210079239508812066e+01
-5.004115798067937249e+01
-3.337545732300401369e+01
-3.826027647491112127e+00
-2.222648018207465626e+01
-8.450900282276510467e+00
-4.319071009757846014e+01
-4.899228674164670849e+01
-2.817334495997918609e+01
-3.894775739148181515e+01
-4.988598351744811765e+01
-2.212689388339719443e+01
-2.771845650731934541e+01
-1.095416600106195801e+02
-7.751088966008076397e+01
-4.059985265276650068e+01
-5.678961145797649124e+01
-4.651810182741779442e+01
-2.444406116105086468e+01
-4.238405693761865223e+01
-5.516501989857335531e+01
-2.797137029059159730e+01
-1.112571510963195749e+02
-2.210481228560052358e+01
-2.910865971402908059e+01
-2.639359376546748592e+01
-9.971045822279822346e+01
-2.040824227410341507e+02
-6.717558561299948394e+01
-7.424081251262410319e+01
-4.444618111864906496e+01
-4.601184815598741551e+01
-3.409444544453866399e+01
-8.389277705568726873e+00
-3.298551890730009717e+01
-2.753050092169077701e+01
-1.901421064149084543e+02
-6.318954668646676964e+01
-1.776042081433807596e+00
-8.389277705568726873e+00
-2.407987536291939534e+01
-1.997621928290461923e+01
-8.824219373692595525e+01
-2.399261944066071450e+01
-3.059528792293561850e+01
-3.416094758735724213e+01
-1.743829796651687758e+01
-9.493780485644961686e+01
-5.010930573747911154e+01
-9.992857968986837136e+01
-2.489406158389236623e+01
-6.170550911600456345e+01
-8.389277705568726873e+00
-1.864925170183645378e+02
-7.441936866978601017e+01
-5.689981444187563397e+01
-5.562872600554624825e+01
-7.719537690944787300e+01
-9.201059197186728511e+01
-6.769975583626838045e+01
-3.408268397465486998e+01
-9.010487426213688877e+01
-1.199722464333610361e+02
-3.376443478412295462e+01
-1.963718816998045824e+01
-3.015048513707281685e+01
-3.836737348361996425e+01
-6.640033513127326259e+00
-3.667227643593771091e+01
-9.052423723085846063e+01
-2.822178558520788982e+01
-3.907354191416972355e+01
-9.949191508903686554e+01
-5.610655486925256241e+01
-5.719261898942512801e+01
-6.686555309439691541e+01
-3.785791411838386011e+01
-1.107341882764482506e+02
-3.898443504454343156e+01
-2.555064088003090461e+01
-2.108542244967619794e+01
-1.916809010346019804e+01
-1.567944046876706921e+01
-5.226867121738536071e+01
-8.603119334427211129e+01
-2.019106680240900005e+02
-9.979703558105013883e+01
-8.355371781712753432e+01
-3.809498766797811697e+01
-7.586255192379968548e+01
-1.786938011353160860e+01
-5.283545248820571061e+01
-7.703464628678631243e+01
-1.343945230826815873e+02
-1.342820045362005033e+02
-5.031232235408343456e+01
-7.284118470632988895e+00
-1.211965749091766753e+01
-2.474590452401205454e+01
-3.626891965338318258e+00
-4.109363581992480619e+01
-6.235959322732937693e+01
-2.401921143250922341e+01
-3.677612596253079857e+01
-5.031232235408343456e+01
-3.161668162766179435e+01
-2.715383506992855800e+01
-1.563173874908994065e+01
-2.293011183601987923e+01
-5.254125669623361716e+01
-4.336117786748751968e+01
-4.962721975900631577e+00
-8.450900282276510467e+00
-1.396923467911829775e+01
-2.174948263499282675e+01
-6.647354181946414542e+01
-3.241012533789575656e+01
-4.752121438581666979e+01
-3.836737348361996425e+01
-2.150924458785213389e+01
-3.265098304054654221e+01
-9.448574157820418407e+01
-8.662068908237705500e+01
-3.757190114790854807e+01
-1.156382933628170804e+02
-5.081939038181536716e+01
-7.468823895241027344e+01
-4.379269135279352554e+01
-4.344239265567227903e+01
-5.743590619832698962e+01
-6.390638086693387265e+01
-2.994135549055070200e+01
-1.712626794896861426e+01
-4.425000571385352188e+00
-6.004545778767016628e+01
-4.039045765921883202e+01
-6.052331789450933286e+01
-1.663278081392794761e+01
-7.542824305394908890e+01
-8.057326403476318433e+01
-2.883757225979568517e+01
-7.056824280387388626e+00
-1.113003274668440810e+02
-7.783218978799561683e+01
-2.909629986901360610e+01
-2.883757225979568517e+01
-1.354082349873115199e+01
-4.064489940050133754e+01
-2.650616278931395087e+01
-4.690725521445175161e+01
-5.807471072747315333e+01
-1.326902797266097593e+02
-1.723329004422873112e+01
-2.278875177845630162e+01
-6.848050409125502824e+01
-3.129193701321945653e+01
-1.426421346882971797e+01
-2.364521062826877085e+01
-3.216493305440849326e+01
-7.598155671607480599e+01
-2.598532306017937543e+01
-3.186477540871274172e+01
-7.353700760236003475e+01
-7.479015143162345680e+01
-8.220469929056442027e+01
-1.964974009945130007e+01
-8.676280695109727503e+01
-2.862308713204493671e+01
-3.836737348361996425e+01
-2.666806229937958150e+01
-3.729909913765093421e+01
-4.223089462178606368e+00
-2.974536859032538061e+01
-3.836737348361996425e+01
-1.910540689830072836e+01
-3.208679345851151510e+01
-3.111761963759224159e+01
-6.238313535274274102e+01
-4.811032263617710214e+01
-1.854748106086421444e+01
-2.515675304809493085e+01
-9.605164369720749562e+01
-3.031609050565441521e+01
-2.473038400984512464e+01
-5.511751713761414706e+00
-4.625047174908016956e+01
-8.203878562759945225e+01
-5.500761625475940519e+01
-4.155803227677221656e+01
-2.861063694301650173e+01
-3.446264651980519744e+01
-1.914840237374916398e+01
-5.500619522408677398e+01
-2.897390655692712969e+01
-2.257645363003869932e+01
-3.796335220215408413e+01
-8.450900282276510467e+00
-4.861779816002913890e+01
-7.170247636955529913e+01
-8.152907153574737720e+01
-4.160095979879639572e+01
-2.350167753831379613e+01
-1.964836323720906819e+01
-3.876746145477655858e+01
-5.010930573747911154e+01
-2.848739893205052098e+01
-2.750082071433841691e+01
-4.597834737175964648e+01
-1.665300760127624002e+01
-1.345337153775365557e+01
-3.324048465303928168e+01
-2.611466681536960976e+01
-3.245397069568156923e+01
-1.471693905717374573e+00
-6.177302823270944998e+01
-8.441605121455765470e+01
-7.140678280653679622e+01
-6.958812756745683004e+00
-2.168201143838816947e+01
-3.531313153966799234e+01
-1.983647999694308695e+01
-1.822906218651180765e+01
-2.644762576894813222e+01
-5.035072993995500923e+01
-2.808804763263297133e+01
-9.201952359570853446e+01
-9.565456152693830916e+01
-2.486209768410306964e+01
-3.243747737080907712e+01
-1.422033345082589335e+02
-8.411762364039354622e+01
-8.726521214748458988e+01
-2.473209397620584582e+01
-2.883757225979568517e+01
-4.105585840851078672e+01
-1.551741046930182222e+01
-7.790715584400092375e+00
-2.859240941426419980e+01
-5.864919705186835586e+01
-6.482529849887802698e+01
-9.502464253055481436e+01
-6.177899797867724629e+01
-1.564469641246286180e+01
-1.675405973099383345e+02
-5.247595368434924268e+01
-2.077638797075176313e+01
-3.840744742112301680e+01
-7.890326482469062341e+01
-7.410809247399203059e+01
-1.650358269278082446e+01
-7.650760022014065953e+01
-1.956927761828039536e+01
-6.435040846540202608e+01
-3.934457265226371447e+01
-3.462661017353796922e+01
-3.023118406794739599e+01
-3.836737348361996425e+01
-3.112354591183292385e+01
-8.019293656775843715e+01
-5.246655023557298847e+01
-6.271596147646683050e+00
-4.657385735599533660e+01
-2.501011362249399994e+01
-1.078154647758777003e+02
-2.062198162706086180e+01
-6.992834877915305469e+01
-5.055374655655933225e+01
-1.322841200585812160e+01
-2.392926399585477881e+01
-2.521628013786407507e+01
-1.996893825853974036e+01
-7.623769342390217219e+01
-3.998133119160696225e+01
-1.943951615372570174e+01
-3.974250845444130675e+01
-7.056824280387388626e+00
-7.151012155415558880e+01
-6.174142128329115309e+01
-8.471629581406139664e+01
-2.866244364994631866e+01
-3.371255076328984046e+01
-7.741342607748637761e+01
-5.258562757771512253e+01
-3.636820692294237745e+01
-4.876352971985873808e+01
-4.301543112048832995e+01
-4.865956660727078997e+01
-2.957086321472403156e+01
-3.889318402163729260e+00
-2.389580944809006979e+01
-2.284385308689275718e+01
-3.743456738377705051e+01
-1.508567344325142301e+01
-2.852878335155471845e+01
-6.391261519322134887e+01
-2.457346690850888749e+01
-5.491309295890992814e+01
-2.900765140231730399e+01
-2.322686571827571100e+01
-2.943396348990606981e+01
-7.629537800706496853e+01
-2.642571131991415712e+01
-6.019456570873255430e+01
-8.202276578600412904e+01
-1.470046515179657787e+00
-1.979199448613052326e+01
-3.029031786987848207e+01
-5.352673139392919666e+01
-2.955444533180788369e+01
-4.976825597820312197e+01
-3.205148837263953254e+01
-5.780895156315179406e+01
-1.640525407745046493e+01
-5.958701276426848636e+01
-6.530089740604553583e+01
-7.334054658282842354e+01
-3.358213528653422486e+01
-3.621109692763663190e+01
-3.628760288686996915e+01
-1.612014822274110415e+01
-4.620810119558625217e+01
-2.637290483706585675e+01
-1.136558852029073989e+02
-6.027091488819807807e+01
-1.218516059928763298e+02
-1.910551525110595890e+02
-4.532211955019238303e+01
-9.921847657965168210e+00
-2.532971634080186973e+01
-6.859493177063704650e+00
-3.027190961301083050e+01
-2.356871797249764811e+01
-6.146014386732633028e+01
-5.146521497872780770e+01
-1.628849031858002760e+01
-2.956969579445549812e+01
-3.270024182015399106e+01
-5.477006037953402462e+00
-5.645691397411507495e+01
-1.782165208819638025e+01
-6.314633073722367840e+01
-3.114039472805789188e+01
-5.086245339129098397e+01
-2.257645363003869932e+01
-5.618607448407527016e+01
-6.002500208268798332e+01
-1.863409273237109431e+01
-1.960992515963004124e+01
-2.559864187103523392e+01
-4.152733453773471695e+01
-1.028829697944375994e+02
-1.543078066361113976e+01
-5.357744993170926762e+01
-6.646724462096842956e+01
-2.761602941498867025e+01
-1.219064468380233563e+02
-3.539270735666509182e+01
-5.183444023700150183e+01
-5.514637347975202175e+01
-2.146456949738040976e+01
-1.827750514495723522e+01
-1.061800752090162518e+02
-2.491234151374035832e+01
-1.216787395768275957e+02
-1.176244910301010691e+02
-5.935339356962775526e+01
-4.530802825027140557e+01
-4.191861525953073908e+01
-3.514370861549307001e+00
-6.322756414735354724e+01
-6.529776131327818689e+01
-3.023456115139373779e+01
-4.280784447313195074e+01
-7.661849365218502328e+01
-3.541636198785592882e+01
-3.552084896944501935e+01
-4.881655429270772117e+01
-2.913817282924801333e+01
-3.887359880137792345e+01
-2.299152886359359726e+01
-1.108221639897495692e+02
-1.239806914962306195e+02
-3.734528545631468432e+01
-4.532211955019238303e+01
-5.026040653471816455e+01
-1.717415193725203792e+01
-6.667437288002430762e+01
-5.348198657965177460e+01
-4.923692166390027580e+01
-4.830956325195278822e+01
-4.530728804681210420e+01
-5.412958533955637108e+01
-2.562590218669146580e+01
-2.367468742839142948e+01
-1.282363492989682641e+02
-5.739194897186283839e+00
-2.115475742564987982e+01
-8.126304761156515610e+01
-7.717082147925967917e+00
-1.119255601769878865e+02
-3.217799122785754662e+01
-2.589021556350252240e+01
-2.138770716420296836e+01
-3.488504185087705167e+01
-3.230204332629196529e+01
-3.954147053249704413e+01
-3.365569522597689911e+01
-5.294367301781382196e+01
-7.592221858887397445e+01
-1.506766459308853143e+02
-2.330124972639946890e+01
-5.290364266575326013e+01
-2.766230969950955654e+01
-7.041352172994655234e+01
-1.673775306433971366e+01
-5.940359832848739785e+01
-5.326570676223790457e+01
-1.192544426507827282e+01
-2.593964869589939326e+01
-1.754842020583589601e+01
-3.736660035866118790e+01
-3.313690362603779960e+01
-1.347074808213304031e+01
-3.074473024384676023e+01
-1.715955874354584765e+01
-4.107660930233138430e+01
-1.609387549349877133e+01
-3.048238715219647332e+01
-6.356847892093240660e+01
-4.876588367457010520e+01
-9.007279224859044575e+01
-1.010813931143633226e+01
-1.205200778213192692e+01
-1.817495190472558519e+01
-2.988793411764545027e+01
-1.695405925755458298e+01
-7.466632672587923025e+01
-3.672049812179126604e+01
-1.149568483733961557e+02
-7.548936533077444722e+01
-2.353070209470475760e+01
-5.281613407153756157e+01
-6.687077155856257171e+00
-1.853843095231997040e+01
-7.688319367282363714e+01
-5.529611319593968943e+01
-2.795713945583188931e+01
-1.811033809728358790e+01
-3.249045269861711205e+01
-4.903817692572049225e+01
-1.239139428307115942e+01
-1.530189164077023989e+01
-3.605978090898388189e+01
-6.198882562881724567e+00
-7.218201598569669386e+01
-5.136915097073317327e+01
-6.156846579746034820e+01
-2.908404473868554518e+01
-3.665511620085725042e+01
-3.581555795173564150e+01
-3.395356670153443446e+01
-1.072183185499921052e+02
-5.578909110067958466e+01
-3.956285427347790318e+01
-7.056824280387388626e+00
-6.168633441139782292e+01
-2.257645363003869932e+01
-3.745379957349152278e+01
-3.501847639404182644e+01
-1.601202498529753626e+01
-2.079880914738738440e+01
-7.356824280387388448e+00
-1.943567577908597599e+01
-1.210291427911797335e+01
-5.053108363776716772e+01
-1.946101804496724341e+01
-2.085354523508815205e+01
-2.077876619085409615e+01
-1.673733084442003261e+01
-3.815457040169356873e+01
-2.644710071786902361e+01
-3.936315748205482379e+01
-1.601202498529753626e+01
-3.857039010022428016e+01
-7.196497411771242980e+01
-6.013606919681702578e+01
-2.016857584785511648e+01
-3.823694359003971499e+01
-1.049338725194599675e+02
-4.922945354854546984e+00
-1.699902332740263233e+01
-7.769625186978193199e+01
-1.604405957702702068e+01
-2.387900423523734261e+01
-3.477592383073135096e+01
-7.985299337563886013e+01
-2.325214120048232758e+01
-3.746634541106646310e+01
-5.944449984044780422e+01
-1.528738236621905244e+01
-5.048464157896933102e+01
-2.262967870182706775e+01
-4.268505034522222275e+01
-3.842648669012189089e+01
-8.845085723694005253e+01
-4.859378503045532227e+01
-4.266782115802013209e+01
-1.946571939720730526e+01
-7.430141996650466751e+01
-4.399870570623573940e+01
-5.815922590668087366e+01
-3.582803892789290501e+01
-6.870799156853928480e+01
-1.157317418444305623e+01
-5.264884493052082348e+01
-5.759860457386417920e+01
-1.032978028216085988e+02
-4.491246306984187697e+01
-3.157810418811341791e+01
-6.537130169045272510e+01
-4.266782115802013209e+01
-3.638485050383553698e+01
-1.700510244336575028e+01
-1.889088977892583898e+02
-3.213551825187715849e+01
-6.205285151980782388e+01
-1.180574277888447767e+02
-4.783125309768109901e+01
-1.871727593000268186e+01
-7.787008679893558849e+01
-5.704992446854279819e+01
-2.480240288584198893e+01
-1.581374630790145730e+01
-2.068245822800878386e+01
-2.199996315266134062e+01
-3.903498741439751285e+01
-3.284647565904691646e+01
-3.195222327711927690e+01
-3.423706932702376804e+01
-6.194959524654123584e+01
-2.349336769986765106e+01
-2.682486608353437063e+01
-5.249813447568807590e+01
-3.411063354696393901e+01
-4.156434654692947106e+01
-2.257645363003869932e+01
-3.555165824571872690e+01
-3.420216515963407744e+01
-2.392042558593709600e+01
-4.069872876374988380e+01
-5.597383218171941621e+00
-1.748636592955923064e+01
-6.908509005109667100e+01
-1.152817231379405740e+02
-1.519864191927089969e+01
-2.598380334719508866e+01
-1.837345152327961273e+01
-1.346752262318894964e+02
-3.275009603172459549e+01
-4.097203775252958735e+01
-2.823242056305161185e+01
-6.939897502152669517e+01
-1.361733804542319888e+02
-2.463243459509778077e+01
-2.465042377414417984e+01
-1.216229506596523606e+02
-9.011912573445815866e+00
-3.789579610467909276e+01
-9.316747305342806484e+00
-5.512792710698012399e+01
-7.916914946832585542e+01
-3.672721096413967246e+01
-2.843504058408964141e+01
-1.117572834059876925e+02
-4.028361166981638064e+01
-1.870203442551348161e+01
-8.114523404673668949e+01
-5.503878169101334095e+01
-3.435131339718152788e+01
-5.133175489494310284e+01
-1.781358340527665973e+01
-1.433746819752675350e+01
-4.381447629038324010e+01
-7.656824280387388271e+00
-3.505744360258553627e+01
-3.270316829538491277e+01
-7.765261169522196383e+01
-3.648094062433668228e+01
-9.989106184039746594e+00
-6.418797681184848614e+01
-4.220503720555396399e+01
-3.064434467697794418e+01
-6.598412521057747426e+01
-2.738276725090198838e+01
-3.195222327711927690e+01
-5.260504959878726083e+01
-7.463743283502108739e+01
-5.511499337417046718e+01
-1.663467045582072146e+01
-1.427480708126771560e+02
-5.340552299371551470e+01
-3.445447922531789331e+00
-4.141777622358394950e+01
-2.530816628171001526e+01
-1.405214220081348309e+01
-6.074746815173664061e+01
-3.700619223576829597e+01
-3.622435961349243883e+01
-4.639598569127008432e+01
-2.850967047682238587e+01
-4.129579791399709876e+00
-2.023505826233363436e+01
-6.045949413610223644e+01
-3.195222327711927690e+01
-1.406398351820284631e+01
-2.786536486956097391e+01
-1.637901331162397112e+00
-3.448127118729796337e+01
-7.752755155606927850e+00
-2.837371739475038268e+01
-2.091010794749263013e+01
-3.108605538928358314e+01
-3.982209768555155449e+01
-1.083315046215080883e+02
-4.715892753659855430e+01
-3.594490198069159703e+01
-1.468950644541100736e+01
-4.000314767638240454e+01
-9.636932031349228822e+00
-5.138772833435275800e+01
-3.836445362386421465e+01
-8.883181506039066733e+01
-6.453287808831613681e+00
-2.364015565223601101e+01
-4.139248869919599372e+01
-3.340302126234378477e+01
-5.338257784483218416e+01
-1.335499922541050637e+02
-7.549203971517179923e+00
-1.650655118030141821e+01
-2.961466322765517845e+01
-3.861225138505699306e+01
-4.219693967229291331e+01
-3.504881220437083300e+01
-1.308653309379194525e+02
-5.484510057589216103e+01
-6.372497010980093535e+01
-1.575565499447499462e+01
-3.558723766025370594e+01
-1.962132073372937668e+01
-4.526694299508436359e+01
-1.022922416611471448e+02
-1.892232516138878040e+01
-3.433500272272164722e+01
-6.012331582839100008e+01
-3.672049861464677178e+01
-7.204220039156345479e+01
-3.987013118614584783e+01
-4.159010232465909240e+01
-2.356603048961237334e+01
-4.489577753000983762e+01
-2.047653014289464579e+01
-2.977377050840977546e+01
-2.605805653560964430e+01
-4.988745205812939076e+01
-5.409208122820727738e+01
-8.088106812219689346e+01
-3.606239566635705529e+01
-4.259117946318511372e+01
-3.195222327711927690e+01
-1.518604333643107651e+00
-3.245870737512978366e+01
-5.299236722532796762e+01
-4.470484411104432354e+01
-2.691482971497781662e+01
-6.835635177291808873e+01
-3.648585632870141637e+01
-3.591816804024978182e+01
-4.471597274836937430e+01
-3.119335181525702438e+01
-1.784458388143452368e+01
-5.196540020855329089e+01
-6.844009076488697474e+01
-4.451078643903119314e+01
-9.112039718659232790e+01
-4.272060034493721759e+01
-7.356824280387388448e+00
-2.190770133059552549e+01
-1.700263465635864435e+01
-4.653736503778594624e+01
-5.012353851683160144e+01
-1.835684537870530164e+01
-5.065399596681663041e+01
-5.505508755028044021e+01
-3.418589485087265700e+01
-5.588609695313763837e+01
-1.984577996230751396e+01
-3.484725756441819300e+01
-5.428559060358197996e+01
-4.245415226957385713e+00
-5.860552691139957204e+01
-1.581958467878400221e+01
-2.565625742934029674e+01
-4.312757767159381217e+01
-7.689362649221229162e+01
-2.300158534851897940e+01
-1.821681898011251732e+01
-3.209624365592929252e+01
-3.195222327711927690e+01
-1.141269548265733249e+02
-3.195222327711927690e+01
-2.579446774352538441e+01
-3.350316293230411446e+01
-8.884147888358340595e+01
-2.456979939417537295e+01
-8.108460968737323071e+01
-2.734012973205907215e+01
-2.674227565322231115e+01
-2.272119433467701555e+01
-4.567499136399085558e+01
-3.567974774652599024e+01
-1.535248948091932464e+00
-4.856177750069478272e+00
-1.709044622068470076e+01
-5.705573078718437330e+00
-2.485843477677821411e+01
-3.378516125647025348e+01
-3.510028947164398971e+01
-2.685381824737708811e+01
-2.398527436007802649e+01
-6.803432380244913702e+01
-1.681510065635532314e+01
-9.792105465055020375e+01
-2.118047659690210338e+01
-7.156694089677429815e+01
-5.020924174229715220e+01
-2.523812410791340355e+01
-2.398843327152878757e+01
-1.814898284277096607e+01
-2.006453514983417108e+01
-3.012370939546095983e+01
-3.105200213018842348e+01
-3.913051427083835243e+00
-2.517662079661099028e+01
-1.304979302608202829e+02
-1.368021065399140568e+01
-2.414542408036923860e+01
-2.590202103462936023e+01
-4.928027403545966934e+01
-4.930651155118590623e+01
-8.430339325166082176e+01
-2.693454147677341481e+01
-4.853848897236005655e+01
-1.978318298423997490e+01
-3.195222327711927690e+01
-4.455667402377630992e+01
-9.686913844154724984e+01
-5.284708582741856020e+01
-2.600489940251162579e+01
-6.695140007114784630e+00
-5.760026316247106593e+01
-2.969795839012091676e+01
-1.428269226364979083e+01
-2.448036461451725643e+01
-1.438456601935953749e+01
-1.533010080293657040e+01
-2.221211786092926133e+01
-1.901774519618386705e+01
-3.626772053884238289e+01
-2.995433794628046797e+01
-9.970946861313701959e+01
-1.189967613853818129e+01
-2.403968554986984074e+01
-4.147147282226559639e+01
-3.172378957349492978e+01
-1.922147105105254283e+01
-2.016857584785511648e+01
-1.309127617374997321e+01
-3.695494939328679607e+01
-2.682308147332254578e+01
-7.694791127553965282e+01
-3.548485476298142771e+01
-1.931167043379562642e+01
-8.084654706495646792e+01
-1.558335627486696495e+01
-3.191678579506149660e+01
-1.494239943795753689e+01
-1.568896942039249964e+01
-2.291861603071127718e+01
-3.094309811661650755e+01
-2.119191690023139429e+01
-2.245942422683350159e+01
-2.437810440746728347e+01
-1.567365736989792602e+01
-5.384849063650791834e+01
-3.253474584159287986e+01
-1.537860310537710440e+01
-7.092265463033065487e+01
-1.607242700768749089e+01
-7.285224855919742026e+01
-2.767531553828100144e+01
-4.585683148573545509e+01
-3.981403146715317121e+01
-2.339299821111762157e+01
-4.936090139352845085e+01
-2.783439924306011903e+01
-2.105193493140108529e+01
-4.474065798115124437e+01
-3.956744302751759790e+01
-2.033494028215517702e+01
-3.021069513210908752e+01
-4.675913140753178254e+01
-1.460121883735099324e+01
-1.296027111073736293e+01
-2.448937917392046870e+01
-2.402134681439749642e+01
-5.309394707722155005e+01
-1.846264238777948563e+01
-2.151040100261011645e+01
-1.756396050782185014e+01
-1.191568086359336753e+01
-2.694770884319333959e+01
-3.438344246662114756e+01
-1.141042648337974796e+01
-3.251810466128042520e+01
-2.440999569336405273e+01
-3.202775463353547991e+01
-1.776042081433807596e+00
-2.085797551052398191e+01
-1.876310788542852137e+01
-2.040088518357351077e+01
-4.520495530065196021e+01
-1.703873931675301634e+01
-2.469620748979138725e+01
-2.779139755133521561e+01
-3.067575803305402715e+01
-3.843616955188796425e+01
-3.090281446404314991e+01
-1.690602341751078086e+01
-2.585999495823556060e+01
-1.412371761668824810e+01
-3.495893668008245925e+01
-1.036460999299766002e+02
-2.934502145027204989e+01
-2.392122771673100345e+01
-3.162111570574267461e+01
-4.473227827220438257e+01
-4.269473160868519557e+01
-2.459667109128254836e+01
-2.290880979996902767e+01
-1.641558640304408101e+01
-1.606868500711781422e+01
-4.260538693837424518e+01
-4.998846089959760874e+00
-1.932906870112976705e+01
-2.626348219286808217e+01
-2.103955116520006285e+01
-3.830564734202039290e+01
-6.614765401327750283e+01
-4.198987569429128541e+01
-3.903614638552760141e+01
-3.515811298924845119e+01
-1.671545071478462319e+01
-2.547082207253631836e+01
-3.118733861579315558e+01
-1.288585999459928289e+01
-3.721252602450984170e+01
-6.715604199541193964e+01
-6.366626704890445865e+01
-2.420067698421116020e+01
-1.485432676179687306e+01
-3.329403588306461614e+01
-2.640237757937350338e+01
-5.757832263330503508e+01
-1.448158972492430419e+00
-2.866261131905761061e+01
-4.224743689852961381e+01
-1.314583141293139192e+02
-2.118919408621403377e+01
-3.904969646663735716e+01
-2.544287331715085543e+01
-1.581495656860471577e+01
-3.173996040384450623e+01
-4.475811145881411335e+01
-1.634624448705052657e+01
-1.612214881615937401e+00
-5.130135788207219605e+01
-2.405596852953537024e+01
-8.437853045285084619e+00
-2.660300506375708451e+01
-5.443637478334972712e+01
-4.793587312883392570e+01
-3.059117641400336041e+01
-2.575214084777023871e+01
-2.241050071558931123e+01
-2.761440458697619960e+01
-1.429303264999311551e+01
-2.180118861396927343e+01
-1.010858408773622301e+02
-1.985472699789463036e+01
-1.034675454750670909e+01
-9.120968953304947036e+01
-1.945198978667626832e+01
-2.982132291842841809e+01
-2.500553793663071289e+01
-6.042424800118164541e+01
-3.287003062597997882e+01
-1.799115936407505600e+01
-5.019580262356468126e+01
-2.247652285659650317e+01
-2.905245462768867171e+01
-1.472809436699802133e+00
-1.410756546558015501e+01
-5.011292445051773825e+01
-4.860863791120446820e+01
-5.282771461448174222e+01
-6.085303635361441366e+00
-1.671544452626624278e+01
-3.029880421413470160e+01
-5.346137045190853598e+01
-2.531903899067043184e+01
-1.994603502387093741e+01
-7.409067290209113033e+00
-6.863403880953056557e+01
-3.713793389046423243e+01
-4.185911902587567113e+01
-1.899575593884245350e+01
-3.508960426072579253e+01
-2.413370915432993868e+01
-2.135917367029161440e+01
-2.536226904402784754e+01
-1.570028210224605125e+01
-3.728135135838180236e+00
-2.291610989992879865e+01
-2.139512853780987101e+01
-1.626712242384613916e+01
-3.780274408983110135e+01
-4.006734249542888904e+01
-1.121430235575059697e+01
-1.791485245506925139e+01
-3.314549358530108947e+01
-1.287398922962521830e+01
-4.225757001399788493e+01
-3.705812119581294439e+01
-1.674463595284836259e+01
-1.736122718039137425e+01
-3.812798262251910586e+01
-5.076265505994908978e+01
-2.675596033314842970e+01
-1.619342799516235942e+00
-2.816553899964139873e+01
-1.459951929694073058e+01
-1.707343558435994524e+01
-1.934504420113953316e+01
-2.806205630412777197e+01
-8.256824280387387915e+00
-3.504951079039503981e+00
-5.559966657155968051e+01
-4.573291925848369033e+01
-3.170782262330801871e+01
-1.862339926177543603e+01
-7.844829569551743020e+01
-3.868294252765095820e+01
-9.470874632442668428e+01
-6.218322508951713701e+01
-2.638445071357335436e+01
-2.705322438204874658e+01
-1.464793847393200998e+01
-2.117956045096075357e+01
-2.829770755865003551e+01
-5.139898904260424217e+01
-3.195222327711927690e+01
-4.474488651957692298e+01
-1.620761475919414352e+01
-8.739298614669547760e+01
-4.151195238089949058e+00
-2.236648316851770701e+01
-3.291096261828135994e+01
-4.575034111912384560e+01
-4.278085295385189823e+01
-1.303351683666792304e+01
-2.944666188166435816e+01
-2.175908029035151259e+01
-1.990215126960449510e+01
-3.315669447412334847e+01
-2.222121351021907998e+01
-8.106475426429746278e+00
-3.378791171370625790e+01
-2.807770121035101951e+01
-4.334375143156496790e+01
-4.231480444795158746e+01
-3.127127526248538913e+01
-2.640702788324290395e+01
-8.665148843922506217e+01
-3.201486568462512849e+01
-3.195222327711927690e+01
-1.321219777059850173e+02
-2.256900169238281251e+01
-2.988781493996235739e+01
-1.665128694454908143e+01
-9.974207499667944887e+01
-4.075706634402733641e+01
-2.453100861400272592e+01
-2.505717096113296449e+01
-8.991053456558437063e+01
-1.238024395629068550e+02
-3.055529310634785389e+01
-2.736385919692387958e+01
-1.862986582715295825e+01
-3.547974486246811665e+01
-4.665504067326732063e+00
-2.810077878198016066e+01
-2.744903151774291317e+01
-4.894073220034171356e+01
-3.116215082722333918e+01
-5.711270106774841793e+01
-1.647066154501141799e+00
-2.659347324030154169e+01
-2.326304473032318398e+01
-2.721765578715337242e+01
-2.152261030700888966e+01
-2.697069974645955170e+01
-5.511285814516586612e+01
-3.454832669384176569e+01
-1.329187840409989292e+02
-1.868912859061520848e+01
-4.262580928869620323e+01
-1.952331707424370677e+01
-3.044174865395767782e+01
-1.575126662303599367e+01
-1.883064176693923786e+00
-7.056824280387388626e+00
-2.690795594669992497e+01
-4.419112847373393294e+01
-3.950403472705214369e+01
-1.647066154501141799e+00
-1.473264999656493401e+01
-4.021279691405657530e+01
-5.411946890853328540e+01
-3.986761355175470811e+01
-5.209105792057730611e+01
-1.204767936361808722e+01
-7.139641243840191009e+01
-1.044513072664233810e+01
-1.046045192836278126e+01
-3.105251150715723440e+01
-4.905034863350812913e+01
-5.405865144268063460e+01
-6.495354984152216105e+01
-1.286718327802321937e+02
-4.799151434134473249e+01
-7.139641243840191009e+01
-4.900005390857565857e+01
-4.531876732544182573e+01
-2.824070948220480659e+01
-3.077723620646008484e+01
-1.584055862062937692e+01
-7.847712853205553074e+01
-5.105573078718436797e+00
-1.374992842726148190e+01
-1.649746851326779051e+01
-3.804831102874503301e+01
-7.139641243840191009e+01
-2.313739137202884422e+01
-2.314976196043518542e+01
-8.436146916848032618e+01
-1.599943715334437222e+01
-3.220388886056132094e+01
-1.545329215006267276e+01
-6.136467587543247504e+01
-5.524666095814404088e+01
-2.861879567201106767e+01
-2.326304473032318398e+01
-3.398630446447565134e+01
-3.693565262911246805e+01
-8.264607194353617103e+01
-1.910565826018505220e+01
-1.614475721490384075e+01
-4.019292154853805954e+01
-5.497977992035118433e+01
-2.123108509115832732e+01
-3.267433085799602566e+01
-3.819216838728961960e+01
-1.816187864016896469e+01
-2.254462260140683938e+01
-1.567944046876706921e+01
-3.363548959561286722e+01
-1.329592728874629692e+01
-5.585376864840601918e+00
-5.126151770528568363e+01
-3.296705201965821175e+01
-4.602221737854267047e+01
-5.225267295981059590e+01
-1.049328060341026081e+01
-5.324607882081718913e+01
-1.755520877815363079e+01
-2.519117689396518855e+01
-5.152474509409164938e+01
-3.138582535025960496e+01
-2.276341282286536583e+01
-1.996580027101449772e+01
-2.480080068729343523e+01
-1.469844379927813804e+01
-3.390956648407931429e+00
-5.212106353029804495e+01
-8.496299800828833071e+00
-1.742510991697806233e+01
-1.387630551530282474e+01
-1.402772105321871976e+01
-3.801946286041927436e+01
-1.546961000876179071e+01
-2.964153934017042502e+01
-3.146915582319013183e+01
-6.818434103260132417e+01
-1.789646777583805104e+01
-2.473599786079554974e+01
-8.389277705568726873e+00
-1.919273151370338582e+01
-6.430786338937714675e+01
-6.619211920994837683e+00
-9.082200599311602218e+01
-1.151192048963556580e+01
-5.806872895815994085e+00
-5.605310684244474118e+01
-3.506175236771144199e+01
-3.894430555699017305e+01
-2.219649005865261771e+01
-3.519683036606799931e+01
-3.706886234853638662e+00
-4.011874634213023683e+01
-3.489299270680495368e+01
-3.920426428165648502e+01
-1.725576111167660542e+01
-1.265459080249494939e+01
-7.139641243840191009e+01
-5.087365735380184617e+01
-2.722811080046096421e+01
-4.457026190703631841e+01
-4.290956648407931340e+00
-2.357604479507946493e+01
-2.917907033875574996e+01
-9.170160597191674867e+00
-5.487274171954584112e+00
-1.557941621310069280e+01
-1.898377154616820661e+01
-1.531992933620723640e+01
-1.579320380909661203e+01
-2.116914230602501945e+01
-3.953304446506670899e+01
-3.353671950844860561e+01
-2.279999999999999716e+01
-8.915462861876071088e+01
-1.776104638029431371e+01
-2.404090439268284030e+01
-1.974846440281659099e+01
-2.938860456393009457e+01
-3.332480894846495545e+01
-1.832930232305790241e+01
-2.699134693849649125e+01
-2.170747635007164078e+01
-4.075685324490924444e+01
-5.355875218993116249e+01
-1.225323318826369672e+02
-5.855098882176837094e+01
-2.623349184714518856e+01
-7.836711600241277154e+01
-5.155510048996821837e+01
-3.195222327711927690e+01
-5.052603432982328968e+01
-2.514603915676337920e+01
-6.895360357456300449e+01
-3.508283381619425256e+01
-4.231035237213993128e+01
-7.171729344232186065e+01
-1.977449219337944797e+01
-4.688540747259789754e+01
-4.475015629925108840e+01
-6.308605298013424090e+01
-6.973136190869368534e+01
-2.473847556746846621e+01
-1.716799986974380943e+01
-4.890956648407931873e+00
-1.999079206223548155e+01
-1.924521071314563869e+01
-1.888825674583227254e+01
-2.196756718863383639e+01
-5.833066788933534497e+01
-3.843224934995289033e+01
-8.389277705568726873e+00
-1.671196920480021220e+01
-4.073956689535555853e+01
-2.067872701542127700e+01
-1.453466847679574947e+01
-3.851302506236380196e+01
-2.325714232045084628e+01
-1.910542335753325105e+01
-1.541101734438279180e+01
-8.710343991349054349e+00
-2.138274855698327670e+01
-2.348017984715372464e+01
-3.230903571935210294e+01
-4.071791442492721558e+01
-8.850226499533518165e+01
-2.663335849332209193e+01
-1.759233780080362308e+01
-2.917937628389699256e+01
-2.679956929176600511e+01
-2.945756865445099493e+01
-2.534727186662611231e+01
-5.909722050214351441e+01
-2.678666885199812953e+01
-2.978878225115638045e+01
-4.421647629607892327e+01
-2.388464013631726246e+01
-3.978052715248985294e+01
-3.890636069412438047e+01
-4.228930235139101512e+01
-2.624465220175119740e+01
-8.255629292878436942e+00
-1.905012545106474064e+01
-5.856603024903613175e+01
-8.026138149295819346e+01
-2.107665677648430247e+01
-8.424724486029646187e+01
-5.606613061739042791e+01
-2.068403140657530770e+01
-2.134893817052753207e+01
-1.395811267884250562e+01
-2.591565253389162393e+01
-3.587264110473124390e+01
-5.996427458896313567e+01
-1.750643555194787027e+01
-3.067817829244397743e+01
-2.928010975912276947e+01
-1.740000000000000213e+01
-7.322751988090749364e+01
-1.834278146325265624e+01
-1.115123219111736574e+01
-2.166951973745287319e+01
-2.027980144981010824e+01
-6.420267214705471304e+01
-3.138127499923808461e+00
-2.248963084063020545e+01
-1.852417363264338235e+01
-1.828316280495141299e+01
-6.346870471927909563e+01
-3.255329749106041959e+01
-1.776042081433807596e+00
-2.490956648407931517e+00
-7.222879120834272726e+01
-1.764037386405074415e+01
-1.515790185314570060e+01
-7.046500508727677925e+01
-3.195222327711927690e+01
-1.641854130491057262e+01
-1.473722354356701914e+01
-2.805469004491670759e+01
-3.569603757900591745e+01
-2.309646339977621565e+01
-1.303128989968743312e+01
-2.790683430424235922e+01
-8.956287536118266246e+01
-2.146084694322583175e+01
-2.857151262548656590e+01
-1.659190775100675808e+01
-3.684907158906496250e+01
-2.167082266461641993e+01
-2.439574704359300839e+01
-8.389277705568726873e+00
-3.430680224507221965e+01
-4.010832309127942352e+01
-1.567944046876706921e+01
-6.275010807066904306e+01
-8.561963255734100642e+01
-2.154917432931156895e+01
-1.310152133574116107e+01
-7.056824280387388626e+00
-6.097083133693077173e+01
-1.591509860496613449e+01
-1.565773365017771468e+01
-2.171772297922821338e+01
-3.275148749527019731e+01
-2.610761967114573423e+01
-2.253777750911735112e+01
-1.780390563977247709e+01
-4.082105949941182388e+01
-2.569778031609258662e+01
-2.099723484063043699e+01
-4.034607973029572747e+01
-3.428577942670776224e+01
-1.946661446762132996e+01
-1.614517246730848754e+01
-1.031060591890841636e+02
-1.844671831352495772e+01
-2.063841623221795629e+01
-2.812830758815733034e+01
-1.616908327345226581e+01
-2.192590302738013364e+01
-3.849815731372171967e+01
-3.747134456868091945e+01
-2.773639347432732549e+01
-3.428919270134375097e+01
-3.450840598167249595e+01
-7.444121242170734121e+00
-9.517373993357095685e+01
-9.574120846472892765e+01
-4.346254626256721565e+01
-5.521795262471641763e+01
-4.002195671754483897e+01
-4.767627845708966561e+01
-2.977947263054360505e+01
-2.471124556831643204e+01
-2.618261614788927361e+01
-2.058455430714226608e+01
-3.155062468855968305e+01
-2.406108295914918926e+01
-2.424513185753284006e+01
-1.975598035484375359e+01
-4.009996189485154616e+01
-1.397979260070597149e+02
-2.938673048920992414e+01
-4.139863338213460509e+01
-2.772663225115950425e+00
-4.043094092300842135e+01
-1.803102852679698032e+01
-2.039895916144950050e+01
-6.925723723705179680e+01
-3.193598824930119662e+01
-2.368364881512711051e+01
-3.750996206671183586e+01
-4.221011200286193343e+01
-1.175527836623659717e+01
-1.990174603238699191e+01
-3.156285758198300329e+01
-3.730584062808378576e+01
-2.618261614788927361e+01
-1.550906537175749733e+01
-4.883770389121519884e+01
-2.489423507266830171e+01
-2.171329275539964954e+01
-3.545746634591392166e+01
-1.776042081433807596e+00
-1.619354398091639879e+01
-2.908611209519068552e+01
-5.876284975202301553e+01
-9.341882901573927711e+01
-3.208341263481087680e+01
-7.378128723183266402e+01
-3.229754436930613792e+01
-1.655813870572654167e+01
-4.270824003948076353e+01
-1.769191201476422037e+01
-2.399230215188766380e+01
-7.444121242170734121e+00
-3.831049305350013867e+01
-8.632229039210849919e+01
-4.006295949706233728e+01
-2.496603765001635722e+01
-4.368791969957737109e+00
-2.214976081459037971e+01
-3.207454799049423855e+01
-3.321381643979768938e+01
-2.690935684606001033e+01
-2.446036690171125372e+01
-4.467154307438693905e+01
-1.647789670129213846e+01
-2.206466726989375005e+01
-2.942908747704871786e+01
-4.335953674119913615e+01
-1.865904062974840016e+01
-4.465337058578034402e+01
-1.094095675563483638e+02
-2.127237534901653859e+01
-6.050164416426047076e+00
-2.313739367595906060e+01
-1.619354398091639879e+01
-4.786468349023174795e+01
-5.122182544934041459e+01
-9.403675189062063566e+01
-4.232728657071412215e+01
-1.748548961566608995e+01
-4.562465435404301672e+01
-2.861152504781507844e+01
-1.766141564712708245e+01
-1.858636369588563397e+01
-1.847919334097377941e+01
-4.823329270001606517e+01
-4.635637297882819752e+01
-3.423128961075906318e+01
-2.527149931931550242e+01
-3.917622559391175230e+01
-4.290892048628722932e+01
-6.254624290598305691e+01
-1.983102924793028876e+01
-2.949483800294551727e+01
-2.242439666854187408e+01
-1.425159138108104528e+01
-2.162700144045120965e+01
-1.898220604967239566e+01
-7.220777575160425954e+01
-2.043705952693414218e+01
-8.664087399650918542e+01
-9.923645305639269054e+00
-3.564152495976627222e+01
-5.503915323163347750e+00
-3.569655937511435440e+01
-3.388554629030268384e+00
-2.125118530484605017e+01
-3.197565158940668795e+01
-2.162755572145438165e+01
-3.388554629030268384e+00
-1.974277988910959891e+01
-1.813870865010578726e+01
-4.465337058578034402e+01
-3.247401396719521660e+00
-3.790390101725305527e+01
-3.691462434240315815e+01
-1.582302555788932885e+01
-1.840630712152740500e+01
-8.586812049463742369e+01
-1.975999096399931432e+01
-3.361032037857984278e+01
-3.588760695392099365e+01
-2.302183558371265448e+01
-1.417688177071182309e+01
-2.084075757023208908e+01
-3.011504826501079179e+01
-4.418602653926875234e+01
-7.945590581014016607e+00
-2.820325150750669607e+01
-2.195554265265495530e+01
-4.437590539845469095e+01
-2.777789647699076170e+01
-1.966960343654435661e+01
-9.670294415534331733e+01
-1.567506734103652377e+01
-3.261244212499920536e+01
-1.179129742623060650e+01
-3.789695879256401945e+00
-2.607797914894638680e+01
-3.556121458463034202e+01
-2.643868688786077570e+01
-1.258831157487381205e+02
-3.259655889575949317e+01
-4.666723312271722079e+01
-2.134193572123481175e+01
-4.593726433914532947e+01
-4.358968772502444011e+01
-1.028489828648124771e+01
-6.106488165498944198e+01
-1.446269371089120526e+01
-4.279887630412787303e+01
-3.166085741799194864e+01
-6.561329657463200959e+00
-2.624420879912427651e+01
-2.342234638758214871e+01
-2.316924344489837395e+01
-1.365919596725386853e+01
-1.096498422332316380e+02
-3.252053083436373981e+01
-2.166232863821637977e+01
-2.772234422731057535e+01
-2.469445183069046124e+01
-1.321721342976191522e+02
-1.297663350269165790e+02
-3.832321712358336185e+01
-1.601030014398509493e+01
-1.406081073321756492e+01
-2.841730825068656330e+01
-3.608936345217031061e+01
-1.431366668809479847e+01
-4.037726635567405253e+01
-4.698155508357606891e+01
-3.641299278346917845e+01
-3.736368802989548499e+01
-1.776042081433807596e+00
-1.782956551160404501e+01
-2.336249248011472801e+01
-4.697054607820220440e+01
-4.375494149524531906e+01
-1.884305137620933834e+01
-8.152472211533221014e+01
-1.082655246267468527e+02
-1.951431378282984141e+01
-2.716984615305534589e+01
-1.910965539862673879e+01
-2.455205897223864397e+01
-2.208903988599936241e+01
-1.607361818516225327e+01
-2.226887365180833456e+01
-2.421428654929770019e+01
-2.826455206360222761e+01
-3.440519417724673445e+01
-3.404523661483290198e+01
-6.709799735644804741e+01
-2.273771033334443459e+01
-1.958841148913144892e+01
-1.139139130705294036e+02
-4.136286989300123906e+01
-7.533859241839253684e+01
-1.776042081433807596e+00
-2.091160808974541752e+01
-1.443999542562659499e+01
-2.960352056011448596e+01
-4.204154506375603262e+01
-4.303275273929970979e+01
-2.624420879912427651e+01
-3.114545222932386892e+01
-2.362427255972314200e+01
-3.357015575313018019e+01
-1.943576094018006373e+01
-2.342362571164353469e+01
-5.295705858471287542e+01
-7.228765828517708769e+01
-4.620690569821228166e+01
-1.764821570010893836e+01
-2.547410380650422823e+01
-2.635032753001158312e+01
-2.042408534829128897e+01
-3.202264539254861830e+01
-3.503338591110895095e+01
-1.149936852202268689e+01
-2.956401015146974487e+01
-2.942908747704871786e+01
-2.455205897223864397e+01
-1.910408729513942205e+01
-3.164276686300582142e+01
-1.844678057104688662e+01
-3.503137605261849075e+01
-2.429411569093176482e+01
-4.336618313130324509e+01
-1.432791187303084968e+01
-3.094982094218277524e+01
-1.130545422762823549e+01
-3.881459810622073547e+01
-2.757328859561994605e+01
-1.850567993044001369e+01
-1.375268584282519413e+01
-1.774407089606106780e+01
-2.375636670058814914e+01
-2.224775229938329701e+01
-2.297434814142271620e+01
-6.020467858779730363e+01
-3.402499694045974366e+01
-2.942908747704871786e+01
-2.111148683029190209e+01
-2.504566727087308564e+01
-1.419886169555702082e+01
-3.742776971105183748e+01
-1.902871844382653777e+01
-1.438953622817300904e+01
-2.985502771424000201e+01
-4.250976622711817754e+01
-5.205029183738901821e+01
-3.181430077899249298e+01
-1.333074394282826169e+01
-2.170081033651986857e+01
-2.079586004214339923e+01
-1.484966202740106667e+01
-1.578334103584905534e+01
-1.824898824302061229e+01
-3.947833712676513329e+01
-1.350019381652000838e+01
-3.288824338263319902e+01
-1.493948038640223253e+01
-3.156862421856849465e+01
-1.735503086867994682e+01
-2.194175664609026910e+01
-4.199446264715267318e+01
-5.529611319593968943e+01
-2.317961071920599281e+01
-7.945590581014016607e+00
-3.427676095398736322e+01
-1.803361549991898372e+01
-1.435802050329019863e+01
-2.729092220679682512e+01
-2.459348672000054492e+01
-2.308270798044615546e+01
-3.613620527150658290e+01
-3.181430077899249298e+01
-1.950385388607977433e+01
-1.524420817803397732e+01
-2.010648923385382503e+01
-1.915584904296012070e+01
-5.944611555293468541e+01
-8.200606245042558839e+01
-3.072500284309075624e+01
-3.018287063484108401e+01
-2.700688553784716461e+01
-2.033695856092655774e+01
-3.147303470327733876e+01
-1.977711905100268552e+01
-2.568372899193079562e+01
-2.545861331435325070e+01
-1.783675726641475734e+01
-1.789685017498582909e+01
-2.101415161579637214e+01
-1.575292800060288023e+01
-1.192921196525320227e+01
-1.458233295999442269e+01
-1.000761145602793967e+01
-3.207521160415284101e+01
-3.478078901077346075e+01
-2.869372488073646466e+01
-1.494008549611545256e+01
-8.620757301684733420e+01
-2.303595813015454752e+01
-1.696029806636918380e+01
-2.038849037348687432e+01
-3.204316580347658316e+01
-4.469748956160684372e+01
-2.178060492816467431e+01
-1.579777985779154115e+01
-2.457528167882760428e+01
-7.945590581014016607e+00
-3.422763892327307644e+01
-3.659025571211623173e+01
-1.958515724334793617e+01
-2.271932604561751035e+01
-3.483566646228035779e+01
-4.765155139906818960e+01
-7.647101929711776336e+01
-2.114344647018231527e+01
-7.945590581014016607e+00
-2.086763092150132337e+01
-2.260367470390665190e+01
-2.006734584374983399e+01
-2.435250416006135765e+01
-2.245756381069906382e+01
-4.706154207543148260e+01
-5.460874664885612617e+01
-2.637170327676029657e+01
-3.083141325699319069e+01
-2.749042694168292300e+01
-3.711798930997146861e+00
-2.942908747704871786e+01
-2.567390166542622865e+01
-3.682809513229464926e+01
-2.054973827510296402e+01
-3.567046015246042145e+01
-2.260737580126986757e+01
-2.289856117247362377e+01
-3.610445562652652995e+01
-4.469748956160684372e+01
-2.496316919868985451e+01
-2.103938725971192980e+01
-3.406672986862500085e+00
-3.953213634676805555e+01
-2.134118156674488276e+01
-2.040692526858109801e+01
-1.557123784005387677e+02
-1.806509610354545003e+01
-2.050386658299495579e+01
-4.942228429467032669e+01
-2.457251740963445030e+01
-3.177422049315100239e+01
-2.225480025911667781e+01
-3.894781348391047970e+01
-1.688840056017999203e+01
-1.417456049508727034e+01
-1.336688539176676649e+01
-2.691262969161038399e+01
-1.807021244415990679e+01
-9.872757571277283262e+01
-2.037778315291464182e+01
-2.299872823509004149e+01
-3.564244085597802325e+01
-3.532590751643511595e+01
-2.072402719612040656e+01
-2.503071454070282797e+01
-1.649104636218704556e+01
-2.818099769203355720e+01
-2.786254843169313133e+01
-8.081956811327399848e+00
-3.173147815812190586e+01
-2.942908747704871786e+01
-3.978001089178596317e+01
-4.372998438793268150e+01
-2.013616878234725149e+01
-3.297326632992982809e+01
-2.999926968336733779e+01
-7.056824280387388626e+00
-1.884616184619857471e+00
-3.579464360491301278e+01
-2.213380336170013507e+01
-1.967526732660169841e+01
-3.376584638232688462e+01
-3.447460969127989472e+01
-1.460403977858380564e+01
-1.833377292353410937e+01
-5.198957943063290088e+01
-2.828560603497647818e+01
-3.427722014168878673e+01
-4.168386262089225625e+01
-3.983535449113058036e+01
-4.200412160320063748e+01
-3.359277780760243814e+01
-2.436648974392325329e+01
-1.780032583188494755e+01
-5.463533152894322598e+01
-3.227138640477411968e+01
-3.874286898443654081e+01
-2.296278120744002393e+01
-1.687223088685458805e+01
-2.989860365440582868e+01
-5.529611319593968943e+01
-3.207480655931308178e+01
-2.553022457403435652e+01
-3.737060716072978295e+01
-2.900198136301084517e+01
-2.914769965844021016e+01
-3.572279721184754919e+01
-1.242376630178288188e+01
-3.609760529563203590e+01
-2.453418026976250488e+01
-2.683633386768281071e+01
-2.673937215712757265e+01
-3.714991425164220828e+01
-4.438416531473843918e+01
-1.789685017498582909e+01
-3.714357377790789627e+01
-1.859208531000934528e+01
-1.222452696221766786e+02
-1.539279283017576549e+00
-1.921179074257864983e+01
-8.538010755964503318e+00
-3.639634029116383829e+01
-1.717911338989035386e+01
-7.274879783225080132e+01
-1.936670235842139576e+01
-3.785336965010763066e+01
-2.196813150376435786e+01
-3.519880826834855725e+01
-4.156452801804272212e+01
-1.436516820877250211e+02
-2.013264674994965731e+01
-2.695508848253557233e+01
-9.229066306706563694e+01
-1.142567396078681874e+01
-5.354358928098791637e+01
-1.813568200641793027e+01
-2.666657075360951978e+01
-9.611213816670259646e+00
-2.324998162412592251e+01
-3.281682038603476315e+01
-3.748470904540941717e+01
-8.789504397760708798e+00
-2.967023163399611718e+01
-3.301649996940983556e+01
-2.455209867277901026e+01
-2.071168853106794572e+01
-1.609631147978262788e+01
-2.383364598804291745e+01
-1.660200754532434075e+01
-2.942908747704871786e+01
-1.936582799263176113e+01
-4.911585407385189228e+01
-5.820782120097501178e+01
-1.654839589350913087e+01
-1.669597168853754354e+01
-2.228797509300735413e+01
-2.090077021619231346e+01
-2.265438948940210295e+01
-9.232220332224912340e+00
-2.223049365294564694e+01
-2.155492835056927703e+01
-3.470770322964229848e+01
-1.259501489238091487e+01
-6.351482002261267468e+00
-7.323507790599815159e+00
-3.116742887803073359e+01
-2.444410590267765571e+01
-2.818484259939991432e+01
-3.136708874742570075e+01
-6.095721176510472183e+00
-1.993357082805722058e+01
-3.230513158839332277e+01
-2.693847793443557137e+01
-2.942908747704871786e+01
-1.261927518238266011e+01
-3.970819296078332172e+01
-1.457244518770171453e+02
-2.194860474030993558e+01
-1.998285657337600085e+01
-2.576594848605015997e+01
-4.264000201015436176e+01
-2.459697039407769381e+01
-3.369043551507439105e+01
-1.705839817506907252e+01
-1.887657271685844762e+01
-1.746072060244419077e+01
-2.290005855962985493e+01
-5.536178280581961708e+00
-2.437009847020663855e+01
-2.056052018641290147e+01
-2.877915748516628724e+01
-9.396804872578233869e+01
-4.232792829325505579e+01
-2.111576061499337698e+01
-2.175694182047208258e+01
-4.230239414991359581e+01
-3.945704357361407233e+01
-2.326206457230272662e+01
-3.431948910572178590e+01
-3.142608764697214241e+01
-2.801375887100605766e+01
-8.231560863967291652e+01
-2.896170768588533306e+01
-2.604207889395376441e+01
-2.671338187617121918e+01
-2.952266180536654971e+01
-2.235251258377895667e+01
-8.055092094262150226e+00
-2.437973377182271761e+01
-1.116314677849338750e+02
-7.056824280387388626e+00
-3.441551889475184112e+01
-1.937845623334998635e+01
-2.720969442674607564e+01
-3.602294024597583899e+01
-1.751031614620194432e+01
-2.740411980716108076e+01
-3.043288297315180913e+01
-2.603975498154835932e+01
-3.930183149063003611e+01
-3.982377110097952766e+01
-1.598360595474798806e+01
-4.507193477921696001e+01
-2.357066627125556835e+01
-2.085395703855834526e+01
-8.015946197256733186e+00
-2.117701655976945219e+01
-2.111979317658223110e+01
-2.108108652928154925e+01
-3.379241084641537896e+01
-8.197269855867132549e+01
-4.276702943715117300e+01
-4.827653680634924171e+01
-1.789685017498582909e+01
-2.327964153599599939e+01
-1.844704844514373221e+01
-2.336249248011472801e+01
-1.213322352474328270e+01
-1.014434521557565461e+01
-3.109661264039610984e+01
-1.666112539059065512e+01
-2.502740597400978828e+01
-2.745395705778806672e+01
-2.047580064887255347e+01
-8.858025552522266821e+01
-9.218937310602743196e+01
-5.312171966260130063e+01
-1.841008061018030162e+01
-2.455205897223864397e+01
-1.517368792958545498e+01
-2.685442467775833819e+01
-3.354531548531698348e+01
-1.615119794331815939e+01
-3.658350370343481472e+01
-1.783984161761246412e+01
-1.613207198768008155e+01
-1.827008584478343067e+01
-2.596620789019515385e+01
-3.257344329477093225e+01
-1.670280469682600355e+01
-3.899999999999998579e+00
-4.238380521187073313e+00
-1.076472685613455127e+01
-2.471476707673939899e+01
-3.119663728837575434e+01
-1.952338371652723481e+01
-1.522138158330691127e+01
-2.904161690209658531e+01
-1.779287438850122527e+01
-2.579789952543524834e+01
-3.106034190886461843e+01
-3.124105291870703738e+01
-2.823356615540221881e+01
-9.617277252007720989e+00
-4.687662835389437532e+01
-1.007800699117503740e+01
-1.542635245997250593e+01
-1.428500857350270259e+01
-2.716312261883054191e+01
-2.052323188910418494e+01
-2.770739392306505522e+01
-2.999999999999999556e+00
-1.995418547954080424e+01
-2.324621327629872525e+01
-1.944975796198712459e+01
-2.290569917510690345e+01
-2.941061381260593421e+01
-7.316039337840791745e+01
-3.899999999999998579e+00
-2.568361486004072702e+01
-2.246842603338106059e+01
-1.341945930213702809e+02
-3.578921477012306696e+01
-3.871360539256028943e+01
-1.891076945011839783e+01
-4.777441829675711915e+01
-1.245311219962037370e+02
-2.234946596490706838e+01
-1.493137018259311333e+01
-1.957982850491776361e+01
-3.452677571711345195e+01
-1.491090584305049482e+01
-2.301469642850987185e+01
-2.754478158016223333e+01
-4.036134396469096686e+01
-3.490252531458058627e+01
-7.098381548983422817e+01
-2.068237350178613809e+01
-8.148416356201471089e+00
-5.965998832947157382e+01
-2.007803246687796772e+01
-2.747783638971741027e+01
-3.301346809231891655e+01
-2.269433683193411966e+01
-3.451393081485217351e+01
-1.859855462273288751e+01
-1.934467753522950417e+01
-1.619354398091639879e+01
-2.842921842503776375e+01
-3.749797931244856386e+01
-2.112285713191365488e+01
-2.134777731572387438e+01
-3.295206793641928034e+00
-1.719754208450659760e+01
-3.728459769399863788e+00
-1.619354398091639879e+01
-8.210543945664733201e+01
-2.416529442328920396e+01
-3.304428038501466602e+01
-3.959606927089888018e+01
-8.953174017531267737e+01
-2.279780894192787954e+01
-4.698146461206010827e+01
-2.090357276641757167e+01
-1.703413609531849815e+01
-2.206445743722801112e+01
-4.106336283009552801e+01
-1.849595717237587067e+01
-3.301052535821789036e+00
-3.506099468574564071e+01
-1.442194244560349858e+01
-4.272042511549047106e+01
-7.338141480606201306e+00
-4.196863026407518760e+01
-2.821969547976139481e+01
-3.726297382663609881e+01
-2.688245000502364590e+01
-1.819815318671782478e+01
-4.228503083796265827e+01
-4.830832741726931090e+01
-2.256600568692434194e+01
-2.998571566705951597e+01
-3.301649996940983556e+01
-1.903409474887854103e+01
-2.165243613105936760e+01
-5.031094401004916961e+01
-3.254914700500141311e+00
-2.284878782521754914e+01
-4.820670613675124372e+01
-2.300692810868140725e+01
-3.254914700500141311e+00
-2.174205492464019684e+01
-4.214271475056763450e+01
-5.529611319593968943e+01
-8.813448497027057016e+00
-3.051602649287605473e+01
-2.656138371924330954e+01
-7.056824280387388626e+00
-1.776042081433807596e+00
-5.213136787164473596e+00
-1.581624722603491406e+01
-2.163879240437025686e+01
-2.271932604561751035e+01
-2.003593683572539064e+01
-2.363130245299044319e+01
-2.284849886529829632e+01
-2.346426932097196527e+01
-9.776574353892127078e+01
-2.428943827090127527e+01
-6.881064202987209910e+01
-2.048948880558524621e+01
-1.550906537175749733e+01
-2.272879859379017375e+01
-2.302278309459500605e+01
-2.872723929433338341e+01
-3.782259090250688871e+01
-5.098536576831040179e+01
-2.799367054149306355e+01
-2.154563372486024875e+01
-1.998878361285532534e+01
-2.911225968197256719e+01
-2.961415988208046102e+01
-1.548206363851286405e+01
-1.789162884843004875e+01
-1.328962710462920143e+02
-1.273937915197563697e+01
-2.055638626192414975e+01
-4.153294626076775842e+01
-2.348083934822765784e+01
-2.803352512530362617e+01
-2.413491695827147510e+01
-1.789685017498582909e+01
-2.602464776630494114e+01
-3.580922015686422810e+01
-3.137744103798224771e+01
-4.380566763877840231e+01
-2.837236709552143310e+01
-2.930910512564997816e+01
-2.455205897223864397e+01
-4.321673157454553404e+01
-4.351246138012672304e+01
-7.638109685050665121e+01
-4.258522382735456091e+01
-6.145595608451088765e+00
-2.110401668090679905e+01
-3.198243835966610860e+01
-7.483222424443357568e+01
-2.373425337964055970e+01
-3.077170249247441092e+01
-4.391590372882396309e+01
-1.594508479384826138e+01
-4.150539355388359297e+01
-2.984131047836920914e+01
-1.550906537175749733e+01
-7.540421592332350542e+01
-4.346458993327825482e+01
-8.092012468735282482e+01
-5.026986643801549803e+01
-6.123203604703989811e+01
-3.564112248605920286e+01
-3.427564853452646787e+01
-2.558644307336249213e+01
-1.919317836250758091e+01
-1.550906537175749733e+01
-2.946877950171437277e+01
-3.323629080597864061e+01
-2.165051982304079559e+01
-1.737562200772211796e+01
-8.491955401860991515e+01
-3.920626630539781843e+01
-2.436144977631152031e+01
-8.167629663355581826e+00
-2.561468901190209735e+01
-9.269797507297808181e+01
-7.056824280387388626e+00
-1.224900039132217557e+02
-2.942908747704871786e+01
-1.774841935215947331e+02
-7.718693249548046253e+01
-2.847456117360571426e+01
-3.077666909418637786e+01
-3.751570505579488213e+01
-6.515974840787578160e+01
-1.278208341147278126e+01
-2.260121056680508289e+01
-7.546606004532846157e+01
-3.371780249603834534e+01
-6.044581774694179899e+01
-1.060933934006747670e+01
-1.781231465397384639e+01
-3.960900885903994606e+01
-2.012124689190368443e+01
-2.507981102703095289e+01
-1.590025275624477175e+01
-1.998538640396215982e+01
-1.850615830539878104e+01
-3.813066219985435623e+01
-7.945590581014016607e+00
-2.704471846097803933e+01
-1.748095826100893291e+01
-2.154563372486024875e+01
-1.093824591795932548e+02
-2.069520149505727602e+01
-1.203765362071982850e+02
-3.160762290292396415e+01
-1.684755786029850810e+01
-2.451103394775788047e+01
-2.706087728947643001e+01
-4.984099934346203042e+01
-1.780130434447428911e+01
-7.546606004532846157e+01
-2.354647659272234250e+01
-2.835668384837129352e+01
-1.979808636807730693e+01
-1.035734062604219652e+01
-2.480687791091498084e+01
-2.080521386416966934e+01
-3.228003711544552345e+00
-3.782569577410627915e+01
-1.558871063686413017e+01
-4.345944325623332105e+00
-4.063313060864675030e+00
-4.851744899625680318e+01
-4.493147528321127027e+01
-2.354407607850189876e+01
-2.145461831186436896e+01
-5.649202552488684859e+01
-1.688463635923910289e+01
-1.815658181557313355e+01
-3.077383414285217356e+01
-5.146057507567054756e+01
-4.271314516408921946e+01
-2.647275910819430678e+01
-3.425060515558419638e+01
-2.855225292394169401e+01
-1.567944046876706921e+01
-2.131602977995884274e+01
-2.998405190444717050e+01
-3.105163616997487352e+01
-5.385289636916152745e+01
-2.866278712650639804e+01
-6.906035706231068438e+00
-4.314174594499039017e+01
-2.397992211627821391e+01
-1.035734062604219652e+01
-2.034481620068377339e+01
-2.243060634905096862e+01
-2.306580863863798569e+01
-7.444121242170734121e+00
-2.380199697217457100e+01
-2.241233195308159765e+01
-3.925124305875451824e+01
-1.542278716086426016e+01
-4.611382006993645888e+01
-3.809092653932372485e+01
-3.357864207243937926e+01
-6.476758700417089187e+01
-2.370026799723171251e+01
-8.315823148614143179e+01
-2.957150985095117690e+01
-2.064650504312102086e+01
-2.722358149356601942e+01
-3.028970279088952822e+01
-6.252963763831621335e+00
-3.288348172564059269e+01
-4.124456997280990578e+01
-2.539934138210756132e+01
-1.625357574757305557e+01
-2.618692827404214896e+01
-2.922997653411151830e+01
-3.713144122680994030e+01
-1.248382463451112478e+01
-2.442027470092062913e+01
-1.789685017498582909e+01
-1.880911879321189772e+01
-2.456052130022012747e+01
-2.057863932479315139e+01
-2.434186622287751334e+01
-2.761202016514918256e+01
-2.929407376287280229e+01
-3.773075137335578688e+01
-3.160940571664282217e+01
-1.730496620933366358e+01
-3.019405375698461214e+01
-3.869909822567309732e+01
-2.660051982568081641e+01
-7.043571988078693380e+01
-1.802024519211227016e+01
-2.681678672186723844e+01
-2.407523570720137940e+01
-4.736734906206098117e+01
-2.842807312936924902e+01
-2.990917189466918558e+01
-4.422735060781937477e+01
-1.915299703133393194e+01
-2.741439226618846803e+01
-3.285578303181625870e+01
-3.046479967155055846e+01
-1.776042081433807596e+00
-8.389277705568726873e+00
-3.165833948774757545e+01
-2.578388051589303132e+01
-5.344037159823083982e+01
-7.125988015286905508e+00
-4.499775568910627044e+01
-4.065006210902775763e+01
-2.455205897223864397e+01
-2.455205897223864397e+01
-2.362464545740944288e+01
-3.716240513999973416e+01
-1.949359648088625008e+01
-8.389277705568726873e+00
-8.102212689275339130e+01
-1.963718816998045824e+01
-2.932120131923502981e+01
-3.287058636899399744e+01
-3.797819225127655329e+01
-5.536052270754884574e+01
-3.153598245749041240e+01
-2.831841183359544800e+01
-3.770456090307067143e+01
-3.600397956739358563e+01
-3.167652782621566132e+01
-1.550906537175749733e+01
-2.010246111325667329e+01
-1.755934140166716872e+01
-3.638773975904133096e+01
-2.253411717125474212e+01
-2.304769647146878242e+01
-3.402115738698987002e+01
-6.675723434341080065e+01
-6.402446654587602382e+01
-3.338725016598499451e+01
-3.799573578839633115e+01
-2.866361344398708866e+01
-1.619354398091639879e+01
-3.520507853013897659e+01
-7.444121242170734121e+00
-3.544185917680527353e+01
-3.236751355362240901e+01
-3.529829576845700245e+01
-2.125042229377412184e+01
-2.538641001774998074e+01
-3.298340637265084752e+01
-3.491223977276238344e+01
-2.075048703774830017e+01
-2.518965766295858799e+01
-2.926244314714242023e+01
-2.437655361040470581e+01
-1.894283826321714415e+01
-2.268116780341943439e+01
-7.056824280387388626e+00
-4.874940998076706933e+01
-2.489423507266830171e+01
-2.948076213631549791e+01
-3.791953653085489151e+01
-7.015986355896822602e+01
-3.248558884784485201e+01
-3.371713267236017941e+01
-3.602861247895270935e+01
-3.147147746483031483e+01
-3.140327471037991458e+01
-4.306221699764165578e+01
-3.413375831859480058e+01
-7.180644932841786954e+01
-2.960200332794166656e+01
-2.486179632047328880e+01
-5.149157280593695418e+01
-4.689813104097405017e+01
-3.259889895167056295e+01
-1.800203172787539074e+01
-2.087150001092748397e+01
-2.601758422599324305e+01
-4.447806400013243433e+01
-3.217546503718988049e+01
-3.869778888615780943e+01
-1.968000899860662756e+01
-2.431985844355570947e+01
-1.258412178166250150e+01
-4.095426311381905293e+01
-7.470370745840783400e+01
-1.631144813866893628e+01
-1.760764777978857509e+01
-2.776182410980418425e+01
-1.983308747489239465e+01
-1.907222325378936389e+01
-3.957616708956122409e+01
-7.882761320365185043e+01
-8.389277705568726873e+00
-1.138570529635078827e+02
-7.433638067174521780e+01
-3.084024810499995084e+01
-3.369464984975105182e+01
-1.898854270397935906e+01
-7.945590581014016607e+00
-2.489423507266830171e+01
-6.379671540740005753e+01
-2.230967247965481626e+00
-7.945590581014016607e+00
-3.013693077450691860e+01
-3.081091714372836776e+01
-2.414498523515185724e+01
-3.608699660566290390e+01
-2.502863612620311784e+01
-4.923185656583451220e+01
-7.297383032418291116e+00
-4.274393550408207432e+01
-1.528738236621905244e+01
-2.276293415071512172e+01
-1.841773993657155373e+01
-1.776042081433807596e+00
-2.784069189770609043e+01
-1.550906537175749733e+01
-1.107571026962472445e+02
-2.185145597227349512e+01
-1.900754280251594608e+01
-2.584957792021324252e+01
-8.313840467170894044e+01
-3.890535762206305037e+01
-4.438104149042568736e+01
-2.150130231207621279e+01
-4.199530058779367891e+01
-7.945590581014016607e+00
-2.594903931176456524e+01
-2.150555296667752359e+01
-2.382339024173140274e+01
-1.789685017498582909e+01
-3.810381259988888303e+01
-1.546829484407862587e+01
-3.543542851897191781e+01
-2.077805724593285319e+01
-2.795821048679113119e+01
-4.380405352678614861e+01
-4.101297369202966081e+01
-1.550906537175749733e+01
-4.360549164484095286e+01
-7.945590581014016607e+00
-4.263873188819345472e+01
-3.076977186679460630e+01
-7.444121242170734121e+00
-7.444121242170734121e+00
-4.256400127706362468e+01
-1.958643511911555635e+01
-2.942908747704871786e+01
-2.315546021646106212e+01
-2.830685402717461230e+01
-2.878691783283757033e+01
-2.073563676386371668e+01
-7.056824280387388626e+00
-1.942600906654665138e+01
-3.521588411789442574e+01
-2.159651104654786735e+01
-3.974777666108835206e+01
-3.123984918420897472e+01
-5.827741867105043383e+01
-2.432048220895110191e+01
-3.795821760617256757e+01
-1.856455110761630678e+01
-2.302812872407003653e+01
-6.639660757379880351e+01
-2.486889606285639687e+01
-3.104737547451190238e+01
-3.882580110401795537e+01
-3.291266197672013050e+01
-2.378230042408512546e+01
-2.455205897223864397e+01
-2.976558920245779305e+01
-2.095908109607750447e+01
-1.963718816998045824e+01
-3.291707910368922541e+01
-4.216510434199140889e+01
-3.318938930342429927e+01
-3.675536467202996960e+01
-1.717344262524330034e+01
-3.223715158556186111e+01
-1.619354398091639879e+01
-1.919930194032964721e+01
-2.686365099673807322e+01
-2.438850203795042049e+01
-7.066250770863504727e+01
-1.567944046876706921e+01
-3.351533614116104332e+01
-2.614530357426507123e+01
-7.056824280387388626e+00
-2.181697655982695139e+01
-3.766446770437855207e+01
-2.773681926199721559e+01
-3.991405053294946015e+01
-2.197313430846936200e+01
-1.925923890641596614e+01
-3.049896162372604635e+01
-1.935603831483919990e+01
-3.264108126079047167e+01
-1.755934140166716872e+01
-7.056824280387388626e+00
-1.528738236621905244e+01
-2.387227388791963634e+01
-2.384071330354671048e+01
-1.528738236621905244e+01
-1.888779015190748467e+01
-6.296116246557629381e+01
-1.612239249575658206e+01
-7.396737846663560845e+01
-1.555765095010751509e+01
-1.168092899726557761e+02
-6.613726042446518250e+01
-1.968206227855953472e+01
-1.708590801099347800e+01
-1.756762142791451708e+00
-5.532992696681138511e+01
-2.808656429522264020e+01
-3.339220062365052399e+01
-2.692254288140071239e+01
-3.292643489154654901e+01
-3.365772598530523396e+01
-1.241766126197419950e+01
-1.858779015190748396e+01
-4.005130159411500301e+01
-4.099341612641812560e+01
-2.942908747704871786e+01
-2.603186867266436977e+01
-4.124841290759958667e+01
-2.646878206724278826e+01
-3.165028218976488361e+01
-1.601816217388484631e+01
-2.263519255495197058e+01
-1.776042081433807596e+00
-3.382282988111600019e+01
-2.177657805900332733e+01
-2.336740758134013873e+01
-1.789685017498582909e+01
-4.124323132851947804e+01
-2.535242560015480962e+01
-3.329138357171089524e+01
-2.288470599527704152e+01
-1.926826541589152342e+01
-2.773273895869161620e+01
-6.322688935212218198e+00
-2.819292390137733406e+01
-1.357721153114683332e+01
-3.526571242103324266e+01
-5.529611319593968943e+01
-6.971134258243806414e+01
-2.306845873834250327e+01
-2.385832575019735557e+01
-2.527233813989505506e+01
-2.777077904433101452e+01
-1.701486393577016543e+01
-1.377353703317139733e+01
-1.455965124353034490e+01
-1.900262380650803351e+01
-1.754824317965575986e+01
-3.141196619275282131e+01
-3.014379577075609973e+01
-2.736767604769263329e+01
-1.819768622892762977e+01
-1.437878776246671286e+01
-2.365103299606239773e+01
-1.567944046876706921e+01
-2.191926905983317297e+01
-7.056824280387388626e+00
-4.188411461851291051e+01
-1.379703434761459491e+01
-1.882758510022934928e+01
-1.578987632953368347e+01
-1.828779015190748680e+01
-3.167724221990022926e+01
-2.857485474124246494e+01
-4.203584688993788632e+01
-3.524684535891913839e+01
-2.336431553359829749e+01
-1.528738236621905244e+01
-2.517049525102216379e+01
-5.502321136542111901e+01
-8.389277705568726873e+00
-2.006642352668468732e+01
-2.614951096344244874e+01
-1.567944046876706921e+01
-2.095433220424849452e+01
-1.511496898640121422e+01
-6.892274393666967569e+01
-1.881924835474661961e+01
-2.942908747704871786e+01
-2.131210066888457177e+01
-2.942908747704871786e+01
-2.568771328647602203e+01
-1.672006897390687286e+01
-2.255412520507632479e+01
-3.339459104298103398e+01
-1.738404998702020521e+01
-4.784864590819140950e+00
-7.923674664073514862e+01
-1.434336145582536304e+01
-5.507479313973785651e+00
-3.663591858824437963e+01
-3.763514073561740503e+01
-4.212218127795841838e+01
-4.136782730685090570e+01
-1.720339490773896785e+01
-3.127167496445269279e+01
-1.576898607774451122e+01
-2.263819712517420868e+01
-2.482458333613188017e+01
-2.227599502142780352e+01
-4.019036591660388780e+01
-1.020395724329508269e+01
-2.383914004345196247e+01
-3.092338832615710231e+01
-1.881924835474661961e+01
-3.391322145231406893e+01
-1.114832334156522222e+02
-2.258016003809323280e+01
-1.740192470484227272e+01
-1.545811267884249496e+01
-1.709999999999999432e+01
-1.926707983684531911e+01
-6.643606413371284702e+01
-1.589999999999999325e+01
-2.258358179358652862e+01
-1.157063020379649743e+01
-1.218939217604808434e+01
-1.435800914665819583e+01
-2.276362524795354147e+01
-1.134874991536528199e+01
-1.098616924697608965e+01
-1.789685017498582909e+01
-2.942908747704871786e+01
-3.030596995072770738e+01
-3.603364736789762190e+01
-2.414782009346048142e+01
-3.066427670800344885e+01
-4.160305882192895410e+01
-3.823436505980801314e+01
-5.529611319593968943e+01
-3.486408066964880703e+01
-6.178859976917896546e+01
-2.068696459276115007e+01
-5.028285925508812682e+01
-1.332441721672482160e+01
-2.670985581649928164e+01
-2.219127990681650431e+01
-3.016888862028568141e+01
-3.319191444961678883e+01
-1.090090373637789156e+01
-2.465569724644388572e+01
-5.353059364099122774e+01
-2.315702129001263643e+01
-2.529090932337971154e+01
-3.070058465423145933e+01
-6.396127184551691158e+00
-1.666507521346698439e+01
-2.157222536458916906e+01
-3.119279608247533986e+01
-2.401752399917325675e+01
-1.466945283765633334e+01
-3.476750110195526133e+01
-3.433336720345366189e+01
-1.630486564976930808e+01
-1.098255088559882786e+01
-6.202147744463738377e+01
-4.912673165924263685e+01
-1.723908793410446094e+01
-3.394504653489580903e+01
-2.553396001105761215e+01
-2.908894683683023885e+01
-1.393998739877548410e+01
-1.788661218099464278e+01
-5.176085187377579189e+01
-7.046219759412403505e+01
-1.446433932613961559e+01
-1.110772001824435762e+02
-3.619415078881190340e+01
-1.245989831421984384e+01
-4.484044168642242312e+01
-1.572901247264365487e+01
-2.616622444189481200e+01
-2.599860354112496452e+01
-8.389277705568726873e+00
-2.677353454290693335e+01
-3.422163498060750442e+01
-3.689543772560546842e+01
-1.985520606804994870e+01
-3.588062094560466875e+01
-3.224807204804258021e+01
-1.711858918811857322e+01
-1.983873248247530796e+01
-2.099635989360544386e+01
-3.052971783132961292e+01
-2.104993775963020042e+01
-1.632196392449212041e+01
-1.776042081433807596e+00
-1.925059639556913638e+01
-3.365610508101174503e+01
-1.384163961706800450e+01
-5.589977315911464473e+01
-1.553498481413566168e+01
-1.776042081433807596e+00
-1.640337103465030211e+01
-3.452872450961832840e+01
-1.757084726488885096e+01
-1.500503784361311510e+01
-5.089318402163728550e+00
-7.254768100922892415e+01
-2.207850537249811751e+01
-1.304722334665142469e+01
-3.139696561847213729e+01
-4.186450377380745635e+01
-1.701169911788714728e+01
-7.435232230801038611e+01
-2.942908747704871786e+01
-1.619354398091639879e+01
-4.624612926802158341e+01
-2.671465437676549115e+01
-4.765418750133414427e+00
-1.667867223870946702e+01
-1.377482770648649080e+01
-1.968487728195581710e+01
-2.094738964262221970e+01
-1.591284108353186078e+01
-1.167408801717190947e+01
-1.642482686023078031e+01
-2.616622444189481200e+01
-3.207343145237402382e+01
-2.382782150808320765e+01
-2.206591012716767608e+01
-1.768407911754859185e+01
-2.942908747704871786e+01
-1.124028288853131663e+01
-3.423108385267236997e+01
-4.830069247089252826e+01
