-1.111304709668041397e+02
-4.110240719374057505e+01
-9.023077766042636938e+01
-4.894690296682257014e+01
-4.851859139386142061e+01
-1.171128987435150037e+02
-4.147904115353490795e+01
-5.512140605971801222e+01
-6.592791202070955592e+01
-5.044141624331367524e+01
-9.861278703734544138e+01
-1.239774610658050733e+02
-7.572528052634690710e+01
-4.831014189058149100e+01
-1.260182455618627557e+02
-8.511045665168697383e+01
-6.040295723733031252e+01
-4.556544618961979154e+01
-7.102114004988568752e+01
-6.686356499751006766e+01
-9.537297863892300143e+01
-7.856212411633194392e+01
-1.118877496342790465e+02
-5.390651400292951934e+01
-4.732780503502640101e+01
-7.316030602403196781e+01
-8.238686637946355518e+01
-5.802060422830371778e+01
-3.754409984207455153e+01
-1.287587077206086974e+02
-5.346368991272698423e+01
-9.536995922379600188e+01
-8.236666473876773864e+01
-6.288191273945658821e+01
-7.323704253171695200e+01
-8.620888830971426842e+01
-8.005773808407943193e+01
-7.184053200151345209e+01
-1.438528826125264573e+02
-6.402157871597739813e+01
-5.330241145240600531e+01
-3.322131526593877027e+01
-6.360145681600415912e+01
-4.737832899814458898e+01
-4.151962411509703088e+01
-1.139320115152736292e+02
-5.834867783505941929e+01
-7.928849204242700921e+01
-6.296590780178880209e+01
-2.066365908666343643e+01
-3.581567322665296160e+01
-6.413718117937722241e+01
-6.812430412318961714e+01
-1.186045561248690206e+02
-4.125836284119101549e+01
-7.596151681279580714e+01
-5.141723319165498651e+01
-5.099237461076251776e+01
-1.958984484700478390e+02
-1.380613583558297250e+02
-5.328360734455153391e+01
-1.821099181356230474e+02
-6.993649666926893360e+01
-7.671544390005955449e+01
-7.731106537713152704e+01
-2.076649000600243653e+02
-6.070020522523864059e+01
-6.442071304836797196e+01
-7.540929143437213611e+01
-1.483049325335382775e+02
-1.078360992264984333e+02
-6.677224034326243896e+01
-5.133204835856463433e+01
-1.045654219619614054e+02
-2.637990237277608685e+01
-5.658883756064325610e+01
-9.869239218216466725e+01
-5.423490246775781998e+01
-8.579457369055630522e+01
-1.209053524549485132e+02
-1.406928166911467883e+02
-7.797937143103530389e+01
-6.712770429450466736e+01
-1.009152659935179770e+02
-3.543795298699014751e+01
-5.327931980275366186e+01
-1.282401890451408804e+02
-8.412181480200872841e+01
-1.076108590063062564e+02
-9.306861735797889423e+01
-3.267545221368825992e+01
-3.150959032054271347e+01
-1.105808610992067997e+02
-8.369408049137604166e+01
-1.185221779079540454e+02
-6.871268041540885463e+01
-2.916103520758315426e+01
-1.016447714622144360e+02
-7.402863708941328014e+01
-8.456098764882521834e+01
-7.488273791931665357e+01
-7.475469671955742967e+01
-2.775239673271336827e+01
-8.080436568573504985e+01
-1.787344477379891146e+02
-6.520369791411977189e+01
-5.298758440035319950e+01
-1.586637308149341834e+02
-4.696428361950236763e+01
-7.846836238166046940e+01
-3.252012100638475545e+01
-1.112738008593095032e+02
-3.365927208491294209e+01
-5.139446064808368675e+01
-8.020865732391921199e+01
-9.560540888258248060e+01
-5.747403689519127568e+01
-5.402742373695426892e+01
-3.768467137288568836e+01
-6.324502720245354226e+01
-1.167768465476878248e+02
-1.156419991803554552e+02
-3.439807234799881996e+01
-2.353716688592916029e+01
-9.009516786642302577e+01
-1.464253948040794739e+02
-1.376084794795493735e+02
-5.789755960693679526e+01
-5.499458256260260924e+01
-2.778471449321731157e+01
-7.839256729760597864e+01
-4.998467623073895538e+01
-7.966150139762279991e+01
-7.937700825167030416e+01
-1.011291926545631128e+02
-7.141889139293505195e+01
-5.539354526435302262e+01
-7.361937340812747266e+01
-4.415345478388349676e+01
-3.501852009541276090e+01
-5.901720606996165941e+01
-7.267747824758674824e+01
-7.404404294218979032e+01
-3.175039428067325886e+01
-8.866410229960261802e+01
-2.782180521138980822e+01
-6.723386731348958278e+01
-8.738477496642164510e+01
-1.078498814700727593e+02
-1.175832110504341443e+02
-1.227689187725373188e+02
-1.229826194226729186e+01
-9.284863510249434171e+01
-8.603278831811674365e+01
-7.148056075481493110e+01
-3.674930945535944460e+01
-1.112486527716381630e+02
-2.343330531403378458e+01
-3.568488968210994017e+01
-9.144596297724270073e+01
-3.437463757922588314e+01
-5.198967429158103926e+01
-2.429329325334482448e+01
-1.831772214828802134e+02
-8.527213117572151191e+01
-5.652480686221703365e+01
-2.958395278765189929e+01
-1.480603380223570582e+02
-8.997251109855366735e+01
-3.026296007243307784e+01
-1.613013563511514974e+02
-9.745009490340400760e+01
-2.968448529195221042e+01
-3.035051480929494616e+01
-9.183356273510234757e+01
-4.740468774549081843e+01
-9.304791207170988798e+01
-6.765151096107496187e+01
-5.027437710138826787e+01
-1.469834471982239847e+02
-4.465356533555683427e+01
-1.064449333143009255e+02
-1.357265064935197643e+02
-5.467656836772111717e+01
-2.647856684049745013e+01
-8.183501281948798578e+01
-1.775764349082299418e+02
-3.086446821632225124e+01
-4.867601706840297737e+01
-7.228316942023829483e+01
-1.054838376515168790e+02
-1.511730896046505279e+02
-1.080492124560152831e+02
-9.730187962502597543e+01
-7.274306177008622853e+01
-1.241021256704212874e+02
-3.538819025977085175e+01
-1.119813768173254687e+01
-3.905993739569054668e+01
-8.564712898009756259e+01
-1.543006578049872815e+02
-1.100448159695257857e+02
-1.474160742119214547e+02
-1.422965221322172056e+02
-3.563776996757117388e+01
-1.316860100986940552e+02
-4.500273000006002633e+01
-2.936771761750463483e+01
-1.213414311428608130e+02
-3.333456674779099416e+01
-9.777933724338900845e+01
-4.252241286605143955e+01
-7.787429281557837157e+01
-9.172859767610151493e+01
-1.104921342433933233e+02
-1.047953656776094533e+02
-8.303741315706113824e+01
-8.200517948330112006e+01
-4.203790412535843757e+01
-1.085524690830170584e+02
-1.225712840540242610e+02
-1.086526053053854923e+02
-7.589308567685340279e+01
-8.717518929316578635e+01
-1.046830072561617158e+02
-7.018087022216569437e+01
-1.176823781866195731e+02
-1.535812581463190156e+02
-1.491268683607334253e+02
-4.539221676666797833e+01
-1.106752603333528668e+02
-6.001735372343648578e+01
-2.815157363571404403e+01
-1.398023451781855044e+02
-8.313532999079848196e+01
-9.305626768221488021e+01
-6.520296530308306160e+01
-1.534432848711338124e+02
-1.161586405260657813e+02
-1.270139078584836057e+02
-1.044841493198257254e+01
-8.520813368617595529e+01
-8.126028028198894049e+01
-4.790119821765979680e+01
-1.215965085079776600e+02
-8.865922603437547878e+01
-4.709201740981980322e+01
-1.165374407636864973e+01
-9.221871501128430282e+01
-1.041772194808992822e+02
-2.766806423583019736e+01
-7.588780875369911882e+01
-1.586662648319437707e+01
-7.749633204387212970e+01
-8.625089008882164876e+01
-7.398500552938909891e+01
-8.734129037573177357e+01
-1.447128890915152510e+02
-1.163475439340540305e+02
-4.956238930499709738e+01
-6.050054585875174951e+01
-8.473151221284301471e+01
-2.228367306470270393e+01
-5.121891630462921796e+01
-8.140649780958116821e+01
-3.509498468717926301e+01
-6.211362940113117048e+01
-8.578291866830259949e+01
-8.303446548417569772e+01
-9.516775249125021219e+01
-1.154295376206552248e+02
-1.515757084612724839e+02
-1.040920549436779936e+02
-2.636011426903182198e+01
-8.796361538569726690e+01
-2.918414784523501027e+01
-7.717500655612563776e+01
-8.038284006233442369e+01
-8.729509678396445338e+01
-1.558785403122760158e+02
-1.874969507370646511e+02
-8.793265364095908865e+01
-8.231471172268780379e+01
-9.165611068693049646e+00
-7.605248310652369526e+01
-7.409130265806683724e+01
-3.196082867341865352e+01
-5.589468319780520744e+01
-7.099658304415297039e+01
-5.632027250611035640e+01
-5.006146160463875106e+01
-9.943675756824224266e+01
-2.670965907965631914e+01
-7.472420003096750918e+01
-6.723522583414845144e+01
-4.574550929692256318e+01
-1.143868466099907550e+02
-3.013111435572625396e+01
-1.017372208506758398e+02
-1.844650273558886227e+02
-9.813353476056339275e+01
-8.067930568037280636e+01
-1.294826881497683360e+02
-7.885277671935261878e+01
-1.184638397248544237e+02
-8.749925607621621282e+01
-6.549954690782217881e+01
-7.969093815316617224e+01
-2.915993820945372406e+01
-1.297615703494710147e+02
-1.427687202706696894e+02
-5.721532935017811639e+01
-7.575771788179437749e+01
-1.010695618482049269e+02
-5.026991468589023526e+01
-1.048655662002516209e+02
-1.002462572741704605e+02
-4.180350191210884958e+01
-3.272886024820880380e+01
-1.003458221176914549e+02
-5.077503843507512471e+01
-7.435163561472637639e+01
-8.558843116259976114e+01
-9.555706146980095639e+01
-8.335208082643629268e+01
-7.426177592819728090e+01
-1.097186116289728375e+01
-5.515875783574448121e+01
-8.865025505007771756e+01
-5.166567417132768014e+01
-3.154717753559550530e+01
-1.079582659136523546e+02
-6.145021652537357681e+01
-8.240263563914227518e+01
-4.275049637609703979e+01
-1.168868175998573662e+02
-7.159502013151964661e+01
-1.094246348914571882e+02
-1.294556796298364816e+02
-7.792861560589875580e+01
-6.398144495788245223e+01
-8.494675431596230908e+01
-1.196703365452425345e+02
-1.352503963976889452e+02
-1.118357687395064204e+01
-1.557383740184990586e+02
-1.080793531000521455e+02
-7.777979218241414117e+01
-7.697297351099273044e+01
-1.181644675398348454e+01
-4.950686825379071365e+01
-1.276857601997667757e+01
-1.133669659176101163e+02
-4.726901120005940271e+01
-1.015772338384338696e+02
-1.188159098731468362e+02
-5.767203529591323274e+01
-1.705006508034222747e+02
-2.747266489976681925e+01
-7.420195967732431086e+01
-1.337570771687788067e+02
-7.825081454212408971e+01
-7.642068774234797957e+01
-1.000680755168528009e+02
-2.864386755253749683e+01
-1.037367622026378768e+02
-9.263192967886595852e+01
-3.469994389194411610e+01
-8.054162691019668330e+01
-8.922662931814704734e+01
-3.598492677441608123e+01
-9.184689477915135569e+01
-3.288969047795947631e+01
-1.326275805167699957e+02
-1.537052005435838566e+02
-1.804307906721106178e+02
-7.990565269036656559e+01
-1.049614852386826414e+01
-7.623947296274617713e+01
-1.338183231514269380e+02
-7.650192150686095260e+01
-1.362007179918357451e+02
-1.007573517358706283e+02
-1.199195192382607473e+02
-1.223390728216489691e+02
-1.075889161012074027e+02
-7.514720141072207582e+01
-2.751904297073681249e+01
-9.819655230158787163e+01
-5.735026827492927737e+01
-2.789174090588674204e+01
-1.292159489189792225e+02
-1.054394566218007299e+02
-8.743403129585696831e+01
-3.514036142352534142e+01
-5.522350891625147540e+01
-1.217750416710975685e+02
-6.516930301831679628e+01
-2.824924827869367761e+01
-1.198667185272679063e+02
-3.303762162993416496e+01
-3.241796377098496862e+01
-1.197879120109485598e+02
-8.620422329252653526e+01
-1.184679268584405634e+02
-1.285466815949579598e+02
-6.057676595921451934e+01
-2.968926597102573339e+01
-3.598492677441608123e+01
-5.215306885259575154e+01
-8.836491341557675128e+01
-9.201473689398508782e+01
-9.192395408238753873e+01
-1.209747780375312374e+02
-1.465810484498854578e+02
-3.427474803723342944e+01
-3.053608038578292394e+01
-7.132518622284891308e+01
-7.251911671556121064e+01
-6.544661552679144734e+01
-3.294073652612752312e+01
-4.613534432494510895e+01
-1.361592038450746713e+02
-3.891724518151995937e+01
-4.661333509377143969e+01
-7.734808344897628274e+01
-9.385751256482545557e+01
-1.126768724896813580e+02
-3.002781795484999350e+01
-1.094914310414592080e+02
-1.331992414804452665e+02
-6.065377488729214406e+01
-1.555310938183697260e+02
-7.677820787653377010e+01
-1.605223187555273796e+02
-7.404033898650342849e+01
-8.862722047701302586e+01
-3.219778435272989725e+01
-1.552177861632452220e+02
-8.587465497508216572e+01
-2.744744256223044587e+01
-9.325470964919080075e+01
-1.571774591743898100e+02
-3.445496196772235464e+01
-1.455151357048274008e+02
-4.873617300295831001e+01
-1.025282660396200640e+02
-2.426607929173337652e+01
-7.605815364453791005e+01
-1.121628650227319781e+02
-1.303385119089916486e+02
-1.295137331133047383e+02
-9.230755707853111858e+01
-3.084078488017238939e+01
-9.398221155723922493e+01
-1.465369345415059854e+02
-3.125942302404690309e+01
-8.078482238115988423e+01
-7.764487514129245938e+01
-3.388808979038606140e+01
-6.444780823197343977e+01
-2.619713865887946369e+01
-1.553933277932869146e+02
-1.354719272999705311e+02
-3.598492677441608123e+01
-2.209067527746249837e+01
-1.343745136985432964e+02
-6.915726180723633831e+01
-1.197322946125455729e+02
-3.433169204291920806e+01
-4.365911899608187952e+01
-3.635332977444388547e+01
-6.940171167346228742e+01
-9.174302445323347399e+01
-1.198434376334188869e+02
-7.243469600010291742e+01
-7.314121551498965346e+01
-5.623678837924192919e+01
-8.096814783229392276e+01
-1.413203678908204779e+02
-6.291805483039662761e+01
-6.415448322168842310e+01
-7.403017771552768522e+01
-1.023340429307085344e+02
-1.861740424550129944e+02
-9.410642175639232221e+01
-7.633102237739356610e+01
-1.067183883856632889e+02
-1.003549851994119138e+02
-5.002134781812516451e+01
-1.113985894081759298e+01
-8.524315720200989688e+01
-4.522237850290940742e+01
-3.507129782748670266e+01
-7.908978416218934626e+01
-3.566010602413220454e+01
-2.409600460843197567e+01
-5.708973360063305336e+01
-8.525965009174342413e+01
-7.665902636684373306e+01
-7.379390704873249263e+01
-1.003239819192164646e+02
-2.072481451710657723e+02
-1.278932093197413167e+02
-6.035881795226833901e+01
-7.490057238105923432e+01
-7.434743528153992997e+01
-2.666694764265426087e+01
-8.716202812872010952e+01
-8.395261296133999451e+01
-3.769450487482867374e+01
-7.847582144693723194e+01
-5.697058645976081692e+01
-5.099680417211909855e+01
-2.929477326487855748e+01
-7.701312824073077934e+01
-7.133437956955475556e+01
-1.770741976666654978e+02
-1.298286955543032377e+02
-2.134326604025043395e+01
-7.009252680353654341e+01
-8.128952426186759794e+01
-6.820012309366562420e+01
-9.642758236739150846e+01
-7.007611794129233829e+01
-3.012122695960337282e+01
-1.391991390666543680e+02
-1.236527942641036617e+02
-7.905524492626648225e+01
-9.161662693785939382e+01
-9.104909191396590984e+01
-7.475643385001774277e+01
-1.504490798601910058e+02
-1.297264497032766712e+02
-6.032314465192472142e+01
-9.450292628187722244e+01
-3.598492677441608123e+01
-3.212965084397787052e+01
-1.403230197872866540e+02
-7.839386502743779772e+01
-9.029933337576193253e+01
-3.428204540365771180e+01
-9.128814976992526908e+01
-1.302889590393926085e+02
-7.382658670623393959e+01
-7.991099114173415785e+01
-1.473842570302406330e+02
-7.501898211326866317e+01
-1.115271944785035600e+02
-1.114867825248641964e+01
-7.150859252895833151e+01
-5.897374560365042839e+01
-1.046205935747737072e+02
-1.406692977191864884e+02
-1.400584572880538303e+02
-7.352079611168066720e+01
-1.059542716522992549e+02
-5.113292885492811024e+01
-1.217000662607335357e+02
-7.383250638352006945e+01
-8.054175491877236936e+01
-5.355530343905601853e+01
-1.483890071754254905e+02
-1.111956081880871352e+02
-1.160867703672037123e+02
-1.047724580376383301e+02
-2.946035359716307411e+01
-1.240576005393941728e+02
-2.237672998299239779e+01
-1.356894729916017468e+02
-7.947464787532234709e+01
-3.505615288156136700e+01
-5.847971813349902703e+01
-7.541177666383212852e+01
-8.658481450012826031e+01
-2.971057411602858167e+01
-2.030804601586144145e+02
-1.150354321527570676e+02
-9.464120307778526353e+01
-8.376988852011409392e+01
-1.206066980990239728e+02
-1.378297891268417743e+02
-9.294908762381530209e+01
-3.814633945288969130e+01
-3.002696819622629931e+01
-1.435801580910392374e+02
-7.124641537128600532e+01
-7.427135964519479217e+01
-1.357005871640781720e+02
-1.120677131083387650e+02
-8.077874538793020065e+01
-9.329350883926071702e+00
-2.965121376948677678e+01
-1.072477764409559882e+02
-7.492437265464809570e+01
-1.248985844508608807e+02
-3.192224579540398111e+01
-7.561716757012840162e+01
-7.586244752768386945e+01
-9.400002134142430066e+01
-1.299923267186317446e+02
-7.081702932159900854e+01
-3.763391220607594789e+01
-1.085932828162138719e+01
-8.313436810742140892e+01
-1.479262309703805442e+02
-8.842209969091445032e+01
-2.219731503573446574e+01
-7.495911961930187317e+01
-1.465198541839654069e+02
-5.146856307860456781e+01
-1.023776732668842726e+02
-6.962486387030975266e+01
-8.786148370073584601e+01
-1.571238070439566741e+02
-1.769287808511009530e+02
-9.202877366773437018e+01
-4.780994736212940666e+01
-5.627657873331615690e+01
-7.570667810143814336e+01
-7.826774030330408038e+01
-3.576285368544247945e+01
-5.274988974339326830e+01
-7.581365113762174701e+01
-8.568071729650245061e+01
-1.378573074347429497e+02
-1.228089563457062638e+02
-7.244302999003035382e+01
-4.898837926842625734e+01
-7.574850071540292618e+01
-8.704100392158036925e+01
-7.469580868091755121e+01
-7.524692974828712977e+01
-1.317599955580546407e+02
-1.544691342716050997e+02
-1.165079836413904673e+02
-2.106303902599028177e+01
-1.763655703333652980e+02
-1.828285882795383657e+02
-8.614694238943758364e+01
-9.460616290997812428e+01
-1.805567837609146409e+02
-1.779564429477301246e+02
-7.543940457425446766e+01
-7.741763817200755682e+01
-1.292244391013678353e+02
-1.022895173275174585e+02
-7.335530193964709156e+01
-1.300038186919086343e+02
-2.613497724017992141e+01
-2.956071111555958097e+01
-8.484552405534940078e+01
-3.122571686704671023e+01
-1.072664560921318042e+02
-1.388358262738744031e+02
-1.078875637793693087e+01
-1.038250126911159583e+02
-5.661834231620802882e+01
-1.148209010450614898e+02
-1.056647664087758187e+02
-5.746241895727729343e+01
-8.967225163025820223e+01
-6.725666165913429495e+01
-7.401545062594563262e+01
-1.697872539669978948e+02
-1.323343949487179145e+02
-1.270657328762511540e+01
-6.819643214170817203e+01
-1.297760095996184191e+02
-1.216511306649038602e+02
-3.453430535011349889e+01
-7.991323432398768034e+01
-9.000697261588814513e+01
-7.607878555607675253e+01
-9.240381602080569223e+01
-7.269310696862430632e+01
-7.791537652175762219e+01
-1.300076208928375365e+02
-8.548594167563615542e+01
-1.095884777166477591e+02
-1.191368983399290187e+02
-1.084054789898543731e+02
-1.767494740220512881e+02
-7.211885914473367620e+01
-2.988326917170937946e+01
-3.186748364506551567e+01
-7.092000237171659194e+01
-1.815916675957501525e+02
-8.681176477296320115e+01
-1.307673556480786488e+02
-8.970644032417805391e+00
-8.880348724328700882e+01
-3.458789217468731181e+01
-7.872596301288416498e+01
-8.433451974245630822e+01
-1.124505349708710753e+02
-1.168871416114567552e+02
-2.065470143355426913e+01
-6.706949256402229764e+01
-6.347240299318948331e+01
-9.113979219141094745e+01
-2.965042650243321631e+01
-8.741097217871742941e+01
-2.895465353132791009e+01
-7.312014569113205198e+01
-1.532021417558114820e+02
-2.295966223083403790e+01
-6.973143764853118398e+01
-1.022832173076302240e+02
-1.607972532408910808e+02
-7.350851612209730490e+01
-5.516227206636117586e+01
-1.302028004913669861e+02
-5.229419228024008248e+01
-3.180902146190359403e+01
-2.770129799707353158e+01
-8.576697064925050995e+01
-1.515824266405609251e+02
-2.670468385221427710e+01
-7.465450461594784315e+01
-3.157784643206743525e+01
-6.047096084014526696e+01
-1.086460627831312706e+02
-1.464008996968058227e+02
-1.420784832549872760e+02
-8.632313002381584965e+01
-1.176759561630003077e+02
-7.767838138638553858e+01
-1.055137362401919177e+02
-9.091686914014252352e+01
-1.415234419658894467e+02
-1.064319327352894078e+02
-1.257537648683575355e+02
-7.401279505513087997e+01
-3.627916997608184602e+01
-7.371242350985112068e+01
-1.148275628037148834e+02
-9.525108169440926531e+01
-1.011359493992595731e+02
-8.568905722786666956e+01
-2.094905290398128983e+01
-8.761146597799756819e+01
-7.963703968884455264e+01
-1.212476465814137470e+02
-6.033764436692347033e+01
-1.541414855861224282e+02
-9.316281459320563840e+01
-6.705673903537945080e+01
-8.713272352680104404e+01
-4.328763533084201498e+01
-1.367986439504155669e+02
-1.319911377872026605e+02
-9.004082457961723662e+01
-9.952226893837827504e+01
-7.017826755151440921e+01
-7.549819966435782703e+01
-1.082321072138746985e+02
-1.302281451161671271e+02
-1.077648034206167154e+02
-1.135875507450190582e+02
-1.560231743346308235e+02
-5.922501557470880584e+01
-2.220872973096161473e+01
-7.025775538932524000e+01
-1.222008568601037837e+02
-2.064209998766419574e+01
-4.136002916267268859e+01
-1.180932091144075358e+01
-1.360434341356826167e+02
-9.791666809629249713e+01
-8.756180123811503790e+01
-2.968430633020512843e+01
-9.309820415647936898e+01
-3.005687502891514740e+01
-6.769927727410654938e+01
-8.663642407968482928e+01
-1.288844532863101335e+02
-6.550404506573332242e+01
-1.293366035298747647e+02
-2.889305485925620687e+01
-1.807004909086892894e+02
-1.617150358305667339e+02
-5.124806112648089140e+01
-7.480122431210725154e+01
-7.617377438483916308e+01
-1.145393351952848775e+02
-7.088408488783147732e+01
-2.084464325678955987e+01
-6.088904374863427904e+01
-7.524120618969658381e+01
-1.234050866021291455e+02
-7.089798764074318171e+01
-4.306844036981863866e+01
-1.430055774199299776e+02
-1.193384841126300273e+02
-1.414846546449729772e+02
-8.291727180972057454e+01
-1.006892971853486074e+02
-5.595819344639522797e+01
-9.228843120845894532e+01
-2.861596808199730901e+01
-7.057291461969489887e+01
-4.149401152268249859e+01
-3.008080497267681963e+01
-2.085403563750594458e+01
-5.514033957120381046e+01
-1.243806198281092037e+02
-1.092526917321525133e+02
-4.336458911105076908e+01
-9.263151356581464313e+01
-1.358477942241671599e+02
-9.029506599702398262e+01
-4.494883635729776472e+01
-5.681068735362994460e+01
-6.923099092667617072e+01
-9.033179389557143679e+01
-7.466946702454848150e+01
-9.783115639756888982e+01
-1.097186116289728375e+01
-2.770129799707353158e+01
-9.048622777501857684e+01
-7.631858102334851424e+01
-1.117440664454547772e+02
-5.244879366716360636e+01
-6.602216543724560438e+01
-8.438123445013030732e+01
-8.265971402899548082e+01
-3.425608561026800203e+01
-7.622827293668959214e+01
-6.516965457768642977e+01
-8.018020454127497487e+01
-3.625488652855690930e+01
-9.989085153432313291e+01
-4.881540388957749599e+01
-1.752186445476113761e+02
-9.875821260400377355e+01
-8.542440781326808974e+01
-1.019942163102223844e+02
-1.841333664378381130e+01
-1.170977763527318700e+02
-2.375598362251687945e+01
-8.970644032417805391e+00
-1.206891010780990214e+01
-7.395207255612014308e+01
-1.094000260582806732e+02
-6.477418016225955455e+01
-1.661392382644909560e+01
-1.682532261781494753e+02
-5.099480369045176076e+01
-7.103800574231931364e+01
-3.423540026973835637e+01
-9.235382250112633074e+01
-1.271689835241119226e+02
-2.132811762976455228e+01
-1.012905876279410649e+02
-2.773439328236053569e+01
-5.286529418686204451e+01
-8.679321820298044088e+01
-7.263099834110764164e+01
-1.391560872661646613e+02
-7.404728901041578126e+01
-8.511104577796720605e+01
-1.062041166983897611e+01
-3.371713859422258963e+01
-2.121038961882135965e+01
-6.574142766093059720e+01
-6.908650512300494029e+01
-7.449672271029920978e+01
-7.469283631985842931e+01
-2.688023603506049852e+01
-8.486840448844340301e+01
-4.663519487094590943e+01
-1.110110577148875848e+02
-8.401515107936666027e+01
-8.688662106241176275e+01
-9.083258093555130586e+01
-6.034098731506724533e+01
-8.173385680730882541e+01
-4.198499963639999066e+01
-1.121003573933382143e+02
-4.681590780120608031e+01
-1.313743901804750180e+02
-1.010312338956007920e+02
-7.629434547124034793e+01
-1.508028983589521488e+02
-1.308585005494396398e+02
-4.215922418089377288e+01
-7.699696814403694134e+01
-5.318869773122974465e+01
-7.197662914598033979e+01
-1.062898876702580822e+02
-1.215883534652009388e+02
-1.532155553138597668e+02
-9.916706646280744053e+01
-1.078909821197443080e+02
-2.983150727951248982e+01
-9.931375388127352721e+01
-8.601534214919567489e+01
-8.807797134712758691e+01
-9.227019494251482001e+01
-9.590947994026947754e+01
-9.076282713666988400e+01
-2.096536975186320717e+01
-4.707453730134374581e+01
-5.652918292337757578e+01
-5.163523278155332719e+01
-1.319322272997047207e+02
-4.682062997600377940e+01
-3.421660285432582782e+01
-1.461412978888044734e+02
-5.734634852762514612e+01
-1.221111741008944875e+02
-1.097186116289728375e+01
-7.533791138570181545e+01
-7.191052185693513366e+01
-1.290695574357574174e+02
-2.184807953757992394e+01
-9.496848133825596960e+01
-8.562513067964403035e+01
-1.440852675876819546e+02
-1.108714024725802858e+02
-1.126676180824611890e+02
-8.716606049221833530e+01
-8.483202267753600267e+01
-9.006469155578101038e+01
-8.653895739174005541e+01
-7.471907357772002456e+01
-9.860582767004716231e+01
-1.363021933863876143e+02
-6.470807250761512819e+01
-7.267681867616539648e+01
-6.772362007243162907e+01
-2.770129799707353158e+01
-2.344538383764319889e+01
-2.413746491881300571e+01
-3.421660285432582782e+01
-1.210820253796729844e+02
-8.410866615033748417e+01
-9.313394731571331420e+01
-1.785353809659889066e+02
-9.032800756949690424e+01
-7.894617165387710145e+01
-8.563915557116754940e+01
-8.604883631941619626e+01
-1.369206643417421958e+02
-8.383173903255305959e+01
-4.415345478388349676e+01
-3.598492677441608123e+01
-4.925711430349537068e+01
-5.126410988106795230e+01
-1.290442988041351668e+02
-5.596120039018455117e+01
-1.458559714930161988e+02
-8.443779800229395960e+01
-8.491290305779435243e+01
-8.344240704660043662e+01
-8.369553345140504064e+01
-8.180960980009770367e+01
-3.114835529052292884e+01
-6.619458225813357899e+01
-5.983987685915477783e+01
-5.008106961117910316e+01
-5.347827062160547484e+01
-3.436540088296030149e+01
-6.953747375670015174e+01
-9.758578451438162915e+01
-7.644390523226520884e+01
-7.480358416566859603e+01
-8.394621050363551262e+01
-3.211123849744434722e+01
-1.317940585372547559e+02
-2.478027031055973239e+01
-1.022522780927432109e+02
-1.419584144572826006e+02
-8.520198784549182847e+01
-1.169894129378535581e+02
-7.499772183932370240e+01
-9.544840193841062614e+01
-4.932577558600851830e+01
-5.872524141698089295e+01
-9.121388482097162864e+01
-1.014900321694934178e+02
-9.758123708401237195e+01
-7.397851187800826267e+01
-5.253580006259025481e+01
-2.127763581833640316e+01
-9.032474246924027739e+01
-4.306736385806506462e+01
-1.013164164396222020e+02
-5.394081400144170857e+01
-2.846932719714662596e+01
-2.910500741439105354e+01
-1.509575454397543126e+02
-2.957096990823549021e+01
-1.343322501675187368e+02
-3.767761098031053990e+01
-7.021891274359497004e+01
-8.001729168317659457e+01
-2.863144465917678971e+01
-9.151823560631638088e+01
-1.031830976786796157e+02
-1.179519990334360671e+02
-1.241670604023852036e+02
-4.881574198685585486e+01
-7.585107002498610029e+01
-4.917835451216764397e+01
-9.174966333156362452e+01
-9.692124616202052323e+01
-1.532743153153249409e+02
-8.929573897011752592e+01
-1.972725137260197528e+02
-3.141084375130771278e+01
-1.319940423752796903e+02
-1.251719570609685803e+02
-1.352692566665773484e+02
-8.675395062156165693e+01
-6.554606723429230897e+01
-9.374659628615917484e+01
-9.010741917428026682e+01
-3.002781795484999350e+01
-6.818360559725542203e+01
-7.098083759633344414e+01
-6.268801772121425131e+01
-7.392281347804970437e+01
-1.227311712515439694e+02
-1.935189379599081008e+02
-5.516594526385435415e+01
-1.135292871298655939e+02
-7.183330006740079909e+01
-7.392536451859020019e+01
-5.606094921178443968e+01
-1.670682917223034281e+02
-9.803807001085402817e+01
-8.353929008939161349e+01
-7.220059345355599589e+01
-2.888985962218821157e+01
-1.149749606578833578e+02
-7.477856811172878793e+01
-4.881574198685585486e+01
-4.780668994303422892e+01
-2.988258001222534688e+01
-9.098592986973875441e+01
-4.887129822421207592e+01
-3.421660285432582782e+01
-1.179746526367689441e+01
-1.340417630872796337e+02
-7.401780067869742652e+01
-5.723384025634791072e+01
-6.310812545753222480e+01
-7.471907357772002456e+01
-1.472186624502344330e+02
-2.261127724836015673e+01
-8.515096874005847383e+01
-4.670903293168768755e+01
-6.698786664894238640e+01
-8.811273428609312930e+01
-8.369576421159121082e+01
-1.531779562658281861e+02
-1.446005163751831901e+02
-9.869967113635897249e+01
-7.438824994029990023e+01
-1.097186116289728375e+01
-2.053065218190210999e+02
-3.102028383971430969e+01
-2.878782214718768628e+01
-1.161986093505197033e+02
-9.272298745048969693e+01
-7.525675232069487208e+01
-3.368605488195845510e+01
-3.775497864074503696e+01
-2.957659175522572070e+01
-6.541397393414573003e+01
-6.556373034577460146e+01
-3.267064227062305548e+01
-1.277727292489524018e+02
-8.207244804666071047e+01
-1.103660247146807194e+02
-1.245817752608187874e+02
-9.231575548406979692e+01
-6.058144485407217417e+01
-4.224584303760817505e+01
-8.812213505265340530e+01
-7.302865202736916217e+01
-7.401784552755474067e+01
-7.134453563968641276e+01
-1.209862488256985671e+02
-1.046116230323912362e+02
-2.068729559339346480e+01
-8.462150087022887135e+01
-1.235945950008016609e+02
-5.281507705243348738e+01
-5.389040376958627121e+01
-7.065904871197652426e+01
-7.589056279856350784e+01
-9.077192916200749551e+01
-9.397946126993157634e+01
-1.262935102201855671e+02
-1.291103149563648174e+02
-1.179500736492582718e+02
-1.234836501689459141e+02
-3.002781795484999350e+01
-7.534254594947552164e+01
-9.935010773118948180e+01
-8.428654157092275057e+01
-7.432685199313652902e+01
-7.213203113760431506e+01
-2.773439328236053569e+01
-5.849785879386848819e+01
-2.305264956499967610e+01
-3.421660285432582782e+01
-2.907678318036517950e+01
-5.977309328898554242e+01
-9.228928929041722995e+01
-1.016899852356970655e+02
-8.980467253744674849e+01
-1.096950577416790367e+02
-1.100002351176561319e+02
-9.744919966732770433e+01
-1.171516604032138673e+02
-8.733564791244455705e+01
-5.169557319795872274e+01
-1.315169298428129991e+02
-6.549954690782217881e+01
-2.773439328236053569e+01
-7.489602253715588631e+01
-2.957659175522572070e+01
-1.030709025346002647e+02
-9.263236332443830179e+01
-2.300401152100368307e+01
-1.081163634383818675e+02
-1.620108563393343957e+02
-8.708522808058786779e+01
-6.096387929471412548e+01
-1.154864330979827258e+02
-3.230258195838831625e+01
-4.415345478388349676e+01
-9.098858292085452604e+01
-8.910033286024153654e+01
-5.166390888440427176e+01
-8.272367252775904944e+01
-1.088129082748952214e+02
-1.316442077695560045e+02
-1.097186116289728375e+01
-6.783745979839855522e+01
-1.955437552120852729e+02
-9.363121447517649187e+01
-2.968689929305537234e+01
-8.654335335283076347e+01
-4.812732487643858548e+01
-3.141084375130771278e+01
-1.466171290384089048e+02
-9.179297033294976416e+01
-7.117057170384084941e+01
-4.259648106593512296e+01
-4.368966810597084560e+01
-2.272606418792671690e+01
-3.654200986121219330e+01
-9.169653242670587190e+01
-2.299763559546598657e+01
-3.465797517096534364e+01
-5.981878143095143940e+01
-4.473190106790016785e+01
-7.115083825506135895e+01
-8.682182013256172581e+01
-2.967411336212589035e+01
-1.004403059436235566e+02
-1.439839888917798305e+02
-9.084413696082975775e+01
-1.613543198173484257e+02
-1.237827360444052260e+02
-9.842569409392889668e+01
-1.670749111928307684e+02
-1.308900254708115938e+02
-1.351414643530764010e+02
-1.260399154625394260e+02
-2.967411336212589035e+01
-1.259091246097615482e+02
-7.084974777463186513e+01
-1.293448596118254557e+02
-3.141084375130771278e+01
-9.050717366617300286e+01
-1.716982375632083517e+02
-3.365285447445852185e+01
-2.239821914041174367e+01
-6.211802407490020528e+01
-1.394387175623112682e+02
-2.333255220041016997e+01
-1.271718830975192986e+02
-7.621827992430324628e+01
-4.780668994303422892e+01
-1.034935878284419459e+02
-1.308522989022616301e+01
-3.673206731008308168e+01
-6.096387929471412548e+01
-9.696705956997490716e+01
-7.683534294761072658e+01
-3.551257394507621257e+01
-1.284039040860459124e+02
-8.472530417325016572e+01
-8.782323444360253006e+01
-6.549954690782217881e+01
-3.208015089459968294e+01
-2.227872289759222824e+01
-8.703285299305521505e+01
-1.286591784250633452e+02
-3.652497523157413895e+01
-3.436540088296030149e+01
-5.866559751354672869e+01
-8.343032941882546538e+01
-9.344813565358649043e+01
-2.333255220041016997e+01
-3.436540088296030149e+01
-8.625089008882164876e+01
-6.796775733112710327e+01
-1.030401767593213407e+02
-1.764522254686351133e+01
-9.357319440180239667e+01
-1.260767523524806109e+02
-9.327653083535631140e+01
-1.323430914575070290e+02
-3.673206731008308168e+01
-7.970283328701293613e+01
-6.096387929471412548e+01
-1.027357583690642286e+02
-8.664465707965669594e+01
-1.084183397591162077e+02
-1.321870361967974077e+02
-8.527547607262361851e+01
-1.262162880031845091e+01
-5.684099071390532742e+01
-2.851695197295252271e+01
-8.987363438984701247e+01
-9.272486491348730908e+01
-3.085734901469310643e+01
-8.411785632512328448e+01
-1.275183451447619944e+02
-9.072282275337950352e+01
-5.169557319795872274e+01
-4.794371254944793748e+01
-7.052538166958480303e+01
-8.497914892463782621e+01
-1.042217249326041468e+02
-9.296090400384478869e+01
-8.261150347537849825e+01
-1.525953172414585026e+02
-1.494879705084960335e+02
-8.891587051193909019e+01
-1.322311151868555044e+02
-8.058893655757429997e+01
-9.560714772654957017e+01
-3.091287682008426430e+01
-4.474931353321738214e+01
-2.118068609776933187e+01
-1.061561216215155952e+02
-4.555175537101006711e+01
-2.085214541836282720e+01
-3.179330722140806742e+01
-8.922662931814704734e+01
-1.302686164629116092e+02
-5.573983976917764238e+01
-4.059081161827626261e+01
-9.129744252339651212e+01
-1.235182632982739790e+02
-4.944998371273867122e+01
-8.747032217062867687e+01
-1.353285922326942625e+02
-9.010665651766764483e+01
-4.415345478388349676e+01
-1.151577711045528503e+02
-1.275812148094269389e+02
-6.096387929471412548e+01
-5.573983976917764238e+01
-7.724652875597530510e+01
-5.839302164261707162e+01
-2.617353013627266733e+01
-6.997095608263425959e+01
-7.535314329675136946e+01
-9.201209244994072378e+01
-1.203506261567243740e+02
-8.698136850118233099e+01
-8.186233235941790554e+01
-8.625089008882164876e+01
-3.031876613644865515e+01
-5.809000006061008037e+01
-7.984738893642710877e+01
-8.685872282392580246e+01
-1.474884531423266480e+02
-5.532740374654995463e+01
-6.232110369104273673e+01
-1.025354190096097824e+02
-1.256011127413675439e+02
-8.747032217062867687e+01
-3.057891152307478322e+01
-2.773439328236053569e+01
-1.141323347953679956e+01
-1.750737213415270332e+02
-8.855965247092916570e+01
-1.526813773308612951e+02
-9.248248371452447714e+01
-1.010556882787671782e+02
-1.352460763498622498e+02
-3.026596289640216142e+01
-1.670866134780968650e+02
-8.913607445615410541e+01
-7.900125317578380191e+01
-8.631947862708081232e+01
-3.506560739982697328e+01
-9.152723123892241119e+01
-5.191693381896564574e+01
-3.120479805918935057e+01
-1.097186116289728375e+01
-1.009405000416885940e+02
-9.753529077244846235e+01
-8.117195894629190889e+01
-9.252568449296126118e+01
-8.576663233753748727e+01
-4.780668994303422892e+01
-7.372915226466928118e+01
-9.119995427083432560e+01
-1.087760830125637028e+02
-1.430727594293502136e+02
-1.474934571094330238e+02
-9.282590188269850273e+01
-7.529842641248330892e+01
-1.102151163677673793e+02
-2.773439328236053569e+01
-1.433840586146702947e+02
-7.846413919641709356e+01
-1.221031204991895152e+02
-5.820831055581243874e+01
-7.726681658117314555e+01
-3.117018942134772175e+01
-1.079891929207866141e+01
-9.201882091438949374e+01
-1.086026157203417455e+02
-1.002462572741704605e+02
-2.819449891661972529e+01
-1.444955093919681985e+02
-2.773439328236053569e+01
-8.486460315725257431e+01
-6.698786664894238640e+01
-8.537088154812877860e+01
-2.877856851463469923e+01
-1.002462572741704605e+02
-3.849770347716950880e+01
-6.516951569907098474e+01
-2.994125486555812188e+01
-7.095914979478278894e+01
-3.089873158058460234e+01
-3.300201505152661241e+01
-1.226988929094806480e+02
-9.434438932278794709e+01
-6.313285815007336055e+01
-4.436641285040161620e+01
-7.736929250673458114e+01
-4.415345478388349676e+01
-5.045492384287133802e+01
-7.812618626346215933e+01
-7.373197032644389992e+01
-1.357347821881664345e+02
-7.506675253215999533e+01
-5.396424856888696553e+01
-9.155796988115542945e+01
-4.888631389054030763e+01
-3.421660285432582782e+01
-9.032186279591880407e+01
-1.012122659744813404e+02
-7.644593792490871920e+01
-3.157989214930540811e+01
-5.681886013881408104e+01
-1.185739505277066854e+02
-3.673206731008308168e+01
-7.506675253215999533e+01
-6.698786664894238640e+01
-8.107553796180172867e+01
-9.827341124090082758e+01
-1.334532734851207465e+02
-1.151631026327931835e+02
-1.250960390299526779e+02
-9.248248371452447714e+01
-3.673206731008308168e+01
-7.592287993788070821e+01
-9.505666563713243988e+01
-8.659560139842599824e+01
-1.287113840027516005e+02
-1.095942706967873477e+02
-7.249844064188243919e+01
-2.009122443451919651e+02
-4.483743920073636957e+01
-7.933582662640586136e+01
-3.436540088296030149e+01
-3.436540088296030149e+01
-7.493774279581307951e+01
-8.432065855989041836e+01
-1.836533454114074289e+02
-8.761022427856818240e+01
-1.079976905070230941e+01
-1.021781012225729484e+02
-1.241947052924291768e+02
-2.868814237584042459e+01
-1.325890489109908899e+01
-7.771652822963794449e+01
-9.213051102296194017e+01
-8.767128854187143361e+01
-9.100303265311691803e+01
-7.384933679108715410e+01
-6.336052697027477620e+01
-2.282581850495865083e+01
-6.701520772152100847e+01
-4.415345478388349676e+01
-7.362186752771812337e+01
-3.673206731008308168e+01
-1.079891929207866141e+01
-8.776634132928239751e+01
-7.995346059846221465e+01
-1.080333451521883177e+02
-1.138124310970754465e+02
-3.172676819820924621e+01
-1.690067688174445948e+02
-1.009519583312684858e+02
-5.816615231315181944e+01
-1.073977761979172811e+02
-9.126192325117736459e+01
-7.389810914325596514e+01
-9.651329490961111901e+01
-1.377771791179529544e+02
-1.479983311750717405e+02
-8.708335618674654199e+01
-1.017845498270281723e+02
-7.081474435196994932e+01
-9.482939001284276515e+01
-1.072583836105154376e+01
-3.421660285432582782e+01
-1.298499615724222735e+02
-7.414988042713596883e+01
-6.153901764721519640e+01
-9.200850591608440254e+01
-7.589056279856350784e+01
-8.235738710590288747e+01
-9.431665622726062281e+01
-5.573983976917764238e+01
-1.011072177571239621e+02
-1.319831422273262262e+02
-5.573983976917764238e+01
-8.264002392954078857e+01
-1.153102664035312159e+02
-6.908908051154166685e+01
-1.108374632162212663e+02
-3.327761815369015608e+01
-9.322048777072237158e+01
-9.895235096987363477e+01
-2.258666338421284792e+01
-1.097753373533627013e+02
-8.742856786791419665e+01
-1.002462572741704605e+02
-9.323516624007294240e+01
-5.170908602642248297e+01
-2.333255220041016997e+01
-8.500967345034142397e+01
-7.871066804883017198e+01
-1.025295368597402614e+02
-8.634057596413475721e+01
-9.201209244994072378e+01
-6.265115673458282686e+01
-9.898548401969115673e+01
-9.048501862028147968e+01
-1.400139499583157487e+02
-7.597840475579384645e+01
-2.037100115056406366e+02
-2.957492062084877915e+01
-5.258733294029929084e+01
-1.625511576954910424e+02
-9.957824423946271963e+01
-8.622557652128963923e+01
-1.299296777469035646e+02
-7.195642890408053916e+01
-1.169104313772554207e+02
-6.549954690782217881e+01
-6.279430616624912886e+01
-1.769776173314396317e+02
-1.230241980580275793e+02
-1.031949429223545422e+02
-8.659629285065049942e+01
-2.040197089940544117e+02
-7.727021561566795071e+01
-7.083815913541926079e+01
-1.405610392715954049e+02
-1.322880204690908457e+01
-1.145297636802711168e+02
-1.219773365178837139e+02
-8.727195995616311563e+01
-7.673607957700539828e+01
-8.184135080852868782e+01
-1.115960636473060674e+02
-1.014280964467580759e+02
-8.129974660822615817e+01
-8.761783907473974864e+01
-9.780739280476095132e+01
-3.673206731008308168e+01
-7.146378645589133782e+01
-5.770450616677602795e+01
-4.881419657927744993e+01
-2.738329778973116291e+01
-1.328532963123986974e+02
-9.970554853129578987e+01
-8.994663435989063771e+01
-2.333255220041016997e+01
-9.191261444239630407e+01
-1.512447378064126724e+02
-4.780668994303422892e+01
-3.421660285432582782e+01
-1.313489599022241237e+02
-1.500453604201829023e+02
-1.236480338970501975e+02
-9.631290526411811470e+01
-1.010686270429403066e+02
-8.959342326166488135e+01
-5.975215725639365871e+01
-1.305698387936155029e+02
-1.131817438098598529e+02
-2.069554988776932092e+01
-1.201356783362631688e+02
-1.002462572741704605e+02
-1.747759592917061866e+02
-1.752480178991036439e+02
-8.537777549860354043e+01
-7.506675253215999533e+01
-5.846707805325761598e+01
-2.657551757332606357e+01
-1.124412811600031432e+02
-1.075554539277126480e+02
-7.765299081258554281e+01
-3.002781795484999350e+01
-4.415345478388349676e+01
-1.277154152982633946e+02
-1.444403973200574569e+02
-6.549954690782217881e+01
-7.255537940955812815e+01
-1.341933126340750277e+02
-7.388772315731364415e+01
-7.546929129734827768e+01
-3.421660285432582782e+01
-4.835693317472291142e+01
-7.623823382712375007e+01
-8.597777574033830206e+01
-2.762463463957959675e+01
-9.954710966699276753e+01
-9.029235456555159089e+01
-2.143126147430488970e+01
-9.430887298924983497e+01
-2.096536975186320717e+01
-3.041945874867251831e+01
-9.208060375314754253e+01
-1.003376056784462094e+02
-7.551611484929085805e+01
-4.734774759007702727e+01
-1.130000237133568390e+02
-1.673199868536406427e+02
-1.192182803805112172e+02
-1.144505148441226083e+02
-1.673086567901924013e+02
-1.020242696398027817e+02
-3.002781795484999350e+01
-1.108714024725802858e+02
-7.507499063916444015e+01
-8.742285295287220492e+01
-1.718726209120872852e+02
-6.507083006528955593e+01
-6.339139069197250365e+01
-1.081308854178800942e+02
-7.319268424785630600e+01
-1.747269625881157538e+02
-1.900432222736958181e+02
-1.037181895561456315e+02
-2.535987433695358817e+01
-5.588179749551981956e+01
-1.079891929207866141e+01
-7.710715902183588355e+01
-1.013892073928408024e+02
-1.287134150961833825e+02
-1.115217419019050169e+02
-1.281252891154458950e+02
-1.072403537478006541e+02
-1.173957151030182899e+02
-9.698665397986489722e+01
-1.079976905070230941e+01
-1.051419769665166655e+02
-1.112313243471297710e+02
-1.385860827573326333e+02
-1.317900572871210727e+02
-1.008913681840304832e+02
-2.217166137435924256e+01
-2.129391043126969407e+01
-1.271286338023897429e+02
-9.396364516011172441e+01
-7.745543525974584043e+01
-8.934260427024162254e+01
-7.379977340350571069e+01
-7.390284504591311077e+01
-1.153237826718560228e+02
-7.718294459222866521e+01
-9.678037207469920133e+01
-1.161849628881620902e+02
-1.282726441756135785e+02
-9.044990977024617962e+01
-3.673206731008308168e+01
-6.507083006528955593e+01
-4.828641987525574564e+01
-6.083371303846386979e+01
-9.333599446554150347e+01
-1.474174097011262461e+02
-1.108714024725802858e+02
-2.940553081050699902e+01
-2.967411336212589035e+01
-4.689160014097591045e+01
-2.823001613959561951e+01
-1.110607347060485210e+02
-8.949824647526526178e+01
-1.236501527160060618e+02
-1.002087982680947675e+02
-1.035421725080212241e+02
-7.480876395923880295e+01
-1.142309554271077303e+02
-8.426331723755259873e+01
-5.580981429774544722e+01
-4.415345478388349676e+01
-8.528471843970639554e+01
-7.266952628674563641e+01
-5.778645362716710565e+01
-8.937391828721450793e+01
-9.325081909993966178e+01
-1.441699460876674550e+02
-8.994172079610680726e+01
-1.814206916389061632e+02
-8.232107779521244595e+01
-1.637544020212751832e+02
-7.770730866132717551e+01
-6.113368020381441426e+01
-1.027299898501871525e+02
-3.954735902764493005e+01
-1.259475375615080850e+02
-1.698990339769860896e+02
-9.228420671399750574e+01
-1.308330974197666876e+02
-1.553471452558837882e+02
-1.109909515343450579e+02
-1.958754296311669236e+02
-6.873293852142474236e+01
-3.786205554460261169e+01
-8.801743465859956927e+01
-1.437714472817286833e+02
-1.439985865151108442e+02
-8.318340223515565413e+01
-1.281685753435266690e+02
-1.121183965562875500e+02
-8.382892290293665383e+01
-8.457849615569834612e+01
-4.433867442796135094e+01
-8.416950626176550543e+01
-5.821590185221396041e+01
-1.302472535797799935e+02
-9.056238632967179569e+01
-2.106461930880348277e+01
-1.021957681043782884e+02
-1.649374297051065241e+02
-1.141659311090343323e+02
-2.967411336212589035e+01
-1.123715541045420707e+02
-8.620989747670003567e+01
-1.011919055880325828e+02
-9.300292253919447205e+01
-7.552872619249484387e+01
-7.506675253215999533e+01
-9.059112379665928927e+01
-8.460256873293042190e+01
-8.540555251266289361e+01
-6.103771260270636390e+01
-1.317350840309614455e+02
-9.532466778879104652e+01
-1.402092753972238768e+02
-7.508739800675826359e+01
-8.744517515864941970e+01
-1.089216801592074546e+02
-1.222987787409705902e+02
-3.598492677441608123e+01
-6.195641644323524133e+01
-7.250815306304556884e+01
-8.722866258630746472e+01
-1.216191736126252039e+02
-7.106058214133699380e+01
-9.251632661258673807e+01
-3.598492677441608123e+01
-9.521667838571103459e+01
-5.311603177808874676e+01
-1.717308520262547802e+02
-1.355612879699222333e+02
-9.940088975927029935e+01
-1.283768012182627842e+02
-7.351000781765250736e+01
-8.044813692308014197e+01
-2.542847299672421713e+01
-7.742254554383853815e+01
-1.923736336832722884e+02
-2.896173467507856003e+01
-1.393044931069788959e+02
-5.859550585918735521e+01
-1.079976905070230941e+01
-3.607627517869185851e+01
-1.231746336893317846e+02
-5.651986117868639781e+01
-1.753295676686762192e+02
-7.468622050529631906e+01
-5.540128778535341780e+01
-5.085836470255105013e+01
-1.491363392761094815e+02
-3.013428591427038228e+01
-1.265229602509559044e+02
-1.448665950266977234e+02
-8.377841367437059716e+01
-3.069567117260878675e+01
-1.201491723204302531e+01
-1.345405225860808969e+02
-7.569055621448880800e+01
-7.870565183405938114e+01
-9.475880571507649108e+01
-6.507083006528955593e+01
-1.415713103566094730e+02
-6.974225795801348227e+01
-6.487414992145443193e+01
-6.507083006528955593e+01
-1.250632959103558051e+02
-7.795638018866736729e+01
-1.148074305879711687e+02
-2.951485563226711406e+01
-2.402409550548557959e+01
-2.553941378360775971e+01
-6.251787025891437111e+01
-1.245683217197145041e+02
-7.476773475947537406e+01
-1.137022658747865904e+02
-1.097363712306907644e+02
-2.967411336212589035e+01
-2.770129799707353158e+01
-4.860541477771580077e+01
-7.122131870473890558e+01
-9.434088768409566228e+01
-8.919131255564464311e+01
-1.330604584288931278e+02
-1.013047798290391341e+02
-5.911523733806014747e+01
-7.846090882293609070e+01
-9.317615755266388078e+01
-5.849785879386848819e+01
-1.681665463512364624e+02
-5.849785879386848819e+01
-2.241191060299757609e+01
-6.685367378102085922e+01
-5.669146981685965159e+01
-9.754322507545656151e+01
-3.061782596053222250e+01
-9.213363112400057275e+01
-1.032508822228041367e+02
-9.403018630790377586e+01
-2.669009296240782092e+01
-1.106818496478030056e+02
-6.096387929471412548e+01
-5.300361269867129010e+01
-9.113715409479375751e+01
-7.794172803260795490e+01
-1.249784735071954174e+02
-5.857266875811840379e+01
-9.997068279550302350e+01
-4.057505884322407042e+01
-7.370245008049874968e+01
-7.696026562485243971e+01
-8.265440748585037056e+01
-7.296349687315255039e+01
-5.086933583969562278e+01
-1.717595122966898487e+02
-1.331375310979716176e+02
-7.570982332615388088e+01
-9.912064176211015365e+01
-3.598492677441608123e+01
-7.325109910690160575e+01
-8.107417196264529480e+01
-1.363213850900371824e+02
-3.863316067425319034e+01
-9.514548567262770007e+01
-3.421660285432582782e+01
-7.168302186969103218e+01
-8.446251420349145178e+01
-1.214892276161162528e+02
-8.428824360819020001e+01
-6.642657417423340860e+01
-3.525084336698790821e+01
-6.106878721700566359e+01
-3.598492677441608123e+01
-1.525561006641438269e+02
-1.295878747967187223e+02
-6.649880382150060143e+01
-8.101612591659687723e+01
-8.040782739634639142e+01
-3.761750277205097603e+01
-7.815132589193319745e+01
-9.805537906052151698e+01
-1.031165579826005398e+02
-3.436540088296030149e+01
-4.415345478388349676e+01
-9.156874350116032701e+01
-5.645583885814519931e+01
-6.096387929471412548e+01
-3.634357395971038329e+01
-6.777353092926688305e+01
-5.410751163094931826e+01
-7.694599276388726139e+01
-6.132813555281652640e+01
-1.046916331454708740e+02
-1.386725114506156444e+02
-1.152848851697120267e+02
-1.271459053140788171e+02
-5.997793007289692468e+01
-6.696417978924981185e+01
-6.868705292788837369e+01
-1.689144896307753640e+02
-1.341956141046838695e+02
-1.117136405576629130e+02
-5.060446176039187094e+01
-8.274772558828442470e+01
-1.036214363071805309e+02
-9.984336464067094141e+01
-7.081994530150308265e+01
-8.218048402819599119e+01
-5.641660942747793683e+01
-7.520963123298749053e+01
-1.174480322837092103e+02
-1.065283947141564624e+02
-8.653018924432792858e+01
-1.031019208790726793e+02
-1.936525121117325341e+02
-6.858566562488225316e+01
-7.460044413557820064e+01
-2.861026002104871324e+01
-7.792167709517636354e+01
-1.003355364742942157e+02
-1.440666370279530781e+02
-1.322880204690908457e+01
-8.077973253830229794e+01
-9.241251064375528301e+01
-9.022591344134757207e+01
-3.291992799998000407e+01
-3.598492677441608123e+01
-7.852961226655659743e+01
-8.868368154629968103e+01
-5.474097148801465806e+01
-3.774555814691221656e+01
-2.691417848029887594e+01
-1.763410228214492008e+02
-8.991492756123714969e+01
-7.203015925132274333e+01
-9.179730108725713933e+01
-7.026196906296625855e+01
-1.000020143842255891e+02
-1.078684699071126545e+02
-1.127054860561785006e+02
-6.662518009651546436e+01
-9.002541280906606858e+01
-9.974796294773169336e+01
-3.436540088296030149e+01
-9.175000002971711410e+01
-4.803972082545807609e+01
-1.243499047934759361e+01
-1.901085389690025806e+02
-1.006479149091557304e+02
-8.510458492104361028e+01
-7.382041423175027717e+01
-1.163330406194063187e+02
-2.773439328236053569e+01
-1.082260615177127860e+01
-9.758047908138252069e+01
-6.318506201589090665e+01
-9.661312281340674701e+01
-1.170714461316346870e+02
-9.172707924590507389e+01
-8.189259664146491957e+01
-1.669592989231214801e+02
-1.460450016749231565e+02
-1.169776114233352757e+02
-1.003788035490596826e+02
-1.075641069515959600e+02
-1.587964458321744985e+02
-3.002781795484999350e+01
-8.757297603314933099e+01
-2.333255220041016997e+01
-1.540595288005310692e+02
-6.132813555281652640e+01
-1.376056559827274555e+02
-2.443241853741794500e+01
-1.336914844471990875e+02
-8.506588026634604205e+01
-3.673206731008308168e+01
-3.673206731008308168e+01
-1.291333287156385978e+01
-5.831560376753185437e+01
-1.456255010167911834e+01
-8.330079092816433217e+01
-3.579128143419577412e+01
-8.395850670234793256e+01
-1.759330491961138137e+02
-1.011260164480164008e+02
-8.606692729608414538e+01
-1.518687333672359330e+02
-1.001328390484615340e+02
-9.025755022191972898e+01
-8.516201007314096216e+01
-1.058714354119091894e+02
-1.446424056549935813e+02
-1.150102548573348713e+02
-1.256095725148202433e+02
-8.728368413961020167e+01
-1.436023423148330949e+02
-3.027691627776052741e+01
-9.064946633782849972e+01
-8.493648237933879841e+01
-3.706618328322672085e+01
-2.967411336212589035e+01
-2.805184559601621785e+01
-1.124322727513938958e+02
-1.139060688913347406e+02
-8.707760995985870522e+01
-8.587765184783816608e+01
-7.597186832691383529e+01
-5.641456665160710315e+01
-2.805184559601621785e+01
-1.347428993748599453e+02
-1.092122834534927449e+02
-1.275036813111111940e+02
-4.286730425628562102e+01
-1.798247540693835447e+02
-4.816005915117898439e+01
-3.010762477780617274e+01
-6.612348664194578873e+01
-7.312973837517624531e+01
-3.002781795484999350e+01
-4.780668994303422892e+01
-1.971992249906288066e+02
-1.509153048722838832e+02
-1.532029527033967611e+02
-8.829088229951074140e+01
-2.814267031371305094e+01
-8.336121895393486625e+01
-1.371948581602592299e+02
-1.273016122473472649e+02
-7.718294459222866521e+01
-7.830735344012681765e+01
-1.154959214061151584e+02
-7.888526833172255692e+01
-1.251037629807911173e+02
-3.575959912409224728e+01
-3.111638367315654463e+01
-7.472908768153877190e+01
-9.497410301251599662e+01
-2.855184559601621785e+01
-1.887210392890314097e+02
-1.060964808525313074e+01
-3.871634472510380220e+01
-3.501719993995269675e+01
-5.513598583956003552e+01
-9.998474859513386548e+00
-7.613343110359295451e+01
-9.831463411575218458e+01
-5.150292868762966236e+01
-8.567858013478929990e+01
-3.465797517096534364e+01
-1.176939636978794539e+02
-8.969632814295761136e+01
-1.421397216943208548e+02
-2.806293396176704391e+01
-1.484672903306509113e+02
-1.262162880031845091e+01
-7.852459065370899793e+01
-5.133925068405791592e+01
-9.707215569877070038e+01
-1.158903648951793315e+02
-7.367344480509099469e+01
-9.412349441911661074e+01
-9.266865150547383223e+01
-2.770129799707353158e+01
-1.185853649960963878e+02
-8.097362289732186014e+01
-2.697051186808543477e+01
-7.133560947809064601e+01
-3.598492677441608123e+01
-8.511932258861867240e+01
-6.834144995895621832e+01
-3.761481194336211331e+01
-5.830776175141359374e+01
-1.013452725232493776e+02
-3.027091327096248108e+01
-9.970985130761633286e+01
-1.226330960216687203e+02
-8.911440828620015964e+01
-1.304616343746682503e+02
-3.065992960795687594e+01
-1.350109621397912818e+01
-1.281716796503443447e+02
-7.498716771086340316e+01
-6.294432335472276918e+01
-1.395084161479835529e+02
-9.342077128649873430e+01
-3.057891152307478322e+01
-9.159527147734280561e+01
-9.890748328147404322e+01
-5.044050480467593900e+01
-7.338829742710635173e+01
-1.129614332639492176e+02
-1.020641020047622334e+02
-9.648571082774935803e+01
-4.780668994303422892e+01
-1.414304801047690034e+02
-2.904771474789175301e+01
-5.723539661389303035e+01
-2.994837559835404406e+01
-1.167193511472229943e+02
-8.408835210443852759e+01
-3.230662930120192300e+01
-1.389430977210918741e+02
-3.068457129422700902e+01
-7.542540429980375905e+01
-3.421660285432582782e+01
-1.169948326263647118e+02
-7.941961293006399103e+01
-7.613203626664798662e+01
-2.967411336212589035e+01
-1.250267040699042553e+02
-8.261150347537849825e+01
-7.836537747500452156e+01
-8.462699200409805655e+01
-2.967411336212589035e+01
-1.262749068359190403e+02
-2.200629019854896029e+01
-3.673206731008308168e+01
-8.686165089489507807e+01
-5.573983976917764238e+01
-4.415345478388349676e+01
-2.989805225752979823e+01
-3.095701415015994584e+01
-1.518831336251128903e+02
-1.194658486460203051e+02
-3.018710115411394668e+01
-4.653456605717136085e+01
-6.483061719060992800e+01
-1.091047063746402159e+02
-9.090940916387278037e+01
-1.021078369158953620e+02
-5.362018517916958160e+01
-3.185221606794723215e+01
-3.102028383971430969e+01
-3.421660285432582782e+01
-2.770129799707353158e+01
-1.512175156244295806e+02
-1.077387805370774316e+02
-1.028875804635424629e+02
-1.249715857510656889e+02
-3.851783894911618233e+01
-1.281387058287445200e+02
-8.492089826005087616e+01
-8.432970459986736955e+01
-1.246082495716948841e+02
-8.499141078361651580e+01
-1.227732364050931153e+02
-1.328015072326949664e+01
-6.448700166450529991e+01
-7.583627283193872870e+01
-1.283665846416745637e+01
-9.940991909263743764e+01
-1.001906621232252235e+02
-6.300795740798785260e+01
-2.034241688586995167e+02
-8.229673471609510216e+01
-7.729305271673686661e+01
-9.514729082816960215e+01
-7.169934020728240398e+01
-6.159813614093377510e+01
-8.545812356479744665e+01
-3.599093263509897866e+01
-1.074216292815247016e+02
-1.074855048165940019e+01
-8.805125369319223694e+01
-3.102028383971430969e+01
-1.114165118906267367e+02
-5.646628744496915431e+01
-1.565906647301929411e+02
-2.786360081524372490e+01
-1.041673149842848431e+02
-3.421660285432582782e+01
-4.682268668262851463e+01
-1.200418207448869907e+02
-2.805184559601621785e+01
-6.862935072582992291e+01
-1.397588415516914608e+02
-8.893802788755093047e+01
-7.098706497177707320e+01
-4.415345478388349676e+01
-7.480058564630675733e+01
-2.006198040025038836e+02
-1.180938489913989713e+02
-1.663523268783041829e+02
-2.911649265130838771e+01
-7.028357319453556329e+01
-7.352974997228209020e+01
-8.139872379117095136e+01
-1.236832324185391769e+02
-9.263236332443830179e+01
-1.105370627850300593e+02
-7.164106933015253276e+01
-2.333255220041016997e+01
-1.018924622719038382e+02
-7.624434354412539960e+01
-4.624710936303230824e+01
-1.115193999728553251e+02
-1.359529618310670287e+02
-8.386422140882191911e+01
-1.009451824816731857e+02
-6.096387929471412548e+01
-9.276756524606972221e+01
-1.505787778903583387e+02
-3.598492677441608123e+01
-2.770129799707353158e+01
-9.891769825369773628e+01
-1.041997854035533919e+02
-7.430456691055407248e+01
-5.213694551459823856e+01
-1.058506879887242178e+02
-7.242271760738370290e+01
-1.163159374163057294e+02
-3.027091327096248108e+01
-7.044469702608277828e+01
-9.268335773535581268e+01
-1.249562376365957661e+01
-1.162413649813115200e+02
-4.485408082998647217e+01
-1.234978920310145156e+01
-4.307467726432393818e+01
-8.756700605536698845e+01
-8.374970924884819112e+01
-7.334877732156277830e+01
-7.803294111155774715e+01
-8.261150347537849825e+01
-9.563888533470984044e+01
-7.868846314806953046e+01
-9.066954485577447542e+01
-7.718826350297176475e+01
-8.481171756231148606e+01
-1.190570468789540541e+02
-3.294144276041478747e+01
-1.311719450443587505e+02
-5.553853518056669714e+01
-4.718157748274914809e+01
-5.701676023654948011e+01
-8.824720526188887959e+01
-9.897544332161793079e+01
-1.210390828614235375e+02
-6.447226038596973297e+01
-6.498795942251911129e+01
-8.786324922741442833e+01
-6.051672760365678272e+01
-1.118812172599982233e+02
-9.497459764032957708e+01
-7.855706742272708709e+01
-6.227378688420775177e+01
-9.973860322249301191e+01
-9.638492787564220521e+01
-7.181708757786421415e+01
-3.116594655218594312e+01
-6.509896989406023238e+01
-7.263856755657539566e+01
-9.162044611215077339e+01
-6.079378066109831025e+01
-1.947594585159938561e+02
-9.203740339815442439e+01
-3.421660285432582782e+01
-1.106208154642170740e+02
-9.964458391000408710e+01
-5.438243512606391050e+01
-7.906239515943420315e+01
-6.021837162393310905e+01
-1.303796886519538702e+02
-8.841941355557771942e+01
-3.624390468746418748e+01
-9.560787345481280397e+01
-8.444635986212951195e+01
-9.217767564109217915e+01
-5.088373859545639988e+01
-2.333255220041016997e+01
-9.589758349354224265e+01
-1.052360698452214223e+02
-6.520279381203233982e+01
-2.817576559900005506e+01
-7.033678260658425074e+01
-1.911107349509093467e+02
-1.306127687626991474e+02
-1.295580309387254090e+02
-1.297842851511644824e+02
-4.577835204931587043e+01
-1.667053522769059555e+02
-9.416456515069555167e+01
-1.016699336265624254e+02
-1.267776898844274314e+02
-8.037353176554660195e+01
-1.125373252222664320e+02
-1.674018529043807177e+02
-8.948839737931783134e+01
-1.514947940810063187e+01
-9.886058480581984043e+01
-3.673206731008308168e+01
-8.861714212046280181e+01
-1.165908523678675692e+02
-9.028639485608562154e+01
-8.627443522779311991e+01
-5.667520821354169414e+01
-1.493918719502082411e+02
-7.188271055540353416e+01
-7.241510196983571745e+01
-9.809188091293054867e+01
-1.404842694312980313e+02
-7.086031772698157738e+01
-8.226156396837615148e+01
-3.841225811387558053e+01
-2.852690209785314579e+01
-2.859957325584272070e+01
-7.270118780052150953e+01
-6.607554720526562164e+01
-1.228423289634908571e+02
-6.052866117779436195e+01
-1.123893665390787504e+02
-1.072286177030247245e+02
-3.002781795484999350e+01
-9.197636726679448316e+01
-6.573704267797370449e+01
-8.416092446310106823e+01
-3.570585727594698255e+01
-9.832016364632535499e+01
-8.661063446550518563e+01
-1.155327061618862245e+02
-8.617021553492577368e+01
-8.252527218844710433e+01
-9.803112603541829628e+01
-5.518032760931855307e+01
-1.202479443950232110e+02
-7.341106796920865918e+01
-7.283475532133127217e+01
-5.958595719868581853e+01
-1.076223779843647321e+01
-9.655592685382428897e+01
-3.244465652459827965e+01
-5.824676965328129086e+01
-9.478661895712961893e+01
-9.112562733254929981e+01
-7.166704607804831539e+01
-1.059156157274960322e+02
-3.117665683189856551e+01
-3.034339811160144507e+01
-5.717692114085753730e+01
-3.861053511440253061e+01
-1.723700820055177303e+02
-3.102028383971430969e+01
-8.174529386527051145e+01
-5.768196031104808696e+01
-8.453613051809685430e+01
-8.037104225581165906e+01
-4.379888082586894882e+01
-1.253687033652894343e+02
-1.754121366046822459e+02
-1.059289983279956289e+02
-9.216345900057467588e+01
-1.346983500233890254e+02
-5.955462668689401085e+01
-9.259694784887011565e+01
-1.408551318105626251e+02
-8.401622744340724580e+01
-1.185227721501921394e+02
-2.952319083951640266e+01
-2.031677680141420410e+02
-3.010691155281645592e+01
-3.173925034860947036e+01
-8.529054692456324460e+01
-1.422588597131649735e+01
-3.603427151835050779e+01
-8.745069211714336177e+01
-2.710429320755829252e+01
-7.460182183801119038e+01
-1.143113241962367397e+02
-3.771352766152945435e+01
-1.120964917849178732e+02
-6.100869761029967009e+01
-2.854875790947606262e+01
-1.103757037726449113e+02
-7.242425033362158615e+01
-9.635836514020115828e+01
-7.781593432031695556e+01
-1.106212512400238381e+02
-8.054523023926643077e+01
-3.717343962672259750e+01
-1.101824563569977187e+02
-1.030736095396307377e+02
-1.005814524489013877e+02
-4.851757011253555163e+01
-5.071575584728335429e+01
-1.299078304940809403e+02
-5.566767308469152908e+01
-9.797557979309866028e+01
-1.321551955601988766e+02
-4.713293943875302716e+01
-7.017894804376234674e+01
-2.952319083951640266e+01
-9.983936604973446549e+01
-3.598492677441608123e+01
-7.845818037708684756e+01
-5.301047233009062154e+01
-7.708127084921133587e+01
-1.228721447254864216e+02
-7.700069432468009722e+01
-1.284928868891941818e+02
-1.267647969894083531e+02
-9.930363701970728130e+01
-8.082288457857848130e+01
-6.558812947962077544e+01
-2.773439328236053569e+01
-3.554956031845946285e+01
-8.314865243331442457e+01
-6.522980902909705492e+01
-2.770129799707353158e+01
-1.111975014117864475e+02
-7.515778279020935315e+01
-1.217816079977768595e+02
-5.573983976917764238e+01
-6.613562203067412781e+01
-1.756117141220667577e+02
-7.464399538072221674e+01
-1.294520598376327030e+02
-3.465797517096534364e+01
-9.191873533465734170e+01
-1.004314070952096785e+02
-7.241510196983571745e+01
-8.284464916438814441e+01
-9.631882648297832361e+01
-1.001775340891826431e+02
-7.319702474652171986e+01
-7.167892967982089658e+01
-3.598492677441608123e+01
-8.083558227254548001e+01
-7.516957286497542157e+01
-8.138023499423525209e+01
-9.742244277923990126e+01
-7.205483590944018601e+01
-1.016072314897242705e+02
-8.483531740681783617e+01
-8.931405293318536565e+01
-5.809186122141846909e+01
-1.606997765390589734e+02
-3.734640347301355945e+01
-8.617982950974369771e+01
-1.627391351067812764e+02
-1.104503579256026171e+02
-1.251418278364356809e+02
-4.797780414984253383e+01
-1.058729650262401947e+02
-5.767439396339139535e+01
-5.130074854803662276e+01
-3.034339811160144507e+01
-3.211975242532366792e+01
-6.090573958438353941e+01
-3.596250357855353741e+01
-5.584460162075222911e+01
-9.979348020850875400e+01
-6.125746630461875952e+01
-6.603194817878875256e+01
-7.070256698613455626e+01
-4.090328781072597764e+01
-1.208600129926878992e+02
-3.102028383971430969e+01
-5.106054484214417499e+01
-3.598492677441608123e+01
-1.101019275041968513e+02
-1.401221492500946511e+02
-1.082052796631519271e+02
-6.903664736442910055e+01
-7.530997767618006833e+01
-7.495352819865968286e+01
-4.415345478388349676e+01
-8.309203536632588794e+01
-1.290464243215328679e+02
-1.495925633756916966e+02
-1.479329432746475348e+01
-1.168773010513855297e+02
-5.849785879386848819e+01
-1.367223726474375098e+02
-1.251516554946981330e+02
-9.503062005364785136e+01
-7.049081993879855190e+01
-9.705915692948339313e+01
-1.322373387582200337e+02
-9.142328519433912959e+01
-9.668865103861014632e+01
-9.966973018554025998e+01
-4.399715782639589179e+01
-8.356562378600283125e+01
-7.486847553163302393e+01
-1.319719893307701852e+02
-3.046187015829434941e+01
-4.780668994303422892e+01
-8.028633253012448279e+01
-6.756144936487643804e+01
-1.223119494506940867e+02
-9.388981027333431939e+01
-9.890958958166986292e+01
-7.054307889743742521e+01
-6.960236300310734237e+01
-7.225729286038955479e+01
-2.805184559601621785e+01
-9.720363882003287870e+01
-8.698136850118233099e+01
-7.592212946647991600e+01
-9.263602970524584634e+01
-9.103202130339039400e+01
-7.159347036681164411e+01
-9.740191582055987851e+01
-3.057891152307478322e+01
-2.982954095432296171e+01
-1.356268810973779537e+01
-3.421660285432582782e+01
-8.543040870691916666e+01
-6.357779628853441523e+01
-4.748913678383911474e+01
-9.164544660133462628e+01
-1.082260615177127860e+01
-1.244004253940666729e+02
-1.257021836614634083e+02
-2.967411336212589035e+01
-7.494559287303466988e+01
-2.952319083951640266e+01
-1.642083537488194906e+02
-1.653166662097569031e+02
-1.677948064238566701e+02
-1.367801737027389208e+01
-1.104440795312370653e+02
-1.156245069825419165e+02
-2.805184559601621785e+01
-5.465334608443319553e+01
-5.748864659232192764e+01
-8.125294236553092730e+01
-1.267135739132049679e+02
-1.108725891610587979e+02
-6.012272216766349686e+01
-8.237231129833206467e+01
-5.505424815721670484e+01
-1.411556075028392456e+02
-1.108610934179414755e+02
-3.089873158058460234e+01
-7.663067066455974441e+01
-8.703921852823994243e+01
-1.142986957190415183e+02
-1.722958356372710114e+02
-8.342365825581772754e+01
-1.356944906096441628e+02
-6.889488499483388750e+01
-1.170669222371170122e+02
-9.325094728280465972e+01
-3.905190743104204643e+01
-1.194803733160211152e+02
-1.152103396616577413e+02
-1.672652115528492800e+01
-4.780668994303422892e+01
-7.447085315596800115e+01
-1.370178015033963561e+02
-3.633664495939924421e+01
-9.741456653995615511e+01
-8.797263498318419295e+01
-1.206268810973779537e+01
-2.814267031371305094e+01
-9.798391358666863482e+01
-1.020481456012537222e+02
-7.332274499283701630e+01
-1.284957522461878909e+02
-9.572062234343448495e+01
-1.240972697964367342e+02
-2.906316081317892497e+01
-1.154134427682472932e+02
-2.824379600966125281e+01
-4.781994623242883335e+01
-9.154735196600601910e+01
-1.658982188368971435e+02
-3.598492677441608123e+01
-1.290474843330766532e+02
-1.364448852194038508e+01
-7.216161598951816813e+01
-5.573983976917764238e+01
-5.573983976917764238e+01
-4.818476035943604074e+01
-5.737639160647641745e+01
-2.239587286857407378e+01
-1.075479279665075438e+02
-3.734640347301355945e+01
-3.254268074615738726e+01
-1.043574293682534631e+02
-6.664819364844149163e+01
-8.742293379728238278e+01
-6.075017948373356091e+01
-7.392251709530557946e+01
-9.817639558867998062e+01
-1.829266528895730346e+02
-2.982954095432296171e+01
-5.800919252787294056e+01
-4.415345478388349676e+01
-9.348701800900256842e+01
-1.888246249855118890e+02
-5.018705316799663763e+01
-7.888135842768689088e+01
-2.314103412741733834e+01
-1.312446972814326784e+02
-3.598492677441608123e+01
-1.104931244183983949e+02
-5.643592183087997682e+01
-1.054778230110754720e+02
-8.382124805124999511e+01
-5.169557319795872274e+01
-3.513386445124048407e+01
-7.013043439787227840e+01
-1.340997264037058869e+02
-2.967411336212589035e+01
-7.297339909463924812e+01
-6.251131151160954147e+01
-9.613416118860689608e+01
-8.925963705167600892e+01
-6.257234230602958291e+01
-1.334158015123996677e+02
-7.727021561566795071e+01
-6.478026561878525058e+01
-7.768489085199442457e+01
-5.566835759978420128e+01
-9.280095877484578182e+01
-2.773439328236053569e+01
-9.093906614676238576e+01
-9.211824278111222952e+01
-1.088940420290322777e+02
-7.626248982905504192e+01
-1.215369813940911854e+02
-8.407122195123810116e+01
-1.159442868303861189e+02
-1.122311111234615595e+02
-7.185264555156896904e+01
-2.513799702890719345e+01
-8.968464060016495409e+01
-7.700069432468009722e+01
-7.297846990003661460e+01
-5.573983976917764238e+01
-4.086096233649787735e+01
-3.002781795484999350e+01
-1.289829429586737035e+02
-2.711648007932774718e+01
-6.295060312373666989e+01
-8.838510356799950785e+01
-8.747032217062867687e+01
-8.145184875416379100e+01
-5.512057424839956354e+01
-3.460083463846592622e+01
-1.406300158773892051e+01
-9.583830033570966123e+01
-1.777455774944103268e+02
-2.767761113738082202e+01
-5.993463219587160751e+01
-3.673206731008308168e+01
-4.860541477771580077e+01
-9.672547799660497958e+01
-1.117456404066334983e+02
-1.183613873070117108e+02
-8.996044754676388777e+01
-1.074490405542716047e+02
-2.770129799707353158e+01
-1.632989396966530080e+02
-5.993851992481564395e+01
-5.605775807760272045e+01
-7.292827583681503256e+01
-7.709446023791353753e+01
-1.279024369586549170e+02
-8.450915530050056645e+01
-6.977263930997661134e+01
-6.461686042841418498e+01
-3.235193758798710206e+01
-3.002781795484999350e+01
-1.479329432746475348e+01
-8.607896213689083709e+01
-1.085348541481374411e+02
-7.467780262684264869e+01
-1.208419530836683720e+01
-1.006503610095774519e+02
-2.300401152100368307e+01
-9.748900057692145538e+01
-1.278343026744731219e+02
-5.573983976917764238e+01
-8.558157904807387695e+01
-7.521102488038540912e+01
-3.673206731008308168e+01
-6.077075260497026932e+01
-8.894823537815204872e+01
-9.045639706615514797e+01
-5.554769556924321705e+01
-9.983029063838900186e+01
-3.673206731008308168e+01
-7.023374877077648648e+01
-8.140478349567801786e+01
-9.069630470593131122e+01
-1.132706096656077932e+02
-7.051623496330796570e+01
-1.025117607978405658e+02
-1.674391378352581512e+02
-7.451042599340232186e+01
-1.134283358996899693e+02
-8.093898497443959172e+01
-1.217412839947706971e+02
-3.098495888083370886e+01
-2.770129799707353158e+01
-6.283077506084143948e+01
-2.300401152100368307e+01
-9.686276564913076470e+01
-9.434924421224589253e+01
-1.604148036445269270e+02
-8.916576374640642655e+01
-3.057891152307478322e+01
-8.046779296145300009e+01
-8.747032217062867687e+01
-3.598492677441608123e+01
-1.212423329597217929e+02
-1.631671556413123767e+02
-1.517758020889047543e+02
-5.605991552507043707e+01
-8.857130993102936145e+01
-4.298885134294222610e+01
-1.136275450332671255e+01
-8.369510221436516417e+01
-1.133084246738733754e+02
-1.131510400154075455e+02
-2.347895304091518653e+01
-1.175401725454391482e+02
-9.479266419184371273e+01
-7.599679340537454664e+01
-5.169557319795872274e+01
-4.748913678383911474e+01
-2.959034877727650681e+01
-1.036266347791827371e+02
-2.770129799707353158e+01
-9.134621279684050421e+01
-7.459147477035463680e+01
-2.770129799707353158e+01
-1.212289798883249148e+02
-8.824023463158594893e+01
-1.251117636104928010e+02
-9.912370783962890641e+01
-8.211844621158587643e+01
-9.111958892949536448e+01
-2.377392451704968934e+01
-3.039178098377034587e+01
-7.036192778613045107e+01
-2.770129799707353158e+01
-1.677019934148699178e+02
-6.295060312373666989e+01
-2.747484933007283203e+01
-1.338409260256788968e+02
-1.385089713873707638e+02
-4.701358194092622966e+01
-1.042702600362809022e+02
-2.967411336212589035e+01
-1.316400751042681918e+02
-1.224972721560320679e+02
-2.753611628183355364e+01
-2.773439328236053569e+01
-1.049614182523414314e+02
-7.204746467692869771e+01
-9.707030812812635645e+01
-1.545776946062916934e+01
-1.398172725758360571e+02
-8.094595172386276261e+01
-9.348069328017602686e+01
-1.287450479221768163e+01
-9.618821301144492963e+01
-1.267010418779688621e+02
-3.673206731008308168e+01
-7.581680958819443106e+01
-9.679402461506624888e+01
-1.049369865503983164e+02
-1.267466732119617916e+02
-6.795325524619362056e+01
-6.990574363287063875e+01
-2.770129799707353158e+01
-2.950026945399562095e+01
-2.333255220041016997e+01
-1.314125514189607884e+02
-3.243752678814885115e+01
-6.698786664894238640e+01
-7.084008751657506764e+01
-4.780668994303422892e+01
-3.252962608252576615e+01
-8.443098768395664422e+01
-8.639384918425461990e+01
-9.085295106720914760e+01
-5.618435588079388765e+01
-7.406937092439497405e+01
-1.352368559354765694e+02
-8.847303284570318738e+01
-1.458557795806664359e+01
-9.320398527444342562e+01
-9.709162177730840426e+01
-7.165890008927962640e+01
-2.773439328236053569e+01
-1.284377270946478689e+02
-1.124654580784977327e+02
-1.086521720660797712e+02
-1.296597050685367662e+02
-5.872495404087368343e+01
-1.282801844810666978e+02
-9.390896792383531988e+01
-1.263894360103061132e+02
-4.881574198685585486e+01
-1.637983337921844509e+02
-6.257150055837924185e+01
-8.509567421733960657e+01
-3.582862981692862547e+01
-7.165516411311079992e+01
-8.625089008882164876e+01
-3.002697288054810087e+01
-1.158895293061731024e+02
-7.258350329272164458e+01
-2.982954095432296171e+01
-9.741247479804590625e+01
-9.384911599407921301e+01
-4.684992123484825299e+01
-6.962036109246375304e+01
-3.816916279776300769e+01
-1.031671888478408334e+02
-2.934760575149616457e+01
-3.385204450228599882e+01
-7.680241732415318268e+01
-7.089198438336836716e+01
-3.032939766335604403e+01
-6.232360928067691930e+01
-9.800871555668470592e+01
-5.964534627230793262e+01
-2.967411336212589035e+01
-1.104737584962770995e+02
-7.193745022678376699e+01
-1.490364894093112866e+02
-1.173280175398253249e+02
-1.572507671126630271e+02
-7.664502778571784347e+01
-3.141017208521265758e+01
-5.957013409951633776e+01
-4.239508520788112378e+01
-1.501941500470020969e+02
-9.405445918215639267e+01
-6.626514598981614768e+01
-2.982954095432296171e+01
-2.967411336212589035e+01
-1.092291501854114699e+02
-5.754473640260389544e+01
-8.018926050546473050e+01
-8.767634285453766552e+01
-3.583976574759496714e+01
-9.606675155378025011e+01
-7.423170791612912467e+01
-6.531477748868442745e+01
-1.385559617036719828e+02
-8.164765859933474701e+01
-7.072563441603675471e+01
-5.562239016997352081e+01
-5.505996427295760043e+01
-5.079816924193949035e+01
-1.066921088511254538e+02
-6.809716113573031748e+01
-5.169557319795872274e+01
-5.943887413979095413e+01
-1.153817178106116614e+02
-5.347827062160547484e+01
-7.475775029388697135e+01
-9.936949710767095212e+01
-1.148921865128178013e+02
-2.333255220041016997e+01
-8.701028268790601317e+01
-5.573983976917764238e+01
-9.563099358146399709e+01
-9.837253113726121967e+01
-1.068028079172423759e+02
-8.639866744390158715e+01
-7.852721106992314049e+01
-3.259112976503374171e+01
-1.055156573450021540e+02
-9.232366281698682542e+01
-1.129016367897576743e+02
-7.668853657656799783e+01
-1.882096193278671876e+02
-3.890951819627471053e+01
-5.558354281169012268e+01
-6.797543517705057070e+01
-1.076403479770593208e+02
-1.109755787545117016e+02
-2.845688086427601959e+01
-4.379888082586894882e+01
-8.343416003577384288e+01
-1.171962764004066173e+02
-7.348114477866604943e+01
-9.280466510217186737e+01
-9.998474859513386548e+00
-2.773439328236053569e+01
-8.834963748777546755e+01
-1.092501116953406637e+02
-3.771546963980134137e+01
-6.913439185655241204e+01
-1.052481565229604143e+01
-1.225818789690301998e+02
-1.293499047934759361e+01
-5.910689446052129625e+01
-1.190796517849263552e+02
-7.328113552485034177e+01
-2.863818035727626565e+01
-9.114912112765247798e+01
-3.627000213356815550e+01
-2.934760575149616457e+01
-8.423264335574100414e+01
-6.639247364607822988e+01
-8.685935030175947702e+01
-2.271173082491356610e+01
-9.693992338415185372e+01
-8.127088755323646296e+01
-1.231772057393115105e+01
-9.173508985226345658e+01
-7.080895652909968874e+01
-2.773439328236053569e+01
-3.062631169553943167e+01
-8.611088741530433310e+01
-1.246151499350764453e+02
-4.950394983346524214e+01
-1.034941656817308200e+02
-4.891349304806877285e+01
-1.239593136329162490e+02
-2.817576559900005506e+01
-2.805184559601621785e+01
-1.681049806004505456e+02
-1.002396994760659652e+02
-1.004861753090086864e+02
-5.347827062160547484e+01
-1.943042552742665521e+02
-1.098811584455844610e+02
-5.502641534359771924e+01
-6.839938200535105750e+01
-1.328951825698227651e+01
-1.850099228917337939e+02
-1.366469268595658377e+02
-3.106768401217894748e+01
-2.229067082346625739e+01
-4.571505193841760217e+01
-1.128865388448544138e+02
-7.721547179674797690e+01
-8.404389212319067326e+01
-2.333255220041016997e+01
-8.131442174207035123e+01
-7.368964114191642523e+01
-1.146019050445326002e+02
-1.321577565887084802e+02
-9.597842124426338728e+01
-1.216099337376860916e+02
-1.150844184085165693e+02
-9.439003186178416627e+01
-3.421660285432582782e+01
-6.092391109734078469e+01
-7.796675526159026504e+01
-1.162998538209959776e+02
-1.262492314773775632e+02
-1.219755128933540220e+02
-8.543064602481862835e+01
-3.329891610603547747e+01
-6.179477283556690281e+01
-2.916280029877479407e+01
-9.956040413959964042e+01
-7.819412331906099212e+01
-8.618921314506583542e+01
-1.468032810927093479e+01
-1.338510929810019547e+02
-6.134865699676978323e+01
-7.272838157150138727e+01
-8.204509212934078732e+01
-2.967411336212589035e+01
-1.665736396871791669e+02
-1.227147906418684613e+02
-7.648297179102920040e+01
-1.134709431707216112e+02
-9.183718330919575124e+01
-7.994049798508173410e+01
-3.480672395648568340e+01
-1.245574027181028782e+02
-1.177475313185608172e+02
-1.131306561573743323e+02
-1.022647144504194614e+02
-8.384316070551635391e+01
-7.817619953378971331e+01
-8.621784310459133849e+01
-7.540537216214951854e+01
-2.773439328236053569e+01
-7.222826851166418294e+01
-1.184010466418995549e+02
-2.918572907968877317e+01
-3.059926204014047002e+01
-1.420283715400001157e+01
-5.114728780856407298e+01
-2.902541494699208968e+01
-4.769946399297907647e+01
-7.601774576008661199e+01
-8.381936145323297183e+01
-9.627243157372126348e+01
-1.416522577651207939e+02
-1.001408473405673902e+02
-8.988446986352488466e+01
-1.239990971812888745e+02
-1.003779276077445388e+02
-9.263901340650164684e+01
-7.648873082823038771e+01
-3.421660285432582782e+01
-2.967411336212589035e+01
-1.308656630352502361e+02
-6.301963381657299124e+01
-1.678677105701572998e+02
-4.302974592210075855e+01
-1.187853992868553732e+01
-9.714497726745535999e+01
-9.652537870585052815e+01
-4.388393349289566459e+01
-7.675934470016592570e+01
-3.108019642380362058e+01
-1.196274755006164270e+02
-5.676690599363183765e+01
-1.251802461614805111e+02
-8.628611321049108085e+01
-2.128024834613863447e+01
-1.206767271841152365e+02
-3.057891152307478322e+01
-8.191365860385394626e+01
-1.290090604123950584e+02
-1.672689430098792513e+02
-5.604433549334116549e+01
-9.917547744097797136e+01
-1.343411785119569970e+02
-9.178564378294004200e+01
-1.648858966146951275e+02
-1.369099824932567060e+02
-5.656762860800128578e+01
-7.606283898134897470e+01
-2.959034877727650681e+01
-6.271141094669010840e+01
-3.816916279776300769e+01
-1.262117241170152511e+02
-8.655500070947124414e+01
-6.295060312373666989e+01
-7.629312028691379055e+01
-7.683998262754597874e+01
-9.958483409427046240e+01
-6.282924680265551842e+01
-8.952457273332372267e+01
-6.157041971349309506e+01
-9.023257859862604846e+01
-1.569118036247821806e+02
-8.371301230682499295e+01
-2.959925401177485682e+01
-7.435312427484880970e+01
-3.734581440070871849e+01
-1.147527233280418955e+02
-8.277922968567661144e+01
-1.228109463208523380e+02
-1.102939505085995933e+02
-3.070514492454549327e+01
-9.106092851182229708e+01
-1.227168229415903227e+02
-9.055228512047412437e+01
-9.171617792615583653e+01
-1.165917548132510433e+02
-1.083368742268822018e+02
-2.770129799707353158e+01
-3.816916279776300769e+01
-8.678939989671377475e+01
-5.174942945745731038e+01
-2.982954095432296171e+01
-2.377392451704968934e+01
-8.017530785714401986e+01
-1.170586428493044338e+02
-9.515766238248619402e+01
-2.333255220041016997e+01
-5.610461975506453314e+01
-7.673338663131680448e+01
-8.071441346281180529e+01
-1.783933313546987165e+02
-8.734937022125896533e+01
-3.832483652257602103e+01
-7.673338663131680448e+01
